

  **** Partial wave analysis (DPWA0) ******************************************


  Kinetic energy = 1.00000E+08 eV

  Only inner phase shifts are tabulated

      L       Phase(spin UP)     Phase(spin DOWN)
  -----------------------------------------------
       0     -1.31781734E-03      0.00000000E+00
       1     -9.67735516E-05     -1.30634575E-03
       2     -7.12718416E-06     -9.59299774E-05
       3     -5.16168404E-07     -7.06485780E-06
       4     -3.69903622E-08     -5.11646194E-07
       5     -2.63267453E-09     -3.66657289E-08
       6     -1.86436337E-10     -2.60936162E-09
       7     -1.31492642E-11     -1.84648456E-10


  *** Scattering amplitudes and differential cross section ***

    Angle      DCS       Asymmetry    Direct amplitude       Spin-flip amplitude     error
    (deg)   (cm**2/sr)                      (cm)                    (cm)
  -------------------------------------------------------------------------------------------
  0.000E+00 1.00000E-45  0.000E+00 ( 0.000E+00, 0.000E+00) ( 0.000E+00, 0.000E+00)  1.00E+00
  1.000E-04 1.00000E-45  0.000E+00 ( 0.000E+00, 0.000E+00) ( 0.000E+00, 0.000E+00)  1.00E+00
  1.250E-04 1.00000E-45  0.000E+00 ( 0.000E+00, 0.000E+00) ( 0.000E+00, 0.000E+00)  1.00E+00
  1.500E-04 1.00000E-45  0.000E+00 ( 0.000E+00, 0.000E+00) ( 0.000E+00, 0.000E+00)  1.00E+00
  1.750E-04 1.00000E-45  0.000E+00 ( 0.000E+00, 0.000E+00) ( 0.000E+00, 0.000E+00)  1.00E+00
  2.000E-04 1.00000E-45  0.000E+00 ( 0.000E+00, 0.000E+00) ( 0.000E+00, 0.000E+00)  1.00E+00
  2.250E-04 1.00000E-45  0.000E+00 ( 0.000E+00, 0.000E+00) ( 0.000E+00, 0.000E+00)  1.00E+00
  2.500E-04 1.00000E-45  0.000E+00 ( 0.000E+00, 0.000E+00) ( 0.000E+00, 0.000E+00)  1.00E+00
  2.750E-04 1.00000E-45  0.000E+00 ( 0.000E+00, 0.000E+00) ( 0.000E+00, 0.000E+00)  1.00E+00
  3.000E-04 1.00000E-45  0.000E+00 ( 0.000E+00, 0.000E+00) ( 0.000E+00, 0.000E+00)  1.00E+00
  3.250E-04 1.00000E-45  0.000E+00 ( 0.000E+00, 0.000E+00) ( 0.000E+00, 0.000E+00)  1.00E+00
  3.500E-04 1.00000E-45  0.000E+00 ( 0.000E+00, 0.000E+00) ( 0.000E+00, 0.000E+00)  1.00E+00
  3.750E-04 1.00000E-45  0.000E+00 ( 0.000E+00, 0.000E+00) ( 0.000E+00, 0.000E+00)  1.00E+00
  4.000E-04 1.00000E-45  0.000E+00 ( 0.000E+00, 0.000E+00) ( 0.000E+00, 0.000E+00)  1.00E+00
  4.250E-04 1.00000E-45  0.000E+00 ( 0.000E+00, 0.000E+00) ( 0.000E+00, 0.000E+00)  1.00E+00
  4.500E-04 1.00000E-45  0.000E+00 ( 0.000E+00, 0.000E+00) ( 0.000E+00, 0.000E+00)  1.00E+00
  4.750E-04 1.00000E-45  0.000E+00 ( 0.000E+00, 0.000E+00) ( 0.000E+00, 0.000E+00)  1.00E+00
  5.000E-04 1.00000E-45  0.000E+00 ( 0.000E+00, 0.000E+00) ( 0.000E+00, 0.000E+00)  1.00E+00
  5.250E-04 1.00000E-45  0.000E+00 ( 0.000E+00, 0.000E+00) ( 0.000E+00, 0.000E+00)  1.00E+00
  5.500E-04 1.00000E-45  0.000E+00 ( 0.000E+00, 0.000E+00) ( 0.000E+00, 0.000E+00)  1.00E+00
  5.750E-04 1.00000E-45  0.000E+00 ( 0.000E+00, 0.000E+00) ( 0.000E+00, 0.000E+00)  1.00E+00
  6.000E-04 1.00000E-45  0.000E+00 ( 0.000E+00, 0.000E+00) ( 0.000E+00, 0.000E+00)  1.00E+00
  6.250E-04 1.00000E-45  0.000E+00 ( 0.000E+00, 0.000E+00) ( 0.000E+00, 0.000E+00)  1.00E+00
  6.500E-04 1.00000E-45  0.000E+00 ( 0.000E+00, 0.000E+00) ( 0.000E+00, 0.000E+00)  1.00E+00
  6.750E-04 1.00000E-45  0.000E+00 ( 0.000E+00, 0.000E+00) ( 0.000E+00, 0.000E+00)  1.00E+00
  7.000E-04 1.00000E-45  0.000E+00 ( 0.000E+00, 0.000E+00) ( 0.000E+00, 0.000E+00)  1.00E+00
  7.250E-04 1.00000E-45  0.000E+00 ( 0.000E+00, 0.000E+00) ( 0.000E+00, 0.000E+00)  1.00E+00
  7.500E-04 1.00000E-45  0.000E+00 ( 0.000E+00, 0.000E+00) ( 0.000E+00, 0.000E+00)  1.00E+00
  7.750E-04 1.00000E-45  0.000E+00 ( 0.000E+00, 0.000E+00) ( 0.000E+00, 0.000E+00)  1.00E+00
  8.000E-04 1.00000E-45  0.000E+00 ( 0.000E+00, 0.000E+00) ( 0.000E+00, 0.000E+00)  1.00E+00
  8.250E-04 1.00000E-45  0.000E+00 ( 0.000E+00, 0.000E+00) ( 0.000E+00, 0.000E+00)  1.00E+00
  8.500E-04 1.00000E-45  0.000E+00 ( 0.000E+00, 0.000E+00) ( 0.000E+00, 0.000E+00)  1.00E+00
  8.750E-04 1.00000E-45  0.000E+00 ( 0.000E+00, 0.000E+00) ( 0.000E+00, 0.000E+00)  1.00E+00
  9.000E-04 1.00000E-45  0.000E+00 ( 0.000E+00, 0.000E+00) ( 0.000E+00, 0.000E+00)  1.00E+00
  9.250E-04 1.00000E-45  0.000E+00 ( 0.000E+00, 0.000E+00) ( 0.000E+00, 0.000E+00)  1.00E+00
  9.500E-04 1.00000E-45  0.000E+00 ( 0.000E+00, 0.000E+00) ( 0.000E+00, 0.000E+00)  1.00E+00
  9.750E-04 1.00000E-45  0.000E+00 ( 0.000E+00, 0.000E+00) ( 0.000E+00, 0.000E+00)  1.00E+00
  1.000E-03 1.00000E-45  0.000E+00 ( 0.000E+00, 0.000E+00) ( 0.000E+00, 0.000E+00)  1.00E+00
  1.250E-03 1.00000E-45  0.000E+00 ( 0.000E+00, 0.000E+00) ( 0.000E+00, 0.000E+00)  1.00E+00
  1.500E-03 1.00000E-45  0.000E+00 ( 0.000E+00, 0.000E+00) ( 0.000E+00, 0.000E+00)  1.00E+00
  1.750E-03 1.00000E-45  0.000E+00 ( 0.000E+00, 0.000E+00) ( 0.000E+00, 0.000E+00)  1.00E+00
  2.000E-03 1.00000E-45  0.000E+00 ( 0.000E+00, 0.000E+00) ( 0.000E+00, 0.000E+00)  1.00E+00
  2.250E-03 1.00000E-45  0.000E+00 ( 0.000E+00, 0.000E+00) ( 0.000E+00, 0.000E+00)  1.00E+00
  2.500E-03 1.00000E-45  0.000E+00 ( 0.000E+00, 0.000E+00) ( 0.000E+00, 0.000E+00)  1.00E+00
  2.750E-03 1.00000E-45  0.000E+00 ( 0.000E+00, 0.000E+00) ( 0.000E+00, 0.000E+00)  1.00E+00
  3.000E-03 1.00000E-45  0.000E+00 ( 0.000E+00, 0.000E+00) ( 0.000E+00, 0.000E+00)  1.00E+00
  3.250E-03 1.00000E-45  0.000E+00 ( 0.000E+00, 0.000E+00) ( 0.000E+00, 0.000E+00)  1.00E+00
  3.500E-03 1.00000E-45  0.000E+00 ( 0.000E+00, 0.000E+00) ( 0.000E+00, 0.000E+00)  1.00E+00
  3.750E-03 1.00000E-45  0.000E+00 ( 0.000E+00, 0.000E+00) ( 0.000E+00, 0.000E+00)  1.00E+00
  4.000E-03 1.00000E-45  0.000E+00 ( 0.000E+00, 0.000E+00) ( 0.000E+00, 0.000E+00)  1.00E+00
  4.250E-03 1.00000E-45  0.000E+00 ( 0.000E+00, 0.000E+00) ( 0.000E+00, 0.000E+00)  1.00E+00
  4.500E-03 1.00000E-45  0.000E+00 ( 0.000E+00, 0.000E+00) ( 0.000E+00, 0.000E+00)  1.00E+00
  4.750E-03 1.00000E-45  0.000E+00 ( 0.000E+00, 0.000E+00) ( 0.000E+00, 0.000E+00)  1.00E+00
  5.000E-03 1.00000E-45  0.000E+00 ( 0.000E+00, 0.000E+00) ( 0.000E+00, 0.000E+00)  1.00E+00
  5.250E-03 1.00000E-45  0.000E+00 ( 0.000E+00, 0.000E+00) ( 0.000E+00, 0.000E+00)  1.00E+00
  5.500E-03 1.00000E-45  0.000E+00 ( 0.000E+00, 0.000E+00) ( 0.000E+00, 0.000E+00)  1.00E+00
  5.750E-03 1.00000E-45  0.000E+00 ( 0.000E+00, 0.000E+00) ( 0.000E+00, 0.000E+00)  1.00E+00
  6.000E-03 1.00000E-45  0.000E+00 ( 0.000E+00, 0.000E+00) ( 0.000E+00, 0.000E+00)  1.00E+00
  6.250E-03 1.00000E-45  0.000E+00 ( 0.000E+00, 0.000E+00) ( 0.000E+00, 0.000E+00)  1.00E+00
  6.500E-03 1.00000E-45  0.000E+00 ( 0.000E+00, 0.000E+00) ( 0.000E+00, 0.000E+00)  1.00E+00
  6.750E-03 1.00000E-45  0.000E+00 ( 0.000E+00, 0.000E+00) ( 0.000E+00, 0.000E+00)  1.00E+00
  7.000E-03 1.00000E-45  0.000E+00 ( 0.000E+00, 0.000E+00) ( 0.000E+00, 0.000E+00)  1.00E+00
  7.250E-03 1.00000E-45  0.000E+00 ( 0.000E+00, 0.000E+00) ( 0.000E+00, 0.000E+00)  1.00E+00
  7.500E-03 1.00000E-45  0.000E+00 ( 0.000E+00, 0.000E+00) ( 0.000E+00, 0.000E+00)  1.00E+00
  7.750E-03 1.00000E-45  0.000E+00 ( 0.000E+00, 0.000E+00) ( 0.000E+00, 0.000E+00)  1.00E+00
  8.000E-03 1.00000E-45  0.000E+00 ( 0.000E+00, 0.000E+00) ( 0.000E+00, 0.000E+00)  1.00E+00
  8.250E-03 1.00000E-45  0.000E+00 ( 0.000E+00, 0.000E+00) ( 0.000E+00, 0.000E+00)  1.00E+00
  8.500E-03 1.00000E-45  0.000E+00 ( 0.000E+00, 0.000E+00) ( 0.000E+00, 0.000E+00)  1.00E+00
  8.750E-03 1.00000E-45  0.000E+00 ( 0.000E+00, 0.000E+00) ( 0.000E+00, 0.000E+00)  1.00E+00
  9.000E-03 1.00000E-45  0.000E+00 ( 0.000E+00, 0.000E+00) ( 0.000E+00, 0.000E+00)  1.00E+00
  9.250E-03 1.00000E-45  0.000E+00 ( 0.000E+00, 0.000E+00) ( 0.000E+00, 0.000E+00)  1.00E+00
  9.500E-03 1.00000E-45  0.000E+00 ( 0.000E+00, 0.000E+00) ( 0.000E+00, 0.000E+00)  1.00E+00
  9.750E-03 1.00000E-45  0.000E+00 ( 0.000E+00, 0.000E+00) ( 0.000E+00, 0.000E+00)  1.00E+00
  1.000E-02 1.00000E-45  0.000E+00 ( 0.000E+00, 0.000E+00) ( 0.000E+00, 0.000E+00)  1.00E+00
  1.250E-02 1.00000E-45  0.000E+00 ( 0.000E+00, 0.000E+00) ( 0.000E+00, 0.000E+00)  1.00E+00
  1.500E-02 1.00000E-45  0.000E+00 ( 0.000E+00, 0.000E+00) ( 0.000E+00, 0.000E+00)  1.00E+00
  1.750E-02 1.00000E-45  0.000E+00 ( 0.000E+00, 0.000E+00) ( 0.000E+00, 0.000E+00)  1.00E+00
  2.000E-02 1.00000E-45  0.000E+00 ( 0.000E+00, 0.000E+00) ( 0.000E+00, 0.000E+00)  1.00E+00
  2.250E-02 1.00000E-45  0.000E+00 ( 0.000E+00, 0.000E+00) ( 0.000E+00, 0.000E+00)  1.00E+00
  2.500E-02 1.00000E-45  0.000E+00 ( 0.000E+00, 0.000E+00) ( 0.000E+00, 0.000E+00)  1.00E+00
  2.750E-02 1.00000E-45  0.000E+00 ( 0.000E+00, 0.000E+00) ( 0.000E+00, 0.000E+00)  1.00E+00
  3.000E-02 1.00000E-45  0.000E+00 ( 0.000E+00, 0.000E+00) ( 0.000E+00, 0.000E+00)  1.00E+00
  3.250E-02 1.00000E-45  0.000E+00 ( 0.000E+00, 0.000E+00) ( 0.000E+00, 0.000E+00)  1.00E+00
  3.500E-02 1.00000E-45  0.000E+00 ( 0.000E+00, 0.000E+00) ( 0.000E+00, 0.000E+00)  1.00E+00
  3.750E-02 1.00000E-45  0.000E+00 ( 0.000E+00, 0.000E+00) ( 0.000E+00, 0.000E+00)  1.00E+00
  4.000E-02 1.00000E-45  0.000E+00 ( 0.000E+00, 0.000E+00) ( 0.000E+00, 0.000E+00)  1.00E+00
  4.250E-02 1.00000E-45  0.000E+00 ( 0.000E+00, 0.000E+00) ( 0.000E+00, 0.000E+00)  1.00E+00
  4.500E-02 1.00000E-45  0.000E+00 ( 0.000E+00, 0.000E+00) ( 0.000E+00, 0.000E+00)  1.00E+00
  4.750E-02 1.00000E-45  0.000E+00 ( 0.000E+00, 0.000E+00) ( 0.000E+00, 0.000E+00)  1.00E+00
  5.000E-02 1.00000E-45  0.000E+00 ( 0.000E+00, 0.000E+00) ( 0.000E+00, 0.000E+00)  1.00E+00
  5.250E-02 1.00000E-45  0.000E+00 ( 0.000E+00, 0.000E+00) ( 0.000E+00, 0.000E+00)  1.00E+00
  5.500E-02 1.00000E-45  0.000E+00 ( 0.000E+00, 0.000E+00) ( 0.000E+00, 0.000E+00)  1.00E+00
  5.750E-02 1.00000E-45  0.000E+00 ( 0.000E+00, 0.000E+00) ( 0.000E+00, 0.000E+00)  1.00E+00
  6.000E-02 1.00000E-45  0.000E+00 ( 0.000E+00, 0.000E+00) ( 0.000E+00, 0.000E+00)  1.00E+00
  6.250E-02 1.00000E-45  0.000E+00 ( 0.000E+00, 0.000E+00) ( 0.000E+00, 0.000E+00)  1.00E+00
  6.500E-02 1.00000E-45  0.000E+00 ( 0.000E+00, 0.000E+00) ( 0.000E+00, 0.000E+00)  1.00E+00
  6.750E-02 1.00000E-45  0.000E+00 ( 0.000E+00, 0.000E+00) ( 0.000E+00, 0.000E+00)  1.00E+00
  7.000E-02 1.00000E-45  0.000E+00 ( 0.000E+00, 0.000E+00) ( 0.000E+00, 0.000E+00)  1.00E+00
  7.250E-02 1.00000E-45  0.000E+00 ( 0.000E+00, 0.000E+00) ( 0.000E+00, 0.000E+00)  1.00E+00
  7.500E-02 1.00000E-45  0.000E+00 ( 0.000E+00, 0.000E+00) ( 0.000E+00, 0.000E+00)  1.00E+00
  7.750E-02 1.00000E-45  0.000E+00 ( 0.000E+00, 0.000E+00) ( 0.000E+00, 0.000E+00)  1.00E+00
  8.000E-02 1.00000E-45  0.000E+00 ( 0.000E+00, 0.000E+00) ( 0.000E+00, 0.000E+00)  1.00E+00
  8.250E-02 1.00000E-45  0.000E+00 ( 0.000E+00, 0.000E+00) ( 0.000E+00, 0.000E+00)  1.00E+00
  8.500E-02 1.00000E-45  0.000E+00 ( 0.000E+00, 0.000E+00) ( 0.000E+00, 0.000E+00)  1.00E+00
  8.750E-02 1.00000E-45  0.000E+00 ( 0.000E+00, 0.000E+00) ( 0.000E+00, 0.000E+00)  1.00E+00
  9.000E-02 1.00000E-45  0.000E+00 ( 0.000E+00, 0.000E+00) ( 0.000E+00, 0.000E+00)  1.00E+00
  9.250E-02 1.00000E-45  0.000E+00 ( 0.000E+00, 0.000E+00) ( 0.000E+00, 0.000E+00)  1.00E+00
  9.500E-02 1.00000E-45  0.000E+00 ( 0.000E+00, 0.000E+00) ( 0.000E+00, 0.000E+00)  1.00E+00
  9.750E-02 1.00000E-45  0.000E+00 ( 0.000E+00, 0.000E+00) ( 0.000E+00, 0.000E+00)  1.00E+00
  1.000E-01 1.00000E-45  0.000E+00 ( 0.000E+00, 0.000E+00) ( 0.000E+00, 0.000E+00)  1.00E+00
  1.250E-01 1.00000E-45  0.000E+00 ( 0.000E+00, 0.000E+00) ( 0.000E+00, 0.000E+00)  1.00E+00
  1.500E-01 1.00000E-45  0.000E+00 ( 0.000E+00, 0.000E+00) ( 0.000E+00, 0.000E+00)  1.00E+00
  1.750E-01 1.00000E-45  0.000E+00 ( 0.000E+00, 0.000E+00) ( 0.000E+00, 0.000E+00)  1.00E+00
  2.000E-01 1.00000E-45  0.000E+00 ( 0.000E+00, 0.000E+00) ( 0.000E+00, 0.000E+00)  1.00E+00
  2.250E-01 1.00000E-45  0.000E+00 ( 0.000E+00, 0.000E+00) ( 0.000E+00, 0.000E+00)  1.00E+00
  2.500E-01 1.00000E-45  0.000E+00 ( 0.000E+00, 0.000E+00) ( 0.000E+00, 0.000E+00)  1.00E+00
  2.750E-01 1.00000E-45  0.000E+00 ( 0.000E+00, 0.000E+00) ( 0.000E+00, 0.000E+00)  1.00E+00
  3.000E-01 1.00000E-45  0.000E+00 ( 0.000E+00, 0.000E+00) ( 0.000E+00, 0.000E+00)  1.00E+00
  3.250E-01 1.00000E-45  0.000E+00 ( 0.000E+00, 0.000E+00) ( 0.000E+00, 0.000E+00)  1.00E+00
  3.500E-01 1.00000E-45  0.000E+00 ( 0.000E+00, 0.000E+00) ( 0.000E+00, 0.000E+00)  1.00E+00
  3.750E-01 1.00000E-45  0.000E+00 ( 0.000E+00, 0.000E+00) ( 0.000E+00, 0.000E+00)  1.00E+00
  4.000E-01 1.00000E-45  0.000E+00 ( 0.000E+00, 0.000E+00) ( 0.000E+00, 0.000E+00)  1.00E+00
  4.250E-01 1.00000E-45  0.000E+00 ( 0.000E+00, 0.000E+00) ( 0.000E+00, 0.000E+00)  1.00E+00
  4.500E-01 1.00000E-45  0.000E+00 ( 0.000E+00, 0.000E+00) ( 0.000E+00, 0.000E+00)  1.00E+00
  4.750E-01 1.00000E-45  0.000E+00 ( 0.000E+00, 0.000E+00) ( 0.000E+00, 0.000E+00)  1.00E+00
  5.000E-01 1.00000E-45  0.000E+00 ( 0.000E+00, 0.000E+00) ( 0.000E+00, 0.000E+00)  1.00E+00
  5.250E-01 1.00000E-45  0.000E+00 ( 0.000E+00, 0.000E+00) ( 0.000E+00, 0.000E+00)  1.00E+00
  5.500E-01 1.00000E-45  0.000E+00 ( 0.000E+00, 0.000E+00) ( 0.000E+00, 0.000E+00)  1.00E+00
  5.750E-01 1.00000E-45  0.000E+00 ( 0.000E+00, 0.000E+00) ( 0.000E+00, 0.000E+00)  1.00E+00
  6.000E-01 1.00000E-45  0.000E+00 ( 0.000E+00, 0.000E+00) ( 0.000E+00, 0.000E+00)  1.00E+00
  6.250E-01 1.00000E-45  0.000E+00 ( 0.000E+00, 0.000E+00) ( 0.000E+00, 0.000E+00)  1.00E+00
  6.500E-01 1.00000E-45  0.000E+00 ( 0.000E+00, 0.000E+00) ( 0.000E+00, 0.000E+00)  1.00E+00
  6.750E-01 1.00000E-45  0.000E+00 ( 0.000E+00, 0.000E+00) ( 0.000E+00, 0.000E+00)  1.00E+00
  7.000E-01 1.00000E-45  0.000E+00 ( 0.000E+00, 0.000E+00) ( 0.000E+00, 0.000E+00)  1.00E+00
  7.250E-01 1.00000E-45  0.000E+00 ( 0.000E+00, 0.000E+00) ( 0.000E+00, 0.000E+00)  1.00E+00
  7.500E-01 1.00000E-45  0.000E+00 ( 0.000E+00, 0.000E+00) ( 0.000E+00, 0.000E+00)  1.00E+00
  7.750E-01 1.00000E-45  0.000E+00 ( 0.000E+00, 0.000E+00) ( 0.000E+00, 0.000E+00)  1.00E+00
  8.000E-01 1.00000E-45  0.000E+00 ( 0.000E+00, 0.000E+00) ( 0.000E+00, 0.000E+00)  1.00E+00
  8.250E-01 1.00000E-45  0.000E+00 ( 0.000E+00, 0.000E+00) ( 0.000E+00, 0.000E+00)  1.00E+00
  8.500E-01 1.00000E-45  0.000E+00 ( 0.000E+00, 0.000E+00) ( 0.000E+00, 0.000E+00)  1.00E+00
  8.750E-01 1.00000E-45  0.000E+00 ( 0.000E+00, 0.000E+00) ( 0.000E+00, 0.000E+00)  1.00E+00
  9.000E-01 1.00000E-45  0.000E+00 ( 0.000E+00, 0.000E+00) ( 0.000E+00, 0.000E+00)  1.00E+00
  9.250E-01 1.00000E-45  0.000E+00 ( 0.000E+00, 0.000E+00) ( 0.000E+00, 0.000E+00)  1.00E+00
  9.500E-01 1.00000E-45  0.000E+00 ( 0.000E+00, 0.000E+00) ( 0.000E+00, 0.000E+00)  1.00E+00
  9.750E-01 1.00000E-45  0.000E+00 ( 0.000E+00, 0.000E+00) ( 0.000E+00, 0.000E+00)  1.00E+00
  1.000E+00 1.00000E-45  0.000E+00 ( 0.000E+00, 0.000E+00) ( 0.000E+00, 0.000E+00)  1.00E+00
  1.100E+00 1.00000E-45  0.000E+00 ( 0.000E+00, 0.000E+00) ( 0.000E+00, 0.000E+00)  1.00E+00
  1.200E+00 1.00000E-45  0.000E+00 ( 0.000E+00, 0.000E+00) ( 0.000E+00, 0.000E+00)  1.00E+00
  1.300E+00 3.09798E-23  0.000E+00 ( 5.557E-12,-3.168E-13) ( 6.267E-14,-3.570E-15)  3.76E-04
  1.400E+00 1.00000E-45  0.000E+00 ( 0.000E+00, 0.000E+00) ( 0.000E+00, 0.000E+00)  1.00E+00
  1.500E+00 1.00000E-45  0.000E+00 ( 0.000E+00, 0.000E+00) ( 0.000E+00, 0.000E+00)  1.00E+00
  1.600E+00 1.00000E-45  0.000E+00 ( 0.000E+00, 0.000E+00) ( 0.000E+00, 0.000E+00)  1.00E+00
  1.700E+00 1.00000E-45  0.000E+00 ( 0.000E+00, 0.000E+00) ( 0.000E+00, 0.000E+00)  1.00E+00
  1.800E+00 8.42755E-24  0.000E+00 ( 2.899E-12,-1.515E-13) ( 4.529E-14,-2.366E-15)  8.24E-04
  1.900E+00 6.78823E-24  0.000E+00 ( 2.602E-12,-1.339E-13) ( 4.293E-14,-2.210E-15)  5.80E-05
  2.000E+00 5.52885E-24  0.000E+00 ( 2.348E-12,-1.191E-13) ( 4.077E-14,-2.067E-15)  5.79E-04
  2.100E+00 4.54842E-24  0.000E+00 ( 2.130E-12,-1.065E-13) ( 3.884E-14,-1.942E-15)  8.94E-04
  2.200E+00 3.77592E-24  0.000E+00 ( 1.940E-12,-9.572E-14) ( 3.707E-14,-1.829E-15)  9.12E-04
  2.300E+00 3.16071E-24  0.000E+00 ( 1.775E-12,-8.643E-14) ( 3.546E-14,-1.726E-15)  7.06E-04
  2.400E+00 2.66579E-24  0.000E+00 ( 1.630E-12,-7.836E-14) ( 3.398E-14,-1.633E-15)  3.59E-04
  2.500E+00 2.26406E-24  0.000E+00 ( 1.503E-12,-7.132E-14) ( 3.262E-14,-1.548E-15)  4.32E-05
  2.600E+00 1.93521E-24  0.000E+00 ( 1.389E-12,-6.515E-14) ( 3.137E-14,-1.471E-15)  3.40E-04
  2.700E+00 1.66395E-24  0.000E+00 ( 1.288E-12,-5.970E-14) ( 3.020E-14,-1.400E-15)  4.96E-04
  2.800E+00 1.43859E-24  0.000E+00 ( 1.198E-12,-5.488E-14) ( 2.912E-14,-1.334E-15)  4.98E-04
  2.900E+00 1.25010E-24  0.000E+00 ( 1.117E-12,-5.059E-14) ( 2.812E-14,-1.274E-15)  3.79E-04
  3.000E+00 1.09150E-24  0.000E+00 ( 1.043E-12,-4.675E-14) ( 2.718E-14,-1.218E-15)  1.80E-04
  3.100E+00 9.57254E-25  0.000E+00 ( 9.771E-13,-4.332E-14) ( 2.631E-14,-1.166E-15)  5.51E-05
  3.200E+00 8.43026E-25  0.000E+00 ( 9.169E-13,-4.023E-14) ( 2.548E-14,-1.118E-15)  2.25E-04
  3.300E+00 7.45334E-25  0.000E+00 ( 8.622E-13,-3.744E-14) ( 2.471E-14,-1.073E-15)  3.10E-04
  3.400E+00 6.61384E-25  0.000E+00 ( 8.122E-13,-3.491E-14) ( 2.398E-14,-1.031E-15)  3.05E-04
  3.500E+00 5.88926E-25  0.000E+00 ( 7.664E-13,-3.262E-14) ( 2.330E-14,-9.916E-16)  2.26E-04
  3.600E+00 5.26118E-25  0.000E+00 ( 7.243E-13,-3.054E-14) ( 2.265E-14,-9.549E-16)  9.78E-05
  3.700E+00 4.71462E-25  0.000E+00 ( 6.857E-13,-2.864E-14) ( 2.203E-14,-9.202E-16)  5.45E-05
  3.800E+00 4.23718E-25  0.000E+00 ( 6.500E-13,-2.689E-14) ( 2.145E-14,-8.877E-16)  1.60E-04
  3.900E+00 3.81865E-25  0.000E+00 ( 6.171E-13,-2.530E-14) ( 2.090E-14,-8.570E-16)  2.10E-04
  4.000E+00 3.45052E-25  0.000E+00 ( 5.866E-13,-2.383E-14) ( 2.038E-14,-8.280E-16)  2.01E-04
  4.100E+00 3.12567E-25  0.000E+00 ( 5.583E-13,-2.248E-14) ( 1.988E-14,-8.007E-16)  1.44E-04
  4.200E+00 2.83815E-25  0.000E+00 ( 5.320E-13,-2.124E-14) ( 1.941E-14,-7.748E-16)  5.50E-05
  4.300E+00 2.58291E-25  0.000E+00 ( 5.075E-13,-2.009E-14) ( 1.895E-14,-7.503E-16)  5.03E-05
  4.400E+00 2.35572E-25  0.000E+00 ( 4.846E-13,-1.902E-14) ( 1.852E-14,-7.270E-16)  1.20E-04
  4.500E+00 2.15295E-25  0.000E+00 ( 4.633E-13,-1.803E-14) ( 1.811E-14,-7.049E-16)  1.49E-04
  4.600E+00 1.97151E-25  0.000E+00 ( 4.433E-13,-1.712E-14) ( 1.772E-14,-6.839E-16)  1.39E-04
  4.700E+00 1.80878E-25  0.000E+00 ( 4.246E-13,-1.626E-14) ( 1.734E-14,-6.639E-16)  9.57E-05
  4.800E+00 1.66248E-25  0.000E+00 ( 4.071E-13,-1.547E-14) ( 1.698E-14,-6.449E-16)  3.09E-05
  4.900E+00 1.53067E-25  0.000E+00 ( 3.906E-13,-1.472E-14) ( 1.663E-14,-6.267E-16)  4.54E-05
  5.000E+00 1.41165E-25  0.000E+00 ( 3.751E-13,-1.403E-14) ( 1.629E-14,-6.094E-16)  9.28E-05
  5.100E+00 1.30397E-25  0.000E+00 ( 3.605E-13,-1.338E-14) ( 1.597E-14,-5.928E-16)  1.11E-04
  5.200E+00 1.20636E-25  0.000E+00 ( 3.467E-13,-1.277E-14) ( 1.567E-14,-5.770E-16)  1.01E-04
  5.300E+00 1.11770E-25  0.000E+00 ( 3.337E-13,-1.220E-14) ( 1.537E-14,-5.619E-16)  6.58E-05
  5.400E+00 1.03703E-25  0.000E+00 ( 3.215E-13,-1.167E-14) ( 1.508E-14,-5.473E-16)  1.66E-05
  5.500E+00 9.63495E-26  0.000E+00 ( 3.098E-13,-1.116E-14) ( 1.481E-14,-5.334E-16)  4.06E-05
  5.600E+00 8.96360E-26  0.000E+00 ( 2.988E-13,-1.069E-14) ( 1.454E-14,-5.201E-16)  7.39E-05
  5.700E+00 8.34965E-26  0.000E+00 ( 2.884E-13,-1.024E-14) ( 1.429E-14,-5.073E-16)  8.44E-05
  5.800E+00 7.78730E-26  0.000E+00 ( 2.785E-13,-9.821E-15) ( 1.404E-14,-4.950E-16)  7.46E-05
  5.900E+00 7.27146E-26  0.000E+00 ( 2.691E-13,-9.423E-15) ( 1.380E-14,-4.831E-16)  4.62E-05
  6.000E+00 6.79757E-26  0.000E+00 ( 2.602E-13,-9.048E-15) ( 1.357E-14,-4.718E-16)  7.71E-06
  6.100E+00 6.36161E-26  0.000E+00 ( 2.517E-13,-8.693E-15) ( 1.334E-14,-4.608E-16)  3.62E-05
  6.200E+00 5.96000E-26  0.000E+00 ( 2.436E-13,-8.356E-15) ( 1.313E-14,-4.503E-16)  6.00E-05
  6.300E+00 5.58953E-26  0.000E+00 ( 2.359E-13,-8.038E-15) ( 1.292E-14,-4.401E-16)  6.57E-05
  6.400E+00 5.24737E-26  0.000E+00 ( 2.286E-13,-7.736E-15) ( 1.271E-14,-4.303E-16)  5.65E-05
  6.500E+00 4.93094E-26  0.000E+00 ( 2.216E-13,-7.449E-15) ( 1.252E-14,-4.209E-16)  3.29E-05
  6.600E+00 4.63798E-26  0.000E+00 ( 2.149E-13,-7.177E-15) ( 1.233E-14,-4.117E-16)  4.40E-06
  6.700E+00 4.36642E-26  0.000E+00 ( 2.085E-13,-6.919E-15) ( 1.214E-14,-4.029E-16)  3.24E-05
  6.800E+00 4.11441E-26  0.000E+00 ( 2.024E-13,-6.673E-15) ( 1.196E-14,-3.944E-16)  4.96E-05
  6.900E+00 3.88028E-26  0.000E+00 ( 1.965E-13,-6.439E-15) ( 1.179E-14,-3.862E-16)  5.24E-05
  7.000E+00 3.66255E-26  0.000E+00 ( 1.909E-13,-6.216E-15) ( 1.162E-14,-3.782E-16)  4.35E-05
  7.100E+00 3.45984E-26  0.000E+00 ( 1.856E-13,-6.003E-15) ( 1.145E-14,-3.705E-16)  2.35E-05
  7.200E+00 3.27094E-26  0.000E+00 ( 1.804E-13,-5.801E-15) ( 1.129E-14,-3.631E-16)  7.21E-06
  7.300E+00 3.09473E-26  0.000E+00 ( 1.755E-13,-5.607E-15) ( 1.114E-14,-3.559E-16)  2.90E-05
  7.400E+00 2.93021E-26  0.000E+00 ( 1.707E-13,-5.423E-15) ( 1.098E-14,-3.489E-16)  4.14E-05
  7.500E+00 2.77644E-26  0.000E+00 ( 1.662E-13,-5.247E-15) ( 1.084E-14,-3.421E-16)  4.25E-05
  7.600E+00 2.63262E-26  0.000E+00 ( 1.618E-13,-5.078E-15) ( 1.069E-14,-3.356E-16)  3.40E-05
  7.700E+00 2.49796E-26  0.000E+00 ( 1.576E-13,-4.917E-15) ( 1.055E-14,-3.292E-16)  1.68E-05
  7.800E+00 2.37178E-26  0.000E+00 ( 1.536E-13,-4.762E-15) ( 1.042E-14,-3.230E-16)  8.88E-06
  7.900E+00 2.25345E-26  0.000E+00 ( 1.497E-13,-4.615E-15) ( 1.028E-14,-3.170E-16)  2.60E-05
  8.000E+00 2.14239E-26  0.000E+00 ( 1.459E-13,-4.473E-15) ( 1.015E-14,-3.112E-16)  3.50E-05
  8.100E+00 2.03808E-26  0.000E+00 ( 1.423E-13,-4.337E-15) ( 1.003E-14,-3.055E-16)  3.48E-05
  8.200E+00 1.94001E-26  0.000E+00 ( 1.389E-13,-4.207E-15) ( 9.903E-15,-3.000E-16)  2.67E-05
  8.300E+00 1.84776E-26  0.000E+00 ( 1.355E-13,-4.082E-15) ( 9.783E-15,-2.947E-16)  1.18E-05
  8.400E+00 1.76091E-26  0.000E+00 ( 1.323E-13,-3.962E-15) ( 9.665E-15,-2.895E-16)  9.81E-06
  8.500E+00 1.67910E-26  0.000E+00 ( 1.292E-13,-3.847E-15) ( 9.550E-15,-2.844E-16)  2.33E-05
  8.600E+00 1.60196E-26  0.000E+00 ( 1.262E-13,-3.737E-15) ( 9.438E-15,-2.795E-16)  2.97E-05
  8.700E+00 1.52919E-26  0.000E+00 ( 1.233E-13,-3.630E-15) ( 9.328E-15,-2.747E-16)  2.88E-05
  8.800E+00 1.46049E-26  0.000E+00 ( 1.204E-13,-3.528E-15) ( 9.221E-15,-2.701E-16)  2.11E-05
  8.900E+00 1.39560E-26  0.000E+00 ( 1.177E-13,-3.430E-15) ( 9.116E-15,-2.655E-16)  8.13E-06
  9.000E+00 1.33426E-26  0.000E+00 ( 1.151E-13,-3.335E-15) ( 9.013E-15,-2.611E-16)  1.03E-05
  9.100E+00 1.27624E-26  0.000E+00 ( 1.126E-13,-3.244E-15) ( 8.913E-15,-2.568E-16)  2.10E-05
  9.200E+00 1.22133E-26  0.000E+00 ( 1.101E-13,-3.156E-15) ( 8.814E-15,-2.526E-16)  2.54E-05
  9.300E+00 1.16933E-26  0.000E+00 ( 1.077E-13,-3.071E-15) ( 8.718E-15,-2.485E-16)  2.40E-05
  9.400E+00 1.12006E-26  0.000E+00 ( 1.054E-13,-2.990E-15) ( 8.624E-15,-2.445E-16)  1.68E-05
  9.500E+00 1.07335E-26  0.000E+00 ( 1.032E-13,-2.911E-15) ( 8.532E-15,-2.407E-16)  5.34E-06
  9.600E+00 1.02904E-26  0.000E+00 ( 1.010E-13,-2.835E-15) ( 8.442E-15,-2.369E-16)  1.04E-05
  9.700E+00 9.86984E-27  0.000E+00 ( 9.896E-14,-2.762E-15) ( 8.354E-15,-2.332E-16)  1.89E-05
  9.800E+00 9.47047E-27  0.000E+00 ( 9.693E-14,-2.691E-15) ( 8.267E-15,-2.295E-16)  2.18E-05
  9.900E+00 9.09101E-27  0.000E+00 ( 9.496E-14,-2.623E-15) ( 8.182E-15,-2.260E-16)  2.01E-05
  1.000E+01 8.73029E-27  0.000E+00 ( 9.305E-14,-2.557E-15) ( 8.099E-15,-2.226E-16)  1.33E-05
  1.025E+01 7.90346E-27  0.000E+00 ( 8.852E-14,-2.402E-15) ( 7.898E-15,-2.143E-16)  1.56E-05
  1.050E+01 7.17185E-27  0.000E+00 ( 8.430E-14,-2.259E-15) ( 7.707E-15,-2.065E-16)  1.69E-05
  1.075E+01 6.52262E-27  0.000E+00 ( 8.038E-14,-2.127E-15) ( 7.524E-15,-1.991E-16)  1.71E-05
  1.100E+01 5.94490E-27  0.000E+00 ( 7.673E-14,-2.005E-15) ( 7.350E-15,-1.921E-16)  1.64E-05
  1.125E+01 5.42945E-27  0.000E+00 ( 7.331E-14,-1.893E-15) ( 7.183E-15,-1.855E-16)  1.54E-05
  1.150E+01 4.96841E-27  0.000E+00 ( 7.011E-14,-1.789E-15) ( 7.024E-15,-1.792E-16)  1.39E-05
  1.175E+01 4.55504E-27  0.000E+00 ( 6.712E-14,-1.692E-15) ( 6.871E-15,-1.732E-16)  1.18E-05
  1.200E+01 4.18355E-27  0.000E+00 ( 6.431E-14,-1.602E-15) ( 6.725E-15,-1.676E-16)  9.33E-06
  1.225E+01 3.84896E-27  0.000E+00 ( 6.167E-14,-1.519E-15) ( 6.584E-15,-1.622E-16)  6.62E-06
  1.250E+01 3.54697E-27  0.000E+00 ( 5.919E-14,-1.441E-15) ( 6.449E-15,-1.570E-16)  3.84E-06
  1.275E+01 3.27385E-27  0.000E+00 ( 5.685E-14,-1.368E-15) ( 6.319E-15,-1.521E-16)  1.32E-06
  1.300E+01 3.02635E-27  0.000E+00 ( 5.465E-14,-1.301E-15) ( 6.194E-15,-1.474E-16)  3.71E-06
  1.325E+01 2.80166E-27  0.000E+00 ( 5.257E-14,-1.237E-15) ( 6.074E-15,-1.430E-16)  5.69E-06
  1.350E+01 2.59729E-27  0.000E+00 ( 5.060E-14,-1.178E-15) ( 5.958E-15,-1.387E-16)  7.19E-06
  1.375E+01 2.41109E-27  0.000E+00 ( 4.874E-14,-1.122E-15) ( 5.846E-15,-1.346E-16)  8.18E-06
  1.400E+01 2.24116E-27  0.000E+00 ( 4.698E-14,-1.070E-15) ( 5.739E-15,-1.307E-16)  8.66E-06
  1.425E+01 2.08583E-27  0.000E+00 ( 4.531E-14,-1.021E-15) ( 5.635E-15,-1.269E-16)  8.64E-06
  1.450E+01 1.94362E-27  0.000E+00 ( 4.373E-14,-9.745E-16) ( 5.534E-15,-1.233E-16)  8.25E-06
  1.475E+01 1.81322E-27  0.000E+00 ( 4.222E-14,-9.311E-16) ( 5.437E-15,-1.199E-16)  7.83E-06
  1.500E+01 1.69349E-27  0.000E+00 ( 4.079E-14,-8.901E-16) ( 5.343E-15,-1.166E-16)  7.04E-06
  1.525E+01 1.58339E-27  0.000E+00 ( 3.943E-14,-8.515E-16) ( 5.252E-15,-1.134E-16)  5.96E-06
  1.550E+01 1.48202E-27  0.000E+00 ( 3.814E-14,-8.150E-16) ( 5.164E-15,-1.103E-16)  4.66E-06
  1.575E+01 1.38855E-27  0.000E+00 ( 3.691E-14,-7.806E-16) ( 5.078E-15,-1.074E-16)  3.22E-06
  1.600E+01 1.30227E-27  0.000E+00 ( 3.573E-14,-7.480E-16) ( 4.996E-15,-1.046E-16)  1.73E-06
  1.625E+01 1.22252E-27  0.000E+00 ( 3.461E-14,-7.172E-16) ( 4.916E-15,-1.019E-16)  1.46E-06
  1.650E+01 1.14872E-27  0.000E+00 ( 3.354E-14,-6.880E-16) ( 4.838E-15,-9.924E-17)  2.72E-06
  1.675E+01 1.08034E-27  0.000E+00 ( 3.251E-14,-6.603E-16) ( 4.762E-15,-9.671E-17)  3.75E-06
  1.700E+01 1.01692E-27  0.000E+00 ( 3.154E-14,-6.340E-16) ( 4.689E-15,-9.427E-17)  4.51E-06
  1.725E+01 9.58039E-28  0.000E+00 ( 3.060E-14,-6.091E-16) ( 4.617E-15,-9.192E-17)  4.98E-06
  1.750E+01 9.03307E-28  0.000E+00 ( 2.970E-14,-5.855E-16) ( 4.548E-15,-8.965E-17)  5.16E-06
  1.775E+01 8.52381E-28  0.000E+00 ( 2.884E-14,-5.630E-16) ( 4.481E-15,-8.746E-17)  5.05E-06
  1.800E+01 8.04949E-28  0.000E+00 ( 2.802E-14,-5.416E-16) ( 4.415E-15,-8.534E-17)  4.88E-06
  1.825E+01 7.60730E-28  0.000E+00 ( 2.723E-14,-5.213E-16) ( 4.351E-15,-8.329E-17)  4.61E-06
  1.850E+01 7.19467E-28  0.000E+00 ( 2.647E-14,-5.019E-16) ( 4.289E-15,-8.132E-17)  4.12E-06
  1.875E+01 6.80927E-28  0.000E+00 ( 2.575E-14,-4.834E-16) ( 4.228E-15,-7.940E-17)  3.46E-06
  1.900E+01 6.44898E-28  0.000E+00 ( 2.505E-14,-4.658E-16) ( 4.169E-15,-7.755E-17)  2.66E-06
  1.925E+01 6.11187E-28  0.000E+00 ( 2.437E-14,-4.490E-16) ( 4.112E-15,-7.575E-17)  1.78E-06
  1.950E+01 5.79619E-28  0.000E+00 ( 2.373E-14,-4.330E-16) ( 4.056E-15,-7.402E-17)  8.58E-07
  1.975E+01 5.50032E-28  0.000E+00 ( 2.311E-14,-4.177E-16) ( 4.001E-15,-7.233E-17)  1.34E-06
  2.000E+01 5.22281E-28  0.000E+00 ( 2.251E-14,-4.030E-16) ( 3.948E-15,-7.070E-17)  2.09E-06
  2.025E+01 4.96232E-28  0.000E+00 ( 2.193E-14,-3.891E-16) ( 3.896E-15,-6.912E-17)  2.69E-06
  2.050E+01 4.71760E-28  0.000E+00 ( 2.137E-14,-3.757E-16) ( 3.845E-15,-6.759E-17)  3.11E-06
  2.075E+01 4.48754E-28  0.000E+00 ( 2.084E-14,-3.629E-16) ( 3.795E-15,-6.610E-17)  3.34E-06
  2.100E+01 4.27110E-28  0.000E+00 ( 2.032E-14,-3.506E-16) ( 3.747E-15,-6.465E-17)  3.38E-06
  2.125E+01 4.06733E-28  0.000E+00 ( 1.982E-14,-3.389E-16) ( 3.699E-15,-6.325E-17)  3.24E-06
  2.150E+01 3.87536E-28  0.000E+00 ( 1.934E-14,-3.277E-16) ( 3.653E-15,-6.189E-17)  3.19E-06
  2.175E+01 3.69438E-28  0.000E+00 ( 1.888E-14,-3.169E-16) ( 3.607E-15,-6.057E-17)  3.00E-06
  2.200E+01 3.52365E-28  0.000E+00 ( 1.843E-14,-3.066E-16) ( 3.563E-15,-5.928E-17)  2.66E-06
  2.225E+01 3.36248E-28  0.000E+00 ( 1.799E-14,-2.966E-16) ( 3.520E-15,-5.803E-17)  2.21E-06
  2.250E+01 3.21026E-28  0.000E+00 ( 1.757E-14,-2.871E-16) ( 3.477E-15,-5.682E-17)  1.66E-06
  2.275E+01 3.06638E-28  0.000E+00 ( 1.717E-14,-2.780E-16) ( 3.436E-15,-5.564E-17)  1.06E-06
  2.300E+01 2.93031E-28  0.000E+00 ( 1.678E-14,-2.692E-16) ( 3.395E-15,-5.449E-17)  6.28E-07
  2.325E+01 2.80155E-28  0.000E+00 ( 1.640E-14,-2.608E-16) ( 3.355E-15,-5.337E-17)  1.20E-06
  2.350E+01 2.67964E-28  0.000E+00 ( 1.603E-14,-2.527E-16) ( 3.316E-15,-5.228E-17)  1.67E-06
  2.375E+01 2.56416E-28  0.000E+00 ( 1.567E-14,-2.449E-16) ( 3.278E-15,-5.122E-17)  2.04E-06
  2.400E+01 2.45469E-28  0.000E+00 ( 1.533E-14,-2.374E-16) ( 3.241E-15,-5.019E-17)  2.28E-06
  2.425E+01 2.35087E-28  0.000E+00 ( 1.499E-14,-2.301E-16) ( 3.204E-15,-4.918E-17)  2.39E-06
  2.450E+01 2.25236E-28  0.000E+00 ( 1.467E-14,-2.232E-16) ( 3.168E-15,-4.821E-17)  2.37E-06
  2.475E+01 2.15884E-28  0.000E+00 ( 1.435E-14,-2.165E-16) ( 3.133E-15,-4.725E-17)  2.29E-06
  2.500E+01 2.07002E-28  0.000E+00 ( 1.405E-14,-2.100E-16) ( 3.098E-15,-4.632E-17)  2.25E-06
  2.550E+01 1.90534E-28  0.000E+00 ( 1.347E-14,-1.978E-16) ( 3.031E-15,-4.453E-17)  1.84E-06
  2.600E+01 1.75635E-28  0.000E+00 ( 1.292E-14,-1.865E-16) ( 2.966E-15,-4.283E-17)  1.11E-06
  2.650E+01 1.62128E-28  0.000E+00 ( 1.240E-14,-1.759E-16) ( 2.903E-15,-4.120E-17)  6.75E-07
  2.700E+01 1.49864E-28  0.000E+00 ( 1.191E-14,-1.661E-16) ( 2.843E-15,-3.966E-17)  1.38E-06
  2.750E+01 1.38707E-28  0.000E+00 ( 1.144E-14,-1.569E-16) ( 2.785E-15,-3.819E-17)  1.75E-06
  2.800E+01 1.28542E-28  0.000E+00 ( 1.100E-14,-1.483E-16) ( 2.729E-15,-3.678E-17)  1.74E-06
  2.850E+01 1.19266E-28  0.000E+00 ( 1.059E-14,-1.403E-16) ( 2.674E-15,-3.544E-17)  1.67E-06
  2.900E+01 1.10788E-28  0.000E+00 ( 1.019E-14,-1.328E-16) ( 2.622E-15,-3.415E-17)  1.34E-06
  2.950E+01 1.03027E-28  0.000E+00 ( 9.818E-15,-1.257E-16) ( 2.571E-15,-3.293E-17)  7.65E-07
  3.000E+01 9.59146E-29  0.000E+00 ( 9.463E-15,-1.191E-16) ( 2.522E-15,-3.175E-17)  6.82E-07
  3.050E+01 8.93858E-29  0.000E+00 ( 9.124E-15,-1.129E-16) ( 2.474E-15,-3.063E-17)  1.18E-06
  3.100E+01 8.33855E-29  0.000E+00 ( 8.802E-15,-1.071E-16) ( 2.428E-15,-2.955E-17)  1.40E-06
  3.150E+01 7.78636E-29  0.000E+00 ( 8.496E-15,-1.017E-16) ( 2.383E-15,-2.852E-17)  1.33E-06
  3.200E+01 7.27758E-29  0.000E+00 ( 8.203E-15,-9.651E-17) ( 2.339E-15,-2.753E-17)  1.30E-06
  3.250E+01 6.80823E-29  0.000E+00 ( 7.924E-15,-9.167E-17) ( 2.297E-15,-2.658E-17)  1.01E-06
  3.300E+01 6.37476E-29  0.000E+00 ( 7.658E-15,-8.711E-17) ( 2.256E-15,-2.567E-17)  5.39E-07
  3.350E+01 5.97397E-29  0.000E+00 ( 7.404E-15,-8.281E-17) ( 2.216E-15,-2.479E-17)  6.75E-07
  3.400E+01 5.60300E-29  0.000E+00 ( 7.161E-15,-7.875E-17) ( 2.177E-15,-2.395E-17)  1.03E-06
  3.450E+01 5.25927E-29  0.000E+00 ( 6.929E-15,-7.492E-17) ( 2.140E-15,-2.314E-17)  1.14E-06
  3.500E+01 4.94044E-29  0.000E+00 ( 6.707E-15,-7.130E-17) ( 2.103E-15,-2.236E-17)  1.10E-06
  3.550E+01 4.64444E-29  0.000E+00 ( 6.494E-15,-6.788E-17) ( 2.067E-15,-2.161E-17)  1.04E-06
  3.600E+01 4.36934E-29  0.000E+00 ( 6.290E-15,-6.464E-17) ( 2.032E-15,-2.089E-17)  7.83E-07
  3.650E+01 4.11345E-29  0.000E+00 ( 6.094E-15,-6.158E-17) ( 1.998E-15,-2.020E-17)  3.77E-07
  3.700E+01 3.87520E-29  0.000E+00 ( 5.906E-15,-5.867E-17) ( 1.965E-15,-1.953E-17)  6.61E-07
  3.750E+01 3.65319E-29  0.000E+00 ( 5.726E-15,-5.593E-17) ( 1.933E-15,-1.888E-17)  9.07E-07
  3.800E+01 3.44612E-29  0.000E+00 ( 5.554E-15,-5.332E-17) ( 1.901E-15,-1.826E-17)  9.50E-07
  3.850E+01 3.25283E-29  0.000E+00 ( 5.388E-15,-5.085E-17) ( 1.871E-15,-1.766E-17)  9.28E-07
  3.900E+01 3.07226E-29  0.000E+00 ( 5.228E-15,-4.850E-17) ( 1.841E-15,-1.708E-17)  8.55E-07
  3.950E+01 2.90344E-29  0.000E+00 ( 5.074E-15,-4.627E-17) ( 1.812E-15,-1.652E-17)  6.11E-07
  4.000E+01 2.74548E-29  0.000E+00 ( 4.927E-15,-4.416E-17) ( 1.783E-15,-1.599E-17)  3.32E-07
  4.050E+01 2.59758E-29  0.000E+00 ( 4.785E-15,-4.214E-17) ( 1.755E-15,-1.546E-17)  6.44E-07
  4.100E+01 2.45899E-29  0.000E+00 ( 4.648E-15,-4.023E-17) ( 1.728E-15,-1.496E-17)  8.06E-07
  4.150E+01 2.32904E-29  0.000E+00 ( 4.516E-15,-3.841E-17) ( 1.701E-15,-1.448E-17)  7.91E-07
  4.200E+01 2.20709E-29  0.000E+00 ( 4.389E-15,-3.668E-17) ( 1.675E-15,-1.401E-17)  8.00E-07
  4.250E+01 2.09259E-29  0.000E+00 ( 4.267E-15,-3.504E-17) ( 1.650E-15,-1.355E-17)  7.09E-07
  4.300E+01 1.98501E-29  0.000E+00 ( 4.148E-15,-3.347E-17) ( 1.625E-15,-1.311E-17)  4.76E-07
  4.350E+01 1.88387E-29  0.000E+00 ( 4.034E-15,-3.197E-17) ( 1.600E-15,-1.269E-17)  3.84E-07
  4.400E+01 1.78871E-29  0.000E+00 ( 3.924E-15,-3.055E-17) ( 1.576E-15,-1.228E-17)  6.21E-07
  4.450E+01 1.69913E-29  0.000E+00 ( 3.818E-15,-2.919E-17) ( 1.553E-15,-1.188E-17)  7.16E-07
  4.500E+01 1.61476E-29  0.000E+00 ( 3.716E-15,-2.790E-17) ( 1.530E-15,-1.149E-17)  6.57E-07
  4.550E+01 1.53525E-29  0.000E+00 ( 3.617E-15,-2.666E-17) ( 1.507E-15,-1.112E-17)  6.95E-07
  4.600E+01 1.46027E-29  0.000E+00 ( 3.521E-15,-2.548E-17) ( 1.486E-15,-1.076E-17)  5.88E-07
  4.650E+01 1.38953E-29  0.000E+00 ( 3.428E-15,-2.436E-17) ( 1.464E-15,-1.041E-17)  3.63E-07
  4.700E+01 1.32274E-29  0.000E+00 ( 3.338E-15,-2.328E-17) ( 1.443E-15,-1.007E-17)  4.20E-07
  4.750E+01 1.25967E-29  0.000E+00 ( 3.252E-15,-2.226E-17) ( 1.422E-15,-9.740E-18)  5.91E-07
  4.800E+01 1.20006E-29  0.000E+00 ( 3.168E-15,-2.128E-17) ( 1.402E-15,-9.421E-18)  6.29E-07
  4.850E+01 1.14371E-29  0.000E+00 ( 3.087E-15,-2.034E-17) ( 1.382E-15,-9.112E-18)  6.00E-07
  4.900E+01 1.09040E-29  0.000E+00 ( 3.008E-15,-1.944E-17) ( 1.362E-15,-8.813E-18)  6.06E-07
  4.950E+01 1.03995E-29  0.000E+00 ( 2.932E-15,-1.859E-17) ( 1.343E-15,-8.523E-18)  4.85E-07
  5.000E+01 9.92183E-30  0.000E+00 ( 2.858E-15,-1.777E-17) ( 1.324E-15,-8.241E-18)  2.67E-07
  5.050E+01 9.46935E-30  0.000E+00 ( 2.786E-15,-1.698E-17) ( 1.306E-15,-7.967E-18)  4.38E-07
  5.100E+01 9.04055E-30  0.000E+00 ( 2.717E-15,-1.623E-17) ( 1.288E-15,-7.702E-18)  5.53E-07
  5.150E+01 8.63401E-30  0.000E+00 ( 2.650E-15,-1.552E-17) ( 1.270E-15,-7.444E-18)  5.44E-07
  5.200E+01 8.24839E-30  0.000E+00 ( 2.584E-15,-1.483E-17) ( 1.253E-15,-7.194E-18)  5.47E-07
  5.250E+01 7.88248E-30  0.000E+00 ( 2.521E-15,-1.417E-17) ( 1.235E-15,-6.952E-18)  5.25E-07
  5.300E+01 7.53511E-30  0.000E+00 ( 2.460E-15,-1.354E-17) ( 1.219E-15,-6.716E-18)  3.93E-07
  5.350E+01 7.20523E-30  0.000E+00 ( 2.400E-15,-1.294E-17) ( 1.202E-15,-6.487E-18)  2.76E-07
  5.400E+01 6.89182E-30  0.000E+00 ( 2.342E-15,-1.236E-17) ( 1.186E-15,-6.265E-18)  4.41E-07
  5.450E+01 6.59395E-30  0.000E+00 ( 2.286E-15,-1.181E-17) ( 1.170E-15,-6.050E-18)  5.05E-07
  5.500E+01 6.31074E-30  0.000E+00 ( 2.231E-15,-1.128E-17) ( 1.154E-15,-5.840E-18)  4.58E-07
  5.550E+01 6.04137E-30  0.000E+00 ( 2.178E-15,-1.077E-17) ( 1.139E-15,-5.637E-18)  4.95E-07
  5.600E+01 5.78506E-30  0.000E+00 ( 2.127E-15,-1.028E-17) ( 1.123E-15,-5.439E-18)  4.49E-07
  5.650E+01 5.54111E-30  0.000E+00 ( 2.077E-15,-9.818E-18) ( 1.109E-15,-5.247E-18)  3.11E-07
  5.700E+01 5.30882E-30  0.000E+00 ( 2.028E-15,-9.370E-18) ( 1.094E-15,-5.060E-18)  3.12E-07
  5.750E+01 5.08758E-30  0.000E+00 ( 1.981E-15,-8.941E-18) ( 1.079E-15,-4.879E-18)  4.29E-07
  5.800E+01 4.87677E-30  0.000E+00 ( 1.934E-15,-8.529E-18) ( 1.065E-15,-4.703E-18)  4.50E-07
  5.850E+01 4.67585E-30  0.000E+00 ( 1.890E-15,-8.134E-18) ( 1.051E-15,-4.531E-18)  4.13E-07
  5.900E+01 4.48429E-30  0.000E+00 ( 1.846E-15,-7.755E-18) ( 1.037E-15,-4.365E-18)  4.43E-07
  5.950E+01 4.30159E-30  0.000E+00 ( 1.804E-15,-7.392E-18) ( 1.024E-15,-4.203E-18)  3.78E-07
  6.000E+01 4.12729E-30  0.000E+00 ( 1.762E-15,-7.043E-18) ( 1.011E-15,-4.045E-18)  2.36E-07
  6.050E+01 3.96095E-30  0.000E+00 ( 1.722E-15,-6.709E-18) ( 9.975E-16,-3.892E-18)  3.29E-07
  6.100E+01 3.80216E-30  0.000E+00 ( 1.683E-15,-6.388E-18) ( 9.846E-16,-3.743E-18)  4.03E-07
  6.150E+01 3.65053E-30  0.000E+00 ( 1.645E-15,-6.080E-18) ( 9.719E-16,-3.598E-18)  3.87E-07
  6.200E+01 3.50572E-30  0.000E+00 ( 1.608E-15,-5.784E-18) ( 9.594E-16,-3.458E-18)  3.85E-07
  6.250E+01 3.36735E-30  0.000E+00 ( 1.572E-15,-5.501E-18) ( 9.471E-16,-3.321E-18)  3.89E-07
  6.300E+01 3.23511E-30  0.000E+00 ( 1.536E-15,-5.229E-18) ( 9.350E-16,-3.188E-18)  3.12E-07
  6.350E+01 3.10870E-30  0.000E+00 ( 1.502E-15,-4.967E-18) ( 9.231E-16,-3.058E-18)  2.17E-07
  6.400E+01 2.98782E-30  0.000E+00 ( 1.469E-15,-4.717E-18) ( 9.113E-16,-2.932E-18)  3.29E-07
  6.450E+01 2.87221E-30  0.000E+00 ( 1.436E-15,-4.476E-18) ( 8.998E-16,-2.810E-18)  3.65E-07
  6.500E+01 2.76160E-30  0.000E+00 ( 1.404E-15,-4.245E-18) ( 8.884E-16,-2.691E-18)  3.22E-07
  6.550E+01 2.65575E-30  0.000E+00 ( 1.373E-15,-4.023E-18) ( 8.771E-16,-2.575E-18)  3.52E-07
  6.600E+01 2.55443E-30  0.000E+00 ( 1.343E-15,-3.810E-18) ( 8.661E-16,-2.463E-18)  3.36E-07
  6.650E+01 2.45742E-30  0.000E+00 ( 1.314E-15,-3.606E-18) ( 8.552E-16,-2.353E-18)  2.50E-07
  6.700E+01 2.36452E-30  0.000E+00 ( 1.285E-15,-3.410E-18) ( 8.444E-16,-2.246E-18)  2.37E-07
  6.750E+01 2.27554E-30  0.000E+00 ( 1.257E-15,-3.222E-18) ( 8.338E-16,-2.143E-18)  3.14E-07
  6.800E+01 2.19028E-30  0.000E+00 ( 1.230E-15,-3.041E-18) ( 8.234E-16,-2.042E-18)  3.19E-07
  6.850E+01 2.10857E-30  0.000E+00 ( 1.203E-15,-2.867E-18) ( 8.131E-16,-1.944E-18)  2.79E-07
  6.900E+01 2.03025E-30  0.000E+00 ( 1.177E-15,-2.701E-18) ( 8.030E-16,-1.848E-18)  3.15E-07
  6.950E+01 1.95516E-30  0.000E+00 ( 1.152E-15,-2.541E-18) ( 7.930E-16,-1.756E-18)  2.84E-07
  7.000E+01 1.88315E-30  0.000E+00 ( 1.127E-15,-2.388E-18) ( 7.831E-16,-1.665E-18)  1.95E-07
  7.050E+01 1.81408E-30  0.000E+00 ( 1.103E-15,-2.241E-18) ( 7.734E-16,-1.578E-18)  2.41E-07
  7.100E+01 1.74782E-30  0.000E+00 ( 1.079E-15,-2.100E-18) ( 7.638E-16,-1.492E-18)  2.87E-07
  7.150E+01 1.68423E-30  0.000E+00 ( 1.056E-15,-1.964E-18) ( 7.544E-16,-1.409E-18)  2.69E-07
  7.200E+01 1.62320E-30  0.000E+00 ( 1.033E-15,-1.835E-18) ( 7.451E-16,-1.328E-18)  2.58E-07
  7.250E+01 1.56462E-30  0.000E+00 ( 1.011E-15,-1.710E-18) ( 7.359E-16,-1.250E-18)  2.75E-07
  7.300E+01 1.50837E-30  0.000E+00 ( 9.900E-16,-1.591E-18) ( 7.268E-16,-1.174E-18)  2.35E-07
  7.350E+01 1.45435E-30  0.000E+00 ( 9.690E-16,-1.476E-18) ( 7.179E-16,-1.099E-18)  1.57E-07
  7.400E+01 1.40246E-30  0.000E+00 ( 9.485E-16,-1.366E-18) ( 7.091E-16,-1.027E-18)  2.31E-07
  7.450E+01 1.35262E-30  0.000E+00 ( 9.285E-16,-1.261E-18) ( 7.004E-16,-9.569E-19)  2.52E-07
  7.500E+01 1.30471E-30  0.000E+00 ( 9.089E-16,-1.160E-18) ( 6.918E-16,-8.886E-19)  2.19E-07
  7.550E+01 1.25868E-30  0.000E+00 ( 8.898E-16,-1.063E-18) ( 6.834E-16,-8.222E-19)  2.31E-07
  7.600E+01 1.21443E-30  0.000E+00 ( 8.711E-16,-9.706E-19) ( 6.750E-16,-7.578E-19)  2.35E-07
  7.650E+01 1.17189E-30  0.000E+00 ( 8.528E-16,-8.819E-19) ( 6.668E-16,-6.949E-19)  1.91E-07
  7.700E+01 1.13098E-30  0.000E+00 ( 8.349E-16,-7.968E-19) ( 6.587E-16,-6.340E-19)  1.60E-07
  7.750E+01 1.09164E-30  0.000E+00 ( 8.175E-16,-7.154E-19) ( 6.507E-16,-5.749E-19)  2.10E-07
  7.800E+01 1.05379E-30  0.000E+00 ( 8.004E-16,-6.374E-19) ( 6.428E-16,-5.174E-19)  2.14E-07
  7.850E+01 1.01738E-30  0.000E+00 ( 7.837E-16,-5.628E-19) ( 6.349E-16,-4.615E-19)  1.74E-07
  7.900E+01 9.82344E-31  0.000E+00 ( 7.674E-16,-4.913E-19) ( 6.272E-16,-4.070E-19)  2.00E-07
  7.950E+01 9.48631E-31  0.000E+00 ( 7.514E-16,-4.232E-19) ( 6.196E-16,-3.542E-19)  1.98E-07
  8.000E+01 9.16178E-31  0.000E+00 ( 7.358E-16,-3.577E-19) ( 6.121E-16,-3.032E-19)  1.55E-07
  8.050E+01 8.84933E-31  0.000E+00 ( 7.206E-16,-2.952E-19) ( 6.047E-16,-2.533E-19)  1.50E-07
  8.100E+01 8.54854E-31  0.000E+00 ( 7.056E-16,-2.357E-19) ( 5.974E-16,-2.050E-19)  1.84E-07
  8.150E+01 8.25883E-31  0.000E+00 ( 6.910E-16,-1.785E-19) ( 5.902E-16,-1.580E-19)  1.79E-07
  8.200E+01 7.97985E-31  0.000E+00 ( 6.768E-16,-1.242E-19) ( 5.831E-16,-1.125E-19)  1.39E-07
  8.250E+01 7.71107E-31  0.000E+00 ( 6.628E-16,-7.217E-20) ( 5.761E-16,-6.820E-20)  1.69E-07
  8.300E+01 7.45217E-31  0.000E+00 ( 6.491E-16,-2.286E-20) ( 5.691E-16,-2.525E-20)  1.65E-07
  8.350E+01 7.20268E-31  0.000E+00 ( 6.357E-16, 2.448E-20) ( 5.623E-16, 1.635E-20)  1.29E-07
  8.400E+01 6.96226E-31  0.000E+00 ( 6.226E-16, 6.946E-20) ( 5.555E-16, 5.675E-20)  1.33E-07
  8.450E+01 6.73050E-31  0.000E+00 ( 6.098E-16, 1.125E-19) ( 5.488E-16, 9.595E-20)  1.57E-07
  8.500E+01 6.50714E-31  0.000E+00 ( 5.973E-16, 1.532E-19) ( 5.422E-16, 1.339E-19)  1.50E-07
  8.550E+01 6.29176E-31  0.000E+00 ( 5.850E-16, 1.922E-19) ( 5.357E-16, 1.708E-19)  1.14E-07
  8.600E+01 6.08411E-31  0.000E+00 ( 5.730E-16, 2.291E-19) ( 5.293E-16, 2.064E-19)  1.41E-07
  8.650E+01 5.88383E-31  0.000E+00 ( 5.612E-16, 2.644E-19) ( 5.229E-16, 2.409E-19)  1.40E-07
  8.700E+01 5.69066E-31  0.000E+00 ( 5.497E-16, 2.977E-19) ( 5.166E-16, 2.747E-19)  1.15E-07
  8.750E+01 5.50435E-31  0.000E+00 ( 5.384E-16, 3.294E-19) ( 5.104E-16, 3.071E-19)  1.13E-07
  8.800E+01 5.32460E-31  0.000E+00 ( 5.274E-16, 3.594E-19) ( 5.043E-16, 3.385E-19)  1.35E-07
  8.850E+01 5.15117E-31  0.000E+00 ( 5.166E-16, 3.879E-19) ( 4.983E-16, 3.690E-19)  1.32E-07
  8.900E+01 4.98379E-31  0.000E+00 ( 5.060E-16, 4.150E-19) ( 4.923E-16, 3.985E-19)  1.04E-07
  8.950E+01 4.82229E-31  0.000E+00 ( 4.956E-16, 4.403E-19) ( 4.864E-16, 4.270E-19)  1.18E-07
  9.000E+01 4.66639E-31  0.000E+00 ( 4.855E-16, 4.643E-19) ( 4.806E-16, 4.546E-19)  1.26E-07
  9.050E+01 4.51589E-31  0.000E+00 ( 4.755E-16, 4.872E-19) ( 4.748E-16, 4.812E-19)  1.13E-07
  9.100E+01 4.37058E-31  0.000E+00 ( 4.658E-16, 5.086E-19) ( 4.691E-16, 5.070E-19)  1.00E-07
  9.150E+01 4.23030E-31  0.000E+00 ( 4.563E-16, 5.286E-19) ( 4.635E-16, 5.319E-19)  1.24E-07
  9.200E+01 4.09481E-31  0.000E+00 ( 4.469E-16, 5.476E-19) ( 4.580E-16, 5.559E-19)  1.28E-07
  9.250E+01 3.96398E-31  0.000E+00 ( 4.378E-16, 5.653E-19) ( 4.525E-16, 5.791E-19)  1.10E-07
  9.300E+01 3.83760E-31  0.000E+00 ( 4.288E-16, 5.820E-19) ( 4.471E-16, 6.015E-19)  1.04E-07
  9.350E+01 3.71550E-31  0.000E+00 ( 4.200E-16, 5.976E-19) ( 4.417E-16, 6.232E-19)  1.25E-07
  9.400E+01 3.59752E-31  0.000E+00 ( 4.114E-16, 6.122E-19) ( 4.364E-16, 6.442E-19)  1.25E-07
  9.450E+01 3.48357E-31  0.000E+00 ( 4.030E-16, 6.255E-19) ( 4.312E-16, 6.643E-19)  1.04E-07
  9.500E+01 3.37344E-31  0.000E+00 ( 3.947E-16, 6.382E-19) ( 4.260E-16, 6.836E-19)  1.26E-07
  9.550E+01 3.26700E-31  0.000E+00 ( 3.867E-16, 6.498E-19) ( 4.209E-16, 7.024E-19)  1.41E-07
  9.600E+01 3.16413E-31  0.000E+00 ( 3.787E-16, 6.606E-19) ( 4.159E-16, 7.202E-19)  1.29E-07
  9.650E+01 3.06468E-31  0.000E+00 ( 3.710E-16, 6.704E-19) ( 4.109E-16, 7.376E-19)  1.02E-07
  9.700E+01 2.96855E-31  0.000E+00 ( 3.634E-16, 6.794E-19) ( 4.060E-16, 7.542E-19)  1.39E-07
  9.750E+01 2.87563E-31  0.000E+00 ( 3.559E-16, 6.876E-19) ( 4.011E-16, 7.699E-19)  1.51E-07
  9.800E+01 2.78574E-31  0.000E+00 ( 3.486E-16, 6.953E-19) ( 3.963E-16, 7.853E-19)  1.35E-07
  9.850E+01 2.69885E-31  0.000E+00 ( 3.414E-16, 7.020E-19) ( 3.916E-16, 7.999E-19)  1.46E-07
  9.900E+01 2.61479E-31  0.000E+00 ( 3.344E-16, 7.080E-19) ( 3.869E-16, 8.140E-19)  1.69E-07
  9.950E+01 2.53350E-31  0.000E+00 ( 3.275E-16, 7.135E-19) ( 3.822E-16, 8.274E-19)  1.59E-07
  1.000E+02 2.45486E-31  0.000E+00 ( 3.208E-16, 7.182E-19) ( 3.776E-16, 8.403E-19)  1.16E-07
  1.005E+02 2.37880E-31  0.000E+00 ( 3.141E-16, 7.223E-19) ( 3.731E-16, 8.526E-19)  1.68E-07
  1.010E+02 2.30519E-31  0.000E+00 ( 3.077E-16, 7.257E-19) ( 3.686E-16, 8.644E-19)  1.89E-07
  1.015E+02 2.23398E-31  0.000E+00 ( 3.013E-16, 7.286E-19) ( 3.642E-16, 8.756E-19)  1.74E-07
  1.020E+02 2.16507E-31  0.000E+00 ( 2.951E-16, 7.308E-19) ( 3.598E-16, 8.864E-19)  1.84E-07
  1.025E+02 2.09840E-31  0.000E+00 ( 2.890E-16, 7.327E-19) ( 3.554E-16, 8.963E-19)  2.10E-07
  1.030E+02 2.03384E-31  0.000E+00 ( 2.830E-16, 7.341E-19) ( 3.511E-16, 9.060E-19)  1.93E-07
  1.035E+02 1.97136E-31  0.000E+00 ( 2.771E-16, 7.350E-19) ( 3.469E-16, 9.153E-19)  1.47E-07
  1.040E+02 1.91089E-31  0.000E+00 ( 2.714E-16, 7.352E-19) ( 3.427E-16, 9.239E-19)  2.12E-07
  1.045E+02 1.85235E-31  0.000E+00 ( 2.657E-16, 7.351E-19) ( 3.386E-16, 9.319E-19)  2.38E-07
  1.050E+02 1.79566E-31  0.000E+00 ( 2.602E-16, 7.348E-19) ( 3.345E-16, 9.397E-19)  2.14E-07
  1.055E+02 1.74077E-31  0.000E+00 ( 2.547E-16, 7.339E-19) ( 3.304E-16, 9.469E-19)  2.39E-07
  1.060E+02 1.68761E-31  0.000E+00 ( 2.494E-16, 7.326E-19) ( 3.264E-16, 9.538E-19)  2.60E-07
  1.065E+02 1.63615E-31  0.000E+00 ( 2.442E-16, 7.309E-19) ( 3.225E-16, 9.601E-19)  2.24E-07
  1.070E+02 1.58628E-31  0.000E+00 ( 2.391E-16, 7.289E-19) ( 3.185E-16, 9.662E-19)  1.96E-07
  1.075E+02 1.53801E-31  0.000E+00 ( 2.341E-16, 7.264E-19) ( 3.147E-16, 9.716E-19)  2.71E-07
  1.080E+02 1.49124E-31  0.000E+00 ( 2.291E-16, 7.239E-19) ( 3.108E-16, 9.767E-19)  2.93E-07
  1.085E+02 1.44593E-31  0.000E+00 ( 2.243E-16, 7.207E-19) ( 3.070E-16, 9.816E-19)  2.52E-07
  1.090E+02 1.40203E-31  0.000E+00 ( 2.196E-16, 7.174E-19) ( 3.033E-16, 9.859E-19)  3.06E-07
  1.095E+02 1.35951E-31  0.000E+00 ( 2.149E-16, 7.136E-19) ( 2.996E-16, 9.898E-19)  3.10E-07
  1.100E+02 1.31829E-31  0.000E+00 ( 2.104E-16, 7.099E-19) ( 2.959E-16, 9.934E-19)  2.44E-07
  1.105E+02 1.27836E-31  0.000E+00 ( 2.059E-16, 7.058E-19) ( 2.923E-16, 9.966E-19)  2.64E-07
  1.110E+02 1.23964E-31  0.000E+00 ( 2.015E-16, 7.015E-19) ( 2.887E-16, 9.997E-19)  3.43E-07
  1.115E+02 1.20214E-31  0.000E+00 ( 1.973E-16, 6.968E-19) ( 2.851E-16, 1.002E-18)  3.51E-07
  1.120E+02 1.16577E-31  0.000E+00 ( 1.930E-16, 6.919E-19) ( 2.816E-16, 1.005E-18)  3.24E-07
  1.125E+02 1.13054E-31  0.000E+00 ( 1.889E-16, 6.868E-19) ( 2.781E-16, 1.006E-18)  3.80E-07
  1.130E+02 1.09638E-31  0.000E+00 ( 1.849E-16, 6.816E-19) ( 2.747E-16, 1.008E-18)  3.52E-07
  1.135E+02 1.06326E-31  0.000E+00 ( 1.809E-16, 6.761E-19) ( 2.713E-16, 1.009E-18)  2.42E-07
  1.140E+02 1.03114E-31  0.000E+00 ( 1.770E-16, 6.706E-19) ( 2.679E-16, 1.010E-18)  3.50E-07
  1.145E+02 9.99998E-32  0.000E+00 ( 1.732E-16, 6.648E-19) ( 2.646E-16, 1.011E-18)  4.23E-07
  1.150E+02 9.69802E-32  0.000E+00 ( 1.694E-16, 6.589E-19) ( 2.613E-16, 1.011E-18)  4.06E-07
  1.155E+02 9.40522E-32  0.000E+00 ( 1.657E-16, 6.526E-19) ( 2.580E-16, 1.011E-18)  4.24E-07
  1.160E+02 9.12128E-32  0.000E+00 ( 1.621E-16, 6.464E-19) ( 2.548E-16, 1.011E-18)  4.51E-07
  1.165E+02 8.84591E-32  0.000E+00 ( 1.586E-16, 6.399E-19) ( 2.516E-16, 1.011E-18)  3.75E-07
  1.170E+02 8.57880E-32  0.000E+00 ( 1.551E-16, 6.335E-19) ( 2.485E-16, 1.010E-18)  3.04E-07
  1.175E+02 8.31972E-32  0.000E+00 ( 1.517E-16, 6.269E-19) ( 2.453E-16, 1.009E-18)  4.53E-07
  1.180E+02 8.06838E-32  0.000E+00 ( 1.483E-16, 6.202E-19) ( 2.422E-16, 1.008E-18)  5.08E-07
  1.185E+02 7.82457E-32  0.000E+00 ( 1.451E-16, 6.133E-19) ( 2.392E-16, 1.006E-18)  4.52E-07
  1.190E+02 7.58801E-32  0.000E+00 ( 1.418E-16, 6.065E-19) ( 2.361E-16, 1.004E-18)  5.28E-07
  1.195E+02 7.35847E-32  0.000E+00 ( 1.387E-16, 5.994E-19) ( 2.331E-16, 1.003E-18)  5.07E-07
  1.200E+02 7.13581E-32  0.000E+00 ( 1.356E-16, 5.923E-19) ( 2.302E-16, 1.000E-18)  3.67E-07
  1.205E+02 6.91974E-32  0.000E+00 ( 1.325E-16, 5.852E-19) ( 2.272E-16, 9.979E-19)  4.25E-07
  1.210E+02 6.70999E-32  0.000E+00 ( 1.296E-16, 5.778E-19) ( 2.243E-16, 9.954E-19)  5.68E-07
  1.215E+02 6.50651E-32  0.000E+00 ( 1.266E-16, 5.705E-19) ( 2.214E-16, 9.925E-19)  5.91E-07
  1.220E+02 6.30893E-32  0.000E+00 ( 1.238E-16, 5.633E-19) ( 2.186E-16, 9.896E-19)  5.72E-07
  1.225E+02 6.11720E-32  0.000E+00 ( 1.210E-16, 5.558E-19) ( 2.157E-16, 9.864E-19)  6.25E-07
  1.230E+02 5.93114E-32  0.000E+00 ( 1.182E-16, 5.484E-19) ( 2.129E-16, 9.829E-19)  5.35E-07
  1.235E+02 5.75062E-32  0.000E+00 ( 1.155E-16, 5.408E-19) ( 2.102E-16, 9.791E-19)  3.30E-07
  1.240E+02 5.57524E-32  0.000E+00 ( 1.128E-16, 5.334E-19) ( 2.074E-16, 9.754E-19)  5.69E-07
  1.245E+02 5.40500E-32  0.000E+00 ( 1.102E-16, 5.259E-19) ( 2.047E-16, 9.714E-19)  6.91E-07
  1.250E+02 5.23973E-32  0.000E+00 ( 1.077E-16, 5.181E-19) ( 2.020E-16, 9.674E-19)  6.64E-07
  1.255E+02 5.07939E-32  0.000E+00 ( 1.052E-16, 5.106E-19) ( 1.993E-16, 9.627E-19)  7.16E-07
  1.260E+02 4.92347E-32  0.000E+00 ( 1.027E-16, 5.029E-19) ( 1.967E-16, 9.586E-19)  7.00E-07
  1.265E+02 4.77236E-32  0.000E+00 ( 1.003E-16, 4.953E-19) ( 1.941E-16, 9.536E-19)  5.19E-07
  1.270E+02 4.62546E-32  0.000E+00 ( 9.791E-17, 4.876E-19) ( 1.915E-16, 9.488E-19)  4.96E-07
  1.275E+02 4.48288E-32  0.000E+00 ( 9.558E-17, 4.799E-19) ( 1.889E-16, 9.437E-19)  7.33E-07
  1.280E+02 4.34438E-32  0.000E+00 ( 9.330E-17, 4.724E-19) ( 1.864E-16, 9.385E-19)  8.16E-07
  1.285E+02 4.20992E-32  0.000E+00 ( 9.107E-17, 4.647E-19) ( 1.839E-16, 9.331E-19)  7.67E-07
  1.290E+02 4.07927E-32  0.000E+00 ( 8.887E-17, 4.571E-19) ( 1.814E-16, 9.276E-19)  8.49E-07
  1.295E+02 3.95245E-32  0.000E+00 ( 8.672E-17, 4.494E-19) ( 1.789E-16, 9.219E-19)  7.36E-07
  1.300E+02 3.82917E-32  0.000E+00 ( 8.461E-17, 4.420E-19) ( 1.764E-16, 9.162E-19)  4.46E-07
  1.305E+02 3.70950E-32  0.000E+00 ( 8.254E-17, 4.343E-19) ( 1.740E-16, 9.103E-19)  6.96E-07
  1.310E+02 3.59321E-32  0.000E+00 ( 8.051E-17, 4.269E-19) ( 1.716E-16, 9.043E-19)  9.13E-07
  1.315E+02 3.48030E-32  0.000E+00 ( 7.852E-17, 4.191E-19) ( 1.692E-16, 8.982E-19)  9.34E-07
  1.320E+02 3.37058E-32  0.000E+00 ( 7.657E-17, 4.117E-19) ( 1.669E-16, 8.919E-19)  9.65E-07
  1.325E+02 3.26404E-32  0.000E+00 ( 7.465E-17, 4.042E-19) ( 1.645E-16, 8.854E-19)  9.51E-07
  1.330E+02 3.16048E-32  0.000E+00 ( 7.278E-17, 3.966E-19) ( 1.622E-16, 8.789E-19)  7.14E-07
  1.335E+02 3.05990E-32  0.000E+00 ( 7.093E-17, 3.895E-19) ( 1.599E-16, 8.722E-19)  5.62E-07
  1.340E+02 2.96223E-32  0.000E+00 ( 6.913E-17, 3.819E-19) ( 1.576E-16, 8.653E-19)  9.28E-07
  1.345E+02 2.86720E-32  0.000E+00 ( 6.735E-17, 3.747E-19) ( 1.554E-16, 8.586E-19)  1.10E-06
  1.350E+02 2.77499E-32  0.000E+00 ( 6.562E-17, 3.674E-19) ( 1.531E-16, 8.515E-19)  1.03E-06
  1.355E+02 2.68533E-32  0.000E+00 ( 6.391E-17, 3.602E-19) ( 1.509E-16, 8.445E-19)  1.15E-06
  1.360E+02 2.59823E-32  0.000E+00 ( 6.225E-17, 3.528E-19) ( 1.487E-16, 8.375E-19)  1.00E-06
  1.365E+02 2.51364E-32  0.000E+00 ( 6.061E-17, 3.455E-19) ( 1.465E-16, 8.301E-19)  6.14E-07
  1.370E+02 2.43148E-32  0.000E+00 ( 5.900E-17, 3.385E-19) ( 1.443E-16, 8.225E-19)  8.39E-07
  1.375E+02 2.35162E-32  0.000E+00 ( 5.743E-17, 3.314E-19) ( 1.422E-16, 8.149E-19)  1.19E-06
  1.380E+02 2.27395E-32  0.000E+00 ( 5.588E-17, 3.246E-19) ( 1.401E-16, 8.074E-19)  1.29E-06
  1.385E+02 2.19853E-32  0.000E+00 ( 5.437E-17, 3.175E-19) ( 1.379E-16, 7.997E-19)  1.31E-06
  1.390E+02 2.12519E-32  0.000E+00 ( 5.289E-17, 3.107E-19) ( 1.358E-16, 7.921E-19)  1.29E-06
  1.395E+02 2.05402E-32  0.000E+00 ( 5.144E-17, 3.038E-19) ( 1.338E-16, 7.841E-19)  9.76E-07
  1.400E+02 1.98480E-32  0.000E+00 ( 5.002E-17, 2.969E-19) ( 1.317E-16, 7.762E-19)  6.22E-07
  1.405E+02 1.91755E-32  0.000E+00 ( 4.862E-17, 2.902E-19) ( 1.297E-16, 7.681E-19)  1.17E-06
  1.410E+02 1.85220E-32  0.000E+00 ( 4.725E-17, 2.837E-19) ( 1.276E-16, 7.600E-19)  1.48E-06
  1.415E+02 1.78861E-32  0.000E+00 ( 4.591E-17, 2.771E-19) ( 1.256E-16, 7.521E-19)  1.47E-06
  1.420E+02 1.72702E-32  0.000E+00 ( 4.460E-17, 2.702E-19) ( 1.236E-16, 7.436E-19)  1.57E-06
  1.425E+02 1.66704E-32  0.000E+00 ( 4.331E-17, 2.641E-19) ( 1.216E-16, 7.352E-19)  1.37E-06
  1.430E+02 1.60873E-32  0.000E+00 ( 4.205E-17, 2.577E-19) ( 1.197E-16, 7.270E-19)  8.42E-07
  1.435E+02 1.55217E-32  0.000E+00 ( 4.082E-17, 2.512E-19) ( 1.177E-16, 7.184E-19)  1.01E-06
  1.440E+02 1.49716E-32  0.000E+00 ( 3.961E-17, 2.452E-19) ( 1.158E-16, 7.098E-19)  1.56E-06
  1.445E+02 1.44367E-32  0.000E+00 ( 3.843E-17, 2.388E-19) ( 1.138E-16, 7.014E-19)  1.79E-06
  1.450E+02 1.39180E-32  0.000E+00 ( 3.727E-17, 2.327E-19) ( 1.119E-16, 6.925E-19)  1.81E-06
  1.455E+02 1.34136E-32  0.000E+00 ( 3.614E-17, 2.265E-19) ( 1.100E-16, 6.838E-19)  1.79E-06
  1.460E+02 1.29228E-32  0.000E+00 ( 3.502E-17, 2.209E-19) ( 1.081E-16, 6.752E-19)  1.35E-06
  1.465E+02 1.24468E-32  0.000E+00 ( 3.394E-17, 2.147E-19) ( 1.063E-16, 6.664E-19)  6.70E-07
  1.470E+02 1.19844E-32  0.000E+00 ( 3.288E-17, 2.089E-19) ( 1.044E-16, 6.574E-19)  1.49E-06
  1.475E+02 1.15354E-32  0.000E+00 ( 3.184E-17, 2.031E-19) ( 1.026E-16, 6.483E-19)  2.02E-06
  1.480E+02 1.10988E-32  0.000E+00 ( 3.082E-17, 1.974E-19) ( 1.007E-16, 6.394E-19)  2.12E-06
  1.485E+02 1.06750E-32  0.000E+00 ( 2.982E-17, 1.918E-19) ( 9.892E-17, 6.303E-19)  2.21E-06
  1.490E+02 1.02635E-32  0.000E+00 ( 2.885E-17, 1.864E-19) ( 9.711E-17, 6.211E-19)  1.93E-06
  1.495E+02 9.86374E-33  0.000E+00 ( 2.789E-17, 1.810E-19) ( 9.532E-17, 6.119E-19)  1.18E-06
  1.500E+02 9.47530E-33  0.000E+00 ( 2.696E-17, 1.757E-19) ( 9.353E-17, 6.029E-19)  1.22E-06
  1.505E+02 9.09873E-33  0.000E+00 ( 2.605E-17, 1.702E-19) ( 9.176E-17, 5.935E-19)  2.10E-06
  1.510E+02 8.73311E-33  0.000E+00 ( 2.516E-17, 1.652E-19) ( 9.000E-17, 5.840E-19)  2.55E-06
  1.515E+02 8.37767E-33  0.000E+00 ( 2.429E-17, 1.600E-19) ( 8.825E-17, 5.748E-19)  2.60E-06
  1.520E+02 8.03283E-33  0.000E+00 ( 2.344E-17, 1.551E-19) ( 8.651E-17, 5.655E-19)  2.57E-06
  1.525E+02 7.69831E-33  0.000E+00 ( 2.261E-17, 1.500E-19) ( 8.478E-17, 5.561E-19)  1.94E-06
  1.530E+02 7.37404E-33  0.000E+00 ( 2.180E-17, 1.454E-19) ( 8.306E-17, 5.463E-19)  8.03E-07
  1.535E+02 7.05845E-33  0.000E+00 ( 2.100E-17, 1.407E-19) ( 8.135E-17, 5.372E-19)  1.97E-06
  1.540E+02 6.75293E-33  0.000E+00 ( 2.023E-17, 1.360E-19) ( 7.965E-17, 5.277E-19)  2.86E-06
  1.545E+02 6.45686E-33  0.000E+00 ( 1.948E-17, 1.310E-19) ( 7.796E-17, 5.181E-19)  3.16E-06
  1.550E+02 6.16984E-33  0.000E+00 ( 1.874E-17, 1.269E-19) ( 7.628E-17, 5.081E-19)  3.27E-06
  1.555E+02 5.89116E-33  0.000E+00 ( 1.802E-17, 1.223E-19) ( 7.461E-17, 4.986E-19)  2.86E-06
  1.560E+02 5.62123E-33  0.000E+00 ( 1.732E-17, 1.181E-19) ( 7.294E-17, 4.888E-19)  1.74E-06
  1.565E+02 5.35963E-33  0.000E+00 ( 1.664E-17, 1.136E-19) ( 7.129E-17, 4.791E-19)  1.53E-06
  1.570E+02 5.10621E-33  0.000E+00 ( 1.598E-17, 1.095E-19) ( 6.965E-17, 4.693E-19)  2.97E-06
  1.575E+02 4.86083E-33  0.000E+00 ( 1.533E-17, 1.052E-19) ( 6.801E-17, 4.595E-19)  3.83E-06
  1.580E+02 4.62311E-33  0.000E+00 ( 1.470E-17, 1.015E-19) ( 6.638E-17, 4.496E-19)  3.99E-06
  1.585E+02 4.39282E-33  0.000E+00 ( 1.409E-17, 9.734E-20) ( 6.476E-17, 4.399E-19)  3.97E-06
  1.590E+02 4.17031E-33  0.000E+00 ( 1.349E-17, 9.351E-20) ( 6.315E-17, 4.299E-19)  2.99E-06
  1.595E+02 3.95478E-33  0.000E+00 ( 1.291E-17, 8.978E-20) ( 6.155E-17, 4.201E-19)  1.22E-06
  1.600E+02 3.74670E-33  0.000E+00 ( 1.235E-17, 8.612E-20) ( 5.995E-17, 4.100E-19)  2.76E-06
  1.605E+02 3.54527E-33  0.000E+00 ( 1.180E-17, 8.298E-20) ( 5.836E-17, 4.001E-19)  4.38E-06
  1.610E+02 3.35060E-33  0.000E+00 ( 1.127E-17, 7.910E-20) ( 5.678E-17, 3.903E-19)  5.11E-06
  1.615E+02 3.16306E-33  0.000E+00 ( 1.075E-17, 7.578E-20) ( 5.520E-17, 3.800E-19)  5.30E-06
  1.620E+02 2.98153E-33  0.000E+00 ( 1.025E-17, 7.276E-20) ( 5.363E-17, 3.701E-19)  4.67E-06
  1.625E+02 2.80685E-33  0.000E+00 ( 9.773E-18, 6.907E-20) ( 5.207E-17, 3.599E-19)  2.85E-06
  1.630E+02 2.63799E-33  0.000E+00 ( 9.301E-18, 6.617E-20) ( 5.051E-17, 3.501E-19)  2.06E-06
  1.635E+02 2.47582E-33  0.000E+00 ( 8.850E-18, 6.290E-20) ( 4.896E-17, 3.397E-19)  4.67E-06
  1.640E+02 2.31948E-33  0.000E+00 ( 8.408E-18, 6.021E-20) ( 4.742E-17, 3.294E-19)  6.44E-06
  1.645E+02 2.16879E-33  0.000E+00 ( 7.988E-18, 5.706E-20) ( 4.588E-17, 3.195E-19)  6.95E-06
  1.650E+02 2.02405E-33  0.000E+00 ( 7.577E-18, 5.443E-20) ( 4.435E-17, 3.093E-19)  6.98E-06
  1.655E+02 1.88510E-33  0.000E+00 ( 7.182E-18, 5.183E-20) ( 4.282E-17, 2.990E-19)  5.32E-06
  1.660E+02 1.75143E-33  0.000E+00 ( 6.802E-18, 4.925E-20) ( 4.129E-17, 2.891E-19)  2.19E-06
  1.665E+02 1.62340E-33  0.000E+00 ( 6.432E-18, 4.716E-20) ( 3.977E-17, 2.790E-19)  4.50E-06
  1.670E+02 1.50068E-33  0.000E+00 ( 6.084E-18, 4.443E-20) ( 3.826E-17, 2.692E-19)  7.86E-06
  1.675E+02 1.38375E-33  0.000E+00 ( 5.748E-18, 4.204E-20) ( 3.675E-17, 2.587E-19)  9.77E-06
  1.680E+02 1.27201E-33  0.000E+00 ( 5.426E-18, 3.966E-20) ( 3.525E-17, 2.482E-19)  1.04E-05
  1.685E+02 1.16533E-33  0.000E+00 ( 5.108E-18, 3.843E-20) ( 3.375E-17, 2.377E-19)  9.33E-06
  1.690E+02 1.06330E-33  0.000E+00 ( 4.819E-18, 3.579E-20) ( 3.225E-17, 2.280E-19)  5.85E-06
  1.695E+02 9.66881E-34  0.000E+00 ( 4.536E-18, 3.395E-20) ( 3.076E-17, 2.173E-19)  3.41E-06
  1.700E+02 8.75268E-34 -1.536E-04 ( 4.265E-18, 3.242E-20) ( 2.928E-17, 2.068E-19)  9.36E-06
  1.705E+02 7.88232E-34  0.000E+00 ( 4.013E-18, 3.042E-20) ( 2.779E-17, 1.969E-19)  1.40E-05
  1.710E+02 7.06206E-34  0.000E+00 ( 3.774E-18, 2.863E-20) ( 2.630E-17, 1.866E-19)  1.60E-05
  1.715E+02 6.29057E-34  0.000E+00 ( 3.548E-18, 2.684E-20) ( 2.483E-17, 1.760E-19)  1.67E-05
  1.720E+02 5.56417E-34  0.000E+00 ( 3.335E-18, 2.528E-20) ( 2.335E-17, 1.658E-19)  1.34E-05
  1.725E+02 4.88599E-34 -1.710E-04 ( 3.132E-18, 2.413E-20) ( 2.188E-17, 1.552E-19)  6.00E-06
  1.730E+02 4.25081E-34 -2.246E-04 ( 2.940E-18, 2.328E-20) ( 2.041E-17, 1.453E-19)  1.10E-05
  1.735E+02 3.66341E-34 -1.693E-04 ( 2.772E-18, 2.141E-20) ( 1.894E-17, 1.351E-19)  2.17E-05
  1.740E+02 3.12039E-34 -2.263E-04 ( 2.607E-18, 2.066E-20) ( 1.747E-17, 1.249E-19)  2.95E-05
  1.745E+02 2.62234E-34  0.000E+00 ( 2.466E-18, 1.891E-20) ( 1.600E-17, 1.148E-19)  3.39E-05
  1.750E+02 2.17117E-34 -2.433E-04 ( 2.327E-18, 1.840E-20) ( 1.455E-17, 1.037E-19)  3.38E-05
  1.755E+02 1.76192E-34 -2.165E-04 ( 2.208E-18, 1.723E-20) ( 1.309E-17, 9.350E-20)  2.48E-05
  1.760E+02 1.39760E-34 -3.122E-04 ( 2.096E-18, 1.677E-20) ( 1.163E-17, 8.270E-20)  1.41E-05
  1.765E+02 1.07500E-34 -2.556E-04 ( 2.003E-18, 1.570E-20) ( 1.017E-17, 7.284E-20)  4.57E-05
  1.770E+02 7.97087E-35 -3.650E-04 ( 1.917E-18, 1.535E-20) ( 8.719E-18, 6.220E-20)  7.92E-05
  1.775E+02 5.63069E-35 -3.675E-04 ( 1.851E-18, 1.443E-20) ( 7.272E-18, 5.111E-20)  1.06E-04
  1.780E+02 3.69624E-35 -5.590E-04 ( 1.789E-18, 1.455E-20) ( 5.810E-18, 4.149E-20)  1.49E-04
  1.785E+02 2.20775E-35 -6.875E-04 ( 1.746E-18, 1.401E-20) ( 4.362E-18, 3.064E-20)  1.96E-04
  1.790E+02 1.13386E-35 -6.202E-04 ( 1.713E-18, 1.385E-20) ( 2.899E-18, 2.138E-20)  2.59E-04
  1.795E+02 4.99251E-36  0.000E+00 ( 1.700E-18, 1.304E-20) ( 1.449E-18, 1.073E-20)  7.50E-04
  1.800E+02 2.94821E-36  0.000E+00 ( 1.717E-18, 1.034E-20) ( 2.382E-32,-2.308E-34)  4.97E-03

  **** DPWA0 ended ************************************************************

