 1.0220E+06 0.0000E+00
 1.1000E+06 7.5447E-03
 1.2000E+06 6.5016E-02
 1.2500E+06 1.1760E-01
 1.3000E+06 1.8467E-01
 1.5000E+06 5.5710E-01
 1.7500E+06 1.1220E+00
 2.0000E+06 1.6980E+00
 2.0440E+06 1.7990E+00
 2.5000E+06 2.7944E+00
 3.0000E+06 3.7752E+00
 3.5000E+06 4.6639E+00
 4.0000E+06 5.4749E+00
 4.5000E+06 6.2171E+00
 5.0000E+06 6.9018E+00
 6.0000E+06 8.1335E+00
 7.0000E+06 9.2202E+00
 8.0000E+06 1.0196E+01
 9.0000E+06 1.1089E+01
 1.0000E+07 1.1911E+01
 1.1000E+07 1.2662E+01
 1.2000E+07 1.3373E+01
 1.3000E+07 1.4033E+01
 1.4000E+07 1.4652E+01
 1.5000E+07 1.5221E+01
 1.6000E+07 1.5760E+01
 1.8000E+07 1.6736E+01
 2.0000E+07 1.7600E+01
 2.2000E+07 1.8383E+01
 2.4000E+07 1.9095E+01
 2.6000E+07 1.9756E+01
 2.8000E+07 2.0346E+01
 3.0000E+07 2.0905E+01
 3.5000E+07 2.2133E+01
 4.0000E+07 2.3164E+01
 4.5000E+07 2.4053E+01
 5.0000E+07 2.4833E+01
 6.0000E+07 2.6136E+01
 7.0000E+07 2.7179E+01
 8.0000E+07 2.8040E+01
 9.0000E+07 2.8770E+01
 1.0000E+08 2.9395E+01
 1.2500E+08 3.0614E+01
 1.5000E+08 3.1515E+01
 1.7500E+08 3.2216E+01
 2.0000E+08 3.2780E+01
 2.5000E+08 3.3632E+01
 3.0000E+08 3.4250E+01
 3.5000E+08 3.4719E+01
 4.0000E+08 3.5087E+01
 4.5000E+08 3.5382E+01
 5.0000E+08 3.5629E+01
 6.0000E+08 3.6028E+01
 7.0000E+08 3.6323E+01
 8.0000E+08 3.6550E+01
 9.0000E+08 3.6735E+01
 1.0000E+09 3.6888E+01
 1.2500E+09 3.7172E+01
 1.5000E+09 3.7370E+01
 1.7500E+09 3.7519E+01
 2.0000E+09 3.7636E+01
 2.5000E+09 3.7806E+01
 3.0000E+09 3.7923E+01
 3.5000E+09 3.8010E+01
 4.0000E+09 3.8078E+01
 4.5000E+09 3.8133E+01
 5.0000E+09 3.8180E+01
 6.0000E+09 3.8252E+01
 7.0000E+09 3.8298E+01
 8.0000E+09 3.8334E+01
 9.0000E+09 3.8368E+01
 1.0000E+10 3.8396E+01
 1.2500E+10 3.8440E+01
 1.5000E+10 3.8468E+01
 1.7500E+10 3.8490E+01
 2.0000E+10 3.8509E+01
 2.5000E+10 3.8532E+01
 3.0000E+10 3.8550E+01
 3.5000E+10 3.8568E+01
 4.0000E+10 3.8581E+01
 4.5000E+10 3.8587E+01
 5.0000E+10 3.8591E+01
 6.0000E+10 3.8602E+01
 7.0000E+10 3.8608E+01
 8.0000E+10 3.8612E+01
 9.0000E+10 3.8617E+01
 1.0000E+11 3.8622E+01
