 1.0220E+06 0.0000E+00
 1.1000E+06 4.4515E-07
 1.2000E+06 4.1562E-06
 1.2500E+06 7.8050E-06
 1.3000E+06 1.2706E-05
 1.5000E+06 4.3850E-05
 1.7500E+06 1.0293E-04
 2.0000E+06 1.7580E-04
 2.0440E+06 1.8950E-04
 2.5000E+06 3.4543E-04
 3.0000E+06 5.4515E-04
 3.5000E+06 7.6203E-04
 4.0000E+06 9.8490E-04
 4.5000E+06 1.2086E-03
 5.0000E+06 1.4303E-03
 6.0000E+06 1.8592E-03
 7.0000E+06 2.2598E-03
 8.0000E+06 2.6343E-03
 9.0000E+06 2.9840E-03
 1.0000E+07 3.3080E-03
 1.1000E+07 3.6100E-03
 1.2000E+07 3.8910E-03
 1.3000E+07 4.1550E-03
 1.4000E+07 4.4040E-03
 1.5000E+07 4.6390E-03
 1.6000E+07 4.8630E-03
 1.8000E+07 5.2760E-03
 2.0000E+07 5.6510E-03
 2.2000E+07 5.9960E-03
 2.4000E+07 6.3140E-03
 2.6000E+07 6.6090E-03
 2.8000E+07 6.8840E-03
 3.0000E+07 7.1410E-03
 3.5000E+07 7.7196E-03
 4.0000E+07 8.2250E-03
 4.5000E+07 8.6731E-03
 5.0000E+07 9.0750E-03
 6.0000E+07 9.7710E-03
 7.0000E+07 1.0359E-02
 8.0000E+07 1.0867E-02
 9.0000E+07 1.1313E-02
 1.0000E+08 1.1709E-02
 1.2500E+08 1.2535E-02
 1.5000E+08 1.3193E-02
 1.7500E+08 1.3734E-02
 2.0000E+08 1.4190E-02
 2.5000E+08 1.4921E-02
 3.0000E+08 1.5484E-02
 3.5000E+08 1.5933E-02
 4.0000E+08 1.6302E-02
 4.5000E+08 1.6611E-02
 5.0000E+08 1.6875E-02
 6.0000E+08 1.7302E-02
 7.0000E+08 1.7635E-02
 8.0000E+08 1.7903E-02
 9.0000E+08 1.8124E-02
 1.0000E+09 1.8309E-02
 1.2500E+09 1.8665E-02
 1.5000E+09 1.8923E-02
 1.7500E+09 1.9120E-02
 2.0000E+09 1.9273E-02
 2.5000E+09 1.9496E-02
 3.0000E+09 1.9657E-02
 3.5000E+09 1.9783E-02
 4.0000E+09 1.9883E-02
 4.5000E+09 1.9963E-02
 5.0000E+09 2.0027E-02
 6.0000E+09 2.0128E-02
 7.0000E+09 2.0202E-02
 8.0000E+09 2.0259E-02
 9.0000E+09 2.0306E-02
 1.0000E+10 2.0345E-02
 1.2500E+10 2.0413E-02
 1.5000E+10 2.0459E-02
 1.7500E+10 2.0492E-02
 2.0000E+10 2.0519E-02
 2.5000E+10 2.0557E-02
 3.0000E+10 2.0587E-02
 3.5000E+10 2.0614E-02
 4.0000E+10 2.0631E-02
 4.5000E+10 2.0639E-02
 5.0000E+10 2.0648E-02
 6.0000E+10 2.0672E-02
 7.0000E+10 2.0683E-02
 8.0000E+10 2.0687E-02
 9.0000E+10 2.0693E-02
 1.0000E+11 2.0701E-02