   3.45652993E-03   8.74359980E-02
   7.02465978E-03   8.82660002E-02
   1.97021989E-03   9.41639990E-02
   1.45411002E-03  0.107878000    
   1.54741004E-03  0.108273998    
   5.04165015E-04  0.109664999    
   4.42784985E-05  0.110297002    
   2.45301999E-05  0.110564999    
   3.97274009E-04  0.113132000    
   4.17014991E-04  0.113319002    
   1.39110998E-04  0.113697998    
   1.40141001E-05  0.113995999    
   7.63866956E-06  0.114064001    
   4.14014991E-08  0.114456996    
   4.14014991E-08  0.114476003    
   1.09460001E-04  0.114611998    
   1.09460001E-04  0.114689998    
   3.59982987E-05  0.114789002    
   3.22941992E-06  0.114904001    
   1.71810996E-06  0.114918999    
   1.88303005E-04   8.90960023E-02
   3.00019002E-03   9.49940011E-02
   1.32425001E-03  0.108708002    
   7.49315004E-05  0.109104000    
   6.61966973E-04  0.110495001    
   4.50836014E-05  0.111126997    
   8.97719001E-05  0.111395001    
   3.52867006E-04  0.113962002    
   1.99132992E-05  0.114148997    
   1.75744004E-04  0.114528000    
   1.35375003E-05  0.114826001    
   2.72819998E-05  0.114894003    
   4.34686001E-07  0.115286998    
   6.20978994E-07  0.115305997    
   9.65407016E-05  0.115442000    
   5.21632001E-06  0.115520000    
   4.49996005E-05  0.115618996    
   3.08429003E-06  0.115734003    
   6.12709982E-06  0.115749002    
   1.15588005E-03  0.100892000    
   3.25934991E-04  0.114606000    
   5.46213996E-04  0.115001999    
   5.23864001E-04  0.116393000    
   9.36688011E-05  0.117025003    
   7.16021023E-05  0.117293000    
   8.41219007E-05  0.119860001    
   1.40528005E-04  0.120047003    
   1.40157994E-04  0.120425999    
   2.86056002E-05  0.120724000    
   2.19006997E-05  0.120792001    
   5.58883016E-07  0.121184997    
   6.00302997E-07  0.121204004    
   2.28107001E-05  0.121339999    
   3.64314983E-05  0.121417999    
   3.59555015E-05  0.121517003    
   6.52061999E-06  0.121632002    
   4.92653999E-06  0.121647000    
   1.51486005E-04  0.128321007    
   2.92812998E-04  0.128716007    
   8.39971981E-05  0.130107999    
   7.12054998E-06  0.130740002    
   3.72582008E-06  0.131007999    
   8.26511969E-05  0.133573994    
   7.89702972E-05  0.133761004    
   2.32455004E-05  0.134140998    
   2.25624990E-06  0.134439006    
   1.15916998E-06  0.134506002    
   2.27695000E-05  0.135054007    
   2.07404992E-05  0.135132000    
   6.02367982E-06  0.135231003    
   5.17489013E-07  0.135345995    
   2.69093988E-07  0.135361001    
   6.66527012E-06  0.129112005    
   1.24907005E-04  0.130502999    
   7.96935001E-06  0.131135002    
   1.19647002E-05  0.131402999    
   7.79975016E-05  0.133970007    
   3.45693002E-06  0.134157002    
   3.34282995E-05  0.134535998    
   2.42185001E-06  0.134834006    
   3.70511998E-06  0.134902000    
   6.20988985E-08  0.135295004    
   6.20988985E-08  0.135314003    
   2.13416006E-05  0.135450006    
   8.90112005E-07  0.135527998    
   8.56943007E-06  0.135627002    
   5.58878980E-07  0.135741994    
   8.27972997E-07  0.135756999    
   6.01540996E-05  0.131895006    
   1.75950008E-05  0.132526994    
   1.28339998E-05  0.132795006    
   2.17140005E-05  0.135361999    
   3.23970016E-05  0.135547996    
   3.22939995E-05  0.135928005    
   5.42351017E-06  0.136225998    
   3.97440999E-06  0.136292994    
   8.27989979E-08  0.136686996    
   8.27989979E-08  0.136705995    
   5.89961019E-06  0.136840999    
   8.42519967E-06  0.136919007    
   8.30039971E-06  0.137017995    
   1.24200005E-06  0.137134001    
   8.90130025E-07  0.137147993    
   6.21000993E-08  0.133157998    
   1.71809995E-06  0.133426994    
   1.84240002E-06  0.135993004    
   2.04940011E-06  0.136179999    
   4.49200979E-06  0.136559993    
   4.14011012E-08  0.136857003    
   4.96810003E-07  0.136924997    
   2.06999999E-08  0.137337998    
   4.96810003E-07  0.137473002    
   5.38200993E-07  0.137550995    
   1.13850001E-06  0.137649998    
   1.03500000E-07  0.137779996    
   4.34693987E-07  0.133695006    
   9.52195990E-07  0.136261001    
   2.85665010E-06  0.136447996    
   3.24975008E-06  0.136828005    
   4.96803011E-07  0.137125999    
   2.48395992E-07  0.137192994    
   2.48395992E-07  0.137740999    
   7.24488984E-07  0.137819007    
   8.27976976E-07  0.137917995    
   1.03498003E-07  0.138033003    
   6.20990974E-08  0.138047993    
   1.12608996E-05  0.138827994    
   2.10308008E-05  0.139015004    
   6.00306021E-06  0.139394999    
   5.79606024E-07  0.139691994    
   2.89787010E-07  0.139760002    
   6.20994979E-06  0.140307993    
   5.52686015E-06  0.140386000    
   1.55247994E-06  0.140485004    
   1.24197996E-07  0.140599996    
   6.20995024E-08  0.140615001    
   4.55405996E-07  0.139201999    
   8.69391988E-06  0.139580995    
   6.21009008E-07  0.139879003    
   8.90142019E-07  0.139946997    
   2.07003001E-08  0.140340000    
   2.07003001E-08  0.140358999    
   5.75467993E-06  0.140495002    
   2.27702998E-07  0.140572995    
   2.23573011E-06  0.140671998    
   1.44902003E-07  0.140787005    
   2.07002998E-07  0.140801996    
   4.34694994E-06  0.139961004    
   1.38687994E-06  0.140258998    
   1.01427997E-06  0.140325993    
   2.06996997E-08  0.140719995    
   2.06996997E-08  0.140738994    
   1.63528000E-06  0.140873998    
   2.25626991E-06  0.140952006    
   2.23567008E-06  0.141050994    
   3.10504987E-07  0.141167000    
   2.27697001E-07  0.141181007    
   1.44897001E-07  0.140624002    
   1.65597001E-07  0.141172007    
   1.65597001E-07  0.141249999    
   3.51893988E-07  0.141349003    
   4.14004013E-08  0.141479000    
   4.14001988E-08  0.140690997    
   8.27971007E-08  0.141240001    
   2.27694997E-07  0.141317993    
   2.48394997E-07  0.141415998    
   4.14001988E-08  0.141532004    
   2.06995008E-08  0.141545996    
   8.48679008E-07  0.141788006    
   1.51108998E-06  0.141865999    
   4.14010003E-07  0.141965002    
   4.14010017E-08  0.142079994    
   2.06999999E-08  0.142095000    
   2.06995008E-08  0.141944006    
   5.79596986E-07  0.142042994    
   4.14000993E-08  0.142158002    
   4.14000993E-08  0.142173007    
   2.89789000E-07  0.142141998    
   8.27987989E-08  0.142257005    
   6.20999998E-08  0.142271996    
       -1137       -1137
   1.15149999E-02   2.29480007E-04
   1.53980004E-02   2.48380005E-04
   5.63682988E-03   3.83890001E-04
   4.89591993E-03   4.61940013E-04
   3.38581996E-03   5.60829998E-04
   9.57953976E-04   6.76109979E-04
   1.14059995E-03   6.90709974E-04
   3.15130018E-02   1.33540004E-03
  0.185580000       1.96720008E-03
  0.215039998       2.23529991E-03
   1.61169004E-02   4.80220001E-03
   6.29479997E-03   4.98900004E-03
   8.23677983E-03   5.36839990E-03
   3.27639990E-02   5.66620007E-03
   3.65730003E-02   5.73363993E-03
   1.67459007E-02   6.12747995E-03
   2.00909991E-02   6.14638021E-03
   4.17078985E-03   6.28188998E-03
   1.64299004E-03   6.35993993E-03
   2.10930011E-03   6.45883009E-03
   6.74798992E-03   6.57411013E-03
   7.35558989E-03   6.58871001E-03
   6.04471983E-03   1.32625997E-02
   1.29781999E-02   1.36583000E-02
   1.61282998E-02   1.50496997E-02
   1.09352004E-02   1.56814996E-02
   1.24041997E-02   1.59495994E-02
   2.82485993E-03   1.85164995E-02
   3.47776990E-03   1.87033005E-02
   4.35488019E-03   1.90827008E-02
   2.85756006E-03   1.93805005E-02
   3.24856001E-03   1.94479004E-02
   2.64005008E-04   1.98417995E-02
   2.59524997E-04   1.98606998E-02
   7.55553017E-04   1.99961998E-02
   9.09846975E-04   2.00741999E-02
   1.11902005E-03   2.01731008E-02
   6.29381975E-04   2.02884004E-02
   7.05833023E-04   2.03029998E-02
   9.11434017E-06   1.40540004E-02
   2.44964001E-04   1.54454000E-02
   8.35316023E-04   1.60772000E-02
   5.26836002E-03   1.63452998E-02
   2.42424011E-03   1.89121999E-02
   1.27915996E-06   1.90990008E-02
   5.30865982E-05   1.94783993E-02
   1.78446004E-04   1.97762009E-02
   9.07233974E-04   1.98436007E-02
   1.04887004E-04   2.02374998E-02
   3.54980002E-04   2.02564001E-02
   6.08253002E-04   2.03919001E-02
   3.19791013E-07   2.04699002E-02
   1.29516002E-05   2.05687992E-02
   3.80558995E-05   2.06841007E-02
   1.79566006E-04   2.06987001E-02
   9.02051979E-04   1.68367997E-02
   1.41340005E-03   1.74685996E-02
   9.19162005E-04   1.77366994E-02
   2.86951009E-03   2.03035995E-02
   6.87602005E-05   2.04904005E-02
   3.88721004E-04   2.08698008E-02
   2.09960999E-04   2.11676005E-02
   1.04740000E-04   2.12350003E-02
   8.12330982E-05   2.16288995E-02
   7.56360969E-05   2.16477998E-02
   7.10761989E-04   2.17832997E-02
   1.80691004E-05   2.18612999E-02
   9.48231973E-05   2.19602007E-02
   4.15750983E-05   2.20755003E-02
   1.90281007E-05   2.20900998E-02
   5.85079018E-04   1.81003995E-02
   1.52498996E-02   1.83684994E-02
   1.72458997E-03   2.09353995E-02
   2.54090002E-04   2.11222004E-02
   3.71289003E-04   2.15016007E-02
   2.97729013E-04   2.17994004E-02
   2.80649005E-03   2.18668003E-02
   2.40809997E-04   2.22606994E-02
   6.42648025E-04   2.22795997E-02
   4.14309005E-04   2.24150997E-02
   6.85958003E-05   2.24930998E-02
   9.64166029E-05   2.25920007E-02
   6.53988027E-05   2.27073003E-02
   5.61739027E-04   2.27218997E-02
   4.07514023E-03   1.86365992E-02
   1.98187004E-03   2.12034993E-02
   1.23174000E-03   2.13903002E-02
   2.17307999E-04   2.17697006E-02
   2.65350007E-03   2.20675003E-02
   1.57794997E-03   2.21349001E-02
   7.00385019E-04   2.25287993E-02
   5.07707999E-04   2.25476995E-02
   4.79876995E-04   2.26831995E-02
   3.12621007E-04   2.27611996E-02
   5.58079992E-05   2.28601005E-02
   5.31858997E-04   2.29754001E-02
   3.20291001E-04   2.29899995E-02
   3.12454009E-04   2.37703994E-02
   6.50828995E-04   2.39572003E-02
   7.80539005E-04   2.43366007E-02
   4.56206006E-04   2.46344004E-02
   5.21446986E-04   2.47018002E-02
   3.54994991E-05   2.50956994E-02
   3.26213994E-05   2.51145996E-02
   1.64861995E-04   2.52500996E-02
   1.70301995E-04   2.53280997E-02
   2.00843002E-04   2.54270006E-02
   1.00741003E-04   2.55423002E-02
   1.13371003E-04   2.55568996E-02
   1.59910002E-07   2.41439994E-02
   1.47110004E-05   2.45233998E-02
   5.05288990E-05   2.48211995E-02
   2.21780007E-04   2.48885993E-02
   1.53509991E-05   2.52825003E-02
   5.88469993E-05   2.53014006E-02
   1.63260003E-04   2.54369006E-02
   3.51790004E-06   2.56137997E-02
   1.05540003E-05   2.57290993E-02
   4.42929995E-05   2.57437006E-02
   4.04558014E-05   2.49028001E-02
   5.00509013E-05   2.52005998E-02
   2.22265007E-05   2.52679996E-02
   2.19074991E-05   2.56619006E-02
   1.90284009E-05   2.56808009E-02
   1.93643995E-04   2.58163009E-02
   3.83776978E-06   2.58942991E-02
   1.95083994E-05   2.59932000E-02
   9.59447971E-06   2.61084996E-02
   3.83776978E-06   2.61231009E-02
   3.50187984E-05   2.54983995E-02
   5.33442013E-04   2.55657993E-02
   4.30149012E-05   2.59597003E-02
   8.58686981E-05   2.59786006E-02
   1.09852001E-04   2.61141006E-02
   1.34321999E-05   2.61921007E-02
   1.29522004E-05   2.62909997E-02
   1.51913000E-05   2.64062993E-02
   1.08731998E-04   2.64209006E-02
   1.63589997E-04   2.56332997E-02
   1.02020000E-04   2.60271002E-02
   8.10700003E-05   2.60460004E-02
   1.26319996E-04   2.61815004E-02
   5.67661009E-05   2.62595993E-02
   5.75650984E-06   2.63585001E-02
   1.08890003E-04   2.64736991E-02
   6.73211034E-05   2.64883004E-02
   1.27919998E-06   2.64209993E-02
   2.25470994E-05   2.64398996E-02
   8.31530997E-06   2.65753996E-02
   3.51791005E-06   2.66533997E-02
   5.59662021E-06   2.67523006E-02
   8.79502022E-06   2.68676002E-02
   1.93480992E-05   2.68821996E-02
   4.63716015E-06   2.64587998E-02
   7.51548987E-06   2.65942998E-02
   1.37521001E-05   2.66723000E-02
   4.79715982E-06   2.67712008E-02
   1.61501994E-05   2.68865004E-02
   1.58311996E-05   2.69010998E-02
   2.17471006E-05   2.67297998E-02
   4.26951992E-05   2.68077999E-02
   4.98902009E-05   2.69067008E-02
   2.43050999E-05   2.70220004E-02
   2.75030998E-05   2.70365998E-02
   9.59445970E-07   2.69847997E-02
   2.71845011E-06   2.71000005E-02
   1.13531996E-05   2.71145999E-02
   2.39863994E-06   2.70837005E-02
   2.39863994E-06   2.71988995E-02
   9.59444037E-07   2.72135008E-02
   1.59908996E-06   2.73141991E-02
   2.22260005E-05   2.73288004E-02
   6.87603006E-06   2.73433998E-02
       -1137       -1137
   1.97618008E-02   5.05400007E-04
   8.20730999E-02   1.13720004E-03
   2.66037993E-02   1.40529999E-03
   2.45058001E-03   3.97220021E-03
   2.28898004E-02   4.15899977E-03
   4.45526000E-03   4.53840010E-03
   1.72028001E-02   4.83619981E-03
   5.77813992E-03   4.90364013E-03
   9.44558007E-04   5.29748015E-03
   1.30007998E-03   5.31637995E-03
   6.20333012E-04   5.45189017E-03
   5.38943987E-03   5.52994013E-03
   1.10708002E-03   5.62882982E-03
   3.61685990E-03   5.74410986E-03
   1.21628004E-03   5.75871021E-03
   2.91800010E-04   1.24326004E-02
   1.43990004E-02   1.28282998E-02
   1.16519001E-03   1.42197004E-02
   3.01410002E-03   1.48515003E-02
   7.27680977E-04   1.51196001E-02
   1.20778997E-04   1.76864993E-02
   2.56320997E-03   1.78733002E-02
   2.84720008E-04   1.82527006E-02
   5.70591015E-04   1.85505003E-02
   1.16438998E-04   1.86179001E-02
   4.84039992E-05   1.90117992E-02
   3.76739990E-05   1.90306995E-02
   3.12810007E-05   1.91661995E-02
   6.09181006E-04   1.92441996E-02
   7.14670969E-05   1.93431005E-02
   1.17358999E-04   1.94584001E-02
   2.30611004E-05   1.94729995E-02
   1.57718994E-02   1.32240001E-02
   3.11938003E-02   1.46153998E-02
   1.54299000E-02   1.52471997E-02
   1.73809007E-02   1.55153004E-02
   4.03307006E-03   1.80821996E-02
   7.10956007E-03   1.82690006E-02
   8.25703982E-03   1.86484009E-02
   4.00076993E-03   1.89462006E-02
   4.56828019E-03   1.90136004E-02
   3.05727997E-04   1.94074996E-02
   2.27639001E-04   1.94263998E-02
   1.11648999E-03   1.95618998E-02
   1.79798994E-03   1.96399000E-02
   2.11199000E-03   1.97388008E-02
   8.80883017E-04   1.98541004E-02
   9.93923983E-04   1.98686998E-02
   5.48210985E-04   1.60067994E-02
   9.86691006E-03   1.66385993E-02
   1.62110000E-03   1.69066992E-02
   2.69431010E-04   1.94735993E-02
   5.49930986E-03   1.96604002E-02
   2.53220991E-04   2.00398006E-02
   2.23011011E-03   2.03376003E-02
   3.58930003E-04   2.04050001E-02
   7.78570975E-05   2.07988992E-02
   3.67600005E-05   2.08177995E-02
   7.10101012E-05   2.09532995E-02
   1.30209001E-03   2.10312996E-02
   6.25631001E-05   2.11302005E-02
   4.75129986E-04   2.12455001E-02
   7.53490967E-05   2.12600995E-02
   9.31057986E-03   1.72703993E-02
   3.46418992E-02   1.75384991E-02
   8.44558002E-04   2.01053992E-02
   2.60720006E-03   2.02922001E-02
   2.37870007E-03   2.06716005E-02
   4.02589003E-03   2.09694002E-02
   8.10479000E-03   2.10368000E-02
   8.69458017E-04   2.14306992E-02
   1.69720000E-03   2.14495994E-02
   2.34489999E-04   2.15850994E-02
   6.17628975E-04   2.16630995E-02
   5.94809011E-04   2.17620004E-02
   8.54627986E-04   2.18773000E-02
   1.71810004E-03   2.18918994E-02
   1.69817999E-03   1.78066008E-02
   1.64847996E-04   2.03735009E-02
   2.53167003E-03   2.05603000E-02
   3.62115010E-04   2.09397003E-02
   6.17223000E-03   2.12375000E-02
   7.28351995E-04   2.13048998E-02
   3.46596004E-04   2.16988008E-02
   1.30607994E-04   2.17176992E-02
   4.33815985E-05   2.18531992E-02
   5.71482989E-04   2.19311994E-02
   8.90458032E-05   2.20301002E-02
   1.24818005E-03   2.21453998E-02
   1.52298002E-04   2.21599992E-02
   1.18726002E-05   2.29403991E-02
   7.21020973E-04   2.31272001E-02
   6.59822035E-05   2.35066004E-02
   1.57086004E-04   2.38044001E-02
   2.58004002E-05   2.38717999E-02
   1.14156001E-05   2.42656991E-02
   7.30601005E-06   2.42845993E-02
   6.16484022E-06   2.44200993E-02
   1.71466003E-04   2.44980995E-02
   1.66676000E-05   2.45970003E-02
   3.21931002E-05   2.47122999E-02
   5.02327021E-06   2.47268993E-02
   7.62619020E-04   2.33139992E-02
   1.46199996E-03   2.36933995E-02
   6.66488020E-04   2.39911992E-02
   6.73807983E-04   2.40586009E-02
   4.26970000E-05   2.44525000E-02
   2.32889997E-05   2.44714003E-02
   1.99779999E-04   2.46069003E-02
   3.81299003E-04   2.46849004E-02
   3.74219002E-04   2.47837994E-02
   1.46349994E-04   2.48991009E-02
   1.47049999E-04   2.49137003E-02
   2.92267996E-05   2.40727998E-02
   5.40905981E-04   2.43705995E-02
   8.06034004E-05   2.44379994E-02
   1.78095997E-05   2.48319004E-02
   7.53512995E-06   2.48508006E-02
   1.73535009E-05   2.49863006E-02
   3.46379995E-04   2.50643007E-02
   1.43855004E-05   2.51631998E-02
   1.15303003E-04   2.52784993E-02
   1.68964998E-05   2.52931006E-02
   4.34952992E-04   2.46683992E-02
   1.50488003E-03   2.47358009E-02
   1.31287001E-04   2.51297001E-02
   2.55725987E-04   2.51486003E-02
   4.33813002E-05   2.52841003E-02
   1.57086994E-04   2.53621005E-02
   1.35397000E-04   2.54609995E-02
   1.84486998E-04   2.55763009E-02
   3.21703992E-04   2.55909003E-02
   7.92310020E-05   2.48032995E-02
   5.70810007E-05   2.51970999E-02
   2.21470000E-05   2.52160002E-02
   6.84970018E-06   2.53515001E-02
   1.52520006E-04   2.54296008E-02
   1.98639991E-05   2.55284999E-02
   3.06870003E-04   2.56437007E-02
   3.31070005E-05   2.56583001E-02
   3.42487010E-06   2.55910009E-02
   2.28329009E-05   2.56098993E-02
   2.96827011E-06   2.57453993E-02
   9.81802987E-06   2.58233994E-02
   4.33818013E-06   2.59223003E-02
   2.55728992E-05   2.60375999E-02
   1.11877998E-05   2.60521993E-02
   1.36990002E-06   2.56287996E-02
   1.82660006E-06   2.57642996E-02
   4.79469008E-06   2.58422997E-02
   1.82660006E-06   2.59412006E-02
   4.97729998E-05   2.60565002E-02
   4.33820014E-06   2.60710996E-02
   6.84972008E-07   2.58997995E-02
   4.74910994E-05   2.59777997E-02
   4.33822015E-06   2.60767005E-02
   8.90470983E-06   2.61920001E-02
   1.36991002E-06   2.62065995E-02
   4.74898006E-05   2.60559004E-02
   8.85886984E-05   2.61547994E-02
   3.44760992E-05   2.62700003E-02
   3.33352000E-05   2.62845997E-02
   1.82658005E-06   2.62537003E-02
   2.89975997E-05   2.63688993E-02
   4.10976008E-06   2.63835005E-02
   1.96359997E-05   2.64842007E-02
   6.57588971E-05   2.64988001E-02
   3.42489989E-06   2.65133996E-02
       -1137       -1137
   2.22749994E-04   6.53460016E-03
   9.86477971E-05   6.93030003E-03
   1.66989006E-02   8.32169969E-03
   3.24769993E-03   8.95349961E-03
   7.24169007E-03   9.22160037E-03
   9.83748032E-05   1.17884995E-02
   1.25990000E-05   1.19752996E-02
   2.88540008E-03   1.23546999E-02
   4.33979003E-04   1.26524996E-02
   9.35798977E-04   1.27199003E-02
   4.37729002E-04   1.31138004E-02
   7.11409026E-04   1.31326998E-02
   2.54650004E-05   1.32681997E-02
   2.94860001E-06   1.33461999E-02
   6.67709974E-04   1.34450998E-02
   8.28288976E-05   1.35604003E-02
   1.72899003E-04   1.35749998E-02
   2.57321008E-05   7.32599990E-03
   2.79440992E-02   8.71740002E-03
   1.22475997E-03   9.34919994E-03
   7.28105009E-03   9.61729977E-03
   2.25162003E-05   1.21841999E-02
   1.84943001E-05   1.23709999E-02
   5.00723021E-03   1.27504002E-02
   2.34002000E-04   1.30481999E-02
   1.17575994E-03   1.31155998E-02
   3.24068998E-04   1.35094998E-02
   7.34984991E-04   1.35284001E-02
   6.16488978E-06   1.36639001E-02
   5.62901005E-06   1.37419002E-02
   1.16796000E-03   1.38408002E-02
   5.06592987E-05   1.39560997E-02
   2.33742001E-04   1.39707001E-02
   3.13779004E-02   1.01087997E-02
   3.29078995E-02   1.07405996E-02
   3.93389016E-02   1.10087004E-02
   4.58317995E-03   1.35756005E-02
   6.86008018E-03   1.37623996E-02
   1.37010003E-02   1.41417999E-02
   7.93327019E-03   1.44395996E-02
   9.50415991E-03   1.45070003E-02
   8.95576028E-04   1.49009004E-02
   1.03649998E-03   1.49197998E-02
   1.26139994E-03   1.50552997E-02
   1.76489004E-03   1.51332999E-02
   3.37079004E-03   1.52321998E-02
   1.72228995E-03   1.53475003E-02
   2.03159009E-03   1.53620997E-02
   4.07854980E-03   1.13724004E-02
   7.55989030E-02   1.16405003E-02
   7.60998984E-04   1.42074004E-02
   3.51424009E-04   1.43942004E-02
   5.26345987E-03   1.47735998E-02
   1.62850996E-03   1.50714004E-02
   1.27132004E-02   1.51388003E-02
   4.68845014E-04   1.55327003E-02
   1.53840997E-03   1.55515997E-02
   2.05332006E-04   1.56871006E-02
   9.22101026E-05   1.57651007E-02
   1.19442004E-03   1.58639997E-02
   3.41503997E-04   1.59792993E-02
   2.51383008E-03   1.59939006E-02
   4.95783985E-02   1.19086001E-02
   1.73274998E-03   1.44755002E-02
   1.60833995E-03   1.46623002E-02
   6.96721021E-03   1.50416996E-02
   1.51693998E-02   1.53395003E-02
   1.91824995E-02   1.54069001E-02
   4.83983988E-03   1.58008002E-02
   4.30942001E-03   1.58197004E-02
   4.71253006E-04   1.59552004E-02
   4.05852014E-04   1.60332005E-02
   1.63464004E-03   1.61320996E-02
   3.17069003E-03   1.62473992E-02
   3.92922014E-03   1.62620004E-02
   1.17953005E-05   1.70424003E-02
   3.75288005E-06   1.72291994E-02
   7.88374979E-04   1.76085997E-02
   1.08302003E-04   1.79063994E-02
   2.34284002E-04   1.79737993E-02
   4.98599002E-05   1.83677003E-02
   9.03387991E-05   1.83866005E-02
   6.16521993E-06   1.85221005E-02
   8.04184992E-07   1.86001007E-02
   1.82012998E-04   1.86989997E-02
   2.09083992E-05   1.88142993E-02
   4.36937989E-05   1.88289005E-02
   1.07219000E-06   1.74160004E-02
   1.21539005E-03   1.77954007E-02
   6.08484988E-05   1.80932004E-02
   2.95127014E-04   1.81606002E-02
   4.82485993E-05   1.85544994E-02
   1.01589001E-04   1.85733996E-02
   1.07219000E-06   1.87088996E-02
   5.36125015E-07   1.87868997E-02
   2.82797992E-04   1.88858006E-02
   1.25989000E-05   1.90011002E-02
   5.95064994E-05   1.90156996E-02
   1.42305996E-03   1.81747992E-02
   1.27538003E-03   1.84726007E-02
   1.66535995E-03   1.85400005E-02
   1.18477998E-04   1.89338997E-02
   1.44206002E-04   1.89528000E-02
   2.16845001E-04   1.90882999E-02
   3.12002987E-04   1.91663001E-02
   6.91814988E-04   1.92651991E-02
   2.77164014E-04   1.93805005E-02
   3.55161988E-04   1.93951000E-02
   1.55194997E-04   1.87704004E-02
   2.69283005E-03   1.88378002E-02
   6.08474002E-05   1.92316994E-02
   1.85224999E-04   1.92505997E-02
   2.94851998E-05   1.93860997E-02
   1.58144994E-05   1.94640998E-02
   2.90032011E-04   1.95630006E-02
   6.46012995E-05   1.96783002E-02
   5.37455024E-04   1.96928997E-02
   1.87122996E-03   1.89053006E-02
   6.27478003E-04   1.92990992E-02
   5.46280993E-04   1.93179995E-02
   6.43328021E-05   1.94534995E-02
   7.58573005E-05   1.95316002E-02
   3.89466994E-04   1.96304992E-02
   5.68250020E-04   1.97457001E-02
   7.66883022E-04   1.97602995E-02
   3.21665993E-06   1.96930002E-02
   9.62299018E-05   1.97119005E-02
   1.12579000E-05   1.98474005E-02
   1.12579000E-05   1.99254006E-02
   2.60007000E-05   2.00242996E-02
   1.15269004E-05   2.01395992E-02
   1.16869000E-04   2.01542005E-02
   3.40437982E-05   1.97308008E-02
   2.11758997E-05   1.98663007E-02
   2.33208993E-05   1.99443009E-02
   3.21668012E-05   2.00431999E-02
   3.43118008E-05   2.01584995E-02
   1.01329999E-04   2.01731008E-02
   8.04149977E-07   2.00018007E-02
   2.68052986E-07   2.00798009E-02
   5.01247014E-05   2.01786999E-02
   5.62906007E-06   2.02939995E-02
   1.20627001E-05   2.03086007E-02
   7.26393991E-05   2.02568006E-02
   3.21662992E-06   2.03719996E-02
   1.52785997E-05   2.03866009E-02
   8.39018976E-05   2.03556996E-02
   6.29921997E-05   2.04709005E-02
   8.30948993E-05   2.04854999E-02
   6.70136978E-06   2.05862001E-02
   1.13647999E-04   2.06007995E-02
   7.85387019E-05   2.06154007E-02
       -1137       -1137
   1.74940992E-02   2.76400006E-05
   1.90610997E-02   1.26529994E-04
   1.14570996E-02   2.41810005E-04
   1.42721003E-02   2.56410014E-04
   1.41420995E-03   3.83409992E-04
   1.74141000E-03   3.85519990E-04
   3.05073010E-03   3.30849987E-04
   2.73123011E-03   3.54429998E-04
   2.49862997E-03   3.69930000E-04
   2.30513004E-04   3.89850000E-04
   4.98302989E-02   4.80999988E-05
   2.77392007E-02   4.27499996E-04
   7.68245989E-03   7.25299993E-04
   2.57111993E-02   7.92739971E-04
  0.196161002       1.18658005E-03
  0.231631994       1.20547996E-03
   1.10301003E-02   1.34098995E-03
   1.17560998E-02   1.41904003E-03
   7.00114993E-03   1.51792995E-03
   2.02670996E-03   1.63320999E-03
   5.88583993E-03   1.64780999E-03
   1.36711001E-02   1.77481002E-03
   1.53251002E-02   1.77692005E-03
   2.11362005E-03   1.72225002E-03
   1.86561001E-03   1.74583006E-03
   9.44465981E-04   1.76132994E-03
   1.55340997E-04   1.78125000E-03
   2.69620996E-02   4.93099971E-04
   5.43620018E-03   6.79899997E-04
   1.17800003E-02   1.05930003E-03
   8.61780997E-03   1.35709997E-03
   9.63400956E-03   1.42453995E-03
   1.00950003E-02   1.81837997E-03
   9.96430963E-03   1.83728000E-03
   4.47960990E-03   1.97279011E-03
   1.11560000E-03   2.05084006E-03
   2.18960992E-03   2.14972999E-03
   1.52379996E-03   2.26501003E-03
   1.85730006E-03   2.27960991E-03
   7.30820990E-04   2.40660994E-03
   6.48141024E-04   2.40872009E-03
   7.84531003E-04   2.35405006E-03
   1.73940003E-04   2.37762998E-03
   2.79570988E-04   2.39312998E-03
   5.78889994E-05   2.41305004E-03
   3.59221995E-02   7.61199975E-04
   8.06652009E-04   9.48000001E-04
   1.30856996E-02   1.32739998E-03
   1.13116996E-02   1.62520004E-03
   1.48886004E-02   1.69264001E-03
   1.27667002E-02   2.08647992E-03
   1.80945005E-02   2.10537994E-03
   5.85075980E-03   2.24088994E-03
   2.62163987E-04   2.31893989E-03
   2.37705000E-03   2.41783005E-03
   2.24675005E-03   2.53311009E-03
   2.77063996E-03   2.54770997E-03
   8.62820016E-04   2.67471001E-03
   1.21106999E-03   2.67681992E-03
   1.01957005E-03   2.62214988E-03
   4.51000014E-05   2.64573004E-03
   3.03033012E-04   2.66123004E-03
   7.51652988E-05   2.68115010E-03
   2.26451992E-03   3.32810008E-03
   4.08553006E-03   3.51490011E-03
   5.97163988E-03   3.89429997E-03
   7.38784997E-03   4.19209991E-03
   1.00490004E-02   4.25953977E-03
   5.58592984E-03   4.65337979E-03
   6.80095004E-03   4.67228005E-03
   1.00299995E-03   4.80778981E-03
   1.06729998E-03   4.88584023E-03
   1.52721000E-03   4.98472992E-03
   1.57851004E-03   5.10000996E-03
   2.11922009E-03   5.11460984E-03
   5.44783019E-04   5.24161011E-03
   6.34434982E-04   5.24372002E-03
   1.90560997E-04   5.18904999E-03
   1.74201006E-04   5.21263015E-03
   2.07171004E-04   5.22813015E-03
   1.42430999E-05   5.24805021E-03
   1.38340998E-04   3.70169990E-03
   5.20895002E-04   4.08110023E-03
   2.31443002E-04   4.37889993E-03
   8.08378027E-05   4.44633979E-03
   1.88570993E-05   4.84017981E-03
   5.96444996E-04   4.85908007E-03
   6.68747001E-04   4.99458984E-03
   4.98494992E-05   5.07263979E-03
   8.76959020E-05   5.17152995E-03
   4.11444016E-05   5.28680999E-03
   2.26822995E-05   5.30140987E-03
   1.18691003E-06   5.42841014E-03
   3.46833986E-05   5.43052005E-03
   1.17231000E-04   5.37585001E-03
   7.51677999E-06   5.39943017E-03
   1.10770998E-05   5.41493017E-03
   8.57178020E-06   5.43485023E-03
   3.64231004E-04   4.46050009E-03
   8.06382974E-04   4.75829979E-03
   1.68930006E-03   4.82574012E-03
   1.31510000E-03   5.21958014E-03
   1.71119999E-03   5.23847993E-03
   9.80993034E-04   5.37399016E-03
   1.18420001E-04   5.45204012E-03
   1.60480005E-04   5.55092981E-03
   1.62860000E-04   5.66620985E-03
   3.37200996E-04   5.68081019E-03
   1.21190002E-04   5.80781000E-03
   1.37280003E-04   5.80991991E-03
   1.72490007E-04   5.75524988E-03
   1.88569993E-05   5.77883003E-03
   2.12320992E-05   5.79433003E-03
   1.27909998E-05   5.81425009E-03
   1.09720997E-04   5.05609997E-03
   1.78161994E-04   5.12353983E-03
   4.63665987E-04   5.51737985E-03
   2.34814011E-03   5.53628011E-03
   1.17561000E-03   5.67178987E-03
   3.61325001E-05   5.74983982E-03
   1.53101995E-04   5.84872998E-03
   3.67924986E-05   5.96401002E-03
   3.20455001E-05   5.97860990E-03
   3.98256016E-05   6.10561017E-03
   1.53241999E-04   6.10772008E-03
   2.04541997E-04   6.05305005E-03
   5.27477005E-06   6.07663020E-03
   1.95171997E-05   6.09213021E-03
   1.50342003E-05   6.11204980E-03
   2.16272005E-04   5.19098016E-03
   1.96581008E-03   5.58482017E-03
   1.39681005E-03   5.60371997E-03
   1.58600998E-03   5.73923020E-03
   1.46380999E-05   5.81728015E-03
   3.14122997E-04   5.91616984E-03
   2.70343007E-05   6.03144988E-03
   7.51675980E-05   6.04605023E-03
   1.29231004E-04   6.17305003E-03
   1.00491001E-04   6.17515994E-03
   2.75352999E-04   6.12048991E-03
   2.24191990E-06   6.14407007E-03
   3.98252996E-05   6.15957007E-03
   2.03080999E-05   6.17949013E-03
   6.22954976E-04   5.97866019E-03
   4.10204008E-03   5.99755999E-03
   8.03627016E-04   6.13307022E-03
   6.19794992E-06   6.21112017E-03
   1.75260997E-04   6.31000986E-03
   8.69046999E-05   6.42528990E-03
   4.36494011E-04   6.43988978E-03
   1.08660999E-04   6.56689005E-03
   2.84312991E-04   6.56899996E-03
   1.37151001E-04   6.51432993E-03
   1.05500999E-06   6.53791009E-03
   2.08360998E-05   6.55341009E-03
   1.00220996E-05   6.57333015E-03
   1.39750005E-03   6.01645978E-03
   9.75470000E-04   6.15197001E-03
   1.31080000E-04   6.23001996E-03
   2.40801004E-04   6.32891012E-03
   5.03099989E-04   6.44419016E-03
   2.83789996E-04   6.45879004E-03
   2.90119991E-04   6.58578984E-03
   2.14681000E-04   6.58790022E-03
   1.66419995E-04   6.53323019E-03
   2.05729993E-05   6.55680988E-03
   2.90120006E-05   6.57230988E-03
   1.22640004E-05   6.59222994E-03
   1.01409998E-04   6.28747977E-03
   1.76839996E-04   6.36553019E-03
   2.50551995E-04   6.46441989E-03
   2.53331993E-04   6.57969993E-03
   3.37331992E-04   6.59429980E-03
   7.87284007E-05   6.72130007E-03
   9.13874028E-05   6.72340998E-03
   3.78482000E-05   6.66873995E-03
   2.88802003E-05   6.69232011E-03
   3.40232000E-05   6.70782011E-03
   2.76931996E-06   6.72774017E-03
   4.35171978E-06   6.44358015E-03
   1.92540992E-05   6.54246984E-03
   6.32983983E-06   6.65774988E-03
   4.48362016E-06   6.67235022E-03
   2.63742010E-07   6.79935003E-03
   8.04453975E-06   6.80145994E-03
   3.11221993E-05   6.74678991E-03
   1.31879995E-06   6.77037006E-03
   2.37372001E-06   6.78587006E-03
   2.24191990E-06   6.80579012E-03
   1.67478993E-05   6.64136000E-03
   3.11217991E-05   6.75664004E-03
   6.32977026E-05   6.77123992E-03
   1.63518998E-05   6.89824019E-03
   1.92537991E-05   6.90035010E-03
   4.40457006E-05   6.84568007E-03
   3.03308002E-06   6.86926022E-03
   4.35167021E-06   6.88476022E-03
   3.29688010E-06   6.90467982E-03
   2.76926994E-06   6.87192008E-03
   4.87923990E-06   6.88651996E-03
   7.51660991E-06   7.01352023E-03
   3.46825982E-05   7.01563014E-03
   4.41763987E-05   6.96096011E-03
   9.23068001E-07   6.98453980E-03
   3.95615007E-06   7.00003980E-03
   3.29686009E-06   7.01995986E-03
   6.32970023E-06   6.90111984E-03
   3.01986001E-05   7.02812010E-03
   2.07035991E-05   7.03023002E-03
   5.86829992E-05   6.97555998E-03
   6.59329999E-07   6.99914014E-03
   8.04436968E-06   7.01464014E-03
   4.35163020E-06   7.03456020E-03
   4.48363016E-06   7.15511991E-03
   2.13631993E-05   7.15722982E-03
   1.34511001E-05   7.10255979E-03
   1.97811005E-06   7.14163994E-03
   9.23086020E-07   7.16156000E-03
   8.17634009E-06   7.15934020E-03
   1.55611997E-05   7.10467016E-03
   1.31881995E-06   7.12824985E-03
   2.37375002E-06   7.14374986E-03
   1.18692003E-06   7.16366991E-03
   3.56042005E-06   7.05000013E-03
   5.14288013E-06   7.07357982E-03
   5.93426012E-06   7.08907982E-03
   5.27457985E-07   7.10899988E-03
   1.31880000E-07   7.09715998E-03
   3.95620987E-07   7.11265998E-03
   3.95620987E-07   7.13258004E-03
   2.63740986E-07   7.12815998E-03
   3.95620987E-07   7.14808004E-03
       -1137       -1137
   7.48124998E-03   3.17999984E-05
   1.29773002E-02   3.29600007E-04
   2.11053994E-02   3.97040014E-04
   2.83036008E-02   7.90880003E-04
   2.17744000E-02   8.09779973E-04
   3.16697010E-03   9.45290027E-04
   5.05020004E-03   1.02334004E-03
   1.48692995E-03   1.12222997E-03
   2.39964994E-03   1.23751001E-03
   3.78456991E-03   1.25211000E-03
   2.12143990E-03   1.37911004E-03
   1.60503003E-03   1.38121995E-03
   5.82751993E-04   1.32655003E-03
   7.33183988E-04   1.35012995E-03
   1.94253997E-04   1.36562996E-03
   4.33169007E-05   1.38555001E-03
   4.92601991E-02   9.73999995E-05
   5.22071011E-02   2.84200010E-04
   2.58585997E-02   6.63599989E-04
   1.67618003E-02   9.61399986E-04
   3.30744013E-02   1.02883996E-03
  0.155118003       1.42267998E-03
  0.245895997       1.44158001E-03
   1.29898004E-02   1.57709001E-03
   1.09927999E-02   1.65513996E-03
   6.36109011E-03   1.75403000E-03
   3.80623993E-03   1.86931004E-03
   7.04779010E-03   1.88391004E-03
   1.09647997E-02   2.01091007E-03
   1.75216999E-02   2.01301998E-03
   2.50966009E-03   1.95834995E-03
   1.72068004E-03   1.98193011E-03
   8.52357014E-04   1.99743011E-03
   1.88367005E-04   2.01734994E-03
   7.20610982E-03   3.65499989E-04
   5.91517016E-02   5.52300015E-04
   4.34783008E-03   9.31699993E-04
   3.19870003E-03   1.22950005E-03
   2.93839001E-03   1.29694003E-03
   9.68157966E-03   1.69078005E-03
   5.31785004E-03   1.70967996E-03
   1.27383997E-03   1.84518995E-03
   9.30267014E-03   1.92324002E-03
   8.93865013E-04   2.02212995E-03
   2.91298988E-04   2.13740999E-03
   5.49516000E-04   2.15201010E-03
   9.73778020E-04   2.27900990E-03
   4.23432008E-04   2.28112005E-03
   2.26646007E-04   2.22645001E-03
   1.35994004E-03   2.25002994E-03
   1.16183001E-04   2.26552994E-03
   1.67894996E-05   2.28545000E-03
   2.90605996E-04   2.93239998E-03
   4.86952998E-03   3.11920000E-03
   5.28502977E-04   3.49860010E-03
   2.36887005E-04   3.79640004E-03
   5.28333010E-04   3.86383990E-03
   6.84980987E-05   4.25767992E-03
   3.69515008E-04   4.27658018E-03
   1.18857999E-04   4.41208994E-03
   7.68080004E-04   4.49013989E-03
   1.20878001E-04   4.58903005E-03
   3.17306003E-05   4.70431009E-03
   9.80448021E-05   4.71890997E-03
   4.70083978E-06   4.84590977E-03
   2.26637003E-05   4.84802015E-03
   2.19936992E-05   4.79335012E-03
   1.12987997E-04   4.81692981E-03
   1.61168009E-05   4.83242981E-03
   1.67888004E-06   4.85234987E-03
   3.86381010E-03   3.30600003E-03
   9.73968022E-03   3.68539989E-03
   9.99347027E-03   3.98320006E-03
   1.53077003E-02   4.05063992E-03
   6.28334982E-03   4.44447994E-03
   9.91837028E-03   4.46338020E-03
   1.32706994E-03   4.59888997E-03
   1.64626003E-03   4.67693992E-03
   2.46494007E-03   4.77583008E-03
   2.15064990E-03   4.89111012E-03
   3.19533003E-03   4.90571000E-03
   6.14285993E-04   5.03270980E-03
   9.18189005E-04   5.03482018E-03
   2.60723988E-04   4.98015014E-03
   2.60394008E-04   5.00372984E-03
   3.33422009E-04   5.01922984E-03
   1.94746008E-05   5.03914990E-03
   2.19427006E-04   4.06480022E-03
   4.78644011E-04   4.36259992E-03
   4.82164003E-04   4.43003979E-03
   3.78414989E-03   4.82387980E-03
   1.07529003E-03   4.84278006E-03
   9.06599016E-05   4.97828983E-03
   1.55907997E-03   5.05633978E-03
   9.36829019E-05   5.15522994E-03
   7.87399986E-05   5.27050998E-03
   9.28449008E-05   5.28510986E-03
   3.00516986E-04   5.41211013E-03
   8.59579013E-05   5.41422004E-03
   1.61168009E-05   5.35955001E-03
   2.30007005E-04   5.38313016E-03
   1.22558004E-05   5.39863016E-03
   1.17518005E-06   5.41855022E-03
   4.15518996E-04   4.66040010E-03
   6.51728013E-04   4.72783996E-03
   4.14848997E-04   5.12167998E-03
   4.36678994E-04   5.14057977E-03
   6.27908012E-05   5.27609000E-03
   1.54380000E-03   5.35413995E-03
   1.16340001E-04   5.45303011E-03
   1.43710000E-04   5.56831015E-03
   1.23899998E-04   5.58291003E-03
   1.93069991E-05   5.70990983E-03
   2.71969002E-05   5.71202021E-03
   1.22560004E-05   5.65735018E-03
   2.25979005E-04   5.68092987E-03
   1.54450008E-05   5.69642987E-03
   1.00730006E-06   5.71634993E-03
   1.74610002E-04   4.79527982E-03
   5.89789008E-04   5.18911984E-03
   1.79309995E-04   5.20802010E-03
   1.10970002E-04   5.34352986E-03
   2.38298997E-03   5.42157982E-03
   9.25057975E-05   5.52046997E-03
   9.14998018E-05   5.63575001E-03
   6.16148027E-05   5.65034989E-03
   2.06499008E-05   5.77735016E-03
   1.00730003E-05   5.77946007E-03
   2.06499008E-05   5.72479004E-03
   3.49209004E-04   5.74837020E-03
   1.19200004E-05   5.76387020E-03
   1.51109998E-06   5.78378979E-03
   1.61275000E-03   5.58295986E-03
   1.02426996E-02   5.60186012E-03
   1.32626001E-05   5.73736988E-03
   8.90793977E-04   5.81541983E-03
   8.98503000E-04   5.91430999E-03
   8.41126021E-05   6.02959003E-03
   1.61674994E-04   6.04418991E-03
   2.54851999E-04   6.17119018E-03
   7.64556986E-04   6.17330009E-03
   2.35033008E-06   6.11863006E-03
   1.29275999E-04   6.14221022E-03
   1.20035998E-04   6.15771022E-03
   1.67885005E-07   6.17762981E-03
   5.29685989E-04   5.62075991E-03
   8.07523975E-05   5.75627014E-03
   1.35369005E-03   5.83432009E-03
   2.23448005E-04   5.93320979E-03
   8.88092036E-05   6.04848983E-03
   3.94536983E-05   6.06309017E-03
   7.76484027E-04   6.19008997E-03
   8.00854032E-05   6.19219989E-03
   1.51108998E-05   6.13752985E-03
   1.92898995E-04   6.16111001E-03
   2.92128007E-05   6.17661001E-03
   1.17519005E-06   6.19653007E-03
   1.20881004E-05   5.89177990E-03
   2.10871993E-04   5.96982986E-03
   2.04821008E-05   6.06872002E-03
   8.05867967E-06   6.18400006E-03
   2.09861992E-05   6.19859993E-03
   8.39428026E-07   6.32560020E-03
   5.03674983E-06   6.32771011E-03
   4.36513983E-06   6.27304008E-03
   3.10602991E-05   6.29661977E-03
   2.68632994E-06   6.31211977E-03
   3.35783000E-07   6.33203983E-03
   1.62847995E-04   6.04787981E-03
   3.97883996E-04   6.14676997E-03
   3.34593991E-04   6.26205001E-03
   5.01642004E-04   6.27664989E-03
   8.67975978E-05   6.40365016E-03
   1.26587998E-04   6.40576007E-03
   4.14673996E-05   6.35109004E-03
   5.07012010E-05   6.37467019E-03
   5.38911991E-05   6.39017019E-03
   3.18975003E-06   6.41008979E-03
   9.90498029E-06   6.24566013E-03
   1.91393992E-05   6.36094017E-03
   1.77963993E-05   6.37554005E-03
   7.15233982E-05   6.50253985E-03
   1.77963993E-05   6.50465023E-03
   3.69357008E-06   6.44998020E-03
   5.87620998E-05   6.47355989E-03
   2.51834990E-06   6.48905989E-03
   3.35786012E-07   6.50897995E-03
   1.17518002E-05   6.47622021E-03
   1.88037993E-05   6.49082009E-03
   4.19714979E-06   6.61781989E-03
   6.21181016E-06   6.61992980E-03
   1.51107997E-06   6.56525977E-03
   4.90222992E-05   6.58883993E-03
   2.51827009E-06   6.60433993E-03
   1.67888004E-07   6.62425999E-03
   5.70812017E-06   6.50541997E-03
   7.05090997E-06   6.63241977E-03
   2.18256992E-06   6.63453015E-03
   3.86144984E-06   6.57986011E-03
   7.35329013E-05   6.60343980E-03
   2.35037010E-06   6.61893981E-03
   3.35775013E-07   6.63885986E-03
   1.00728003E-05   6.75942004E-03
   6.02701002E-05   6.76152995E-03
   1.67888004E-07   6.70685992E-03
   1.25918004E-05   6.73044007E-03
   9.56947042E-06   6.74594007E-03
   3.02203989E-06   6.76363986E-03
   1.00730995E-06   6.70896983E-03
   1.81322994E-05   6.73254998E-03
   2.35042990E-06   6.74804999E-03
   3.35772995E-07   6.65429980E-03
   6.04388015E-06   6.67787995E-03
   5.03659976E-07   6.69337995E-03
   3.86157990E-06   6.70146011E-03
   8.05875970E-06   6.71696011E-03
   5.03679985E-07   6.73688017E-03
   1.67889993E-07   6.73246011E-03
       -1137       -1137
   5.96040022E-03   3.12800003E-05
   8.49654991E-03   5.01799987E-05
   4.45947004E-03   1.85690005E-04
   4.57258010E-03   2.63739988E-04
   1.20861996E-02   3.62630002E-04
   2.45104008E-03   4.77910013E-04
   2.82184011E-03   4.92509978E-04
   9.32567986E-04   6.19510014E-04
   1.58201996E-03   6.21619984E-04
   8.26644013E-04   5.66950010E-04
   7.06502004E-04   5.90529991E-04
   1.52371998E-03   6.06029993E-04
   6.06079993E-05   6.25949993E-04
  0.252963006       2.99379986E-04
  0.303943008       3.18280014E-04
   2.73762997E-02   4.53790009E-04
   3.03923003E-02   5.31840022E-04
   2.75643002E-02   6.30730006E-04
   9.46064014E-03   7.46009988E-04
   1.42340995E-02   7.60609983E-04
   1.34111000E-02   8.87610018E-04
   1.48441000E-02   8.89719988E-04
   5.21556009E-03   8.35050014E-04
   4.74335020E-03   8.58629995E-04
   3.58384009E-03   8.74129997E-04
   3.91303998E-04   8.94049997E-04
   8.84763995E-06   1.54099998E-03
   2.21641007E-04   1.72780000E-03
   7.34012015E-03   2.10719998E-03
   5.38820983E-04   2.40499992E-03
   7.54492008E-04   2.47244001E-03
   2.80980999E-03   2.86628003E-03
   5.07511990E-03   2.88518006E-03
   9.95388018E-06   3.02069006E-03
   2.12351006E-05   3.09874001E-03
   1.12849998E-03   3.19762994E-03
   9.35645003E-05   3.31290998E-03
   1.29389999E-04   3.32751009E-03
   1.93321001E-04   3.45450989E-03
   3.28250986E-04   3.45662003E-03
   2.21190999E-06   3.40195000E-03
   2.87551006E-06   3.42552993E-03
   1.38689997E-04   3.44102993E-03
   2.21191002E-07   3.46094999E-03
   1.57054001E-05   1.91460003E-03
   9.53228958E-03   2.29400001E-03
   2.62787013E-04   2.59179994E-03
   2.40386999E-03   2.65924004E-03
   1.33503997E-03   3.05308006E-03
   5.98816015E-03   3.07198009E-03
   6.03865992E-05   3.20749008E-03
   1.08383001E-05   3.28554003E-03
   1.51873997E-03   3.38442996E-03
   5.64055008E-05   3.49971000E-03
   4.03460988E-04   3.51431011E-03
   7.54279972E-05   3.64130992E-03
   3.54810007E-04   3.64342006E-03
   1.15023004E-05   3.58875003E-03
   1.76963999E-06   3.61232995E-03
   1.88014994E-04   3.62782995E-03
   8.84784981E-07   3.64775001E-03
   1.14917997E-02   2.67340010E-03
   1.73736997E-02   2.97120004E-03
   2.22466998E-02   3.03863990E-03
   1.69907007E-02   3.43247992E-03
   1.92747992E-02   3.45137995E-03
   1.98368006E-03   3.58688994E-03
   2.40477012E-03   3.66493990E-03
   4.69212979E-03   3.76383006E-03
   3.56915011E-03   3.87911010E-03
   4.55744006E-03   3.89370997E-03
   1.52827997E-03   4.02071001E-03
   1.65717001E-03   4.02281992E-03
   3.88193992E-04   3.96814989E-03
   3.89304012E-04   3.99173005E-03
   6.13361015E-04   4.00723005E-03
   2.91974993E-05   4.02715011E-03
   1.30062006E-04   3.26899998E-03
   2.99694994E-03   3.33644007E-03
   5.12729981E-04   3.73028009E-03
   5.68410987E-03   3.74917989E-03
   6.96772986E-05   3.88469012E-03
   9.51192033E-06   3.96273984E-03
   2.67995009E-03   4.06163000E-03
   4.37968010E-05   4.17691004E-03
   5.29100012E-04   4.19150991E-03
   3.76036987E-05   4.31851018E-03
   2.80475011E-04   4.32062009E-03
   1.15022003E-05   4.26595006E-03
   1.32713001E-06   4.28953022E-03
   3.29367002E-04   4.30503022E-03
   8.84777990E-07   4.32494981E-03
   1.25130999E-03   3.40387993E-03
   4.34271991E-03   3.79771995E-03
   3.49242007E-03   3.81661998E-03
   1.10380999E-04   3.95213021E-03
   2.24731994E-04   4.03018016E-03
   3.38273006E-03   4.12906986E-03
   5.17592998E-04   4.24434990E-03
   4.46822000E-04   4.25894978E-03
   2.91751989E-04   4.38595004E-03
   2.22082002E-04   4.38805996E-03
   1.90220999E-05   4.33338992E-03
   2.96392009E-05   4.35697008E-03
   4.14521986E-04   4.37247008E-03
   1.32711000E-06   4.39239014E-03
   7.91658007E-04   4.19156021E-03
   2.03012992E-02   4.21046000E-03
   3.03042994E-04   4.34597023E-03
   2.62343005E-04   4.42402018E-03
   2.48252996E-03   4.52290988E-03
   1.21871002E-04   4.63818992E-03
   8.30788980E-04   4.65278979E-03
   1.21871002E-04   4.77979006E-03
   1.34791003E-03   4.78189997E-03
   4.99905000E-05   4.72722994E-03
   4.02574005E-05   4.75081010E-03
   3.02822998E-04   4.76631010E-03
   3.76033995E-06   4.78623016E-03
   8.08888022E-03   4.22935979E-03
   5.52758982E-04   4.36487002E-03
   1.14309997E-03   4.44291998E-03
   2.96269008E-03   4.54181014E-03
   1.14670000E-03   4.65709018E-03
   7.32148997E-04   4.67169005E-03
   1.35789998E-03   4.79868986E-03
   1.09319994E-03   4.80079977E-03
   9.02480024E-05   4.74613020E-03
   1.75619003E-04   4.76970989E-03
   3.67189001E-04   4.78520989E-03
   6.63578021E-06   4.80512995E-03
   1.32709999E-06   4.50037979E-03
   7.07820982E-06   4.57843021E-03
   3.07459995E-04   4.67731990E-03
   1.34929996E-05   4.79259994E-03
   2.03501004E-05   4.80719982E-03
   2.03501004E-05   4.93420009E-03
   3.56121018E-05   4.93631000E-03
   4.42389990E-07   4.88163996E-03
   8.84762017E-07   4.90522012E-03
   3.78240002E-05   4.92072012E-03
   6.63585979E-07   4.65648016E-03
   3.85544001E-04   4.75536985E-03
   1.99082001E-06   4.87064989E-03
   4.07004009E-05   4.88524977E-03
   1.81381001E-05   5.01225004E-03
   7.94087027E-05   5.01435995E-03
   1.32711000E-06   4.95968992E-03
   2.21191996E-07   4.98327008E-03
   4.77784997E-05   4.99877008E-03
   4.49910993E-04   4.85426001E-03
   5.53650025E-04   4.96954005E-03
   6.95429975E-04   4.98413993E-03
   2.23401003E-04   5.11114020E-03
   2.51060002E-04   5.11325011E-03
   6.03851004E-05   5.05858008E-03
   6.25971006E-05   5.08215977E-03
   1.16349998E-04   5.09765977E-03
   4.42390001E-06   5.11757983E-03
   3.76035996E-06   5.08482009E-03
   1.00202000E-04   5.09941997E-03
   7.96312997E-06   5.22641977E-03
   6.14930977E-05   5.22853015E-03
   2.21194000E-06   5.17386012E-03
   2.21194000E-07   5.19743981E-03
   6.81281017E-05   5.21293981E-03
   2.21194000E-07   5.23285987E-03
   4.26908991E-05   5.11401985E-03
   5.99439009E-05   5.24102012E-03
   4.77780013E-05   5.24313003E-03
   3.53900009E-06   5.18846000E-03
   5.52989013E-06   5.21204015E-03
   8.51579971E-05   5.22754015E-03
   2.21190007E-07   5.24746021E-03
   4.64519007E-06   5.36801992E-03
   9.66630978E-05   5.37012983E-03
   3.31795991E-06   5.31545980E-03
   2.87555008E-06   5.33903996E-03
   2.72074994E-05   5.35453996E-03
   2.21194000E-07   5.37446002E-03
   3.82674007E-05   5.37224021E-03
   5.75115018E-06   5.31757018E-03
   1.23870996E-05   5.34114987E-03
   3.09673014E-05   5.35664987E-03
   4.42393997E-07   5.37656993E-03
   2.21194000E-07   5.28647983E-03
   7.52072992E-06   5.30197984E-03
   7.74182990E-06   5.32555999E-03
   7.52064989E-06   5.34105999E-03
   6.63583990E-07   5.36098005E-03
       -1137       -1137
   3.72444000E-03   0.00000000    
   4.40553986E-02   1.14210001E-04
   6.28957013E-03   1.28810003E-04
   3.81303988E-02   2.55810010E-04
   3.93604022E-03   2.57920008E-04
   8.51479010E-04   2.03250005E-04
   3.85483989E-04   2.26830001E-04
   7.04586972E-04   2.42330003E-04
   6.28767011E-05   2.62249989E-04
   5.80586027E-04   1.09599996E-03
   6.42885978E-04   1.47539994E-03
   2.51653008E-02   1.77320000E-03
   3.09172994E-03   1.84063998E-03
   1.64802000E-02   2.23448011E-03
   3.34192999E-03   2.25337991E-03
   1.29280997E-05   2.38888990E-03
   1.29281005E-04   2.46694009E-03
   1.04601000E-04   2.56583001E-03
   3.43283010E-03   2.68111005E-03
   4.59544011E-04   2.69570993E-03
   1.04301004E-03   2.82270997E-03
   1.63952005E-04   2.82482011E-03
   2.93812991E-06   2.77015008E-03
   2.05682009E-05   2.79373000E-03
   1.29280997E-05   2.80923001E-03
   1.55718997E-04   1.28279999E-03
   2.64499988E-03   1.66219997E-03
   2.28240006E-02   1.96000002E-03
   1.11059996E-03   2.02743988E-03
   1.39418999E-02   2.42127990E-03
   8.32969975E-03   2.44017993E-03
   6.93409020E-05   2.57568993E-03
   8.40310022E-05   2.65374011E-03
   4.81869007E-04   2.75263004E-03
   3.07049998E-03   2.86791008E-03
   1.83929995E-04   2.88250996E-03
   8.53830017E-04   3.00950999E-03
   5.17709996E-04   3.01161991E-03
   1.17529999E-05   2.95695011E-03
   1.35159999E-05   2.98053003E-03
   6.11139985E-05   2.99603003E-03
   5.87639988E-07   3.01595009E-03
   9.07900976E-04   2.04159995E-03
   4.19819988E-02   2.33939989E-03
   1.58950000E-03   2.40683998E-03
   1.40860002E-03   2.80068000E-03
   1.36859994E-03   2.81958003E-03
   1.26929997E-04   2.95509002E-03
   3.99009994E-04   3.03313998E-03
   3.14970006E-04   3.13202990E-03
   5.72011014E-03   3.24730994E-03
   2.50340003E-04   3.26191005E-03
   6.46400003E-05   3.38891009E-03
   5.87641007E-05   3.39102000E-03
   2.29170000E-05   3.33634997E-03
   5.81761014E-05   3.35992989E-03
   3.99579985E-05   3.37542989E-03
   1.76290996E-06   3.39534995E-03
   3.94644998E-02   2.63720006E-03
   7.61820003E-02   2.70463992E-03
   4.79196012E-02   3.09847994E-03
   5.59137985E-02   3.11737997E-03
   6.04317989E-03   3.25288996E-03
   5.81408013E-03   3.33093992E-03
   1.02901002E-02   3.42983007E-03
   1.36120999E-02   3.54511011E-03
   1.54312002E-02   3.55970999E-03
   4.32325015E-03   3.68671003E-03
   4.91027022E-03   3.68881994E-03
   1.16351002E-03   3.63414991E-03
   9.43702005E-04   3.65773006E-03
   1.38270995E-03   3.67323007E-03
   8.69712021E-05   3.69314989E-03
   1.19061000E-03   2.77208001E-03
   5.80996014E-02   3.16592003E-03
   2.63623009E-03   3.18482006E-03
   3.34943004E-04   3.32033006E-03
   1.41621000E-04   3.39838001E-03
   3.06172995E-04   3.49726994E-03
   1.03920996E-02   3.61254998E-03
   3.87843989E-04   3.62715009E-03
   4.72524017E-03   3.75414989E-03
   1.88042002E-04   3.75626003E-03
   5.58255997E-05   3.70159000E-03
   2.05682009E-05   3.72516993E-03
   3.93713999E-05   3.74066993E-03
   4.11333986E-06   3.76058999E-03
   5.80054000E-02   3.55976005E-03
  0.164789006       3.57866008E-03
   4.28254995E-03   3.71417007E-03
   2.66786991E-03   3.79222003E-03
   3.44945991E-04   3.89110995E-03
   7.24181999E-03   4.00638999E-03
   1.11207999E-02   4.02098987E-03
   9.08110011E-03   4.14799014E-03
   1.35337999E-02   4.15010005E-03
   8.32681020E-04   4.09543002E-03
   4.21325007E-04   4.11901018E-03
   4.64213990E-05   4.13451018E-03
   6.34643002E-05   4.15442977E-03
   3.37365991E-03   3.59756011E-03
   5.92923025E-04   3.73307010E-03
   7.98580004E-04   3.81112006E-03
   2.99676991E-04   3.91001021E-03
   6.88291993E-03   4.02528979E-03
   4.66564001E-04   4.03989013E-03
   1.11977998E-02   4.16688994E-03
   5.03004005E-04   4.16899985E-03
   1.05188003E-04   4.11432981E-03
   1.08717999E-04   4.13790997E-03
   3.93705013E-05   4.15340997E-03
   7.63910975E-06   4.17333003E-03
   1.17529999E-06   3.86858010E-03
   1.88041995E-05   3.94662982E-03
   2.11551996E-05   4.04551998E-03
   8.30926001E-04   4.16080002E-03
   5.64133989E-05   4.17539990E-03
   2.90881988E-04   4.30240016E-03
   3.87842010E-05   4.30451008E-03
   5.87644024E-07   4.24984004E-03
   2.93811991E-06   4.27342020E-03
   2.93811991E-06   4.28892020E-03
   1.11653999E-05   4.02467977E-03
   7.93329964E-05   4.12356993E-03
   7.87450001E-04   4.23884997E-03
   2.82070996E-05   4.25344985E-03
   1.70416999E-04   4.38045012E-03
   5.28899982E-05   4.38256003E-03
   3.52582992E-06   4.32789000E-03
   3.52582992E-06   4.35147015E-03
   9.98977976E-06   4.36697016E-03
   2.82069996E-05   4.22246009E-03
   1.41154998E-03   4.33774013E-03
   5.17119006E-05   4.35234001E-03
   1.93927008E-05   4.47933981E-03
   1.29283999E-05   4.48145019E-03
   4.11343990E-06   4.42678016E-03
   1.17534000E-05   4.45035985E-03
   7.05184993E-06   4.46585985E-03
   1.11650000E-03   4.45302017E-03
   2.11950997E-03   4.46762005E-03
   6.50502974E-04   4.59461985E-03
   6.13492972E-04   4.59673023E-03
   1.59839998E-04   4.54206020E-03
   1.28100000E-04   4.56563989E-03
   1.89811006E-04   4.58113989E-03
   1.17529999E-05   4.60105995E-03
   3.11455988E-05   4.48221993E-03
   9.16709017E-04   4.60922020E-03
   3.40816005E-05   4.61133011E-03
   9.40227983E-06   4.55666007E-03
   4.11324982E-06   4.58024023E-03
   6.46391982E-06   4.59574023E-03
   5.87632996E-07   4.61565983E-03
   3.42009997E-04   4.73622000E-03
   9.42011015E-04   4.73832991E-03
   5.70000993E-05   4.68365988E-03
   2.70309993E-05   4.70724003E-03
   2.93809990E-06   4.72274004E-03
   4.11329984E-06   4.74266009E-03
   1.82172007E-05   4.74043982E-03
   7.05165985E-06   4.68576979E-03
   7.05165985E-06   4.70934995E-03
   1.76291996E-06   4.72484995E-03
   5.87646014E-07   4.74477001E-03
   5.87651982E-07   4.65467991E-03
   5.87651982E-07   4.67017991E-03
   1.76290996E-06   4.69376007E-03
   5.87641978E-07   4.70926007E-03
       -1137       -1137
   7.14101989E-05   6.41099992E-04
   3.92435002E-04   8.27900018E-04
   1.26648997E-03   1.20730000E-03
   3.15856002E-03   1.50510005E-03
   2.89367009E-02   1.57254003E-03
   3.95795004E-03   1.96638005E-03
   1.75208002E-02   1.98528008E-03
   2.86847007E-05   2.12079007E-03
   3.96715004E-05   2.19884003E-03
   2.11788007E-04   2.29772995E-03
   4.23565012E-04   2.41300999E-03
   3.91395018E-03   2.42761010E-03
   1.86757999E-04   2.55460991E-03
   9.61909012E-04   2.55672005E-03
   6.10343022E-06   2.50205002E-03
   6.10343022E-06   2.52562994E-03
   2.62446993E-05   2.54112994E-03
   6.10343022E-07   2.56105000E-03
   4.27230007E-05   1.01470004E-03
   4.37120022E-03   1.39410002E-03
   2.26429998E-04   1.69189996E-03
   2.93669999E-02   1.75934006E-03
   2.46930006E-03   2.15318007E-03
   1.20110000E-02   2.17208010E-03
   4.39450014E-05   2.30759010E-03
   9.76510000E-06   2.38564005E-03
   7.33620021E-04   2.48452998E-03
   6.10349980E-06   2.59981002E-03
   3.94529989E-03   2.61440990E-03
   1.46480001E-04   2.74140993E-03
   6.58550009E-04   2.74352008E-03
   7.32409990E-06   2.68885004E-03
   1.22070003E-06   2.71242997E-03
   9.21609972E-05   2.72792997E-03
   6.10350014E-07   2.74785003E-03
   2.43090000E-03   1.77350000E-03
   2.54380004E-03   2.07130006E-03
   4.09040004E-02   2.13873992E-03
   1.69730000E-03   2.53257994E-03
   2.39309995E-03   2.55147996E-03
   2.64879985E-04   2.68698996E-03
   5.74919977E-04   2.76503991E-03
   8.28229997E-04   2.86393007E-03
   4.42499993E-04   2.97921011E-03
   5.45770023E-03   2.99380999E-03
   7.99539994E-05   3.12081003E-03
   1.01930003E-04   3.12291994E-03
   4.94390006E-05   3.06824991E-03
   8.30069985E-05   3.09183006E-03
   1.04370003E-04   3.10733006E-03
   3.66190011E-06   3.12724989E-03
   5.71869023E-04   2.36910000E-03
   5.89908995E-02   2.43654009E-03
   2.52559991E-03   2.83038011E-03
   3.50449011E-02   2.84927990E-03
   3.13710014E-04   2.98478990E-03
   7.01879035E-05   3.06284009E-03
   4.37609007E-04   3.16173001E-03
   1.77609996E-04   3.27701005E-03
   7.98508991E-03   3.29160993E-03
   1.99579998E-04   3.41860997E-03
   2.75150011E-03   3.42072011E-03
   5.06588985E-05   3.36605008E-03
   1.09860002E-05   3.38963000E-03
   5.55418992E-05   3.40513000E-03
   3.66189010E-06   3.42505006E-03
   6.43931031E-02   2.50397995E-03
   5.55980988E-02   2.89781997E-03
   8.98130983E-02   2.91672000E-03
   6.51061023E-03   3.05222999E-03
   7.08860997E-03   3.13027995E-03
   1.01159997E-02   3.22917011E-03
   1.19249998E-02   3.34444991E-03
   2.17429996E-02   3.35905002E-03
   4.99251019E-03   3.48605006E-03
   7.47130997E-03   3.48815997E-03
   1.24450005E-03   3.43348994E-03
   1.13830005E-03   3.45707010E-03
   1.36160001E-03   3.47257010E-03
   9.27711008E-05   3.49248992E-03
   5.11154020E-03   3.29165999E-03
  0.161927998       3.31056002E-03
   8.01370014E-04   3.44607001E-03
   5.38923021E-04   3.52411997E-03
   3.54585995E-04   3.62300989E-03
   4.87643993E-04   3.73828993E-03
   7.06761004E-03   3.75289004E-03
   7.95879983E-04   3.87989008E-03
   1.06249005E-02   3.88199999E-03
   1.46478007E-04   3.82732996E-03
   8.48358977E-05   3.85091011E-03
   4.63854012E-05   3.86641012E-03
   1.09859002E-05   3.88632994E-03
  0.109991997       3.32946004E-03
   4.53257980E-03   3.46497004E-03
   2.94735003E-03   3.54301999E-03
   5.37099026E-04   3.64190992E-03
   6.49591023E-03   3.75718996E-03
   1.40802003E-02   3.77179007E-03
   1.33721996E-02   3.89879011E-03
   1.61652993E-02   3.90090002E-03
   8.80724983E-04   3.84622999E-03
   4.76688001E-04   3.86980991E-03
   7.14121998E-05   3.88530991E-03
   6.77491989E-05   3.90522997E-03
   1.22070003E-06   3.67852999E-03
   4.63858014E-05   3.77741992E-03
   4.94388005E-05   3.89269996E-03
   8.86816997E-04   3.90730007E-03
   5.06588003E-05   4.03429987E-03
   2.81968998E-04   4.03640978E-03
   6.10347979E-06   4.02081991E-03
   1.04370003E-04   3.85547010E-03
   4.88282012E-06   3.97075014E-03
   9.69873974E-04   3.98535002E-03
   3.23480999E-05   4.11234982E-03
   1.70890999E-04   4.11446020E-03
   1.34271004E-05   4.09886986E-03
   7.01889003E-05   3.95435980E-03
   8.17861001E-05   4.06963984E-03
   1.35621999E-03   4.08424018E-03
   1.89202001E-05   4.21123998E-03
   2.74653994E-05   4.21334989E-03
   8.54481004E-06   4.15867986E-03
   1.52581997E-05   4.18226002E-03
   1.77002003E-05   4.19776002E-03
   6.10357972E-07   4.21768008E-03
   1.28170996E-05   4.18491988E-03
   1.62591005E-03   4.19952022E-03
   3.90622008E-05   4.32652002E-03
   5.23072027E-04   4.32862993E-03
   7.93442996E-06   4.27395990E-03
   6.10352004E-07   4.29754006E-03
   1.03760003E-05   4.31304006E-03
   6.10352004E-07   4.33296012E-03
   1.75348995E-03   4.21412010E-03
   6.41455990E-04   4.34111990E-03
   1.16389000E-03   4.34322981E-03
   1.69678999E-04   4.28855978E-03
   1.56249007E-04   4.31213994E-03
   1.83098993E-04   4.32763994E-03
   1.28169004E-05   4.34756000E-03
   2.99059993E-05   4.46812017E-03
   8.99020000E-04   4.47023008E-03
   9.76510000E-06   4.41556005E-03
   4.88280011E-06   4.43914020E-03
   2.44130001E-06   4.45464021E-03
   6.10350014E-07   4.47455980E-03
   5.81045984E-04   4.47233999E-03
   5.55416009E-05   4.41766996E-03
   2.80748009E-05   4.44125012E-03
   3.66187010E-06   4.45675012E-03
   4.27226996E-06   4.47667018E-03
   1.22069002E-06   4.40208009E-03
   1.83098996E-06   4.42565978E-03
   1.22069002E-06   4.44115978E-03
       -1137       -1137
   5.10517992E-02   3.29100003E-05
   8.20136964E-02   4.75099987E-05
   3.23564000E-02   1.74510002E-04
   3.43851000E-02   1.76620000E-04
   7.99311046E-03   1.21949997E-04
   6.55537983E-03   1.45529993E-04
   7.65442988E-03   1.61029995E-04
   5.79783984E-04   1.80949995E-04
   1.68056004E-02   0.00000000    
   3.07215992E-02   1.20090001E-04
   3.83846983E-02   1.98139998E-04
   2.76632998E-02   2.97029997E-04
   2.31874008E-02   4.12310008E-04
   2.85513997E-02   4.26910003E-04
   2.54523009E-03   5.53909980E-04
   4.15305980E-03   5.56020008E-04
   5.82278008E-03   5.01349976E-04
   5.94170019E-03   5.24930016E-04
   3.81012005E-03   5.40430017E-04
   4.32886998E-04   5.60350018E-04
   2.91855005E-03   2.63480004E-04
   3.11928010E-03   2.82380002E-04
   1.42304003E-02   4.17889998E-04
   5.30386018E-03   4.95939981E-04
   3.42692994E-03   5.94830024E-04
   1.47940998E-03   7.10110005E-04
   3.66906007E-03   7.24710000E-04
   1.62343995E-03   8.51709978E-04
   1.61417003E-03   8.53820005E-04
   1.94927002E-03   7.99149973E-04
   7.90608989E-04   8.22730013E-04
   3.82294995E-04   8.38230015E-04
   1.39657001E-04   8.58150015E-04
   3.68598010E-03   3.30920011E-04
   4.89894021E-03   3.49820009E-04
   1.95710994E-02   4.85330005E-04
   7.50900991E-03   5.63380017E-04
   4.52770991E-03   6.62270002E-04
   2.86197010E-03   7.77549983E-04
   3.23748006E-03   7.92149978E-04
   1.75202999E-03   9.19150014E-04
   2.32944009E-03   9.21259983E-04
   2.66285008E-03   8.66590010E-04
   1.00775005E-03   8.90169991E-04
   5.62051020E-04   9.05669993E-04
   1.90631006E-04   9.25589993E-04
   7.61792995E-03   7.24760001E-04
   1.40439998E-02   7.43660028E-04
   1.75829995E-02   8.79170024E-04
   2.48013996E-03   9.57219978E-04
   1.26010999E-02   1.05611002E-03
   1.11795997E-03   1.17138994E-03
   7.17805990E-04   1.18599006E-03
   6.54160976E-04   1.31298997E-03
   6.14835997E-04   1.31510000E-03
   2.00056005E-03   1.26042997E-03
   2.93830002E-04   1.28401001E-03
   1.27419003E-03   1.29951001E-03
   1.39311000E-04   1.31942995E-03
   1.25045003E-02   7.62559997E-04
   2.26093009E-02   8.98069993E-04
   1.01923000E-03   9.76120005E-04
   1.25602996E-02   1.07501005E-03
   6.16697012E-04   1.19028997E-03
   1.56024995E-03   1.20488997E-03
   6.57733995E-04   1.33189000E-03
   1.04860996E-03   1.33400003E-03
   2.55742995E-03   1.27933000E-03
   1.16798998E-04   1.30291004E-03
   1.21294998E-03   1.31841004E-03
   1.78051007E-04   1.33832998E-03
   1.85920000E-02   1.03358005E-03
   2.82982998E-02   1.11163000E-03
   4.22318988E-02   1.21052004E-03
   4.49867994E-02   1.32579997E-03
   6.12003990E-02   1.34039996E-03
   2.76429001E-02   1.46740000E-03
   3.38212997E-02   1.46951003E-03
   5.86555013E-03   1.41483999E-03
   4.60745022E-03   1.43842003E-03
   5.65318018E-03   1.45392003E-03
   4.29879001E-04   1.47383998E-03
   2.10547005E-03   1.18967996E-03
   1.03198001E-02   1.28857000E-03
   3.95997008E-03   1.40385004E-03
   2.58625997E-03   1.41845003E-03
   1.42291002E-03   1.54544995E-03
   7.66733021E-04   1.54755998E-03
   3.28446995E-03   1.49288995E-03
   5.40398993E-04   1.51646999E-03
   1.01414998E-03   1.53196999E-03
   2.29840996E-04   1.55189005E-03
   4.39519994E-03   1.38746004E-03
   1.71068998E-03   1.50273996E-03
   5.65150008E-03   1.51733996E-03
   8.19038972E-03   1.64433999E-03
   1.00060999E-02   1.64645002E-03
   5.16015012E-03   1.59177999E-03
   1.49674003E-03   1.61536003E-03
   1.02820003E-03   1.63086003E-03
   3.64948006E-04   1.65077997E-03
   1.12996995E-03   1.61802000E-03
   4.10381006E-03   1.63262000E-03
   6.79022982E-04   1.75962003E-03
   4.87760000E-04   1.76172995E-03
   5.31435013E-03   1.70706003E-03
   4.89512982E-04   1.73063995E-03
   1.38603995E-04   1.74613995E-03
   3.71956994E-04   1.76606001E-03
   2.37389002E-03   1.64721999E-03
   5.28127013E-04   1.77422003E-03
   9.82576981E-04   1.77633006E-03
   7.21302023E-03   1.72166002E-03
   2.77231011E-04   1.74523995E-03
   5.94813027E-04   1.76073995E-03
   5.05327014E-04   1.78066001E-03
   1.17550997E-04   1.90121995E-03
   2.15806998E-04   1.90332998E-03
   3.10728000E-03   1.84865994E-03
   1.59671006E-04   1.87223998E-03
   8.70282005E-04   1.88773999E-03
   2.15806998E-04   1.90766004E-03
   1.82472999E-04   1.90544000E-03
   3.79160000E-03   1.85076997E-03
   7.72025014E-05   1.87435001E-03
   1.04742998E-03   1.88985001E-03
   2.63182010E-04   1.90976996E-03
   4.21092991E-04   1.79610006E-03
   5.38653985E-04   1.81967998E-03
   6.77242002E-04   1.83517998E-03
   6.14093005E-05   1.85510004E-03
   3.33370008E-05   1.84326002E-03
   1.43876998E-04   1.85876002E-03
   3.68461006E-05   1.87867996E-03
   5.61464985E-05   1.87426002E-03
   4.73733999E-05   1.89417996E-03
       -1137       -1137
   1.01707000E-02   1.13400001E-05
   8.69658962E-03   1.10230001E-04
   5.38528012E-03   2.25509997E-04
   7.50881014E-03   2.40110006E-04
   2.18322990E-03   3.67110013E-04
   3.12612997E-03   3.69220012E-04
   1.19724998E-03   3.14550009E-04
   1.43111998E-03   3.38129990E-04
   9.51936992E-04   3.53629992E-04
   8.70297008E-05   3.73549992E-04
   4.60989997E-02   7.66800003E-05
  0.150386006       9.55799987E-05
   2.06409004E-02   2.31090002E-04
   1.73729006E-02   3.09140014E-04
   1.78513005E-02   4.08029999E-04
   9.47653037E-03   5.23309980E-04
   1.28423003E-02   5.37909975E-04
   2.72010011E-03   6.64910011E-04
   5.04923007E-03   6.67019980E-04
   3.96410003E-03   6.12350006E-04
   2.62499996E-03   6.35929988E-04
   2.37796991E-03   6.51429989E-04
   2.95809004E-04   6.71349990E-04
   3.50737981E-02   1.44120000E-04
   8.50935001E-03   1.63019999E-04
   3.19040008E-03   2.98530009E-04
   1.42973000E-02   3.76579992E-04
   2.42345990E-03   4.75470006E-04
   1.21429004E-03   5.90750016E-04
   1.40114001E-03   6.05350011E-04
   5.96633006E-04   7.32349989E-04
   4.17773990E-04   7.34460016E-04
   4.66669007E-04   6.79789984E-04
   1.45847001E-03   7.03370024E-04
   2.43087998E-04   7.18870026E-04
   3.37597994E-05   7.38790026E-04
   1.30154996E-03   5.37959975E-04
   6.28178986E-03   5.56860003E-04
   3.46317003E-03   6.92369998E-04
   1.26243997E-02   7.70420011E-04
   1.16489001E-03   8.69309995E-04
   4.11545997E-03   9.84590035E-04
   3.83891002E-03   9.99190030E-04
   7.62576994E-04   1.12618995E-03
   5.44523005E-04   1.12829998E-03
   6.67279994E-04   1.07362994E-03
   1.32300996E-03   1.09720998E-03
   1.35758994E-04   1.11270999E-03
   4.97662004E-05   1.13263004E-03
   3.54983000E-04   5.75759972E-04
   1.83512003E-03   7.11270026E-04
   1.90359000E-02   7.89319980E-04
   9.76404990E-04   8.88210023E-04
   9.00757033E-03   1.00348995E-03
   8.80419975E-04   1.01809006E-03
   1.41972996E-04   1.14508998E-03
   9.67415035E-05   1.14720000E-03
   2.56394997E-04   1.09252997E-03
   1.89675996E-03   1.11611001E-03
   1.08526001E-04   1.13161001E-03
   1.83138000E-05   1.15152996E-03
   3.04711005E-03   8.46780022E-04
   3.87553982E-02   9.24829976E-04
   7.25373020E-03   1.02372002E-03
   1.02268001E-02   1.13900006E-03
   6.58603990E-03   1.15360005E-03
   1.07191002E-03   1.28059997E-03
   2.21083011E-03   1.28271000E-03
   8.87083996E-04   1.22803997E-03
   3.85330990E-03   1.25162001E-03
   8.66290997E-04   1.26712001E-03
   6.46831977E-05   1.28703995E-03
   2.70092003E-02   1.00288005E-03
   6.75757006E-02   1.10176997E-03
   5.71749993E-02   1.21705001E-03
   9.42770019E-02   1.23165001E-03
   3.87295000E-02   1.35865004E-03
   5.14544994E-02   1.36075995E-03
   7.66025018E-03   1.30609004E-03
   7.19123008E-03   1.32966996E-03
   9.08553042E-03   1.34516996E-03
   5.72905003E-04   1.36509002E-03
   1.79496000E-03   1.20066002E-03
   9.25610960E-03   1.31594006E-03
   4.41465992E-03   1.33054005E-03
   1.06723001E-03   1.45753997E-03
   1.70945004E-03   1.45965000E-03
   9.74864000E-04   1.40497996E-03
   6.86558988E-03   1.42856000E-03
   4.08886001E-04   1.44406001E-03
   6.93028996E-05   1.46397995E-03
   3.47435009E-03   1.43121998E-03
   4.89052013E-03   1.44581997E-03
   7.24215992E-03   1.57282001E-03
   1.17165996E-02   1.57493004E-03
   1.80195004E-03   1.52026000E-03
   5.97163010E-03   1.54384004E-03
   1.20586995E-03   1.55934005E-03
   1.33983005E-04   1.57925999E-03
   8.29341006E-04   1.46041997E-03
   1.58935995E-03   1.58742000E-03
   9.51807015E-04   1.58953003E-03
   7.90078018E-04   1.53486000E-03
   9.69379023E-03   1.55844004E-03
   4.78205009E-04   1.57394004E-03
   5.54438011E-05   1.59385998E-03
   2.72603007E-04   1.71442004E-03
   4.08891006E-04   1.71652995E-03
   1.87123005E-04   1.66186003E-03
   3.79090011E-03   1.68543996E-03
   1.20129000E-04   1.70093996E-03
   1.38603000E-05   1.72086002E-03
   1.03954997E-04   1.71863998E-03
   3.00318003E-04   1.66396995E-03
   5.06378012E-03   1.68754999E-03
   1.75562993E-04   1.70304999E-03
   2.07912999E-05   1.72297005E-03
   6.46830013E-05   1.60930003E-03
   7.66957004E-04   1.63287995E-03
   1.15502000E-04   1.64837996E-03
   9.24006963E-06   1.66830001E-03
   4.43547004E-04   1.65645999E-03
   9.24004009E-04   1.67196000E-03
   5.77524006E-05   1.69188005E-03
   2.30999995E-05   1.68746000E-03
   9.24001961E-06   1.70738006E-03
       -1137       -1137
   4.57514003E-02   2.86300001E-05
   1.78024992E-02   1.43910001E-04
   2.58611999E-02   1.58509996E-04
   5.18092001E-03   2.85510003E-04
   4.73594014E-03   2.87620001E-04
   3.78457992E-03   2.32949998E-04
   2.74911989E-03   2.56530009E-04
   5.17761987E-03   2.72030011E-04
   2.76862003E-04   2.91950011E-04
  0.136399999       0.00000000    
  0.122070000       9.60699981E-05
  0.111740001       2.11349994E-04
  0.132400006       2.25950003E-04
   1.50929997E-02   3.52950010E-04
   1.82290003E-02   3.55060009E-04
   2.15789992E-02   3.00390006E-04
   1.92629993E-02   3.23969987E-04
   1.52409999E-02   3.39469989E-04
   1.60480000E-03   3.59389989E-04
   1.08890003E-03   1.58559997E-04
   1.70778995E-03   1.77459995E-04
   1.04360003E-02   3.12969991E-04
   4.95256018E-03   3.91020003E-04
   5.03845997E-02   4.89910017E-04
   2.08639004E-03   6.05189998E-04
   7.15016015E-03   6.19789993E-04
   1.18120003E-03   7.46790029E-04
   1.21629995E-03   7.48899998E-04
   1.17820001E-03   6.94230024E-04
   6.65095984E-04   7.17810006E-04
   4.48067021E-03   7.33310007E-04
   8.22580987E-05   7.53230008E-04
   3.12392996E-03   1.96359993E-04
   2.46632993E-02   3.31869989E-04
   1.79951992E-02   4.09920001E-04
   6.09746017E-02   5.08809986E-04
   1.52231997E-03   6.24090026E-04
   1.04371002E-02   6.38690020E-04
   5.02484990E-03   7.65689998E-04
   5.93905989E-03   7.67800026E-04
   3.41734011E-03   7.13129994E-04
   2.56022997E-03   7.36709975E-04
   5.47685008E-03   7.52209977E-04
   2.45272997E-04   7.72129977E-04
   1.13360999E-04   4.67380014E-04
   3.19771003E-04   5.45429997E-04
   4.91602020E-03   6.44319982E-04
   4.48920997E-04   7.59600021E-04
   7.25793012E-04   7.74200016E-04
   3.51872004E-04   9.01199994E-04
   3.68662004E-04   9.03310021E-04
   3.96241994E-05   8.48639989E-04
   3.51111994E-05   8.72219971E-04
   4.20072000E-04   8.87719973E-04
   3.00952001E-06   9.07639973E-04
   1.75549994E-05   6.23480009E-04
   5.73626999E-03   7.22369994E-04
   2.67839001E-04   8.37649975E-04
   6.89416018E-04   8.52250028E-04
   2.75878992E-04   9.79249948E-04
   6.56566001E-04   9.81359975E-04
   5.26647018E-05   9.26690002E-04
   1.12859998E-05   9.50269983E-04
   5.02826995E-04   9.65769985E-04
   4.01258012E-06   9.85690043E-04
   7.01258006E-03   8.21259979E-04
   8.75021983E-03   9.36540018E-04
   1.15090003E-02   9.51140013E-04
   5.54948021E-03   1.07813999E-03
   6.54088007E-03   1.08025002E-03
   9.78060998E-04   1.02557999E-03
   9.05602006E-04   1.04916003E-03
   1.56300003E-03   1.06466003E-03
   7.32308035E-05   1.08457997E-03
   1.70280997E-04   1.05182000E-03
   1.02000998E-03   1.06641999E-03
   1.22890997E-04   1.19342003E-03
   2.65092007E-04   1.19553006E-03
   5.96881982E-05   1.14086003E-03
   4.43901990E-05   1.16443995E-03
   7.76191999E-04   1.17993995E-03
   4.26342012E-06   1.19986001E-03
   9.68742999E-04   1.08101999E-03
   4.24336002E-04   1.20802002E-03
   5.72043005E-04   1.21013005E-03
   1.38938994E-04   1.15546002E-03
   1.17869000E-04   1.17903994E-03
   1.03269005E-03   1.19453995E-03
   1.02828999E-05   1.21446000E-03
   1.73040007E-05   1.33501994E-03
   8.75240003E-05   1.33712997E-03
   4.33868008E-05   1.28246006E-03
   1.27900003E-05   1.30603998E-03
   4.73986991E-04   1.32153998E-03
   3.00949000E-06   1.34146004E-03
   5.51734993E-05   1.33924000E-03
   4.71485000E-05   1.28456997E-03
   3.28536989E-05   1.30815001E-03
   5.55504987E-04   1.32365001E-03
   3.26026998E-06   1.34356995E-03
   1.00320005E-06   1.22990005E-03
   3.51107997E-06   1.25347998E-03
   8.35121027E-05   1.26897998E-03
   2.50788986E-07   1.28890004E-03
   2.50790009E-07   1.27706002E-03
   7.89984988E-05   1.29256002E-03
   2.50790009E-07   1.31247996E-03
   8.22583970E-05   1.30806002E-03
   6.26977999E-06   1.32797996E-03
       -1137       -1137
   5.42715983E-03   5.51500016E-05
   6.83083013E-03   5.72600002E-05
   2.56886007E-03   2.58999989E-06
   1.19982997E-03   2.61700006E-05
   2.44975998E-03   4.16699986E-05
   1.48592997E-04   6.15899989E-05
  0.118850999       1.51699996E-05
  0.111381002       9.32199982E-05
  0.119061001       1.92110005E-04
  0.124040999       3.07390001E-04
  0.127681002       3.21989995E-04
   1.07450997E-02   4.48990002E-04
   9.26044956E-03   4.51100001E-04
   2.36242004E-02   3.96429998E-04
   1.79522000E-02   4.20010008E-04
   1.55991996E-02   4.35510010E-04
   1.75572000E-03   4.55430010E-04
   7.72665022E-03   3.40699989E-05
   1.81032997E-02   1.12119997E-04
   7.86907040E-03   2.11010003E-04
  0.130941004       3.26289999E-04
   5.37309004E-03   3.40889994E-04
   2.33822991E-03   4.67890000E-04
   9.40118975E-04   4.69999999E-04
   1.12730998E-03   4.15329996E-04
   1.79192994E-03   4.38910007E-04
   7.57215021E-04   4.54410008E-04
   8.19888010E-05   4.74330009E-04
   8.65212991E-04   1.69580002E-04
   2.19751010E-03   2.47630000E-04
   1.42451003E-03   3.46520013E-04
   1.16921002E-02   4.61799995E-04
   1.43841002E-03   4.76399990E-04
   2.63582007E-03   6.03399996E-04
   2.20301002E-03   6.05510024E-04
   1.98260997E-04   5.50839992E-04
   2.23101000E-04   5.74419973E-04
   1.52940993E-04   5.89919975E-04
   1.41901000E-05   6.09839975E-04
   6.50004018E-04   3.25680012E-04
   1.81945995E-03   4.24569997E-04
   8.84125009E-03   5.39849978E-04
   8.74303980E-04   5.54449973E-04
   3.37420002E-04   6.81450008E-04
   3.23229993E-04   6.83559978E-04
   1.78556002E-04   6.28890004E-04
   1.40324002E-04   6.52469986E-04
   1.45854006E-04   6.67969987E-04
   1.26143996E-05   6.87889988E-04
   5.79455984E-04   5.23459981E-04
   1.74604002E-02   6.38740021E-04
   1.45692995E-03   6.53340016E-04
   9.23576008E-04   7.80339993E-04
   5.40032983E-04   7.82450021E-04
   6.74050025E-05   7.27779989E-04
   1.24961996E-04   7.51360029E-04
   9.89407999E-05   7.66859972E-04
   4.33599007E-06   7.86779972E-04
   1.16621004E-02   7.54020002E-04
   2.24532001E-02   7.68619997E-04
   9.69877001E-03   8.95619974E-04
   1.30331004E-02   8.97730002E-04
   1.88332004E-03   8.43060028E-04
   1.43440999E-03   8.66640010E-04
   2.23922008E-03   8.82140012E-04
   1.39930999E-04   9.02060012E-04
   3.74079013E-04   7.83219992E-04
   1.06932002E-03   9.10220027E-04
   3.69748013E-04   9.12329997E-04
   7.21362012E-05   8.57660023E-04
   7.41062031E-05   8.81240005E-04
   1.22591999E-04   8.96740006E-04
   5.51854009E-06   9.16660007E-04
   2.12062994E-04   1.03722000E-03
   3.37814010E-04   1.03933003E-03
   1.34411006E-04   9.84660001E-04
   5.43968999E-05   1.00824004E-03
   9.46038999E-05   1.02374004E-03
   8.67208018E-06   1.04365998E-03
   4.57237002E-05   1.04143994E-03
   9.02682004E-05   9.86770028E-04
   4.76958994E-05   1.01034995E-03
   4.84839002E-05   1.02584995E-03
   5.51851008E-06   1.04577001E-03
   5.12446013E-06   9.32099996E-04
   1.06432999E-05   9.55679978E-04
   6.30692011E-06   9.71179979E-04
   7.88360012E-07   9.91099980E-04
   2.75917000E-06   9.79259959E-04
   9.46049022E-06   9.94759961E-04
   7.88355976E-07   1.01468002E-03
   4.33593004E-06   1.01025996E-03
   3.94172986E-07   1.03018002E-03
       -1137       -1137
   8.80740955E-03   2.57800002E-05
   1.63208004E-02   1.24669998E-04
   8.33221991E-03   2.39949994E-04
  0.111768998       2.54549988E-04
   1.96307991E-03   3.81549995E-04
   1.70018000E-03   3.83659994E-04
   2.19068001E-03   3.28989991E-04
   1.47918996E-03   3.52570001E-04
   1.76648004E-03   3.68070003E-04
   1.61137999E-04   3.87990003E-04
  0.142320007       4.46800004E-05
  0.120650001       1.43569996E-04
  0.123889998       2.58849992E-04
  0.216250002       2.73449987E-04
   1.08899996E-02   4.00449993E-04
   1.70489997E-02   4.02559992E-04
   2.59249005E-02   3.47889989E-04
   2.22319998E-02   3.71470000E-04
   1.59409996E-02   3.86970001E-04
   1.92379998E-03   4.06890002E-04
   1.72258995E-03   1.02140002E-04
   2.55186995E-03   1.80190007E-04
   3.16011999E-03   2.79080006E-04
   2.64446996E-03   3.94359988E-04
   1.41749000E-02   4.08960012E-04
   2.74986005E-03   5.35960018E-04
   4.20247996E-03   5.38069988E-04
   3.80548998E-04   4.83400014E-04
   2.85095011E-04   5.06979995E-04
   3.33850010E-04   5.22479997E-04
   2.72706002E-05   5.42399997E-04
   3.84674000E-04   2.58240005E-04
   3.56414006E-03   3.57129989E-04
   6.30535011E-04   4.72410000E-04
   1.37911001E-02   4.87009995E-04
   3.82603990E-04   6.14009972E-04
   7.40864023E-04   6.16120000E-04
   1.72711007E-04   5.61450026E-04
   8.67693016E-05   5.85030008E-04
   2.65679992E-04   6.00530009E-04
   1.19820997E-05   6.20450010E-04
   1.14832004E-03   4.56020003E-04
   2.46063992E-03   5.71299985E-04
   1.74313001E-02   5.85899979E-04
   7.74746004E-04   7.12900015E-04
   9.86304949E-04   7.15009985E-04
   9.37954974E-05   6.60340011E-04
   1.36773000E-04   6.83919992E-04
   1.98334004E-04   6.99419994E-04
   5.78483014E-06   7.19339994E-04
   1.43792000E-04   6.86580024E-04
   1.77592002E-02   7.01180019E-04
   2.73532001E-04   8.28179996E-04
   1.02601002E-03   8.30290024E-04
   7.10691966E-05   7.75619992E-04
   5.04099007E-05   7.99199974E-04
   2.18992995E-04   8.14699975E-04
   4.95828999E-06   8.34619976E-04
   1.95278004E-02   7.15780014E-04
   1.16518997E-02   8.42779991E-04
   1.36519000E-02   8.44890019E-04
   2.05028011E-03   7.90219987E-04
   1.93618005E-03   8.13800027E-04
   2.27047992E-03   8.29300028E-04
   1.52469001E-04   8.49220029E-04
   5.12352999E-05   9.69780027E-04
   3.51622992E-04   9.71889996E-04
   1.13629998E-04   9.17220023E-04
   3.84263003E-05   9.40800004E-04
   6.23914020E-05   9.56300006E-04
   7.02423995E-06   9.76220006E-04
   3.04518006E-04   9.74000024E-04
   1.88831007E-04   9.19329992E-04
   5.99134983E-05   9.42909974E-04
   9.54482020E-05   9.58409975E-04
   1.15700996E-05   9.78330034E-04
   1.11561003E-05   8.64660018E-04
   1.44611004E-05   8.88240000E-04
   1.07430997E-05   9.03740001E-04
   1.65281006E-06   9.23660002E-04
   2.89234004E-06   9.11819981E-04
   1.19822998E-05   9.27319983E-04
   8.26399003E-07   9.47239983E-04
   9.50362028E-06   9.42819985E-04
   8.26392977E-07   9.62739985E-04
       -1137       -1137
  0.334298015       6.61000013E-06
   2.01168992E-02   8.71999964E-06
   2.76878010E-04   1.30500002E-05
   3.42472992E-03   1.51200002E-05
   4.65884991E-02   1.42120000E-04
   9.83949006E-03   1.44229998E-04
   4.55784000E-04   8.95600024E-05
   5.40975016E-04   1.13139999E-04
   1.42701005E-03   1.28639993E-04
   2.98172999E-05   1.48559993E-04
   2.64708996E-02   7.85700031E-05
   5.47807999E-02   9.31699979E-05
   4.61848006E-02   2.20169997E-04
   1.09649003E-02   2.22279996E-04
   4.57266998E-03   1.67609993E-04
   2.51528993E-03   1.91190004E-04
   3.55247990E-03   2.06690005E-04
   3.08818999E-04   2.26610005E-04
   4.64738021E-03   6.21799991E-05
   3.06185000E-02   1.77459995E-04
   2.11724006E-02   1.92060004E-04
   6.76110983E-02   3.19059996E-04
   3.89536005E-03   3.21169995E-04
   1.46742002E-03   2.66499992E-04
   9.43485997E-04   2.90080003E-04
   6.17649988E-04   3.05580004E-04
   8.73195022E-05   3.25500005E-04
   3.24161001E-03   2.92740006E-04
   8.51034001E-03   3.07340000E-04
   5.98413013E-02   4.34340007E-04
   6.41502999E-03   4.36450006E-04
   4.64303012E-04   3.81780002E-04
   2.12551001E-03   4.05360013E-04
   1.46109995E-03   4.20859986E-04
   3.62061000E-05   4.40779986E-04
   2.23844009E-03   3.21939995E-04
   8.88935030E-02   4.48940002E-04
   2.30874005E-03   4.51050000E-04
   5.45239018E-04   3.96379997E-04
   1.46962004E-03   4.19960008E-04
   8.30614008E-04   4.35460010E-04
   3.83365987E-05   4.55380010E-04
   3.71254012E-02   5.75940008E-04
   6.12897016E-02   5.78049978E-04
   7.50757987E-03   5.23380004E-04
   6.60877023E-03   5.46959986E-04
   8.48540012E-03   5.62459987E-04
   5.53756021E-04   5.82379987E-04
   6.30435999E-04   5.80160005E-04
   2.32156002E-04   5.25489973E-04
   7.79521011E-04   5.49070013E-04
   2.76887004E-04   5.64570015E-04
   1.49082998E-05   5.84490015E-04
   2.12982995E-05   4.70819999E-04
   1.68251994E-04   4.94399981E-04
   1.00101002E-04   5.09899983E-04
   2.12982991E-06   5.29819983E-04
   5.75060003E-05   5.17980021E-04
   6.81552992E-05   5.33480023E-04
   1.06492998E-05   5.53400023E-04
   1.49077996E-05   5.48980024E-04
   6.38931988E-06   5.68900025E-04
       -1137       -1137
   1.25382002E-02   1.23220001E-04
   7.27927983E-02   1.25330000E-04
   6.76197989E-04   7.06599967E-05
   1.98352989E-03   9.42400002E-05
   1.38782000E-03   1.09740002E-04
   4.18605014E-05   1.29659995E-04
   3.08166002E-03   5.96700011E-05
   6.55282987E-03   7.42699995E-05
   8.17885972E-04   2.01269999E-04
   6.27823994E-02   2.03379997E-04
   1.86124002E-03   1.48709994E-04
   4.18609008E-04   1.72290005E-04
   4.57249989E-04   1.87790007E-04
   1.09483000E-04   2.07710007E-04
   2.87287999E-02   4.32800007E-05
   7.37634003E-02   1.58559997E-04
  0.140288994       1.73160006E-04
   1.70588996E-02   3.00159998E-04
  0.113769002       3.02269997E-04
   4.50157002E-03   2.47599994E-04
   1.53918995E-03   2.71180004E-04
   3.09118000E-03   2.86680006E-04
   2.89807998E-04   3.06600006E-04
   1.17210997E-03   2.73840007E-04
   1.36110997E-02   2.88440002E-04
   2.17031990E-03   4.15440009E-04
   9.64395031E-02   4.17550007E-04
   6.98744028E-04   3.62880004E-04
   6.72973983E-04   3.86459986E-04
   1.77742005E-03   4.01959987E-04
   4.83002987E-05   4.21879988E-04
   8.28498043E-03   3.03039997E-04
   9.30579007E-03   4.30040003E-04
  0.126829997       4.32150002E-04
   8.62959016E-04   3.77479999E-04
   1.04969996E-03   4.01060010E-04
   3.71260010E-03   4.16560011E-04
   6.43988969E-05   4.36480012E-04
   6.76197989E-04   5.57039981E-04
   7.38098025E-02   5.59150008E-04
   3.34884011E-04   5.04479976E-04
   8.05019008E-05   5.28060016E-04
   1.11742003E-03   5.43560018E-04
   2.25392996E-05   5.63480018E-04
   7.31519982E-02   5.61259978E-04
   1.12086004E-02   5.06590004E-04
   9.41811968E-03   5.30169986E-04
   1.33074997E-02   5.45669987E-04
   8.24276009E-04   5.65589988E-04
   2.89808995E-05   4.51920001E-04
   1.22350000E-04   4.75500012E-04
   2.18960005E-04   4.91000013E-04
   3.22010010E-06   5.10920014E-04
   1.28791999E-05   4.99079993E-04
   6.11799987E-05   5.14579995E-04
   9.66013977E-06   5.34499995E-04
   5.47402014E-05   5.30079997E-04
   1.28790998E-05   5.49999997E-04
       -1137       -1137
   6.08378984E-02   6.57600031E-05
  0.107345998       6.78700017E-05
   1.93022992E-02   1.31999996E-05
   1.33915003E-02   3.67799985E-05
   2.14613006E-02   5.22800001E-05
   1.38074998E-03   7.21999968E-05
  0.128236994       2.30500009E-05
  0.112898000       3.76499993E-05
  0.147406995       1.64650002E-04
  0.132237002       1.66760001E-04
   1.45886997E-02   1.12089998E-04
   1.48707004E-02   1.35669994E-04
   1.10927997E-02   1.51169996E-04
   1.05898001E-03   1.71089996E-04
   1.39482005E-03   1.38329997E-04
  0.101971000       1.52930006E-04
   4.24944982E-03   2.79930013E-04
   1.56271998E-02   2.82040011E-04
   5.08276979E-03   2.27369994E-04
   1.10831996E-03   2.50949990E-04
   3.46904993E-03   2.66449992E-04
   3.07034003E-04   2.86369992E-04
   2.32785009E-02   1.67530001E-04
   1.79206003E-02   2.94530008E-04
   1.17368000E-02   2.96640006E-04
   7.10566016E-03   2.41970003E-04
   3.08353989E-03   2.65550014E-04
   2.22355011E-03   2.81049986E-04
   4.27451014E-04   3.00969987E-04
   8.04609008E-05   4.21530014E-04
   2.61066994E-03   4.23640013E-04
   3.19356006E-03   3.68970010E-04
   3.01005988E-04   3.92549991E-04
   7.01270008E-04   4.08049993E-04
   1.78546994E-04   4.27969993E-04
   4.96827008E-04   4.25750011E-04
   3.95639986E-03   3.71080008E-04
   6.77131990E-04   3.94659990E-04
   4.48898005E-04   4.10159992E-04
   2.21055001E-04   4.30079992E-04
   4.09761007E-04   3.16410005E-04
   4.82006988E-04   3.39989987E-04
   6.33231015E-04   3.55489989E-04
   5.31024998E-05   3.75409989E-04
   4.32800989E-05   3.63569998E-04
   2.35275002E-04   3.79069999E-04
   2.62555004E-05   3.98990000E-04
   8.63059977E-05   3.94570001E-04
   3.65041997E-05   4.14490001E-04
       -1137       -1137
   3.19539011E-02   8.65999973E-05
   1.83848999E-02   8.87100032E-05
   1.28119001E-02   3.40400002E-05
   9.20035038E-03   5.76200000E-05
   7.11367000E-03   7.31199980E-05
   7.02206977E-04   9.30399983E-05
   6.87239021E-02   6.02799992E-05
  0.273959994       7.48800012E-05
  0.100429997       2.01880001E-04
  0.223538995       2.03989999E-04
   3.15990001E-02   1.49319996E-04
   2.09608991E-02   1.72900007E-04
   2.79869996E-02   1.88399994E-04
   2.40020012E-03   2.08319994E-04
   1.08783999E-02   8.94800032E-05
   5.56572005E-02   2.16479995E-04
   1.26013001E-02   2.18589994E-04
   3.30293993E-03   1.63920005E-04
   1.52062001E-02   1.87500002E-04
   2.88635003E-03   2.03000003E-04
   2.07528996E-04   2.22920004E-04
   4.81159007E-03   3.43480002E-04
   2.97449995E-02   3.45590001E-04
   3.71998991E-03   2.90919997E-04
   7.36327982E-03   3.14500008E-04
   3.24019999E-03   3.30000010E-04
   2.74988997E-04   3.49920010E-04
   1.58288004E-03   3.47699999E-04
   1.42197998E-03   2.93029996E-04
   1.13698002E-02   3.16610007E-04
   1.11767999E-03   3.32110008E-04
   8.76117992E-05   3.52030009E-04
   1.00188998E-04   2.38359993E-04
   1.44848996E-03   2.61940004E-04
   2.42458002E-04   2.77440005E-04
   1.23608997E-05   2.97360006E-04
   8.66398972E-04   2.85519985E-04
   1.74550002E-03   3.01019987E-04
   1.11900001E-04   3.20939987E-04
   7.39500974E-05   3.16519989E-04
   1.43128000E-05   3.36439989E-04
       -1137       -1137
   2.85133999E-02   1.02990001E-04
  0.107551001       1.05100000E-04
   6.55017002E-03   5.04300006E-05
   4.56154998E-03   7.40100004E-05
   1.13182003E-02   8.95100020E-05
   3.94723989E-04   1.09430002E-04
  0.367154002       1.17590003E-04
  0.322425008       1.19700002E-04
   3.15234996E-02   6.50299990E-05
   3.22404988E-02   8.86100024E-05
   2.99434997E-02   1.04109997E-04
   2.32066005E-03   1.24030004E-04
   7.74886983E-04   2.44589988E-04
   1.74576994E-02   2.46699987E-04
   2.74266000E-03   1.92029998E-04
   8.13285995E-04   2.15609994E-04
   6.13110000E-03   2.31109996E-04
   9.12464966E-05   2.51029996E-04
   6.93883980E-03   2.48810014E-04
   5.07286005E-03   1.94139997E-04
   3.88215994E-03   2.17719993E-04
   7.35383015E-03   2.33219995E-04
   2.38228007E-04   2.53139995E-04
   2.77582993E-04   1.39469994E-04
   3.72451002E-04   1.63050005E-04
   1.19917002E-03   1.78550006E-04
   3.35851000E-05   1.98470007E-04
   5.89855017E-06   1.86630001E-04
   1.05000997E-03   2.02130002E-04
   1.46861003E-05   2.22050003E-04
   9.43425985E-04   2.17630004E-04
   7.89702026E-05   2.37550004E-04
       -1137       -1137
          -1          -1
