   3.38562997E-03   8.97520036E-02
   7.02033984E-03   9.07009989E-02
   1.84079004E-03   9.67829973E-02
   1.42900005E-03  0.110698998    
   1.54772005E-03  0.111138001    
   4.75876004E-04  0.112586997    
   4.19009011E-05  0.113250002    
   2.22607996E-05  0.113523997    
   3.93135997E-04  0.116114996    
   4.19685995E-04  0.116323002    
   1.33078007E-04  0.116714999    
   1.35171003E-05  0.117034003    
   7.09085998E-06  0.117105000    
   3.85621988E-08  0.117521003    
   3.85621988E-08  0.117541999    
   1.10357003E-04  0.117668003    
   1.12173999E-04  0.117749996    
   3.54377989E-05  0.117867000    
   3.24880011E-06  0.117985003    
   1.69119005E-06  0.118001997    
   1.75184003E-04   9.16500017E-02
   2.74493010E-03   9.77320001E-02
   1.32938998E-03  0.111648001    
   7.05080965E-05  0.112086996    
   6.15558005E-04  0.113536000    
   4.30524997E-05  0.114198998    
   8.24456001E-05  0.114473000    
   3.56601988E-04  0.117063999    
   1.92518000E-05  0.117271997    
   1.66230995E-04  0.117664002    
   1.34340999E-05  0.117982998    
   2.59016997E-05  0.118054003    
   4.16586005E-07  0.118469998    
   5.86886983E-07  0.118491001    
   9.88675019E-05  0.118616998    
   5.08259018E-06  0.118698999    
   4.37568015E-05  0.118816003    
   3.06340007E-06  0.118933998    
   5.99375016E-06  0.118951000    
   1.03984994E-03  0.103813998    
   3.05894995E-04  0.117729999    
   5.00782975E-04  0.118169002    
   4.79042006E-04  0.119617999    
   8.45660034E-05  0.120281003    
   6.39196005E-05  0.120554999    
   7.97360990E-05  0.123145998    
   1.30336004E-04  0.123354003    
   1.30300003E-04  0.123746000    
   2.64886003E-05  0.124064997    
   2.00894992E-05  0.124136001    
   5.75942011E-07  0.124551997    
   6.11497001E-07  0.124573000    
   2.22076997E-05  0.124698997    
   3.49410002E-05  0.124780998    
   3.45629996E-05  0.124898002    
   6.37709991E-06  0.125016004    
   4.78168022E-06  0.125033006    
   1.49373998E-04  0.131646007    
   2.94088008E-04  0.132084996    
   7.95711967E-05  0.133533999    
   6.80071980E-06  0.134196997    
   3.43669990E-06  0.134470999    
   8.20779969E-05  0.137061998    
   7.98370020E-05  0.137270004    
   2.23388997E-05  0.137661994    
   2.22277004E-06  0.137980998    
   1.11479005E-06  0.138052002    
   2.30463993E-05  0.138614997    
   2.13608000E-05  0.138696998    
   5.97670987E-06  0.138814002    
   5.50938978E-07  0.138932005    
   2.50312013E-07  0.138949007    
   6.20550009E-06  0.132523999    
   1.16438001E-04  0.133973002    
   7.63006028E-06  0.134636000    
   1.08902996E-05  0.134910002    
   7.87897006E-05  0.137501001    
   3.25551991E-06  0.137709007    
   3.16400001E-05  0.138100997    
   2.36126994E-06  0.138420001    
   3.44811997E-06  0.138491005    
   7.07971992E-08  0.138907000    
   4.90800005E-08  0.138927996    
   2.18542991E-05  0.139054000    
   8.44177976E-07  0.139136001    
   8.34969978E-06  0.139253005    
   5.38163988E-07  0.139370993    
   7.91557000E-07  0.139387995    
   5.58298016E-05  0.135422006    
   1.61505995E-05  0.136085004    
   1.16288002E-05  0.136359006    
   2.07264002E-05  0.138950005    
   3.05137000E-05  0.139157996    
   3.04187997E-05  0.139550000    
   5.09383017E-06  0.139869004    
   3.67565008E-06  0.139939994    
   7.07429990E-08  0.140356004    
   7.70963027E-08  0.140377000    
   5.77068022E-06  0.140503004    
   8.18545959E-06  0.140585005    
   8.06594016E-06  0.140701994    
   1.22158997E-06  0.140819997    
   8.69853011E-07  0.140836999    
   6.44081979E-08  0.136748001    
   1.53748999E-06  0.137022004    
   1.76152002E-06  0.139613003    
   1.99691999E-06  0.139820993    
   4.20069000E-06  0.140212998    
   5.32878985E-08  0.140532002    
   4.65977990E-07  0.140603006    
   2.20204992E-08  0.141039997    
   4.96632993E-07  0.141166002    
   5.56034990E-07  0.141248003    
   1.11545000E-06  0.141365007    
   8.72117027E-08  0.141499996    
   3.87846995E-07  0.137296006    
   8.64299011E-07  0.139887005    
   2.61381001E-06  0.140094995    
   2.97786005E-06  0.140487000    
   4.43656006E-07  0.140806004    
   2.20485006E-07  0.140876994    
   2.23803994E-07  0.141440004    
   6.77059973E-07  0.141522005    
   7.66569997E-07  0.141638994    
   8.72342980E-08  0.141756997    
   6.91549999E-08  0.141773999    
   1.12573998E-05  0.142478004    
   2.13680996E-05  0.142685995    
   5.80697997E-06  0.143077999    
   5.73468981E-07  0.143397003    
   2.82179997E-07  0.143468007    
   6.31368994E-06  0.144031003    
   5.70613020E-06  0.144113004    
   1.54607005E-06  0.144229993    
   1.34716004E-07  0.144347996    
   5.17321013E-08  0.144364998    
   4.07158012E-07  0.142894000    
   8.29555029E-06  0.143286005    
   6.01532008E-07  0.143604994    
   8.23776986E-07  0.143675998    
   1.94043999E-08  0.144091994    
   1.95579002E-08  0.144113004    
   5.93695995E-06  0.144238994    
   2.29755003E-07  0.144320995    
   2.19327990E-06  0.144437999    
   1.51308996E-07  0.144556001    
   1.96244002E-07  0.144573003    
   4.15318982E-06  0.143677995    
   1.33061997E-06  0.143996999    
   9.57641987E-07  0.144068003    
   1.95908001E-08  0.144483998    
   1.95904999E-08  0.144504994    
   1.61249000E-06  0.144630998    
   2.22320000E-06  0.144712999    
   2.19736989E-06  0.144830003    
   3.14382987E-07  0.144948006    
   2.24877994E-07  0.144964993    
   1.42719003E-07  0.144387007    
   1.63381003E-07  0.144950002    
   1.60981998E-07  0.145032004    
   3.51797013E-07  0.145149007    
   5.06380999E-08  0.145283997    
   3.78187011E-08  0.144457996    
   8.50425010E-08  0.145021006    
   2.20559997E-07  0.145102993    
   2.44841999E-07  0.145219997    
   5.28039017E-08  0.145337999    
   1.88951006E-08  0.145355001    
   8.83072005E-07  0.145584002    
   1.57139004E-06  0.145666003    
   4.26387004E-07  0.145783007    
   5.34353006E-08  0.145900995    
   1.93548004E-08  0.145917997    
   1.88965004E-08  0.145748004    
   5.85944008E-07  0.145864993    
   5.07145010E-08  0.145982996    
   3.93843997E-08  0.145999998    
   2.96920007E-07  0.145981997    
   7.80966971E-08  0.146100000    
   7.03036989E-08  0.146117002    
       -1137       -1137
   1.12864003E-02   3.30999988E-04
   1.51134003E-02   3.52000003E-04
   5.77253010E-03   4.78000002E-04
   5.03569981E-03   5.60000015E-04
   3.43387993E-03   6.76999975E-04
   9.85329971E-04   7.95000000E-04
   1.16434996E-03   8.12000013E-04
   3.06212995E-02   1.47899997E-03
  0.183356002       2.14200001E-03
  0.210831001       2.41600000E-03
   1.60185993E-02   5.00700017E-03
   6.24341005E-03   5.21499990E-03
   8.07465985E-03   5.60700009E-03
   3.31565998E-02   5.92599995E-03
   3.68565992E-02   5.99699980E-03
   1.64928995E-02   6.41300017E-03
   1.97075997E-02   6.43400010E-03
   4.21623001E-03   6.56000013E-03
   1.66722003E-03   6.64199982E-03
   2.11865990E-03   6.75900001E-03
   7.00628990E-03   6.87699998E-03
   7.61700002E-03   6.89399987E-03
   6.13152003E-03   1.35070002E-02
   1.31879998E-02   1.39459996E-02
   1.61902998E-02   1.53949996E-02
   1.09168002E-02   1.60579998E-02
   1.22656003E-02   1.63320005E-02
   2.88246991E-03   1.89229995E-02
   3.55447992E-03   1.91309992E-02
   4.41299984E-03   1.95230003E-02
   2.88952002E-03   1.98420007E-02
   3.26236989E-03   1.99129991E-02
   2.71432014E-04   2.03290004E-02
   2.64720991E-04   2.03499999E-02
   7.82485993E-04   2.04760004E-02
   9.44421976E-04   2.05579996E-02
   1.15604000E-03   2.06749998E-02
   6.55398995E-04   2.07930002E-02
   7.31547014E-04   2.08100006E-02
   8.52738958E-06   1.43849999E-02
   2.48430006E-04   1.58340000E-02
   8.52008990E-04   1.64969992E-02
   5.28727006E-03   1.67709999E-02
   2.47350009E-03   1.93620007E-02
   1.21437995E-06   1.95700005E-02
   5.37952983E-05   1.99619997E-02
   1.83002005E-04   2.02810001E-02
   9.22337989E-04   2.03520004E-02
   1.07380001E-04   2.07679998E-02
   3.62774008E-04   2.07889993E-02
   6.26943016E-04   2.09149998E-02
   3.16697992E-07   2.09970009E-02
   1.32169998E-05   2.11139992E-02
   3.96832984E-05   2.12319996E-02
   1.86392994E-04   2.12490000E-02
   9.29908012E-04   1.72830001E-02
   1.38711999E-03   1.79459993E-02
   9.05702997E-04   1.82200000E-02
   2.89534009E-03   2.08110008E-02
   7.01157987E-05   2.10190006E-02
   4.02832986E-04   2.14109998E-02
   2.10797996E-04   2.17300002E-02
   1.03692000E-04   2.18010005E-02
   7.74676009E-05   2.22169999E-02
   7.30731990E-05   2.22379994E-02
   7.27480976E-04   2.23639999E-02
   1.87240003E-05   2.24459991E-02
   9.91077031E-05   2.25629993E-02
   4.22794001E-05   2.26809997E-02
   1.88851009E-05   2.26980001E-02
   5.79283980E-04   1.86090004E-02
   1.49365999E-02   1.88829992E-02
   1.72483001E-03   2.14740001E-02
   2.60614994E-04   2.16819998E-02
   3.65018001E-04   2.20740009E-02
   2.99454987E-04   2.23929994E-02
   2.79553002E-03   2.24639997E-02
   2.43183007E-04   2.28799991E-02
   6.46676985E-04   2.29010005E-02
   4.20800992E-04   2.30269991E-02
   7.16427021E-05   2.31090002E-02
   9.72217968E-05   2.32260004E-02
   6.79919976E-05   2.33440008E-02
   5.76375984E-04   2.33609993E-02
   3.97770992E-03   1.91569999E-02
   1.96416001E-03   2.17480008E-02
   1.24438002E-03   2.19560005E-02
   2.12401996E-04   2.23479997E-02
   2.63777003E-03   2.26670001E-02
   1.56726001E-03   2.27380004E-02
   7.04278005E-04   2.31539998E-02
   5.08924015E-04   2.31749993E-02
   4.83971002E-04   2.33009998E-02
   3.21742002E-04   2.33830009E-02
   5.60541994E-05   2.34999992E-02
   5.44945011E-04   2.36179996E-02
   3.28283000E-04   2.36350000E-02
   3.20149004E-04   2.43389998E-02
   6.67081971E-04   2.45469995E-02
   7.94016989E-04   2.49390006E-02
   4.62953991E-04   2.52579991E-02
   5.24925999E-04   2.53289994E-02
   3.68350993E-05   2.57450007E-02
   3.35047989E-05   2.57660002E-02
   1.70949002E-04   2.58920006E-02
   1.76917994E-04   2.59739999E-02
   2.07980993E-04   2.60910001E-02
   1.05065003E-04   2.62090005E-02
   1.17698997E-04   2.62260009E-02
   1.94059993E-07   2.47549992E-02
   1.54942009E-05   2.51470003E-02
   5.25198011E-05   2.54660007E-02
   2.27019002E-04   2.55369991E-02
   1.62394008E-05   2.59530004E-02
   6.07793008E-05   2.59739999E-02
   1.69242005E-04   2.61000004E-02
   3.70594989E-06   2.62989998E-02
   1.11217996E-05   2.64170002E-02
   4.62583994E-05   2.64340006E-02
   4.20487995E-05   2.55389996E-02
   4.99574999E-05   2.58579999E-02
   2.16002009E-05   2.59290002E-02
   2.16181998E-05   2.63449997E-02
   1.89159000E-05   2.63659991E-02
   1.99408998E-04   2.64919996E-02
   4.10856001E-06   2.65740007E-02
   2.05229007E-05   2.66910009E-02
   9.81213998E-06   2.68089995E-02
   3.86418014E-06   2.68259998E-02
   3.56593991E-05   2.61770003E-02
   5.37872023E-04   2.62480006E-02
   4.40330987E-05   2.66640000E-02
   8.76396007E-05   2.66849995E-02
   1.12816000E-04   2.68110000E-02
   1.40998000E-05   2.68929992E-02
   1.31836996E-05   2.70099994E-02
   1.58296007E-05   2.71279998E-02
   1.12642003E-04   2.71450002E-02
   1.64932004E-04   2.63190009E-02
   1.04170998E-04   2.67350003E-02
   8.25168972E-05   2.67559998E-02
   1.28947999E-04   2.68820003E-02
   5.90445998E-05   2.69639995E-02
   5.79347989E-06   2.70809997E-02
   1.12807997E-04   2.71990001E-02
   6.97677024E-05   2.72160005E-02
   1.41963005E-06   2.71509998E-02
   2.32866005E-05   2.71719992E-02
   8.70341955E-06   2.72979997E-02
   3.70426005E-06   2.73800008E-02
   5.68914993E-06   2.74969991E-02
   9.27267956E-06   2.76149996E-02
   2.03064992E-05   2.76319999E-02
   4.78951006E-06   2.71930005E-02
   7.68657992E-06   2.73189992E-02
   1.41900000E-05   2.74010003E-02
   4.86366980E-06   2.75180005E-02
   1.68195002E-05   2.76360009E-02
   1.63361001E-05   2.76529994E-02
   2.19508001E-05   2.74449997E-02
   4.33015011E-05   2.75270008E-02
   5.04123018E-05   2.76439991E-02
   2.47487005E-05   2.77619995E-02
   2.77558993E-05   2.77789999E-02
   1.08230995E-06   2.77260002E-02
   2.96556004E-06   2.78440006E-02
   1.16295996E-05   2.78609991E-02
   2.60259003E-06   2.78430004E-02
   2.53320991E-06   2.79610008E-02
   9.86001965E-07   2.79779993E-02
   1.80296001E-06   2.80789994E-02
   2.35658008E-05   2.80959997E-02
   7.46128990E-06   2.81130001E-02
       -1137       -1137
   1.87522005E-02   5.30000019E-04
   7.64878020E-02   1.19300000E-03
   2.39982996E-02   1.46699999E-03
   2.26972997E-03   4.05800017E-03
   2.17550993E-02   4.26599989E-03
   4.07276023E-03   4.65800008E-03
   1.58217009E-02   4.97699995E-03
   5.30302012E-03   5.04799979E-03
   8.98612023E-04   5.46400016E-03
   1.22390001E-03   5.48500009E-03
   5.92146011E-04   5.61100012E-03
   5.23828017E-03   5.69299981E-03
   1.04600005E-03   5.81000000E-03
   3.47071001E-03   5.92799997E-03
   1.16742996E-03   5.94499987E-03
   2.77067011E-04   1.25580002E-02
   1.38520999E-02   1.29969995E-02
   1.11308997E-03   1.44459996E-02
   2.96556996E-03   1.51089998E-02
   6.64614025E-04   1.53829996E-02
   1.18283999E-04   1.79740004E-02
   2.48898007E-03   1.81820001E-02
   2.79116008E-04   1.85739994E-02
   5.71782992E-04   1.88929997E-02
   1.13000002E-04   1.89640000E-02
   4.99841990E-05   1.93799995E-02
   4.06399013E-05   1.94010008E-02
   3.50531991E-05   1.95269994E-02
   6.06179994E-04   1.96090005E-02
   7.55688015E-05   1.97260007E-02
   1.24508006E-04   1.98439993E-02
   2.33059000E-05   1.98609997E-02
   1.52153000E-02   1.34359999E-02
   2.95064002E-02   1.48850000E-02
   1.45274997E-02   1.55480001E-02
   1.59463007E-02   1.58220008E-02
   3.90555011E-03   1.84129998E-02
   6.90926006E-03   1.86209995E-02
   7.89683033E-03   1.90130007E-02
   3.82944010E-03   1.93319991E-02
   4.28307988E-03   1.94029994E-02
   2.95031990E-04   1.98190007E-02
   2.16725995E-04   1.98400002E-02
   1.10104994E-03   1.99660007E-02
   1.78042997E-03   2.00479999E-02
   2.06714007E-03   2.01650001E-02
   8.73062992E-04   2.02830005E-02
   9.69910005E-04   2.03000009E-02
   5.06779994E-04   1.63339991E-02
   8.91399011E-03   1.69970002E-02
   1.49125000E-03   1.72710009E-02
   2.61356996E-04   1.98619999E-02
   5.24098007E-03   2.00699996E-02
   2.39732006E-04   2.04620007E-02
   2.06859992E-03   2.07809992E-02
   3.41147010E-04   2.08519995E-02
   7.32996996E-05   2.12680008E-02
   3.57265017E-05   2.12890003E-02
   7.29785024E-05   2.14150008E-02
   1.27045996E-03   2.14970000E-02
   6.35598990E-05   2.16140002E-02
   4.61694988E-04   2.17320006E-02
   7.70913975E-05   2.17489991E-02
   8.40782002E-03   1.76599994E-02
   3.09889000E-02   1.79340001E-02
   8.45410977E-04   2.05249991E-02
   2.47984007E-03   2.07330007E-02
   2.18375004E-03   2.11250000E-02
   3.72322998E-03   2.14440003E-02
   7.42720999E-03   2.15150006E-02
   8.21470981E-04   2.19310001E-02
   1.58782001E-03   2.19519995E-02
   2.46200012E-04   2.20780000E-02
   6.08407019E-04   2.21599992E-02
   5.69352007E-04   2.22769994E-02
   8.31066980E-04   2.23949999E-02
   1.64975005E-03   2.24120002E-02
   1.52987998E-03   1.82080008E-02
   1.60284995E-04   2.07989998E-02
   2.34244997E-03   2.10069995E-02
   3.45978013E-04   2.13990007E-02
   5.65834017E-03   2.17179991E-02
   6.77579024E-04   2.17889994E-02
   3.33050994E-04   2.22050007E-02
   1.31157998E-04   2.22260002E-02
   4.36568007E-05   2.23520007E-02
   5.43182017E-04   2.24339999E-02
   8.79497966E-05   2.25510001E-02
   1.19346997E-03   2.26690006E-02
   1.48481995E-04   2.26860009E-02
   1.20989998E-05   2.33900007E-02
   7.03521015E-04   2.35980004E-02
   6.47471024E-05   2.39899997E-02
   1.57900999E-04   2.43090000E-02
   2.50957000E-05   2.43800003E-02
   1.15190996E-05   2.47959998E-02
   7.86087003E-06   2.48169992E-02
   6.76357013E-06   2.49429997E-02
   1.70814004E-04   2.50250008E-02
   1.73896005E-05   2.51419991E-02
   3.37597994E-05   2.52599996E-02
   5.76942011E-06   2.52769999E-02
   7.46564008E-04   2.38060001E-02
   1.40775996E-03   2.41979994E-02
   6.42071012E-04   2.45169997E-02
   6.34974975E-04   2.45880000E-02
   4.20128017E-05   2.50039995E-02
   2.27626006E-05   2.50250008E-02
   1.98605005E-04   2.51509994E-02
   3.79800011E-04   2.52330005E-02
   3.68690991E-04   2.53500007E-02
   1.46196995E-04   2.54679993E-02
   1.44453996E-04   2.54849996E-02
   2.85699007E-05   2.45900005E-02
   5.07213001E-04   2.49090008E-02
   7.74848013E-05   2.49799993E-02
   1.74691995E-05   2.53960006E-02
   7.75093031E-06   2.54170001E-02
   1.81519008E-05   2.55430005E-02
   3.40986997E-04   2.56249998E-02
   1.49670996E-05   2.57420000E-02
   1.13053000E-04   2.58600004E-02
   1.76508001E-05   2.58770008E-02
   4.10551991E-04   2.52279993E-02
   1.40730001E-03   2.52989996E-02
   1.26261002E-04   2.57150009E-02
   2.43685994E-04   2.57360004E-02
   4.50205007E-05   2.58620009E-02
   1.55123998E-04   2.59440001E-02
   1.31096007E-04   2.60610003E-02
   1.81487005E-04   2.61790007E-02
   3.13277007E-04   2.61959992E-02
   7.52534979E-05   2.53699999E-02
   5.53528989E-05   2.57859994E-02
   2.20358997E-05   2.58070007E-02
   7.56667987E-06   2.59329993E-02
   1.47961997E-04   2.60150004E-02
   2.03876007E-05   2.61320006E-02
   2.98800995E-04   2.62499992E-02
   3.32279997E-05   2.62669995E-02
   3.43181000E-06   2.62020007E-02
   2.19563008E-05   2.62230001E-02
   2.93663993E-06   2.63490006E-02
   9.74913019E-06   2.64309999E-02
   4.33345986E-06   2.65480001E-02
   2.53562994E-05   2.66660005E-02
   1.11448999E-05   2.66830008E-02
   1.37554002E-06   2.62439996E-02
   1.91303002E-06   2.63700001E-02
   4.70294981E-06   2.64519993E-02
   1.79964002E-06   2.65689995E-02
   4.90302991E-05   2.66869999E-02
   4.38911002E-06   2.67040003E-02
   7.39857001E-07   2.64960006E-02
   4.77499016E-05   2.65779998E-02
   4.45838987E-06   2.66950000E-02
   9.16477984E-06   2.68130004E-02
   1.43901002E-06   2.68300008E-02
   4.78242982E-05   2.66600009E-02
   8.87325004E-05   2.67769992E-02
   3.47966015E-05   2.68949997E-02
   3.32980017E-05   2.69120000E-02
   1.93215010E-06   2.68939994E-02
   2.87830007E-05   2.70119999E-02
   4.31115996E-06   2.70290002E-02
   1.98040998E-05   2.71300003E-02
   6.57275014E-05   2.71470007E-02
   3.60513991E-06   2.71639992E-02
       -1137       -1137
   1.89832004E-04   6.47599995E-03
   8.11610007E-05   6.91499980E-03
   1.63419005E-02   8.36400036E-03
   3.26888007E-03   9.02699959E-03
   7.38439010E-03   9.30100027E-03
   8.67174022E-05   1.18920002E-02
   9.92487003E-06   1.20999999E-02
   2.84668012E-03   1.24920001E-02
   4.42015007E-04   1.28110005E-02
   9.61521000E-04   1.28819998E-02
   4.48198989E-04   1.32980002E-02
   7.26978993E-04   1.33189997E-02
   2.38982993E-05   1.34450002E-02
   2.93703010E-06   1.35270003E-02
   6.72354014E-04   1.36439996E-02
   8.66249029E-05   1.37620000E-02
   1.80260002E-04   1.37790004E-02
   3.12332013E-05   7.35400012E-03
   2.73438003E-02   8.80299974E-03
   1.19551003E-03   9.46599990E-03
   6.80461014E-03   9.73999966E-03
   2.11783008E-05   1.23309996E-02
   1.96883993E-05   1.25390003E-02
   4.94227977E-03   1.29310004E-02
   2.29447003E-04   1.32499998E-02
   1.10287999E-03   1.33210002E-02
   3.32803989E-04   1.37369996E-02
   7.47227983E-04   1.37580000E-02
   5.78793015E-06   1.38839995E-02
   5.71533019E-06   1.39659997E-02
   1.17544003E-03   1.40829999E-02
   5.11670005E-05   1.42010003E-02
   2.28157005E-04   1.42179998E-02
   3.03860009E-02   1.02519998E-02
   3.18643004E-02   1.09150000E-02
   3.76169011E-02   1.11889997E-02
   4.51589981E-03   1.37799997E-02
   6.75872015E-03   1.39880003E-02
   1.33918002E-02   1.43799996E-02
   7.80034019E-03   1.46989999E-02
   9.25664045E-03   1.47700002E-02
   8.98521976E-04   1.51859997E-02
   1.03496003E-03   1.52070001E-02
   1.26676995E-03   1.53329996E-02
   1.77716999E-03   1.54149998E-02
   3.36983008E-03   1.55320000E-02
   1.74899003E-03   1.56500004E-02
   2.04807008E-03   1.56670008E-02
   3.91359022E-03   1.15780002E-02
   7.24482983E-02   1.18519999E-02
   7.73098029E-04   1.44429998E-02
   3.51897994E-04   1.46509996E-02
   5.14406012E-03   1.50429998E-02
   1.58795004E-03   1.53620001E-02
   1.23554999E-02   1.54330004E-02
   4.73983993E-04   1.58489998E-02
   1.53578003E-03   1.58699993E-02
   2.17003995E-04   1.59959998E-02
   9.97715979E-05   1.60780009E-02
   1.19783997E-03   1.61949992E-02
   3.50135000E-04   1.63129997E-02
   2.52874009E-03   1.63300000E-02
   4.74395007E-02   1.21259997E-02
   1.77795999E-03   1.47169996E-02
   1.52346003E-03   1.49250003E-02
   6.71974989E-03   1.53170004E-02
   1.47217996E-02   1.56360008E-02
   1.86227001E-02   1.57069992E-02
   4.82395990E-03   1.61230005E-02
   4.28806012E-03   1.61440000E-02
   4.98519978E-04   1.62700005E-02
   4.04246006E-04   1.63519997E-02
   1.62382994E-03   1.64689999E-02
   3.19301011E-03   1.65870003E-02
   3.95312021E-03   1.66040007E-02
   1.09220000E-05   1.73080005E-02
   3.21312996E-06   1.75160002E-02
   7.83029012E-04   1.79079995E-02
   1.10417001E-04   1.82269998E-02
   2.40420995E-04   1.82980001E-02
   5.11504986E-05   1.87139995E-02
   9.22640029E-05   1.87350009E-02
   6.06291997E-06   1.88609995E-02
   6.99454006E-07   1.89430006E-02
   1.83967000E-04   1.90600008E-02
   2.14896008E-05   1.91779993E-02
   4.50338011E-05   1.91949997E-02
   1.04521996E-06   1.77239999E-02
   1.20655005E-03   1.81159992E-02
   5.95327001E-05   1.84349995E-02
   2.80534994E-04   1.85059998E-02
   4.90573984E-05   1.89219993E-02
   1.02887003E-04   1.89430006E-02
   8.24987978E-07   1.90689992E-02
   4.01877998E-07   1.91510003E-02
   2.86011986E-04   1.92680005E-02
   1.25800998E-05   1.93860009E-02
   5.88301991E-05   1.94029994E-02
   1.40324002E-03   1.85080003E-02
   1.26246002E-03   1.88270006E-02
   1.63227995E-03   1.88979991E-02
   1.18983000E-04   1.93140004E-02
   1.44140999E-04   1.93349998E-02
   2.18888003E-04   1.94610003E-02
   3.15812998E-04   1.95429996E-02
   6.96421019E-04   1.96599998E-02
   2.82652007E-04   1.97780002E-02
   3.59535014E-04   1.97950006E-02
   1.52566005E-04   1.91459991E-02
   2.64566997E-03   1.92169994E-02
   6.12867007E-05   1.96330007E-02
   1.85539000E-04   1.96540002E-02
   3.03691995E-05   1.97800007E-02
   1.58795992E-05   1.98619999E-02
   2.92451004E-04   1.99790001E-02
   6.53790994E-05   2.00970005E-02
   5.44102979E-04   2.01140009E-02
   1.83897000E-03   1.92879997E-02
   6.30582974E-04   1.97039992E-02
   5.47905976E-04   1.97250005E-02
   6.62292005E-05   1.98509991E-02
   7.41387994E-05   1.99330002E-02
   3.90047004E-04   2.00500004E-02
   5.76035993E-04   2.01680008E-02
   7.76864006E-04   2.01849993E-02
   3.36011999E-06   2.01200005E-02
   9.83877035E-05   2.01409999E-02
   1.17933996E-05   2.02670004E-02
   1.16796000E-05   2.03489996E-02
   2.65153994E-05   2.04659998E-02
   1.19688002E-05   2.05840003E-02
   1.20443001E-04   2.06010006E-02
   3.48210015E-05   2.01619994E-02
   2.18792993E-05   2.02879999E-02
   2.40199006E-05   2.03699991E-02
   3.27004018E-05   2.04869993E-02
   3.53360992E-05   2.06049997E-02
   1.04277999E-04   2.06220001E-02
   8.05655986E-07   2.04140004E-02
   3.03498012E-07   2.04959996E-02
   5.08984995E-05   2.06129998E-02
   5.86452006E-06   2.07310002E-02
   1.23953996E-05   2.07480006E-02
   7.37415030E-05   2.06950009E-02
   3.32606010E-06   2.08129995E-02
   1.53051005E-05   2.08299998E-02
   8.57146006E-05   2.08119992E-02
   6.50931979E-05   2.09299996E-02
   8.54003010E-05   2.09470000E-02
   7.00117016E-06   2.10480001E-02
   1.18049000E-04   2.10650004E-02
   8.15173989E-05   2.10820008E-02
       -1137       -1137
   1.76423006E-02   4.99999987E-05
   1.88893992E-02   1.67000006E-04
   1.14633003E-02   2.84999987E-04
   1.42098004E-02   3.02000000E-04
   1.54037995E-03   4.26100014E-04
   1.90708996E-03   4.28500003E-04
   3.03135999E-03   3.77999997E-04
   2.71216012E-03   4.02000005E-04
   2.40400992E-03   4.22000012E-04
   2.09470003E-04   4.33150009E-04
   4.77236994E-02   7.20000025E-05
   2.47481000E-02   4.64000012E-04
   6.73417980E-03   7.83000025E-04
   2.45840009E-02   8.53999984E-04
  0.192815006       1.27000001E-03
  0.226860002       1.29100005E-03
   1.07781999E-02   1.41699996E-03
   1.15681002E-02   1.49900001E-03
   6.50680019E-03   1.61599996E-03
   1.92959001E-03   1.73400005E-03
   5.84877981E-03   1.75099995E-03
   1.46025997E-02   1.87509996E-03
   1.65181998E-02   1.87749998E-03
   2.07136991E-03   1.82699994E-03
   1.83157995E-03   1.85100001E-03
   8.50675977E-04   1.87100004E-03
   1.46649007E-04   1.88214995E-03
   2.63406001E-02   5.26999997E-04
   5.29883988E-03   7.35000009E-04
   1.18540004E-02   1.12699997E-03
   8.40494037E-03   1.44599995E-03
   9.31429956E-03   1.51700003E-03
   9.94012970E-03   1.93300005E-03
   9.85080004E-03   1.95399998E-03
   4.45728004E-03   2.08000001E-03
   1.12697005E-03   2.16199993E-03
   2.24461989E-03   2.27899989E-03
   1.54681003E-03   2.39700009E-03
   1.87295000E-03   2.41399999E-03
   8.14273022E-04   2.53809988E-03
   7.14910973E-04   2.54049990E-03
   7.91441009E-04   2.49000010E-03
   1.88806007E-04   2.51400005E-03
   2.98058003E-04   2.53399997E-03
   5.83305991E-05   2.54515000E-03
   3.49784009E-02   8.00999987E-04
   7.81547977E-04   1.00900000E-03
   1.29009001E-02   1.40099996E-03
   1.09684998E-02   1.71999994E-03
   1.43344998E-02   1.79100002E-03
   1.26409996E-02   2.20700004E-03
   1.78063009E-02   2.22799997E-03
   5.78757003E-03   2.35400000E-03
   2.71408993E-04   2.43599992E-03
   2.38711992E-03   2.55300011E-03
   2.26151990E-03   2.67100008E-03
   2.77179992E-03   2.68799998E-03
   9.22157022E-04   2.81210011E-03
   1.31636998E-03   2.81449989E-03
   1.01096998E-03   2.76400009E-03
   4.60982010E-05   2.78800004E-03
   2.96929007E-04   2.80799996E-03
   6.77107964E-05   2.81914999E-03
   2.22865003E-03   3.39199998E-03
   4.02631005E-03   3.59999994E-03
   5.84658980E-03   3.99200013E-03
   7.25898007E-03   4.31100000E-03
   9.85553954E-03   4.38199984E-03
   5.49753010E-03   4.79800021E-03
   6.68023014E-03   4.81900014E-03
   1.00056001E-03   4.94500017E-03
   1.07001001E-03   5.02699986E-03
   1.52586005E-03   5.14400005E-03
   1.59303995E-03   5.26200002E-03
   2.13601999E-03   5.27899992E-03
   5.72628982E-04   5.40310005E-03
   6.71221002E-04   5.40550007E-03
   1.91190004E-04   5.35500003E-03
   1.74973000E-04   5.37900021E-03
   2.03638003E-04   5.39899990E-03
   1.46752000E-05   5.41015016E-03
   1.36010000E-04   3.80799989E-03
   5.14892978E-04   4.19999985E-03
   2.27302997E-04   4.51900018E-03
   7.66496014E-05   4.59000003E-03
   1.87360001E-05   5.00599993E-03
   5.97975974E-04   5.02699986E-03
   6.67245011E-04   5.15299989E-03
   5.09685997E-05   5.23500005E-03
   8.92253011E-05   5.35199977E-03
   4.30635992E-05   5.47000021E-03
   2.40354002E-05   5.48700010E-03
   1.41316002E-06   5.61109977E-03
   3.47321002E-05   5.61349979E-03
   1.16445000E-04   5.56300022E-03
   7.65536970E-06   5.58699993E-03
   1.10592000E-05   5.60700009E-03
   8.11711016E-06   5.61814988E-03
   3.47141991E-04   4.59200004E-03
   8.05941003E-04   4.91099991E-03
   1.68562995E-03   4.98200022E-03
   1.33869995E-03   5.39800012E-03
   1.73093996E-03   5.41900005E-03
   9.71841975E-04   5.54500008E-03
   1.18937001E-04   5.62699977E-03
   1.57571994E-04   5.74399997E-03
   1.65944002E-04   5.86199993E-03
   3.43394000E-04   5.87899983E-03
   1.41126002E-04   6.00309996E-03
   1.60722993E-04   6.00549998E-03
   1.86707999E-04   5.95499994E-03
   1.96384008E-05   5.97900013E-03
   2.08567999E-05   5.99899981E-03
   1.22096999E-05   6.01015007E-03
   1.09752000E-04   5.22999978E-03
   1.64604004E-04   5.30100008E-03
   4.59622010E-04   5.71699999E-03
   2.27913004E-03   5.73799992E-03
   1.16727001E-03   5.86399995E-03
   3.65156011E-05   5.94600011E-03
   1.55653994E-04   6.06299983E-03
   3.82364015E-05   6.18099980E-03
   3.16978003E-05   6.19800016E-03
   4.32222005E-05   6.32209983E-03
   1.71382999E-04   6.32449985E-03
   2.02936004E-04   6.27399981E-03
   5.39389021E-06   6.29799999E-03
   1.96673991E-05   6.31800015E-03
   1.37749003E-05   6.32914994E-03
   2.12087005E-04   5.37199993E-03
   1.88960996E-03   5.78799983E-03
   1.36071001E-03   5.80900023E-03
   1.57124002E-03   5.93499979E-03
   1.40688999E-05   6.01699995E-03
   3.17431986E-04   6.13400014E-03
   2.60967008E-05   6.25200011E-03
   7.57890011E-05   6.26900000E-03
   1.46279999E-04   6.39310014E-03
   1.09617999E-04   6.39550015E-03
   2.71639990E-04   6.34500012E-03
   2.44087005E-06   6.36899984E-03
   3.99124983E-05   6.38899999E-03
   1.85318004E-05   6.40014978E-03
   6.19323982E-04   6.20400021E-03
   4.06438997E-03   6.22500014E-03
   7.99193978E-04   6.35100016E-03
   6.47152001E-06   6.43299986E-03
   1.79272000E-04   6.55000005E-03
   8.85611007E-05   6.66800002E-03
   4.36658011E-04   6.68499991E-03
   1.16203002E-04   6.80910004E-03
   3.03289999E-04   6.81150006E-03
   1.36239003E-04   6.76100003E-03
   1.18177002E-06   6.78500021E-03
   2.12508003E-05   6.80499990E-03
   9.17568013E-06   6.81615015E-03
   1.38570997E-03   6.24600006E-03
   9.68386012E-04   6.37200009E-03
   1.33049994E-04   6.45399978E-03
   2.45345000E-04   6.57099998E-03
   5.05827018E-04   6.68899994E-03
   2.85577989E-04   6.70599984E-03
   3.09310009E-04   6.83009997E-03
   2.29708006E-04   6.83249999E-03
   1.64569996E-04   6.78199995E-03
   2.10555008E-05   6.80600014E-03
   2.94179008E-05   6.82599982E-03
   1.12224998E-05   6.83715008E-03
   1.02352999E-04   6.49800012E-03
   1.78864997E-04   6.57999981E-03
   2.52828002E-04   6.69700000E-03
   2.57812004E-04   6.81499997E-03
   3.42930987E-04   6.83199987E-03
   8.17865002E-05   6.95610000E-03
   9.55020005E-05   6.95850002E-03
   3.83641018E-05   6.90799998E-03
   2.93822995E-05   6.93200016E-03
   3.39147991E-05   6.95199985E-03
   2.89805007E-06   6.96315011E-03
   4.72315014E-06   6.66199997E-03
   1.98268008E-05   6.77900016E-03
   6.78917013E-06   6.89700013E-03
   4.84146994E-06   6.91400003E-03
   4.18398997E-07   7.03810016E-03
   8.29565033E-06   7.04050018E-03
   3.17094018E-05   6.99000014E-03
   1.40428995E-06   7.01399986E-03
   2.45147999E-06   7.03400001E-03
   2.19485992E-06   7.04514980E-03
   1.68382994E-05   6.89599989E-03
   3.19602987E-05   7.01399986E-03
   6.49983995E-05   7.03100022E-03
   1.90658993E-05   7.15509988E-03
   2.22361996E-05   7.15749990E-03
   4.67440004E-05   7.10699987E-03
   3.16300998E-06   7.13100005E-03
   4.33723017E-06   7.15100020E-03
   3.14242993E-06   7.16215000E-03
   2.95740006E-06   7.13199982E-03
   4.98471991E-06   7.14900019E-03
   7.69522012E-06   7.27309985E-03
   3.71038004E-05   7.27549987E-03
   4.48319006E-05   7.22499983E-03
   1.07158996E-06   7.24900002E-03
   4.18540003E-06   7.26900017E-03
   3.19861010E-06   7.28014996E-03
   6.58837007E-06   7.16600008E-03
   3.29897011E-05   7.29010021E-03
   2.20011007E-05   7.29250023E-03
   5.94443009E-05   7.24200020E-03
   6.78367996E-07   7.26599991E-03
   8.19939032E-06   7.28600007E-03
   4.11661995E-06   7.29714986E-03
   3.74736010E-06   7.41419988E-03
   2.56795993E-05   7.41659990E-03
   1.51792001E-05   7.36609986E-03
   2.19204003E-06   7.41010020E-03
   1.06231005E-06   7.42124999E-03
   5.08540006E-06   7.41899991E-03
   1.65781003E-05   7.36849988E-03
   1.63656000E-06   7.39250006E-03
   2.81194002E-06   7.41250021E-03
   1.23746997E-06   7.42365001E-03
   3.73575995E-06   7.31799984E-03
   5.42000998E-06   7.34200003E-03
   6.27419013E-06   7.36200018E-03
   4.70179003E-07   7.37314997E-03
   1.42930006E-07   7.36600021E-03
   4.16948012E-07   7.38599990E-03
   3.92662997E-07   7.39715016E-03
   2.76847004E-07   7.40600005E-03
   4.10224004E-07   7.41714984E-03
       -1137       -1137
   8.17743968E-03   2.49999994E-05
   1.41559001E-02   3.44000000E-04
   2.22069006E-02   4.14999988E-04
   2.82572992E-02   8.30999983E-04
   2.14530993E-02   8.52000026E-04
   3.16262990E-03   9.77999996E-04
   5.09838015E-03   1.06000004E-03
   1.40429998E-03   1.17700000E-03
   2.51039001E-03   1.29499997E-03
   3.91579000E-03   1.31199998E-03
   2.29952997E-03   1.43609999E-03
   1.77530001E-03   1.43850001E-03
   5.78781997E-04   1.38799998E-03
   7.31713022E-04   1.41200004E-03
   1.75406996E-04   1.43199996E-03
   3.73863986E-05   1.44314999E-03
   4.90272008E-02   8.80000007E-05
   5.21989986E-02   2.96000013E-04
   2.45130993E-02   6.88000000E-04
   1.66049991E-02   1.00699998E-03
   3.34290005E-02   1.07799994E-03
  0.155934006       1.49399997E-03
  0.247556999       1.51500001E-03
   1.31636001E-02   1.64100004E-03
   1.11798998E-02   1.72299996E-03
   6.22542016E-03   1.84000004E-03
   3.89057002E-03   1.95800001E-03
   7.25064008E-03   1.97499990E-03
   1.15067000E-02   2.09910003E-03
   1.83506999E-02   2.10150005E-03
   2.54700007E-03   2.05100002E-03
   1.74489000E-03   2.07499997E-03
   8.11237027E-04   2.09499989E-03
   1.83541997E-04   2.10614991E-03
   7.15915021E-03   3.61999992E-04
   5.92106991E-02   5.69999975E-04
   4.32923017E-03   9.61999991E-04
   3.25077004E-03   1.28099998E-03
   2.95487000E-03   1.35200005E-03
   9.93118994E-03   1.76799996E-03
   5.41194016E-03   1.78900000E-03
   1.29577005E-03   1.91500003E-03
   9.44687985E-03   1.99700007E-03
   9.12639021E-04   2.11400003E-03
   3.03318986E-04   2.23200000E-03
   5.74400998E-04   2.24899990E-03
   9.85092018E-04   2.37310003E-03
   4.51677013E-04   2.37550004E-03
   2.38271998E-04   2.32500001E-03
   1.37591001E-03   2.34899996E-03
   1.23816004E-04   2.36900011E-03
   1.67090002E-05   2.38014990E-03
   2.63830996E-04   2.95299990E-03
   4.52341978E-03   3.16100009E-03
   4.67898004E-04   3.55300005E-03
   2.34745006E-04   3.87199991E-03
   4.83498996E-04   3.94299999E-03
   7.56734007E-05   4.35899990E-03
   3.33300995E-04   4.37999982E-03
   1.12059002E-04   4.50599985E-03
   7.37563008E-04   4.58800001E-03
   1.12845999E-04   4.70500020E-03
   3.34377983E-05   4.82300017E-03
   9.55579017E-05   4.84000007E-03
   5.71608007E-06   4.96410020E-03
   2.36736996E-05   4.96650022E-03
   1.64575995E-05   4.91600018E-03
   1.01949998E-04   4.93999990E-03
   1.39966996E-05   4.96000005E-03
   1.33448998E-06   4.97114984E-03
   3.60438996E-03   3.36900004E-03
   8.91053956E-03   3.76100000E-03
   9.17133968E-03   4.07999987E-03
   1.39480997E-02   4.15100018E-03
   5.78011991E-03   4.56700008E-03
   9.01129004E-03   4.58800001E-03
   1.27519004E-03   4.71400004E-03
   1.59325998E-03   4.79600020E-03
   2.35187006E-03   4.91299992E-03
   2.09499989E-03   5.03099989E-03
   3.08801001E-03   5.04799979E-03
   6.61597005E-04   5.17209992E-03
   1.06480997E-03   5.17449994E-03
   2.34653999E-04   5.12399990E-03
   2.33236002E-04   5.14800008E-03
   2.86700990E-04   5.16799977E-03
   1.74371999E-05   5.17915003E-03
   1.94164997E-04   4.15300019E-03
   4.10011009E-04   4.47200006E-03
   4.26698010E-04   4.54299990E-03
   3.39060999E-03   4.95899981E-03
   9.72623006E-04   4.98000020E-03
   8.49615026E-05   5.10600023E-03
   1.47532998E-03   5.18799992E-03
   8.79920990E-05   5.30500012E-03
   7.33804991E-05   5.42300008E-03
   8.98798025E-05   5.43999998E-03
   3.16676014E-04   5.56410011E-03
   9.09906012E-05   5.56650013E-03
   1.43029001E-05   5.51600009E-03
   2.11799997E-04   5.53999981E-03
   1.02429003E-05   5.55999996E-03
   9.69344001E-07   5.57115022E-03
   3.93877999E-04   4.79099993E-03
   5.69392985E-04   4.86199977E-03
   3.76681011E-04   5.27800014E-03
   3.48156987E-04   5.29900007E-03
   6.40676008E-05   5.42500010E-03
   1.46080996E-03   5.50699979E-03
   1.05917003E-04   5.62399998E-03
   1.43268000E-04   5.74199995E-03
   1.15162999E-04   5.75899985E-03
   2.04108001E-05   5.88309998E-03
   2.67864998E-05   5.88550000E-03
   1.13939004E-05   5.83499996E-03
   2.07741003E-04   5.85900014E-03
   1.23691998E-05   5.87899983E-03
   8.05027980E-07   5.89015009E-03
   1.53336005E-04   4.93300008E-03
   4.36414994E-04   5.34899998E-03
   1.46221995E-04   5.36999991E-03
   1.04473998E-04   5.49599994E-03
   2.23725010E-03   5.57800010E-03
   8.50739016E-05   5.69499983E-03
   8.05985983E-05   5.81299979E-03
   5.76771017E-05   5.83000015E-03
   1.81448995E-05   5.95409982E-03
   9.98280029E-06   5.95649984E-03
   1.68568004E-05   5.90599980E-03
   3.17277998E-04   5.92999998E-03
   1.02552003E-05   5.95000014E-03
   1.21888002E-06   5.96114993E-03
   1.47959997E-03   5.76499989E-03
   9.37874988E-03   5.78599982E-03
   1.31596998E-05   5.91199985E-03
   8.43363989E-04   5.99400001E-03
   8.40866007E-04   6.11100020E-03
   7.72190979E-05   6.22900017E-03
   1.35839000E-04   6.24600006E-03
   2.71130004E-04   6.37010019E-03
   9.38592013E-04   6.37250021E-03
   2.27737996E-06   6.32200018E-03
   1.19304001E-04   6.34599989E-03
   1.05259998E-04   6.36600005E-03
   8.75008013E-08   6.37714984E-03
   4.83824988E-04   5.80700021E-03
   7.51170010E-05   5.93299977E-03
   1.26364001E-03   6.01499993E-03
   2.09995007E-04   6.13200013E-03
   7.43627970E-05   6.25000009E-03
   3.46800007E-05   6.26699999E-03
   8.24628980E-04   6.39110012E-03
   8.47257033E-05   6.39350014E-03
   1.31511997E-05   6.34300010E-03
   1.74453002E-04   6.36699982E-03
   2.50495996E-05   6.38699997E-03
   1.02464003E-06   6.39815023E-03
   1.16833999E-05   6.05899980E-03
   2.08679994E-04   6.14099996E-03
   1.95782995E-05   6.25800015E-03
   7.46170008E-06   6.37600012E-03
   1.98534999E-05   6.39300002E-03
   1.01516002E-06   6.51710015E-03
   5.28120017E-06   6.51950017E-03
   3.35358004E-06   6.46900013E-03
   2.92725999E-05   6.49299985E-03
   2.23709003E-06   6.51300000E-03
   2.27450002E-07   6.52414979E-03
   1.62572993E-04   6.22300012E-03
   3.90717003E-04   6.33999985E-03
   3.34582001E-04   6.45799981E-03
   4.97468980E-04   6.47500018E-03
   9.49395981E-05   6.59909984E-03
   1.47736006E-04   6.60149986E-03
   3.76579010E-05   6.55099982E-03
   4.66390993E-05   6.57500001E-03
   4.73053988E-05   6.59500016E-03
   2.76941000E-06   6.60614995E-03
   9.61803016E-06   6.45700004E-03
   1.85008994E-05   6.57500001E-03
   1.76164995E-05   6.59199990E-03
   7.68976970E-05   6.71610003E-03
   1.90921000E-05   6.71850005E-03
   3.12090992E-06   6.66800002E-03
   5.59389991E-05   6.69200020E-03
   1.91387994E-06   6.71199989E-03
   2.23306998E-07   6.72315015E-03
   1.20513996E-05   6.69299997E-03
   1.75312998E-05   6.70999987E-03
   4.17469982E-06   6.83410000E-03
   6.01414013E-06   6.83650002E-03
   1.30811998E-06   6.78599998E-03
   4.74465014E-05   6.81000017E-03
   1.96480005E-06   6.82999985E-03
   7.43845021E-08   6.84115011E-03
   5.48250000E-06   6.72700023E-03
   6.68978009E-06   6.85109990E-03
   2.18866990E-06   6.85349992E-03
   3.24400003E-06   6.80299988E-03
   6.97232026E-05   6.82700006E-03
   1.64823996E-06   6.84700022E-03
   2.24635002E-07   6.85815001E-03
   1.06086000E-05   6.97520003E-03
   8.10569982E-05   6.97760005E-03
   1.37955993E-07   6.92710001E-03
   1.32737996E-05   6.95110019E-03
   9.91478009E-06   6.97109988E-03
   3.78512004E-06   6.98000006E-03
   1.11733004E-06   6.92950003E-03
   1.87000005E-05   6.95350021E-03
   2.07668995E-06   6.97349990E-03
   2.18829001E-07   6.87899999E-03
   5.78712979E-06   6.90300018E-03
   3.65208990E-07   6.92299986E-03
   3.10349992E-06   6.92699989E-03
   6.92015010E-06   6.94700005E-03
   3.25640002E-07   6.95814984E-03
   7.96407988E-08   6.96700020E-03
       -1137       -1137
   2.47255992E-03   4.50000007E-05
   3.37681989E-03   6.60000005E-05
   4.56405012E-03   1.92000007E-04
   4.69445996E-03   2.73999991E-04
   1.25246001E-02   3.91000009E-04
   2.48077000E-03   5.08999976E-04
   2.87925010E-03   5.25999989E-04
   1.08862005E-03   6.50100003E-04
   1.76966004E-03   6.52500021E-04
   9.27330984E-04   6.01999986E-04
   8.03739997E-04   6.25999994E-04
   1.62173004E-03   6.45999971E-04
   6.29880014E-05   6.57149998E-04
  0.262854993       3.19000013E-04
  0.315580010       3.39999999E-04
   2.87156999E-02   4.65999998E-04
   3.19478996E-02   5.47999982E-04
   2.87666004E-02   6.65000000E-04
   9.98738036E-03   7.83000025E-04
   1.50074000E-02   7.99999980E-04
   1.39076002E-02   9.24099993E-04
   1.54560003E-02   9.26500012E-04
   5.46813989E-03   8.75999976E-04
   4.97025996E-03   8.99999985E-04
   3.66776995E-03   9.20000020E-04
   3.85791005E-04   9.31149989E-04
   4.34587992E-06   1.50400004E-03
   2.09190999E-04   1.71200000E-03
   7.05655012E-03   2.10399996E-03
   5.52203972E-04   2.42300006E-03
   7.76798988E-04   2.49399990E-03
   2.96083000E-03   2.91000004E-03
   5.34259994E-03   2.93099997E-03
   9.03691034E-06   3.05699999E-03
   2.20408001E-05   3.13899992E-03
   1.11360999E-03   3.25600011E-03
   1.03170998E-04   3.37400008E-03
   1.41644996E-04   3.39099998E-03
   2.10048005E-04   3.51510011E-03
   3.52253002E-04   3.51749989E-03
   3.48656999E-06   3.46700009E-03
   4.48062019E-06   3.49100004E-03
   1.32146000E-04   3.51099996E-03
   1.80487996E-06   3.52214999E-03
   2.83284007E-05   1.91999995E-03
   9.20824986E-03   2.31199991E-03
   2.71538011E-04   2.63100001E-03
   2.37234007E-03   2.70200009E-03
   1.33766001E-03   3.11799999E-03
   5.82040008E-03   3.13899992E-03
   6.85225023E-05   3.26499995E-03
   1.95459997E-05   3.34700011E-03
   1.50606001E-03   3.46400007E-03
   6.59443976E-05   3.58200003E-03
   4.18410986E-04   3.59899993E-03
   1.00983001E-04   3.72310006E-03
   4.44986013E-04   3.72550008E-03
   1.37473999E-05   3.67500004E-03
   8.26150972E-06   3.69899999E-03
   1.82086005E-04   3.71899991E-03
   3.24894995E-06   3.73014994E-03
   1.09521998E-02   2.70400010E-03
   1.66257005E-02   3.02299997E-03
   2.12287009E-02   3.09400004E-03
   1.64414998E-02   3.50999995E-03
   1.86241996E-02   3.53100011E-03
   1.95806008E-03   3.65699991E-03
   2.39188992E-03   3.73900007E-03
   4.60754987E-03   3.85600002E-03
   3.57227004E-03   3.97399999E-03
   4.54815989E-03   3.99099989E-03
   1.83971995E-03   4.11510002E-03
   2.00172001E-03   4.11750004E-03
   3.85432999E-04   4.06700000E-03
   3.86127009E-04   4.09100018E-03
   5.79243992E-04   4.11099987E-03
   2.94874008E-05   4.12215013E-03
   1.31170993E-04   3.34200007E-03
   2.89471005E-03   3.41299991E-03
   5.07280987E-04   3.82900005E-03
   5.53609990E-03   3.84999998E-03
   7.33393026E-05   3.97600001E-03
   1.12020998E-05   4.05800017E-03
   2.62384000E-03   4.17499989E-03
   4.72210995E-05   4.29299986E-03
   5.33415005E-04   4.31000022E-03
   4.79623013E-05   4.43409989E-03
   3.45320994E-04   4.43649990E-03
   1.44667001E-05   4.38599987E-03
   3.70128009E-06   4.41000005E-03
   3.09043011E-04   4.43000020E-03
   3.41740997E-06   4.44115000E-03
   1.20073999E-03   3.48399999E-03
   4.18954017E-03   3.89999989E-03
   3.35111003E-03   3.92099982E-03
   1.13905997E-04   4.04699985E-03
   2.20864007E-04   4.12900001E-03
   3.30245006E-03   4.24600020E-03
   5.21016016E-04   4.36400017E-03
   4.48331994E-04   4.38100006E-03
   3.58562014E-04   4.50510019E-03
   2.73726997E-04   4.50750021E-03
   2.19780995E-05   4.45700018E-03
   3.09729985E-05   4.48099989E-03
   3.87359003E-04   4.50100005E-03
   3.71520991E-06   4.51214984E-03
   7.80165021E-04   4.31599980E-03
   1.98727995E-02   4.33700019E-03
   3.21511994E-04   4.46300022E-03
   2.69932993E-04   4.54499992E-03
   2.45291996E-03   4.66200011E-03
   1.28950007E-04   4.78000008E-03
   8.40804016E-04   4.79699997E-03
   1.51914996E-04   4.92110010E-03
   1.63462001E-03   4.92350012E-03
   5.73807010E-05   4.87300009E-03
   4.52524000E-05   4.89699980E-03
   2.89637013E-04   4.91699995E-03
   6.57072997E-06   4.92815021E-03
   7.92718027E-03   4.35800012E-03
   5.88148017E-04   4.48400015E-03
   1.13445998E-03   4.56599984E-03
   2.92738993E-03   4.68300004E-03
   1.16742996E-03   4.80100000E-03
   7.38901028E-04   4.81799990E-03
   1.64741999E-03   4.94210003E-03
   1.32528006E-03   4.94450005E-03
   9.98090036E-05   4.89400001E-03
   1.75100999E-04   4.91800020E-03
   3.49962007E-04   4.93799988E-03
   9.45924967E-06   4.94915014E-03
   2.56999010E-06   4.61000018E-03
   8.37949028E-06   4.69199987E-03
   3.10814008E-04   4.80900006E-03
   1.54933005E-05   4.92700003E-03
   2.28822992E-05   4.94399993E-03
   2.86732993E-05   5.06810006E-03
   4.43737990E-05   5.07050008E-03
   1.81715995E-06   5.02000004E-03
   2.96774010E-06   5.04400022E-03
   3.86995998E-05   5.06399991E-03
   1.47431001E-06   4.77400003E-03
   3.88285000E-04   4.89100022E-03
   4.63220022E-06   5.00900019E-03
   4.40176009E-05   5.02600009E-03
   2.37478998E-05   5.15010022E-03
   9.81741978E-05   5.15249977E-03
   3.49827997E-06   5.10200020E-03
   9.69552048E-07   5.12599992E-03
   4.88488986E-05   5.14600007E-03
   4.54243011E-04   5.00799995E-03
   5.65966999E-04   5.12599992E-03
   7.08664011E-04   5.14299981E-03
   2.67658994E-04   5.26709994E-03
   3.01249995E-04   5.26949996E-03
   6.29392016E-05   5.21899993E-03
   6.51469018E-05   5.24300011E-03
   1.14590999E-04   5.26299980E-03
   6.52131985E-06   5.27415005E-03
   6.47308980E-06   5.24399988E-03
   1.06644999E-04   5.26099978E-03
   1.34080001E-05   5.38509991E-03
   7.73403008E-05   5.38749993E-03
   5.04865011E-06   5.33699989E-03
   2.73431010E-06   5.36100008E-03
   6.90239031E-05   5.38100023E-03
   2.73176011E-06   5.39215002E-03
   4.66577985E-05   5.27800014E-03
   7.35521971E-05   5.40209981E-03
   5.95290985E-05   5.40449983E-03
   6.16537000E-06   5.35399979E-03
   7.97243956E-06   5.37799997E-03
   8.55234030E-05   5.39800012E-03
   2.75503999E-06   5.40914992E-03
   8.35083029E-06   5.52619994E-03
   1.31994995E-04   5.52859996E-03
   8.40106986E-06   5.47809992E-03
   7.14224007E-06   5.50210010E-03
   3.75564996E-05   5.52209979E-03
   6.44821000E-07   5.53325005E-03
   5.27070006E-05   5.53099997E-03
   1.08695003E-05   5.48049994E-03
   1.73586996E-05   5.50450012E-03
   4.06832005E-05   5.52449981E-03
   1.66513996E-06   5.53565007E-03
   2.78856010E-06   5.45400009E-03
   9.83319023E-06   5.47399977E-03
   1.00571997E-05   5.49799995E-03
   9.62160993E-06   5.51800011E-03
   3.17383001E-06   5.52914990E-03
       -1137       -1137
   4.36588982E-03   1.99999999E-06
   4.31707017E-02   1.19999997E-04
   6.17170008E-03   1.36999995E-04
   4.32787985E-02   2.61100009E-04
   4.51991009E-03   2.63499998E-04
   8.24749994E-04   2.13000007E-04
   3.64411011E-04   2.37000000E-04
   6.44769985E-04   2.57000007E-04
   5.54061990E-05   2.68150005E-04
   5.37389016E-04   1.04899995E-03
   6.25247019E-04   1.44100003E-03
   2.45044995E-02   1.76000001E-03
   3.01999995E-03   1.83099997E-03
   1.65110007E-02   2.24700011E-03
   3.27216997E-03   2.26800004E-03
   1.37157003E-05   2.39400007E-03
   1.26611994E-04   2.47599999E-03
   1.05382001E-04   2.59299995E-03
   3.43510997E-03   2.71099992E-03
   4.63625998E-04   2.72800005E-03
   1.12210005E-03   2.85209995E-03
   1.90039005E-04   2.85449997E-03
   2.61769992E-06   2.80399993E-03
   1.90749997E-05   2.82800011E-03
   1.20258001E-05   2.84800003E-03
   1.19755998E-04   1.25700003E-03
   2.51146010E-03   1.64899998E-03
   2.22625993E-02   1.96800008E-03
   1.03646005E-03   2.03899993E-03
   1.41043998E-02   2.45500007E-03
   8.44493974E-03   2.47599999E-03
   6.17335972E-05   2.60200002E-03
   7.40320029E-05   2.68399995E-03
   4.68517013E-04   2.80099991E-03
   3.07299010E-03   2.91900011E-03
   1.77208000E-04   2.93600000E-03
   8.66109971E-04   3.06009990E-03
   4.94813023E-04   3.06249992E-03
   1.05763002E-05   3.01199988E-03
   1.16743004E-05   3.03600007E-03
   5.72265999E-05   3.05599999E-03
   4.30083986E-07   3.06715001E-03
   8.59189022E-04   2.04099994E-03
   4.05890010E-02   2.36000004E-03
   1.53608003E-03   2.43099988E-03
   1.27363997E-03   2.84700003E-03
   1.31097995E-03   2.86799995E-03
   1.25210005E-04   2.99399998E-03
   3.86336003E-04   3.07599991E-03
   3.05647001E-04   3.19300010E-03
   5.68913016E-03   3.31100007E-03
   2.50471989E-04   3.32799996E-03
   7.88667021E-05   3.45210009E-03
   6.85784034E-05   3.45450011E-03
   2.27894998E-05   3.40400008E-03
   5.56347004E-05   3.42800003E-03
   3.74482988E-05   3.44799994E-03
   1.89616003E-06   3.45914997E-03
   3.83207016E-02   2.67899991E-03
   7.37657994E-02   2.74999999E-03
   4.69384007E-02   3.16599989E-03
   5.46111017E-02   3.18700005E-03
   5.99551015E-03   3.31300008E-03
   5.80372009E-03   3.39500001E-03
   1.02096004E-02   3.51199997E-03
   1.36463996E-02   3.62999993E-03
   1.54769002E-02   3.64700006E-03
   4.82810009E-03   3.77109996E-03
   5.50547987E-03   3.77349998E-03
   1.15547003E-03   3.72299994E-03
   9.37485020E-04   3.74699989E-03
   1.33173994E-03   3.76700005E-03
   8.23680966E-05   3.77815007E-03
   1.15429994E-03   2.82100006E-03
   5.72430007E-02   3.23699997E-03
   2.58004991E-03   3.25799990E-03
   3.33690987E-04   3.38399992E-03
   1.37769006E-04   3.46600008E-03
   3.08438990E-04   3.58300004E-03
   1.03479000E-02   3.70100001E-03
   3.92844988E-04   3.71799991E-03
   5.26958983E-03   3.84210004E-03
   2.21376002E-04   3.84450005E-03
   5.99464984E-05   3.79400002E-03
   1.95774992E-05   3.81799997E-03
   3.83838997E-05   3.83799989E-03
   4.28500016E-06   3.84914991E-03
   5.73512986E-02   3.65300011E-03
  0.162653998       3.67400004E-03
   4.36729006E-03   3.80000006E-03
   2.73952004E-03   3.88199999E-03
   3.26603011E-04   3.99899995E-03
   7.29905022E-03   4.11699992E-03
   1.13099003E-02   4.13399981E-03
   1.00988997E-02   4.25809994E-03
   1.50459995E-02   4.26049996E-03
   8.60103988E-04   4.20999993E-03
   4.43371013E-04   4.23400011E-03
   4.33735986E-05   4.25399980E-03
   6.03824992E-05   4.26515006E-03
   3.20740999E-03   3.69499996E-03
   5.71142009E-04   3.82099999E-03
   7.95504020E-04   3.90299992E-03
   2.86116003E-04   4.01999988E-03
   6.64308015E-03   4.13799984E-03
   4.56587994E-04   4.15500021E-03
   1.25375995E-02   4.27909987E-03
   5.66004019E-04   4.28149989E-03
   1.02979000E-04   4.23099985E-03
   1.10241002E-04   4.25500004E-03
   3.83920014E-05   4.27500019E-03
   8.89999956E-06   4.28614998E-03
   1.15099999E-06   3.94700002E-03
   1.79653998E-05   4.02900018E-03
   2.12688992E-05   4.14599990E-03
   8.43080983E-04   4.26399987E-03
   5.68547002E-05   4.28099977E-03
   3.04335001E-04   4.40509990E-03
   4.27863015E-05   4.40749992E-03
   6.29001022E-07   4.35699988E-03
   2.84190992E-06   4.38100006E-03
   2.54042993E-06   4.40100022E-03
   1.07946998E-05   4.11099987E-03
   7.88309990E-05   4.22800006E-03
   8.03300994E-04   4.34600003E-03
   2.75062994E-05   4.36299993E-03
   1.72011001E-04   4.48710006E-03
   4.99296002E-05   4.48950008E-03
   3.42874000E-06   4.43900004E-03
   3.32291006E-06   4.46300022E-03
   9.67982032E-06   4.48299991E-03
   2.79119995E-05   4.34499979E-03
   1.43466995E-03   4.46300022E-03
   5.25268988E-05   4.48000012E-03
   2.37054992E-05   4.60409978E-03
   1.54781992E-05   4.60649980E-03
   4.15748991E-06   4.55600023E-03
   1.16121000E-05   4.57999995E-03
   6.81749998E-06   4.60000010E-03
   1.14756997E-03   4.58100019E-03
   2.17448990E-03   4.59800009E-03
   7.09230022E-04   4.72210022E-03
   6.73845003E-04   4.72449977E-03
   1.62295997E-04   4.67400020E-03
   1.29781998E-04   4.69799992E-03
   1.88085003E-04   4.71800007E-03
   1.13071001E-05   4.72914986E-03
   3.72586001E-05   4.61499998E-03
   9.69035027E-04   4.73910011E-03
   4.00499011E-05   4.74150013E-03
   1.07945998E-05   4.69100010E-03
   4.79377013E-06   4.71499981E-03
   7.18498995E-06   4.73499997E-03
   7.00734006E-07   4.74615023E-03
   1.93247994E-04   4.86319978E-03
   1.15906005E-03   4.86559980E-03
   6.64437030E-05   4.81510023E-03
   3.47610003E-05   4.83909994E-03
   3.13274995E-06   4.85910010E-03
   4.51619007E-06   4.87024989E-03
   1.56691003E-05   4.86799981E-03
   7.69388043E-06   4.81749978E-03
   8.80326024E-06   4.84149996E-03
   2.33484002E-06   4.86150011E-03
   7.83640985E-07   4.87264991E-03
   5.53454981E-07   4.79099993E-03
   5.53454981E-07   4.81100008E-03
   1.18776995E-06   4.83499980E-03
   5.92997026E-07   4.85499995E-03
       -1137       -1137
   8.12497019E-05   5.67000010E-04
   3.98648001E-04   7.75000022E-04
   1.22161000E-03   1.16700004E-03
   3.13281990E-03   1.48600002E-03
   2.83179004E-02   1.55699998E-03
   3.92663013E-03   1.97299989E-03
   1.75554007E-02   1.99400005E-03
   3.12230986E-05   2.12000008E-03
   4.22209014E-05   2.20200000E-03
   2.09745995E-04   2.31899996E-03
   4.30484011E-04   2.43699993E-03
   3.92813981E-03   2.45400006E-03
   2.12988001E-04   2.57809996E-03
   1.03947998E-03   2.58049998E-03
   6.80595986E-06   2.52999994E-03
   6.95804010E-06   2.55399989E-03
   2.53380003E-05   2.57400004E-03
   7.67483016E-07   2.58515007E-03
   4.91493993E-05   9.83000034E-04
   4.28193994E-03   1.37499999E-03
   2.26933000E-04   1.69399998E-03
   2.87129004E-02   1.76500005E-03
   2.48103007E-03   2.18100008E-03
   1.21593000E-02   2.20200000E-03
   5.07578989E-05   2.32800003E-03
   1.10805004E-05   2.40999996E-03
   7.32570013E-04   2.52699992E-03
   6.79989989E-06   2.64499988E-03
   3.95527016E-03   2.66200001E-03
   1.55824004E-04   2.78609991E-03
   6.70954003E-04   2.78849993E-03
   7.59073009E-06   2.73799989E-03
   1.48236995E-06   2.76200008E-03
   8.91403979E-05   2.78200000E-03
   5.98664997E-07   2.79315002E-03
   2.33449996E-03   1.76699995E-03
   2.47120997E-03   2.08600005E-03
   3.96713018E-02   2.15699989E-03
   1.64664001E-03   2.57300003E-03
   2.23149010E-03   2.59399996E-03
   2.59504013E-04   2.71999999E-03
   5.67238021E-04   2.80199992E-03
   8.12512008E-04   2.91900011E-03
   4.44152014E-04   3.03700007E-03
   5.43823000E-03   3.05399997E-03
   9.28782028E-05   3.17810010E-03
   1.23941994E-04   3.18049989E-03
   4.88088990E-05   3.13000008E-03
   8.14364030E-05   3.15400003E-03
   9.97180032E-05   3.17399995E-03
   3.34064998E-06   3.18514998E-03
   5.56200976E-04   2.40499992E-03
   5.74477986E-02   2.47599999E-03
   2.48471997E-03   2.89199990E-03
   3.44891995E-02   2.91300006E-03
   3.10968986E-04   3.03900009E-03
   7.15057977E-05   3.12100002E-03
   4.34393005E-04   3.23799998E-03
   1.78757007E-04   3.35599994E-03
   7.97947031E-03   3.37300007E-03
   2.25081996E-04   3.49709997E-03
   3.05628008E-03   3.49949999E-03
   5.33271013E-05   3.44899995E-03
   1.12405996E-05   3.47299990E-03
   5.36510997E-05   3.49300005E-03
   3.61022990E-06   3.50415008E-03
   6.25663027E-02   2.54700007E-03
   5.47753982E-02   2.96299998E-03
   8.85652006E-02   2.98399990E-03
   6.47283997E-03   3.10999993E-03
   7.08066998E-03   3.19200009E-03
   1.00640999E-02   3.30900005E-03
   1.20096998E-02   3.42700002E-03
   2.17924006E-02   3.44399991E-03
   5.48885996E-03   3.56810004E-03
   8.24903045E-03   3.57050006E-03
   1.24013994E-03   3.52000003E-03
   1.13240001E-03   3.54399998E-03
   1.31978001E-03   3.56399990E-03
   8.97983991E-05   3.57514992E-03
   5.09545021E-03   3.37899989E-03
  0.160952002       3.40000005E-03
   8.16956977E-04   3.52600007E-03
   5.59585984E-04   3.60800000E-03
   3.62663006E-04   3.72499996E-03
   5.04789990E-04   3.84299993E-03
   7.13060983E-03   3.86000006E-03
   8.86899012E-04   3.98410019E-03
   1.17300004E-02   3.98650020E-03
   1.63441000E-04   3.93600017E-03
   8.60532964E-05   3.95999989E-03
   4.49200015E-05   3.98000004E-03
   1.00777997E-05   3.99114983E-03
  0.109268002       3.42099997E-03
   4.61681001E-03   3.54700000E-03
   3.02708009E-03   3.62899993E-03
   5.15283027E-04   3.74599989E-03
   6.58588996E-03   3.86400009E-03
   1.42695997E-02   3.88099998E-03
   1.45867998E-02   4.00510011E-03
   1.77471992E-02   4.00750013E-03
   9.07047011E-04   3.95700010E-03
   4.98945010E-04   3.98099981E-03
   7.49906976E-05   4.00099996E-03
   7.29508029E-05   4.01215022E-03
   1.60907996E-06   3.75499995E-03
   4.64658006E-05   3.87199991E-03
   5.01981012E-05   3.99000011E-03
   8.98512022E-04   4.00700001E-03
   5.48442003E-05   4.13110014E-03
   2.94216996E-04   4.13350016E-03
   6.12071017E-06   4.12699999E-03
   1.05448999E-04   3.95399984E-03
   5.25889982E-06   4.07199981E-03
   9.89999971E-04   4.08900017E-03
   3.39387007E-05   4.21309983E-03
   1.70373998E-04   4.21549985E-03
   1.35593000E-05   4.20900015E-03
   7.04988997E-05   4.07100003E-03
   8.39374989E-05   4.18900000E-03
   1.38080004E-03   4.20599990E-03
   2.22728995E-05   4.33010003E-03
   3.34504984E-05   4.33250004E-03
   9.28980990E-06   4.28200001E-03
   1.56706992E-05   4.30600019E-03
   1.77837992E-05   4.32599988E-03
   6.05000992E-07   4.33715014E-03
   1.30377002E-05   4.30699997E-03
   1.67191995E-03   4.32399986E-03
   4.27412997E-05   4.44809999E-03
   5.63555979E-04   4.45050001E-03
   8.58977000E-06   4.39999998E-03
   6.05122978E-07   4.42400016E-03
   1.04729997E-05   4.44399985E-03
   6.04912998E-07   4.45515011E-03
   1.80037995E-03   4.34100023E-03
   6.89808978E-04   4.46509989E-03
   1.25125004E-03   4.46749991E-03
   1.72373999E-04   4.41699987E-03
   1.58462994E-04   4.44100006E-03
   1.81622003E-04   4.46100021E-03
   1.22881002E-05   4.47215000E-03
   2.73919995E-05   4.58920002E-03
   1.11525995E-03   4.59160004E-03
   1.13966998E-05   4.54110000E-03
   5.55232009E-06   4.56510019E-03
   2.99518001E-06   4.58509987E-03
   6.20909987E-07   4.59625013E-03
   1.89124999E-04   4.59400006E-03
   5.89752999E-05   4.54350002E-03
   2.92912991E-05   4.56750020E-03
   4.81699999E-06   4.58749989E-03
   4.62157004E-06   4.59865015E-03
   1.10350004E-06   4.53699986E-03
   1.65058998E-06   4.56100004E-03
   1.15040996E-06   4.58100019E-03
       -1137       -1137
   5.11334017E-02   5.40000001E-05
   8.07705969E-02   7.10000022E-05
   3.47816981E-02   1.95100001E-04
   3.70950997E-02   1.97500005E-04
   7.94583000E-03   1.46999999E-04
   6.52736006E-03   1.71000007E-04
   7.29453005E-03   1.90999999E-04
   5.38680004E-04   2.02149997E-04
   1.77279003E-02   3.00000011E-06
   3.20576988E-02   1.28999993E-04
   3.97108011E-02   2.11000006E-04
   2.76069008E-02   3.27999995E-04
   2.31291000E-02   4.45999991E-04
   2.78373994E-02   4.63000004E-04
   2.91888998E-03   5.87099988E-04
   4.62605013E-03   5.89500007E-04
   5.72089013E-03   5.38999971E-04
   5.86155010E-03   5.62999980E-04
   3.47128999E-03   5.83000015E-04
   4.07065003E-04   5.94149984E-04
   2.86777993E-03   3.00999993E-04
   2.85782991E-03   3.22000007E-04
   1.40220001E-02   4.48000006E-04
   5.35693020E-03   5.30000019E-04
   3.11318994E-03   6.46999979E-04
   1.48276996E-03   7.65000004E-04
   3.88245005E-03   7.82000017E-04
   1.97640993E-03   9.06099973E-04
   1.96019001E-03   9.08499991E-04
   1.96186011E-03   8.58000014E-04
   8.46688985E-04   8.82000022E-04
   3.79261008E-04   9.02000000E-04
   1.33313006E-04   9.13150026E-04
   3.31586995E-03   3.72000010E-04
   4.58772993E-03   3.92999995E-04
   1.91374999E-02   5.18999994E-04
   7.31072994E-03   6.00999978E-04
   4.17773984E-03   7.17999996E-04
   2.96543003E-03   8.36000021E-04
   3.25369998E-03   8.52999976E-04
   2.03300989E-03   9.77099990E-04
   2.71792989E-03   9.79500008E-04
   2.58973008E-03   9.28999973E-04
   9.81239020E-04   9.52999981E-04
   5.04995987E-04   9.73000017E-04
   1.77808004E-04   9.84149985E-04
   7.49403005E-03   7.88000005E-04
   1.36898002E-02   8.08999990E-04
   1.73004009E-02   9.35000018E-04
   2.45673000E-03   1.01699994E-03
   1.27980998E-02   1.13400002E-03
   1.14969001E-03   1.25199999E-03
   7.41199008E-04   1.26900000E-03
   7.78477988E-04   1.39310001E-03
   7.31574022E-04   1.39550003E-03
   1.95068005E-03   1.34500000E-03
   3.02060012E-04   1.36899995E-03
   1.26647996E-03   1.38899998E-03
   1.34842994E-04   1.40015001E-03
   1.22594004E-02   8.29999975E-04
   2.22094003E-02   9.56000003E-04
   9.88136046E-04   1.03799999E-03
   1.26136001E-02   1.15499995E-03
   6.37084013E-04   1.27300003E-03
   1.58666004E-03   1.29000004E-03
   7.77040026E-04   1.41410006E-03
   1.22821995E-03   1.41649996E-03
   2.48386990E-03   1.36600004E-03
   1.10057998E-04   1.38999999E-03
   1.16880005E-03   1.41000003E-03
   1.51864995E-04   1.42115005E-03
   1.88372992E-02   1.08199997E-03
   2.87868008E-02   1.16400002E-03
   4.28950004E-02   1.28099998E-03
   4.63062003E-02   1.39899994E-03
   6.29680008E-02   1.41599996E-03
   2.93444004E-02   1.54009997E-03
   3.60523984E-02   1.54249999E-03
   5.94267016E-03   1.49199995E-03
   4.66967979E-03   1.51600002E-03
   5.60456980E-03   1.53600005E-03
   4.14372014E-04   1.54714996E-03
   2.16356991E-03   1.24600006E-03
   1.05769997E-02   1.36300002E-03
   4.08858014E-03   1.48099998E-03
   2.62798998E-03   1.49800000E-03
   1.58945005E-03   1.62210001E-03
   9.04542976E-04   1.62450003E-03
   3.34631000E-03   1.57399999E-03
   5.64393005E-04   1.59799994E-03
   1.02958002E-03   1.61799998E-03
   2.30371006E-04   1.62915001E-03
   4.36645979E-03   1.47999998E-03
   1.64693000E-03   1.59799994E-03
   5.70558012E-03   1.61499996E-03
   8.35375953E-03   1.73909997E-03
   1.01942001E-02   1.74149999E-03
   5.21227019E-03   1.69099995E-03
   1.53957005E-03   1.71500002E-03
   1.00156001E-03   1.73500006E-03
   3.55986995E-04   1.74614997E-03
   1.17329997E-03   1.71600003E-03
   4.19611996E-03   1.73300004E-03
   7.62486015E-04   1.85710005E-03
   5.58478991E-04   1.85949996E-03
   5.32214995E-03   1.80900004E-03
   5.10146026E-04   1.83299999E-03
   1.39627999E-04   1.85300002E-03
   3.61001003E-04   1.86415005E-03
   2.45703990E-03   1.75000005E-03
   6.07756025E-04   1.87409995E-03
   1.08586997E-03   1.87649997E-03
   7.27176014E-03   1.82600005E-03
   2.96656013E-04   1.85000000E-03
   5.96282014E-04   1.87000004E-03
   4.86372010E-04   1.88114995E-03
   1.18700002E-04   1.99820008E-03
   1.84200995E-04   2.00060010E-03
   3.43622989E-03   1.95009995E-03
   1.76977002E-04   1.97410001E-03
   9.36489028E-04   1.99409993E-03
   2.48269993E-04   2.00524996E-03
   2.21184004E-04   2.00299989E-03
   4.24392009E-03   1.95249997E-03
   8.20468995E-05   1.97650003E-03
   1.12002995E-03   1.99649995E-03
   2.98937986E-04   2.00764998E-03
   4.16433002E-04   1.90200005E-03
   5.32504986E-04   1.92600000E-03
   6.51889015E-04   1.94600003E-03
   4.86142999E-05   1.95714994E-03
   3.01952005E-05   1.94999995E-03
   1.34917005E-04   1.97000010E-03
   3.10555006E-05   1.98114989E-03
   4.74078988E-05   1.99000002E-03
   3.80675992E-05   2.00115005E-03
       -1137       -1137
   1.10673998E-02   3.00000011E-06
   7.17339991E-03   1.19999997E-04
   4.92919004E-03   2.37999993E-04
   6.57624984E-03   2.54999992E-04
   2.36542989E-03   3.79100005E-04
   3.63102998E-03   3.81499995E-04
   1.03247003E-03   3.30999988E-04
   1.28209998E-03   3.54999996E-04
   7.14407011E-04   3.75000003E-04
   7.54016000E-05   3.86150001E-04
   3.94169018E-02   9.30000024E-05
  0.141545996       1.14000002E-04
   1.95962992E-02   2.39999994E-04
   1.67022999E-02   3.22000007E-04
   1.59524996E-02   4.38999996E-04
   8.34181998E-03   5.56999992E-04
   1.07522001E-02   5.74000005E-04
   3.32475011E-03   6.98100019E-04
   6.13314984E-03   7.00499979E-04
   3.75226000E-03   6.50000002E-04
   2.49866000E-03   6.74000010E-04
   1.99962989E-03   6.93999988E-04
   2.60984001E-04   7.05150014E-04
   3.58938016E-02   1.63999997E-04
   8.68880004E-03   1.84999997E-04
   3.03276000E-03   3.11000011E-04
   1.36960996E-02   3.92999995E-04
   2.19729007E-03   5.09999983E-04
   1.14350999E-03   6.28000009E-04
   1.34425005E-03   6.45000022E-04
   6.19407976E-04   7.69099977E-04
   4.57974005E-04   7.71499996E-04
   3.90637986E-04   7.21000019E-04
   1.29924004E-03   7.45000027E-04
   1.59015006E-04   7.65000004E-04
   2.87143994E-05   7.76149973E-04
   1.24361995E-03   5.79999993E-04
   5.66849019E-03   6.00999978E-04
   3.47437011E-03   7.27000006E-04
   1.23233004E-02   8.08999990E-04
   9.68726992E-04   9.26000008E-04
   4.12289985E-03   1.04400003E-03
   3.47805000E-03   1.06100005E-03
   8.47159012E-04   1.18509994E-03
   5.52602985E-04   1.18749996E-03
   5.76825987E-04   1.13700004E-03
   1.16968004E-03   1.16099999E-03
   1.09088003E-04   1.18100003E-03
   4.95636996E-05   1.19215006E-03
   3.45076987E-04   6.22000021E-04
   1.81307003E-03   7.47999991E-04
   1.83359999E-02   8.29999975E-04
   9.16392019E-04   9.46999993E-04
   9.09272954E-03   1.06499996E-03
   7.82618998E-04   1.08199997E-03
   1.49012994E-04   1.20609999E-03
   1.07189997E-04   1.20850001E-03
   2.36278007E-04   1.15799997E-03
   1.74719002E-03   1.18200004E-03
   8.50435026E-05   1.20199996E-03
   1.58036000E-05   1.21314998E-03
   3.17660999E-03   8.74000019E-04
   4.03007008E-02   9.56000003E-04
   7.60478992E-03   1.07300002E-03
   1.06217004E-02   1.19099999E-03
   6.92463014E-03   1.20800000E-03
   1.25502003E-03   1.33210002E-03
   2.30217003E-03   1.33450003E-03
   9.47060005E-04   1.28400000E-03
   4.01477003E-03   1.30799995E-03
   9.24560998E-04   1.32799998E-03
   6.70605004E-05   1.33915001E-03
   2.73346007E-02   1.03799999E-03
   6.87977970E-02   1.15499995E-03
   5.84354997E-02   1.27300003E-03
   9.65028033E-02   1.29000004E-03
   4.53285016E-02   1.41410006E-03
   5.68895005E-02   1.41649996E-03
   8.23939964E-03   1.36600004E-03
   7.75113003E-03   1.38999999E-03
   9.65907983E-03   1.41000003E-03
   6.08309987E-04   1.42115005E-03
   1.95198006E-03   1.27200002E-03
   9.72000044E-03   1.38999999E-03
   4.68540005E-03   1.40700000E-03
   1.12870999E-03   1.53110002E-03
   1.68721995E-03   1.53350004E-03
   1.07427000E-03   1.48300000E-03
   7.17272982E-03   1.50699995E-03
   4.15190007E-04   1.52699999E-03
   7.28040031E-05   1.53815001E-03
   3.87442997E-03   1.50799996E-03
   5.46798995E-03   1.52499997E-03
   8.80432967E-03   1.64909998E-03
   1.20820003E-02   1.65150000E-03
   2.03447999E-03   1.60099997E-03
   6.59431983E-03   1.62500003E-03
   1.43102999E-03   1.64499995E-03
   1.49568994E-04   1.65614998E-03
   8.87863978E-04   1.54199998E-03
   1.96639006E-03   1.66610000E-03
   1.38874003E-03   1.66850002E-03
   8.59315973E-04   1.61799998E-03
   1.10539999E-02   1.64200005E-03
   5.07861027E-04   1.66199997E-03
   5.99373998E-05   1.67314999E-03
   7.27990991E-05   1.79020001E-03
   4.42608987E-04   1.79260003E-03
   2.35803993E-04   1.74209999E-03
   4.73306980E-03   1.76609994E-03
   1.52310007E-04   1.78609998E-03
   1.91146992E-05   1.79725001E-03
   1.23895006E-04   1.79500005E-03
   3.35096993E-04   1.74450001E-03
   6.30334998E-03   1.76849996E-03
   2.24645002E-04   1.78850000E-03
   2.98222003E-05   1.79965002E-03
   8.23489972E-05   1.69399998E-03
   8.84204987E-04   1.71800004E-03
   1.42385994E-04   1.73799996E-03
   1.30132003E-05   1.74914999E-03
   4.60609997E-04   1.74199999E-03
   9.28046997E-04   1.76200003E-03
   5.90572017E-05   1.77315006E-03
   2.02946994E-05   1.78199995E-03
   1.18396001E-05   1.79314998E-03
       -1137       -1137
   4.70894985E-02   4.70000014E-05
   1.89510994E-02   1.65000005E-04
   2.72716992E-02   1.82000003E-04
   5.45408018E-03   3.06100002E-04
   4.85944003E-03   3.08499992E-04
   3.98716982E-03   2.57999985E-04
   2.89480994E-03   2.81999994E-04
   5.26705990E-03   3.02000000E-04
   2.66926014E-04   3.13149998E-04
  0.132456005       9.99999997E-07
  0.119938001       1.18000004E-04
  0.111345001       2.36000007E-04
  0.131873995       2.53000006E-04
   1.61333997E-02   3.77099990E-04
   2.00475994E-02   3.79500008E-04
   2.15645004E-02   3.29000002E-04
   1.92360003E-02   3.53000010E-04
   1.45621002E-02   3.72999988E-04
   1.45689002E-03   3.84149986E-04
   1.16550003E-03   1.88000005E-04
   1.63800002E-03   2.09000005E-04
   1.17424997E-02   3.34999990E-04
   4.87820012E-03   4.17000003E-04
   5.05434982E-02   5.33999992E-04
   1.94556999E-03   6.52000017E-04
   6.96355989E-03   6.68999972E-04
   1.37973996E-03   7.93099985E-04
   1.37749000E-03   7.95500004E-04
   1.28176005E-03   7.45000027E-04
   6.53676980E-04   7.68999977E-04
   4.32824995E-03   7.89000012E-04
   8.06066964E-05   8.00149981E-04
   2.87209009E-03   2.30000005E-04
   2.54341997E-02   3.56000004E-04
   1.84732992E-02   4.37999988E-04
   6.14288002E-02   5.54999977E-04
   1.54793996E-03   6.73000002E-04
   1.05552999E-02   6.90000015E-04
   5.02118981E-03   8.14100029E-04
   6.11185981E-03   8.16499989E-04
   3.50074004E-03   7.66000012E-04
   2.60699005E-03   7.90000020E-04
   5.31650009E-03   8.09999998E-04
   2.38078996E-04   8.21150024E-04
   1.19570999E-04   4.82000003E-04
   3.33355012E-04   5.63999987E-04
   4.95814020E-03   6.81000005E-04
   4.62227006E-04   7.98999972E-04
   7.35606998E-04   8.15999985E-04
   3.80543992E-04   9.40099999E-04
   3.83697014E-04   9.42500017E-04
   4.48616993E-05   8.91999982E-04
   3.97527001E-05   9.15999990E-04
   4.10854002E-04   9.36000026E-04
   3.23690006E-06   9.47149994E-04
   2.07439007E-05   6.45999971E-04
   5.81240980E-03   7.62999989E-04
   2.76676990E-04   8.81000014E-04
   6.93442009E-04   8.98000028E-04
   2.96685001E-04   1.02209998E-03
   6.68526976E-04   1.02450000E-03
   5.94051016E-05   9.74000024E-04
   1.28338997E-05   9.98000032E-04
   4.92251012E-04   1.01799995E-03
   3.87094997E-06   1.02914998E-03
   7.08380993E-03   8.80000007E-04
   8.95578042E-03   9.98000032E-04
   1.17752999E-02   1.01500005E-03
   6.10852987E-03   1.13909994E-03
   7.22914981E-03   1.14149996E-03
   9.79471952E-04   1.09100004E-03
   9.06373025E-04   1.11499999E-03
   1.52704003E-03   1.13500003E-03
   6.96252027E-05   1.14615005E-03
   1.79791998E-04   1.11600000E-03
   1.05670001E-03   1.13300001E-03
   1.43338999E-04   1.25710003E-03
   2.81279994E-04   1.25950004E-03
   6.44378015E-05   1.20900001E-03
   4.36252994E-05   1.23299996E-03
   7.71784980E-04   1.25299999E-03
   3.87858017E-06   1.26415002E-03
   1.01775001E-03   1.15000003E-03
   4.64065000E-04   1.27410004E-03
   6.28688023E-04   1.27650006E-03
   1.42510995E-04   1.22600002E-03
   1.21399004E-04   1.24999997E-03
   1.05050998E-03   1.27000001E-03
   9.87859039E-06   1.28115003E-03
   2.24997002E-05   1.39820005E-03
   1.03204999E-04   1.40059995E-03
   4.97852998E-05   1.35010004E-03
   1.40285001E-05   1.37409999E-03
   5.46152005E-04   1.39410002E-03
   3.15907005E-06   1.40525005E-03
   3.39504986E-05   1.40299997E-03
   4.75947018E-05   1.35250005E-03
   3.61923012E-05   1.37650000E-03
   6.45969005E-04   1.39650004E-03
   3.42547992E-06   1.40764995E-03
   1.41502005E-06   1.30200002E-03
   3.37039000E-06   1.32599997E-03
   8.14005980E-05   1.34600000E-03
   1.75804004E-07   1.35000004E-03
   7.58987007E-05   1.36999995E-03
   1.01967998E-07   1.38114998E-03
   7.92896026E-05   1.38999999E-03
   5.35493018E-06   1.40115002E-03
       -1137       -1137
   6.44325977E-03   5.80999986E-05
   8.00944027E-03   6.04999987E-05
   2.77032005E-03   9.99999975E-06
   1.25927001E-03   3.40000006E-05
   2.47820001E-03   5.40000001E-05
   1.39815995E-04   6.51500013E-05
  0.122840002       1.60000000E-05
  0.114614002       9.79999968E-05
  0.119468004       2.14999993E-04
  0.125363007       3.33000004E-04
  0.129056007       3.49999988E-04
   1.17031997E-02   4.74100001E-04
   9.56104975E-03   4.76499990E-04
   2.39349995E-02   4.26000013E-04
   1.82131007E-02   4.49999992E-04
   1.51965003E-02   4.69999999E-04
   1.65088999E-03   4.81149997E-04
   7.82439020E-03   3.70000016E-05
   1.85447000E-02   1.18999997E-04
   7.91790988E-03   2.36000007E-04
  0.131417006       3.53999989E-04
   5.41596999E-03   3.71000002E-04
   2.37745000E-03   4.95099986E-04
   1.06869999E-03   4.97500005E-04
   1.13533996E-03   4.46999999E-04
   1.79099001E-03   4.71000007E-04
   7.50591978E-04   4.91000013E-04
   7.83258001E-05   5.02149982E-04
   8.56265018E-04   1.63000004E-04
   2.18209997E-03   2.45000003E-04
   1.37630000E-03   3.61999992E-04
   1.16785998E-02   4.79999988E-04
   1.30898994E-03   4.97000001E-04
   2.86077010E-03   6.21100015E-04
   2.37874012E-03   6.23499975E-04
   2.03725998E-04   5.72999998E-04
   2.27911994E-04   5.97000006E-04
   1.51389002E-04   6.16999983E-04
   1.38839996E-05   6.28150010E-04
   6.53430994E-04   3.26999987E-04
   1.75977999E-03   4.44000005E-04
   9.01534967E-03   5.61999972E-04
   8.64717993E-04   5.78999985E-04
   3.85435007E-04   7.03099999E-04
   3.57554003E-04   7.05500017E-04
   1.79142007E-04   6.54999982E-04
   1.42371995E-04   6.78999990E-04
   1.37397001E-04   6.99000026E-04
   1.41420996E-05   7.10149994E-04
   5.59238018E-04   5.61000023E-04
   1.81610007E-02   6.78999990E-04
   1.50742999E-03   6.96000003E-04
   1.06601999E-03   8.20100016E-04
   6.17074023E-04   8.22499976E-04
   6.79458026E-05   7.71999999E-04
   1.21327001E-04   7.96000008E-04
   9.45068969E-05   8.15999985E-04
   4.29961983E-06   8.27150012E-04
   1.20566003E-02   7.97000015E-04
   2.31959000E-02   8.14000028E-04
   1.05905998E-02   9.38099984E-04
   1.43037001E-02   9.40500002E-04
   1.89564005E-03   8.90000025E-04
   1.45156996E-03   9.13999975E-04
   2.21902994E-03   9.34000011E-04
   1.34028000E-04   9.45149979E-04
   3.61359009E-04   8.30999983E-04
   1.11751002E-03   9.55099997E-04
   4.30948014E-04   9.57500015E-04
   7.04581980E-05   9.06999980E-04
   7.49282990E-05   9.30999988E-04
   1.24084007E-04   9.51000024E-04
   5.48336993E-06   9.62149992E-04
   1.27395004E-04   1.07919995E-03
   4.10915993E-04   1.08159997E-03
   1.49055995E-04   1.03110005E-03
   5.57870007E-05   1.05510000E-03
   1.07795000E-04   1.07510004E-03
   9.19242029E-06   1.08624995E-03
   5.55322986E-05   1.08399999E-03
   9.84044964E-05   1.03349995E-03
   4.67831014E-05   1.05750002E-03
   5.33281018E-05   1.07750006E-03
   5.86871010E-06   1.08864997E-03
   5.19914011E-06   9.83000034E-04
   9.48514025E-06   1.00699998E-03
   4.85850978E-06   1.02700002E-03
   8.58794976E-07   1.03815005E-03
   2.72684997E-06   1.03100005E-03
   8.59181000E-06   1.05099997E-03
   9.14656027E-07   1.06215000E-03
   4.77546018E-06   1.07100001E-03
   4.48549997E-07   1.08215003E-03
       -1137       -1137
   8.68619978E-03   2.70000000E-05
   1.64503008E-02   1.44000005E-04
   8.49592965E-03   2.61999987E-04
  0.112648003       2.79000000E-04
   1.93913002E-03   4.03100014E-04
   1.91879005E-03   4.05500003E-04
   2.20864010E-03   3.54999996E-04
   1.49479997E-03   3.79000005E-04
   1.72912003E-03   3.99000011E-04
   1.53403002E-04   4.10150009E-04
  0.145815998       4.80000017E-05
  0.122454002       1.65000005E-04
  0.126530007       2.83000001E-04
  0.219793007       3.00000014E-04
   1.30848996E-02   4.24099999E-04
   1.98017992E-02   4.26499988E-04
   2.82575004E-02   3.76000011E-04
   2.44619008E-02   3.99999990E-04
   1.75106004E-02   4.19999997E-04
   2.07062997E-03   4.31149994E-04
   1.73932000E-03   9.20000020E-05
   2.60070991E-03   1.74000001E-04
   3.09767993E-03   2.91000004E-04
   2.57311994E-03   4.09000000E-04
   1.41150998E-02   4.26000013E-04
   2.91245990E-03   5.50099998E-04
   4.44988022E-03   5.52500016E-04
   4.07390005E-04   5.01999981E-04
   3.13107012E-04   5.25999989E-04
   3.39469989E-04   5.46000025E-04
   2.85639999E-05   5.57149993E-04
   4.00129997E-04   2.55999999E-04
   3.55569995E-03   3.72999988E-04
   6.51062990E-04   4.91000013E-04
   1.41920000E-02   5.08000026E-04
   4.29695996E-04   6.32099982E-04
   8.55516992E-04   6.34500000E-04
   1.80458999E-04   5.84000023E-04
   9.43346968E-05   6.07999973E-04
   2.54465995E-04   6.28000009E-04
   1.29895998E-05   6.39149977E-04
   1.16202002E-03   4.90000006E-04
   2.58477009E-03   6.07999973E-04
   1.81715004E-02   6.24999986E-04
   8.50812008E-04   7.49100000E-04
   1.10025995E-03   7.51500018E-04
   9.26076973E-05   7.00999983E-04
   1.31905996E-04   7.24999991E-04
   1.97414993E-04   7.45000027E-04
   6.96753978E-06   7.56149995E-04
   1.49469997E-04   7.25999998E-04
   1.86356995E-02   7.43000011E-04
   2.94452999E-04   8.67100025E-04
   1.09041005E-03   8.69499985E-04
   7.23303965E-05   8.19000008E-04
   5.32427985E-05   8.43000016E-04
   2.25034993E-04   8.62999994E-04
   5.75695003E-06   8.74150021E-04
   2.03600004E-02   7.60000024E-04
   1.24538001E-02   8.84099980E-04
   1.46287996E-02   8.86499998E-04
   2.07927008E-03   8.36000021E-04
   1.96807995E-03   8.59999971E-04
   2.26937002E-03   8.80000007E-04
   1.46088001E-04   8.91149975E-04
   4.49217005E-05   1.00819999E-03
   4.29020991E-04   1.01060001E-03
   1.33430003E-04   9.60099977E-04
   5.22892988E-05   9.84100043E-04
   8.07682009E-05   1.00409996E-03
   8.68065035E-06   1.01524999E-03
   9.11518000E-05   1.01300003E-03
   2.11139995E-04   9.62499995E-04
   7.15787974E-05   9.86499945E-04
   1.12207999E-04   1.00649998E-03
   1.41635001E-05   1.01765001E-03
   1.15311996E-05   9.12000018E-04
   1.50891001E-05   9.36000026E-04
   1.05631998E-05   9.56000003E-04
   2.54170004E-06   9.67149972E-04
   3.48211006E-06   9.59999976E-04
   1.00831003E-05   9.80000012E-04
   1.51307995E-06   9.91150038E-04
   9.17579018E-06   1.00000005E-03
   1.62827996E-06   1.01114996E-03
       -1137       -1137
  0.371526003       8.09999983E-06
   2.12594997E-02   1.04999999E-05
   3.16368008E-04   1.51499999E-05
   5.14473999E-03   9.99999975E-06
   3.74823995E-02   1.34100002E-04
   8.65416043E-03   1.36500006E-04
   6.93183974E-04   8.60000000E-05
   7.90824008E-04   1.10000001E-04
   1.74540002E-03   1.30000000E-04
   4.64900986E-05   1.41149998E-04
   3.07644997E-02   7.50000036E-05
   5.21018989E-02   9.20000020E-05
   3.60716991E-02   2.16100001E-04
   8.64244998E-03   2.18500005E-04
   5.27640991E-03   1.67999999E-04
   2.81096995E-03   1.92000007E-04
   4.20801016E-03   2.11999999E-04
   3.95751005E-04   2.23149997E-04
   3.23399995E-03   7.40000032E-05
   2.78690998E-02   1.92000007E-04
   2.12517008E-02   2.09000005E-04
   5.42277992E-02   3.33100004E-04
   3.10200010E-03   3.35499994E-04
   1.77050999E-03   2.84999987E-04
   1.54224003E-03   3.08999995E-04
   7.81152979E-04   3.29000002E-04
   1.15483002E-04   3.40150000E-04
   4.92788991E-03   3.10000003E-04
   1.16033005E-02   3.26999987E-04
   4.74379994E-02   4.51100001E-04
   4.57039988E-03   4.53499990E-04
   6.41369028E-04   4.03000013E-04
   2.70304992E-03   4.26999992E-04
   1.88454997E-03   4.46999999E-04
   4.66035017E-05   4.58149996E-04
   2.70207995E-03   3.44000000E-04
   7.10574985E-02   4.68100014E-04
   1.71897002E-03   4.70500003E-04
   6.22475985E-04   4.19999997E-04
   1.93452998E-03   4.44000005E-04
   1.04248000E-03   4.64000012E-04
   3.59404003E-05   4.75150009E-04
   4.60784994E-02   5.92200027E-04
   7.64129013E-02   5.94599987E-04
   5.80056990E-03   5.44100010E-04
   4.75256005E-03   5.68100018E-04
   6.90667005E-03   5.88099996E-04
   3.74697003E-04   5.99250023E-04
   7.55732006E-04   5.97000006E-04
   1.57714006E-04   5.46500029E-04
   6.03316992E-04   5.70499978E-04
   1.87935002E-04   5.90500014E-04
   4.53907978E-06   4.95999993E-04
   1.79260998E-04   5.20000001E-04
   1.37113995E-04   5.39999979E-04
   5.12639017E-05   5.44000010E-04
   7.65873992E-05   5.63999987E-04
   1.65770996E-06   5.75150014E-04
   1.07910000E-05   5.84000023E-04
       -1137       -1137
   1.44424001E-02   1.13100003E-04
   7.21611008E-02   1.15499999E-04
   7.82603980E-04   6.50000002E-05
   2.37648003E-03   8.90000010E-05
   1.78010995E-03   1.09000001E-04
   6.32226001E-05   1.20149998E-04
   3.84899997E-03   5.40000001E-05
   8.57760012E-03   7.10000022E-05
   7.64081022E-04   1.95100001E-04
   6.01348989E-02   1.97500005E-04
   1.94436999E-03   1.46999999E-04
   4.45809012E-04   1.71000007E-04
   5.84442983E-04   1.90999999E-04
   1.21978002E-04   2.02149997E-04
   4.27328013E-02   5.29999998E-05
   6.37559965E-02   1.71000007E-04
  0.106210001       1.88000005E-04
   1.58248991E-02   3.12099990E-04
  0.105820999       3.14500008E-04
   4.93270019E-03   2.64000002E-04
   1.68085995E-03   2.88000010E-04
   3.63852992E-03   3.07999988E-04
   3.35944991E-04   3.19150015E-04
   1.39908004E-03   2.88999989E-04
   1.69252995E-02   3.06000002E-04
   1.91234995E-03   4.30099986E-04
   9.19578001E-02   4.32500005E-04
   7.54396024E-04   3.81999998E-04
   7.23503996E-04   4.06000006E-04
   2.15461990E-03   4.26000013E-04
   3.36990015E-05   4.37150011E-04
   1.13888001E-02   3.22999986E-04
   8.04249011E-03   4.47099999E-04
  0.119943999       4.49499988E-04
   1.08834996E-03   3.99000011E-04
   1.21967995E-03   4.22999990E-04
   4.61940980E-03   4.42999997E-04
   6.44754982E-05   4.54149995E-04
   9.82066034E-04   5.71199984E-04
   7.38454014E-02   5.73600002E-04
   2.53678998E-04   5.23100025E-04
   1.59519004E-05   5.47099975E-04
   9.37342993E-04   5.67100011E-04
   5.85308000E-02   5.76000020E-04
   1.02986004E-02   5.25499985E-04
   8.13362002E-03   5.49499993E-04
   1.29752997E-02   5.69500029E-04
   6.58426026E-04   5.80649998E-04
   8.95339035E-05   4.99000016E-04
   2.07370002E-04   5.18999994E-04
   3.95411989E-05   5.43000002E-04
   4.07180014E-05   5.62999980E-04
       -1137       -1137
   6.13155998E-02   6.91000023E-05
  0.117289998       7.14999987E-05
   2.04869006E-02   2.09999998E-05
   1.58875007E-02   4.50000007E-05
   2.14652997E-02   6.50000002E-05
   1.50311005E-03   7.61499978E-05
  0.126093000       4.50000007E-05
  0.111077003       6.19999992E-05
  0.151447996       1.86100006E-04
  0.135409996       1.88499995E-04
   1.43106999E-02   1.38000003E-04
   1.46562997E-02   1.61999997E-04
   1.04069002E-02   1.82000003E-04
   1.04796002E-03   1.93150001E-04
   1.33130001E-03   1.63000004E-04
   9.86156017E-02   1.80000003E-04
   4.42644022E-03   3.04099987E-04
   1.77097004E-02   3.06500006E-04
   4.91329981E-03   2.55999999E-04
   1.04821997E-03   2.80000007E-04
   2.88499007E-03   3.00000014E-04
   2.26396995E-04   3.11150012E-04
   2.38132998E-02   1.97000001E-04
   2.12586001E-02   3.21100000E-04
   1.40795000E-02   3.23499989E-04
   6.95479009E-03   2.73000012E-04
   3.00218002E-03   2.96999991E-04
   2.03009997E-03   3.16999998E-04
   3.65510001E-04   3.28149996E-04
   9.60175021E-05   4.45200014E-04
   3.19759990E-03   4.47600003E-04
   3.30849993E-03   3.97099997E-04
   2.78216990E-04   4.21100005E-04
   6.28968992E-04   4.41100012E-04
   1.37162002E-04   4.52250009E-04
   1.81844007E-04   4.49999992E-04
   4.57439013E-03   3.99499986E-04
   7.23696023E-04   4.23499994E-04
   4.04115010E-04   4.43500001E-04
   1.82119998E-04   4.54649999E-04
   3.60055012E-04   3.49000009E-04
   4.22459998E-04   3.72999988E-04
   5.29508980E-04   3.92999995E-04
   3.25533001E-05   4.04149992E-04
   1.02004997E-05   3.96999996E-04
   1.70711995E-04   4.17000003E-04
   4.49809995E-05   4.37000010E-04
   4.64382993E-06   4.48150007E-04
       -1137       -1137
   3.86294015E-02   1.04100000E-04
   1.87868997E-02   1.06500003E-04
   9.21782013E-03   5.60000008E-05
   1.00387996E-02   7.99999980E-05
   8.21101014E-03   9.99999975E-05
   7.35118985E-04   1.11150002E-04
   5.77811003E-02   8.09999983E-05
  0.224484995       9.79999968E-05
  0.103184998       2.22100003E-04
  0.257797986       2.24500007E-04
   3.08742002E-02   1.74000001E-04
   2.10315995E-02   1.97999994E-04
   2.56734006E-02   2.18000001E-04
   2.38706009E-03   2.29149999E-04
   1.10401995E-02   1.15000003E-04
   5.74906990E-02   2.39100002E-04
   1.29140997E-02   2.41500005E-04
   3.36040999E-03   1.90999999E-04
   1.56619009E-02   2.14999993E-04
   2.95519992E-03   2.35000000E-04
   2.04484997E-04   2.46150012E-04
   3.61873000E-03   3.63200001E-04
   3.73861007E-02   3.65599990E-04
   4.06607008E-03   3.15100013E-04
   8.35600030E-03   3.39099992E-04
   3.76042002E-03   3.59099999E-04
   2.69398995E-04   3.70249996E-04
   6.39243983E-04   3.68000008E-04
   1.55809999E-03   3.17500002E-04
   1.33921998E-02   3.41500010E-04
   1.28436997E-03   3.61499988E-04
   7.87543031E-05   3.72650014E-04
   7.90353006E-05   2.66999996E-04
   1.27615000E-03   2.91000004E-04
   1.96994006E-04   3.11000011E-04
   2.97982001E-06   3.22150008E-04
   8.32022983E-04   3.15000012E-04
   1.62076997E-03   3.34999990E-04
   8.60556975E-05   3.46149987E-04
   4.94394990E-05   3.54999996E-04
   2.30956994E-06   3.66149994E-04
       -1137       -1137
   2.66791005E-02   1.05100000E-04
  0.100892998       1.07499996E-04
   7.82779977E-03   5.70000011E-05
   5.39758988E-03   8.09999983E-05
   1.36636002E-02   1.00999998E-04
   4.89466998E-04   1.12150003E-04
  0.328736991       1.22099998E-04
  0.271784991       1.24500002E-04
   3.20543014E-02   7.40000032E-05
   3.27206999E-02   9.79999968E-05
   2.78210007E-02   1.18000004E-04
   2.46724999E-03   1.29149994E-04
   8.33215017E-04   2.46200012E-04
   2.05397997E-02   2.48600001E-04
   2.31726002E-03   1.98099995E-04
   6.42984989E-04   2.22100003E-04
   5.00024017E-03   2.42099995E-04
   9.74761042E-06   2.53250008E-04
   6.83584018E-03   2.50999990E-04
   4.33654990E-03   2.00499999E-04
   2.94285011E-03   2.24500007E-04
   6.04521995E-03   2.44499999E-04
   1.25772000E-04   2.55649997E-04
   1.82049000E-04   1.50000007E-04
   2.24774994E-04   1.74000001E-04
   7.47007027E-04   1.93999993E-04
   6.35911012E-04   2.18000001E-04
   4.99822025E-04   2.37999993E-04
       -1137       -1137
          -1          -1
