   3.32600996E-03   9.07659978E-02
   7.01378006E-03   9.17320028E-02
   1.73635001E-03   9.81360003E-02
   1.40690000E-03  0.112309001    
   1.54675997E-03  0.112755999    
   4.52523003E-04  0.114285000    
   3.98689008E-05  0.114959002    
   2.04759999E-05  0.115245998    
   3.89055000E-04  0.117890000    
   4.21419012E-04  0.118101999    
   1.27845007E-04  0.118518002    
   1.30464005E-05  0.118841998    
   6.63393985E-06  0.118917003    
   3.61379016E-08  0.119341999    
   3.61379016E-08  0.119363002    
   1.10590998E-04  0.119497001    
   1.14044000E-04  0.119580999    
   3.46894994E-05  0.119707003    
   3.22363007E-06  0.119825996    
   1.63940001E-06  0.119845003    
   1.64758996E-04   9.26980004E-02
   2.54722009E-03   9.91019979E-02
   1.33303995E-03  0.113274999    
   6.68974972E-05  0.113721997    
   5.78835024E-04  0.115250997    
   4.13175985E-05  0.115924999    
   7.64630022E-05  0.116212003    
   3.59397993E-04  0.118855998    
   1.86201996E-05  0.119067997    
   1.58320996E-04  0.119484000    
   1.32245004E-05  0.119808003    
   2.46222007E-05  0.119883001    
   3.96627996E-07  0.120307997    
   5.58312991E-07  0.120329000    
   1.00603997E-04  0.120462999    
   4.95161021E-06  0.120546997    
   4.24485006E-05  0.120673001    
   3.03240995E-06  0.120792001    
   5.81231006E-06  0.120811000    
   9.50897986E-04  0.105506003    
   2.89501011E-04  0.119678997    
   4.64935991E-04  0.120126002    
   4.43888013E-04  0.121655002    
   7.74849032E-05  0.122328997    
   5.79184016E-05  0.122616000    
   7.60303010E-05  0.125259995    
   1.22067999E-04  0.125471994    
   1.22301004E-04  0.125888005    
   2.47606004E-05  0.126212001    
   1.86115994E-05  0.126286998    
   5.67857001E-07  0.126711994    
   6.02160014E-07  0.126733005    
   2.15609998E-05  0.126866996    
   3.34961987E-05  0.126950994    
   3.31796000E-05  0.127076998    
   6.17815022E-06  0.127195999    
   4.60258980E-06  0.127214998    
   1.47430997E-04  0.133852005    
   2.94906000E-04  0.134298995    
   7.58567985E-05  0.135828003    
   6.50266020E-06  0.136501998    
   3.19509991E-06  0.136788994    
   8.14333034E-05  0.139432997    
   8.04403026E-05  0.139644995    
   2.15275995E-05  0.140061006    
   2.17070010E-06  0.140385002    
   1.06985999E-06  0.140459999    
   2.31605009E-05  0.141039997    
   2.17954002E-05  0.141123995    
   5.88006014E-06  0.141249999    
   5.65244989E-07  0.141369000    
   2.39484990E-07  0.141387999    
   5.81801987E-06  0.134746000    
   1.09551998E-04  0.136274993    
   7.35926005E-06  0.136949003    
   1.00276002E-05  0.137235999    
   7.93619984E-05  0.139880002    
   3.07852997E-06  0.140092000    
   3.01211003E-05  0.140507996    
   2.30693990E-06  0.140832007    
   3.23692007E-06  0.140907004    
   7.76712028E-08  0.141332000    
   3.88080998E-08  0.141352996    
   2.22327999E-05  0.141487002    
   8.05425998E-07  0.141571000    
   8.10035999E-06  0.141697004    
   5.28431997E-07  0.141816005    
   7.57890973E-07  0.141835004    
   5.23542003E-05  0.137804002    
   1.50366996E-05  0.138477996    
   1.06962998E-05  0.138765007    
   1.98784001E-05  0.141408995    
   2.89328000E-05  0.141620994    
   2.88570991E-05  0.142037004    
   4.82120004E-06  0.142361000    
   3.44264004E-06  0.142435998    
   6.00195023E-08  0.142860994    
   7.22199971E-08  0.142882004    
   5.63029016E-06  0.143015996    
   7.92956962E-06  0.143099993    
   7.81374001E-06  0.143225998    
   1.19414005E-06  0.143344998    
   8.43007001E-07  0.143363997    
   6.59004016E-08  0.139152005    
   1.39640997E-06  0.139439002    
   1.69085001E-06  0.142083004    
   1.94547010E-06  0.142295003    
   3.96477981E-06  0.142710999    
   6.06716029E-08  0.143034995    
   4.36432998E-07  0.143110007    
   2.36872992E-08  0.143555999    
   4.89574006E-07  0.143690005    
   5.58800025E-07  0.143774003    
   1.08269001E-06  0.143900007    
   7.37260990E-08  0.144038007    
   3.50076988E-07  0.139725998    
   7.95749997E-07  0.142370000    
   2.41625003E-06  0.142581999    
   2.76966989E-06  0.142997995    
   4.01058003E-07  0.143322006    
   1.97236005E-07  0.143397003    
   2.02677001E-07  0.143977001    
   6.34481012E-07  0.144060999    
   7.22507991E-07  0.144187003    
   7.37622017E-08  0.144306004    
   7.14577979E-08  0.144325003    
   1.12210000E-05  0.145014003    
   2.16178996E-05  0.145226002    
   5.62441983E-06  0.145641997    
   5.60433023E-07  0.145965993    
   2.70133000E-07  0.146041006    
   6.36834011E-06  0.146621004    
   5.83959991E-06  0.146705002    
   1.52502002E-06  0.146831006    
   1.35958004E-07  0.146950006    
   4.21087982E-08  0.146969005    
   3.77818992E-07  0.145438001    
   7.94773041E-06  0.145853996    
   5.82818984E-07  0.146178007    
   7.70641009E-07  0.146253005    
   1.82866007E-08  0.146678001    
   1.84920008E-08  0.146698996    
   6.06612002E-06  0.146833003    
   2.24716999E-07  0.146917000    
   2.14400006E-06  0.147043005    
   1.53401999E-07  0.147162005    
   1.91343005E-07  0.147181004    
   3.98620023E-06  0.146270007    
   1.27738997E-06  0.146594003    
   9.12365010E-07  0.146669000    
   1.85444993E-08  0.147093996    
   1.85440001E-08  0.147115007    
   1.58578996E-06  0.147248998    
   2.17453999E-06  0.147332996    
   2.14938996E-06  0.147459000    
   3.09695992E-07  0.147578001    
   2.20268007E-07  0.147597000    
   1.35226998E-07  0.146992996    
   1.62446995E-07  0.147572994    
   1.60579006E-07  0.147657007    
   3.44106013E-07  0.147782996    
   5.85846998E-08  0.147920996    
   3.48339988E-08  0.147067994    
   8.38191028E-08  0.147648007    
   2.13093003E-07  0.147732005    
   2.35493005E-07  0.147857994    
   5.98919030E-08  0.147976995    
   1.73871992E-08  0.147995993    
   9.01730004E-07  0.148228005    
   1.62285005E-06  0.148312002    
   4.26668009E-07  0.148438007    
   6.08927024E-08  0.148557007    
   1.81646005E-08  0.148576006    
   1.76291994E-08  0.148396000    
   5.84079999E-07  0.148522004    
   5.91109988E-08  0.148641005    
   3.77917004E-08  0.148660004    
   2.97044011E-07  0.148647994    
   7.36388017E-08  0.148766994    
   7.60300978E-08  0.148785993    
       -1137       -1137
   1.11087002E-02   3.21000000E-04
   1.48847997E-02   3.42000014E-04
   5.85009018E-03   4.75999987E-04
   5.14511019E-03   5.60000015E-04
   3.44912009E-03   6.85999985E-04
   9.98383970E-04   8.05000018E-04
   1.17028004E-03   8.23999988E-04
   2.99491007E-02   1.66800001E-03
  0.180583000       2.34199991E-03
  0.206154004       2.62900000E-03
   1.59185007E-02   5.27299987E-03
   6.20676996E-03   5.48500009E-03
   7.94025976E-03   5.90100000E-03
   3.32820006E-02   6.22500014E-03
   3.68378013E-02   6.30000001E-03
   1.61287002E-02   6.72500022E-03
   1.92051996E-02   6.74600014E-03
   4.23819013E-03   6.87999977E-03
   1.68319000E-03   6.96399994E-03
   2.11526011E-03   7.08999997E-03
   7.15351989E-03   7.20900018E-03
   7.74731999E-03   7.22800009E-03
   6.21302007E-03   1.38649996E-02
   1.33966003E-02   1.43120000E-02
   1.61972996E-02   1.58409998E-02
   1.08596999E-02   1.65149998E-02
   1.20849004E-02   1.68019999E-02
   2.93426006E-03   1.94460005E-02
   3.62777011E-03   1.96579993E-02
   4.44637984E-03   2.00740006E-02
   2.90484005E-03   2.03980003E-02
   3.25433002E-03   2.04729997E-02
   2.74569000E-04   2.08979994E-02
   2.65885988E-04   2.09190007E-02
   8.04805022E-04   2.10529994E-02
   9.74807015E-04   2.11369991E-02
   1.17953005E-03   2.12629996E-02
   6.71349990E-04   2.13820003E-02
   7.44263991E-04   2.14009993E-02
   7.93488016E-06   1.47590004E-02
   2.52917001E-04   1.62879992E-02
   8.65184993E-04   1.69619992E-02
   5.29567013E-03   1.72489993E-02
   2.52478989E-03   1.98929999E-02
   1.19379001E-06   2.01050006E-02
   5.50713012E-05   2.05210000E-02
   1.86877995E-04   2.08449997E-02
   9.35128017E-04   2.09199991E-02
   1.08628999E-04   2.13450007E-02
   3.66187014E-04   2.13660002E-02
   6.45347987E-04   2.15000007E-02
   3.13427989E-07   2.15840004E-02
   1.36500003E-05   2.17099991E-02
   4.10313987E-05   2.18289997E-02
   1.91668994E-04   2.18480006E-02
   9.56441974E-04   1.78169999E-02
   1.38034998E-03   1.84909999E-02
   9.07607027E-04   1.87780000E-02
   2.90738000E-03   2.14220006E-02
   7.18588999E-05   2.16339994E-02
   4.17147996E-04   2.20500007E-02
   2.17035005E-04   2.23740004E-02
   1.07615997E-04   2.24489998E-02
   7.34669011E-05   2.28739996E-02
   7.02941979E-05   2.28950009E-02
   7.37749971E-04   2.30289996E-02
   1.94091008E-05   2.31129993E-02
   1.03470004E-04   2.32389998E-02
   4.42458004E-05   2.33580004E-02
   1.99104998E-05   2.33769994E-02
   5.71514014E-04   1.91649999E-02
   1.45912999E-02   1.94520000E-02
   1.71930005E-03   2.20960006E-02
   2.65178009E-04   2.23079994E-02
   3.60965001E-04   2.27240007E-02
   2.98914005E-04   2.30480004E-02
   2.76952004E-03   2.31229998E-02
   2.42239999E-04   2.35479996E-02
   6.42277009E-04   2.35690009E-02
   4.23810008E-04   2.37029996E-02
   7.37911978E-05   2.37869993E-02
   9.75286966E-05   2.39129998E-02
   6.92887988E-05   2.40320005E-02
   5.81835979E-04   2.40509994E-02
   3.87381995E-03   1.97390001E-02
   1.93898997E-03   2.23830007E-02
   1.25209999E-03   2.25949995E-02
   2.09644000E-04   2.30110008E-02
   2.60883989E-03   2.33350005E-02
   1.54800003E-03   2.34099999E-02
   6.98952994E-04   2.38349997E-02
   5.03554009E-04   2.38559991E-02
   4.83309996E-04   2.39899997E-02
   3.27754999E-04   2.40739994E-02
   5.61408015E-05   2.41999999E-02
   5.49517979E-04   2.43190005E-02
   3.30720999E-04   2.43379995E-02
   3.27316986E-04   2.50269994E-02
   6.83858001E-04   2.52390001E-02
   8.02861003E-04   2.56549995E-02
   4.66600992E-04   2.59789992E-02
   5.24812029E-04   2.60540005E-02
   3.74140000E-05   2.64790002E-02
   3.37564015E-05   2.64999997E-02
   1.76349000E-04   2.66340002E-02
   1.83256998E-04   2.67180000E-02
   2.12821993E-04   2.68440004E-02
   1.07820000E-04   2.69629993E-02
   1.19960001E-04   2.69820001E-02
   2.64486005E-07   2.54510008E-02
   1.61670996E-05   2.58670002E-02
   5.40403998E-05   2.61909999E-02
   2.31283993E-04   2.62659993E-02
   1.67058006E-05   2.66910009E-02
   6.17117985E-05   2.67120004E-02
   1.75048001E-04   2.68460009E-02
   3.87880982E-06   2.70559993E-02
   1.15781004E-05   2.71749999E-02
   4.77721987E-05   2.71940008E-02
   4.38532988E-05   2.62829997E-02
   5.05852004E-05   2.66069993E-02
   2.16856006E-05   2.66820006E-02
   2.10770995E-05   2.71070004E-02
   1.85721001E-05   2.71279998E-02
   2.03461997E-04   2.72620004E-02
   4.30529008E-06   2.73460001E-02
   2.15757991E-05   2.74720006E-02
   1.01486003E-05   2.75909994E-02
   3.97747999E-06   2.76100002E-02
   3.59711012E-05   2.69310009E-02
   5.38415974E-04   2.70060003E-02
   4.43768004E-05   2.74310000E-02
   8.80512016E-05   2.74519995E-02
   1.14695002E-04   2.75860000E-02
   1.46227003E-05   2.76699997E-02
   1.34877000E-05   2.77960002E-02
   1.62509004E-05   2.79150009E-02
   1.14688999E-04   2.79339999E-02
   1.64892001E-04   2.70809997E-02
   1.04767998E-04   2.75059994E-02
   8.26855976E-05   2.75270008E-02
   1.30190005E-04   2.76609994E-02
   6.07744005E-05   2.77449992E-02
   5.89435012E-06   2.78709996E-02
   1.14886003E-04   2.79900003E-02
   7.09740998E-05   2.80089993E-02
   1.47753997E-06   2.79309992E-02
   2.34676008E-05   2.79520005E-02
   8.90543015E-06   2.80859992E-02
   3.83486986E-06   2.81700008E-02
   5.68393989E-06   2.82959994E-02
   9.53475956E-06   2.84150001E-02
   2.07707999E-05   2.84340009E-02
   4.82991982E-06   2.79730000E-02
   7.78024969E-06   2.81070005E-02
   1.44988999E-05   2.81910002E-02
   4.86655017E-06   2.83170007E-02
   1.71441006E-05   2.84359995E-02
   1.66136997E-05   2.84550004E-02
   2.26258999E-05   2.82409992E-02
   4.47798011E-05   2.83250008E-02
   5.14837011E-05   2.84509994E-02
   2.53318995E-05   2.85700001E-02
   2.82018009E-05   2.85890009E-02
   1.16900003E-06   2.85349991E-02
   3.11675990E-06   2.86539998E-02
   1.20155000E-05   2.86730006E-02
   2.74140007E-06   2.86609996E-02
   2.59036005E-06   2.87800003E-02
   1.00704995E-06   2.87989993E-02
   1.91201002E-06   2.88989991E-02
   2.43506001E-05   2.89179999E-02
   7.73070042E-06   2.89370008E-02
       -1137       -1137
   1.77926999E-02   7.01999990E-04
   7.20849037E-02   1.37600000E-03
   2.23558005E-02   1.66299997E-03
   2.16406002E-03   4.30699997E-03
   2.12169997E-02   4.51900018E-03
   3.82578000E-03   4.93500009E-03
   1.49744004E-02   5.25900023E-03
   5.01319021E-03   5.33400010E-03
   8.71455995E-04   5.75899985E-03
   1.17616996E-03   5.77999977E-03
   5.76457009E-04   5.91399986E-03
   5.18742017E-03   5.99800004E-03
   1.00536004E-03   6.12400007E-03
   3.38148000E-03   6.24299981E-03
   1.13722996E-03   6.26200018E-03
   2.69151002E-04   1.28990002E-02
   1.37103004E-02   1.33459996E-02
   1.09021005E-03   1.48750003E-02
   2.98232003E-03   1.55490004E-02
   6.24846027E-04   1.58360004E-02
   1.17181997E-04   1.84799992E-02
   2.48207990E-03   1.86919998E-02
   2.78055988E-04   1.91079993E-02
   5.83422021E-04   1.94320008E-02
   1.10706002E-04   1.95070002E-02
   5.05790013E-05   1.99320000E-02
   4.21123004E-05   1.99529994E-02
   3.72257018E-05   2.00870000E-02
   6.14329998E-04   2.01709997E-02
   7.83865034E-05   2.02970002E-02
   1.30964996E-04   2.04160009E-02
   2.34418003E-05   2.04349998E-02
   1.51073998E-02   1.37930000E-02
   2.86967997E-02   1.53219998E-02
   1.40781999E-02   1.59959998E-02
   1.50738005E-02   1.62829999E-02
   3.88583005E-03   1.89270005E-02
   6.90081995E-03   1.91389993E-02
   7.74845015E-03   1.95550006E-02
   3.75777995E-03   1.98790003E-02
   4.11859993E-03   1.99539997E-02
   2.88760988E-04   2.03789994E-02
   2.09428996E-04   2.04000007E-02
   1.10948004E-03   2.05339994E-02
   1.80215004E-03   2.06179991E-02
   2.06002011E-03   2.07439996E-02
   8.76442995E-04   2.08630003E-02
   9.57496988E-04   2.08819993E-02
   4.80418996E-04   1.68510005E-02
   8.31487030E-03   1.75250005E-02
   1.41379004E-03   1.78120006E-02
   2.58463988E-04   2.04559993E-02
   5.12582017E-03   2.06680000E-02
   2.31323997E-04   2.10839994E-02
   1.97162991E-03   2.14079991E-02
   3.31524003E-04   2.14830004E-02
   6.97271025E-05   2.19080001E-02
   3.45777007E-05   2.19289996E-02
   7.45216021E-05   2.20630001E-02
   1.26252999E-03   2.21469998E-02
   6.39353966E-05   2.22730003E-02
   4.53835994E-04   2.23919991E-02
   7.82471034E-05   2.24110000E-02
   7.83284009E-03   1.81990005E-02
   2.86272001E-02   1.84860006E-02
   8.58207000E-04   2.11299993E-02
   2.42065010E-03   2.13420000E-02
   2.06284993E-03   2.17579994E-02
   3.53517989E-03   2.20819991E-02
   6.99752010E-03   2.21570004E-02
   7.88216013E-04   2.25820001E-02
   1.51274004E-03   2.26029996E-02
   2.56258005E-04   2.27370001E-02
   6.07212016E-04   2.28209998E-02
   5.52967016E-04   2.29470003E-02
   8.15600972E-04   2.30659992E-02
   1.60367996E-03   2.30850000E-02
   1.42033002E-03   1.87730007E-02
   1.57061004E-04   2.14169994E-02
   2.22639996E-03   2.16290001E-02
   3.36461002E-04   2.20449995E-02
   5.33577008E-03   2.23689992E-02
   6.44829008E-04   2.24440005E-02
   3.23115994E-04   2.28690002E-02
   1.30553002E-04   2.28899997E-02
   4.36388000E-05   2.30240002E-02
   5.25888987E-04   2.31079999E-02
   8.73067984E-05   2.32340004E-02
   1.15829997E-03   2.33529992E-02
   1.45700993E-04   2.33720001E-02
   1.22411002E-05   2.40610000E-02
   7.04480975E-04   2.42730007E-02
   6.45780019E-05   2.46890001E-02
   1.61502001E-04   2.50129998E-02
   2.45942992E-05   2.50879992E-02
   1.15167004E-05   2.55130008E-02
   8.13703991E-06   2.55340002E-02
   7.15414990E-06   2.56680008E-02
   1.73490000E-04   2.57520005E-02
   1.79499002E-05   2.58779991E-02
   3.53803989E-05   2.59969998E-02
   6.16130001E-06   2.60160007E-02
   7.50122999E-04   2.44849995E-02
   1.38838997E-03   2.49010008E-02
   6.33165997E-04   2.52250005E-02
   6.12610020E-04   2.52999999E-02
   4.16141011E-05   2.57249996E-02
   2.22869003E-05   2.57460009E-02
   2.01422998E-04   2.58799996E-02
   3.86411004E-04   2.59639993E-02
   3.69218993E-04   2.60899998E-02
   1.47526996E-04   2.62090005E-02
   1.43198005E-04   2.62279995E-02
   2.81610992E-05   2.53170002E-02
   4.87679004E-04   2.56409999E-02
   7.59176983E-05   2.57159993E-02
   1.70618005E-05   2.61410009E-02
   7.75762965E-06   2.61620004E-02
   1.87030000E-05   2.62960009E-02
   3.41337989E-04   2.63800006E-02
   1.52476996E-05   2.65059993E-02
   1.11907997E-04   2.66249999E-02
   1.81022006E-05   2.66440008E-02
   3.96221993E-04   2.59649996E-02
   1.34825998E-03   2.60400008E-02
   1.22971003E-04   2.64650006E-02
   2.35772997E-04   2.64860000E-02
   4.68569997E-05   2.66200006E-02
   1.55525995E-04   2.67040003E-02
   1.28688000E-04   2.68300008E-02
   1.79868002E-04   2.69489996E-02
   3.08260001E-04   2.69680005E-02
   7.28208033E-05   2.61150002E-02
   5.42273010E-05   2.65400000E-02
   2.19297999E-05   2.65609995E-02
   7.96589029E-06   2.66950000E-02
   1.45465994E-04   2.67789997E-02
   2.07185003E-05   2.69050002E-02
   2.94038007E-04   2.70240009E-02
   3.32509990E-05   2.70429999E-02
   3.40741008E-06   2.69649997E-02
   2.13436997E-05   2.69859992E-02
   2.89908007E-06   2.71199998E-02
   9.73763963E-06   2.72039995E-02
   4.25251983E-06   2.73300000E-02
   2.51949004E-05   2.74490006E-02
   1.11066001E-05   2.74679996E-02
   1.37750999E-06   2.70070005E-02
   1.94222002E-06   2.71409992E-02
   4.61944001E-06   2.72250008E-02
   1.78358005E-06   2.73509994E-02
   4.84835982E-05   2.74700001E-02
   4.40352005E-06   2.74889991E-02
   7.69045016E-07   2.72749998E-02
   4.88726000E-05   2.73589995E-02
   4.57173019E-06   2.74850000E-02
   9.59313002E-06   2.76040006E-02
   1.49469997E-06   2.76229996E-02
   4.91327010E-05   2.74429992E-02
   8.98600993E-05   2.75689997E-02
   3.54289987E-05   2.76880004E-02
   3.33837997E-05   2.77069993E-02
   1.99295005E-06   2.76950002E-02
   2.88124993E-05   2.78140008E-02
   4.40634994E-06   2.78329998E-02
   1.99925998E-05   2.79329997E-02
   6.58468998E-05   2.79520005E-02
   3.66018003E-06   2.79709995E-02
       -1137       -1137
   1.61018004E-04   6.49499986E-03
   6.85621999E-05   6.94199977E-03
   1.61239002E-02   8.47100001E-03
   3.32197011E-03   9.14500002E-03
   7.59002008E-03   9.43200011E-03
   7.62626005E-05   1.20759998E-02
   7.67278016E-06   1.22880004E-02
   2.82706995E-03   1.27039999E-02
   4.54572000E-04   1.30279996E-02
   9.99597949E-04   1.31029999E-02
   4.62867989E-04   1.35279996E-02
   7.47695973E-04   1.35490000E-02
   2.20745005E-05   1.36829996E-02
   2.82882002E-06   1.37670003E-02
   6.76457013E-04   1.38929999E-02
   9.05646011E-05   1.40119996E-02
   1.89664002E-04   1.40310004E-02
   3.89296001E-05   7.38900015E-03
   2.69770008E-02   8.91800039E-03
   1.18682999E-03   9.59200040E-03
   6.46753982E-03   9.87899955E-03
   2.00837003E-05   1.25230001E-02
   2.24022006E-05   1.27349999E-02
   4.90728999E-03   1.31510003E-02
   2.27370998E-04   1.34749999E-02
   1.04576000E-03   1.35500003E-02
   3.40221013E-04   1.39750000E-02
   7.57559028E-04   1.39960004E-02
   5.51528001E-06   1.41300000E-02
   6.34964999E-06   1.42139997E-02
   1.18171005E-03   1.43400002E-02
   5.16701002E-05   1.44590000E-02
   2.21698996E-04   1.44779999E-02
   2.96899993E-02   1.04470002E-02
   3.11353002E-02   1.11210002E-02
   3.63567993E-02   1.14080003E-02
   4.47857007E-03   1.40519999E-02
   6.69784006E-03   1.42639996E-02
   1.31802000E-02   1.46800000E-02
   7.70555995E-03   1.50039997E-02
   9.06725042E-03   1.50790000E-02
   8.98748985E-04   1.55039998E-02
   1.03069004E-03   1.55250002E-02
   1.27232994E-03   1.56590007E-02
   1.78675004E-03   1.57430004E-02
   3.36487009E-03   1.58690009E-02
   1.76340004E-03   1.59879997E-02
   2.04992993E-03   1.60070006E-02
   3.78716993E-03   1.17950002E-02
   7.00343028E-02   1.20820003E-02
   7.86417979E-04   1.47259999E-02
   3.55377008E-04   1.49379997E-02
   5.05725993E-03   1.53540000E-02
   1.55479996E-03   1.56779997E-02
   1.20746996E-02   1.57529991E-02
   4.75498004E-04   1.61780007E-02
   1.52866996E-03   1.61990002E-02
   2.25287004E-04   1.63330007E-02
   1.04749000E-04   1.64170004E-02
   1.19623996E-03   1.65429991E-02
   3.53164010E-04   1.66619997E-02
   2.52475007E-03   1.66810006E-02
   4.58039008E-02   1.23690004E-02
   1.82974001E-03   1.50130000E-02
   1.46215002E-03   1.52249997E-02
   6.52727997E-03   1.56410001E-02
   1.43692000E-02   1.59649998E-02
   1.81843005E-02   1.60399992E-02
   4.79944982E-03   1.64650008E-02
   4.25995002E-03   1.64860003E-02
   5.21336973E-04   1.66200008E-02
   4.00515011E-04   1.67040005E-02
   1.60597998E-03   1.68299992E-02
   3.18962010E-03   1.69489998E-02
   3.94681003E-03   1.69680007E-02
   1.00472998E-05   1.76570006E-02
   2.77873005E-06   1.78689994E-02
   7.81038019E-04   1.82850007E-02
   1.13146001E-04   1.86090004E-02
   2.49323988E-04   1.86839998E-02
   5.25161013E-05   1.91089995E-02
   9.40881000E-05   1.91300008E-02
   5.80349979E-06   1.92639995E-02
   5.49089975E-07   1.93479992E-02
   1.85583005E-04   1.94739997E-02
   2.22279996E-05   1.95930004E-02
   4.71046988E-05   1.96119994E-02
   1.20486004E-06   1.80810001E-02
   1.20219996E-03   1.84969995E-02
   5.91462012E-05   1.88209992E-02
   2.69159995E-04   1.88960005E-02
   4.98480003E-05   1.93210002E-02
   1.03899001E-04   1.93419997E-02
   6.71167015E-07   1.94760002E-02
   4.32131003E-07   1.95599999E-02
   2.88392010E-04   1.96860004E-02
   1.26803998E-05   1.98049992E-02
   5.77524988E-05   1.98240001E-02
   1.38982001E-03   1.89130008E-02
   1.25321001E-03   1.92370005E-02
   1.60515006E-03   1.93119999E-02
   1.19381999E-04   1.97369996E-02
   1.44033998E-04   1.97579991E-02
   2.20757996E-04   1.98919997E-02
   3.18826002E-04   1.99759994E-02
   6.98904973E-04   2.01019999E-02
   2.85969989E-04   2.02210005E-02
   3.60853999E-04   2.02399995E-02
   1.50321997E-04   1.95610002E-02
   2.60832999E-03   1.96359996E-02
   6.14009987E-05   2.00609993E-02
   1.85073994E-04   2.00820006E-02
   3.13226992E-05   2.02159993E-02
   1.60244999E-05   2.03000009E-02
   2.93821009E-04   2.04259995E-02
   6.57095006E-05   2.05450002E-02
   5.46593976E-04   2.05639992E-02
   1.81348005E-03   1.97110008E-02
   6.31258998E-04   2.01360006E-02
   5.47458010E-04   2.01570000E-02
   6.90710003E-05   2.02910006E-02
   7.25798964E-05   2.03750003E-02
   3.88713001E-04   2.05010008E-02
   5.79276006E-04   2.06199996E-02
   7.80868984E-04   2.06390005E-02
   3.44184991E-06   2.05610003E-02
   9.97091993E-05   2.05819998E-02
   1.21746998E-05   2.07160003E-02
   1.20231998E-05   2.08000001E-02
   2.69185002E-05   2.09260006E-02
   1.22131996E-05   2.10449994E-02
   1.22432000E-04   2.10640002E-02
   3.52866009E-05   2.06029993E-02
   2.24380001E-05   2.07369998E-02
   2.45387000E-05   2.08209995E-02
   3.30709991E-05   2.09470000E-02
   3.58206016E-05   2.10660007E-02
   1.05845997E-04   2.10849997E-02
   8.03453020E-07   2.08710004E-02
   3.23632008E-07   2.09550001E-02
   5.17615990E-05   2.10810006E-02
   6.10868983E-06   2.11999994E-02
   1.30566996E-05   2.12190002E-02
   7.49992978E-05   2.11650003E-02
   3.41893997E-06   2.12839991E-02
   1.52349003E-05   2.13029999E-02
   8.69758005E-05   2.12910008E-02
   6.64881009E-05   2.14099996E-02
   8.66132032E-05   2.14290004E-02
   7.18362980E-06   2.15290003E-02
   1.20568002E-04   2.15479992E-02
   8.32396981E-05   2.15670001E-02
       -1137       -1137
   1.78251993E-02   4.09999993E-05
   1.88493002E-02   1.67000006E-04
   1.15272999E-02   2.85999995E-04
   1.42098004E-02   3.04999994E-04
   1.69406994E-03   4.33400011E-04
   2.09685997E-03   4.35900001E-04
   3.04105994E-03   3.84000014E-04
   2.72808992E-03   4.09000000E-04
   2.35057995E-03   4.29000007E-04
   1.99436006E-04   4.41150012E-04
   4.65849005E-02   9.10000017E-05
   2.26048008E-02   5.07000019E-04
   6.26657996E-03   8.30999983E-04
   2.43475996E-02   9.05999972E-04
  0.191085994       1.33100001E-03
  0.224025995       1.35200005E-03
   1.06442999E-02   1.48600002E-03
   1.15000000E-02   1.56999996E-03
   6.11568009E-03   1.69599999E-03
   1.88123004E-03   1.81499997E-03
   5.89762023E-03   1.83400000E-03
   1.60713997E-02   1.96240004E-03
   1.81743000E-02   1.96489994E-03
   2.04659998E-03   1.91300001E-03
   1.81703002E-03   1.93799997E-03
   7.80084985E-04   1.95800001E-03
   1.41790995E-04   1.97015004E-03
   2.61867996E-02   5.53000020E-04
   5.24429977E-03   7.65000004E-04
   1.21072000E-02   1.18100003E-03
   8.29221029E-03   1.50500005E-03
   9.09694005E-03   1.58000004E-03
   9.87991970E-03   2.00499990E-03
   9.84934997E-03   2.02600006E-03
   4.47779009E-03   2.15999992E-03
   1.13956002E-03   2.24400009E-03
   2.31809006E-03   2.36999989E-03
   1.56477001E-03   2.48900009E-03
   1.87905005E-03   2.50800001E-03
   9.03327018E-04   2.63640005E-03
   7.94295978E-04   2.63889995E-03
   7.99398986E-04   2.58699991E-03
   1.97361995E-04   2.61200010E-03
   3.11037991E-04   2.63200002E-03
   5.88570983E-05   2.64415005E-03
   3.46556008E-02   8.39999993E-04
   7.71294988E-04   1.05199998E-03
   1.29335998E-02   1.46800000E-03
   1.07493997E-02   1.79200002E-03
   1.39624001E-02   1.86700001E-03
   1.26609001E-02   2.29199999E-03
   1.77068003E-02   2.31299992E-03
   5.78685012E-03   2.44700001E-03
   2.78878986E-04   2.53099995E-03
   2.41907011E-03   2.65699998E-03
   2.27223989E-03   2.77599995E-03
   2.76847999E-03   2.79500009E-03
   1.01879996E-03   2.92339991E-03
   1.45187997E-03   2.92590004E-03
   1.01049000E-03   2.87400000E-03
   4.70533014E-05   2.89899996E-03
   2.95167003E-04   2.91900011E-03
   6.37650010E-05   2.93114991E-03
   2.23197998E-03   3.48399999E-03
   4.03932994E-03   3.69599997E-03
   5.81735000E-03   4.11200011E-03
   7.24803982E-03   4.43599978E-03
   9.81759001E-03   4.51100012E-03
   5.48591977E-03   4.93599987E-03
   6.65153004E-03   4.95699979E-03
   1.01265998E-03   5.09099988E-03
   1.08759000E-03   5.17500006E-03
   1.53896003E-03   5.30100008E-03
   1.61933003E-03   5.41999983E-03
   2.16594990E-03   5.43900020E-03
   6.31164992E-04   5.56739978E-03
   7.39580020E-04   5.56989992E-03
   1.93860003E-04   5.51800011E-03
   1.77819995E-04   5.54300006E-03
   2.02383002E-04   5.56300022E-03
   1.50536998E-05   5.57514979E-03
   1.35313006E-04   3.90799996E-03
   5.19349996E-04   4.32399986E-03
   2.27501005E-04   4.64800000E-03
   7.38453964E-05   4.72299987E-03
   1.92151001E-05   5.14800008E-03
   6.09832001E-04   5.16900001E-03
   6.75767020E-04   5.30300010E-03
   5.18392008E-05   5.38699981E-03
   9.13429976E-05   5.51299984E-03
   4.45775986E-05   5.63200004E-03
   2.46512991E-05   5.65099996E-03
   1.70486999E-06   5.77940000E-03
   3.84304003E-05   5.78190014E-03
   1.17525997E-04   5.72999986E-03
   7.76206980E-06   5.75499982E-03
   1.11689997E-05   5.77499997E-03
   7.92413994E-06   5.78715000E-03
   3.34518991E-04   4.73999977E-03
   8.24232993E-04   5.06399991E-03
   1.71377999E-03   5.13899978E-03
   1.38914003E-03   5.56399999E-03
   1.77726999E-03   5.58499992E-03
   9.75616975E-04   5.71900001E-03
   1.21621000E-04   5.80300018E-03
   1.55194997E-04   5.92900021E-03
   1.71690001E-04   6.04799995E-03
   3.54107004E-04   6.06699986E-03
   1.63121993E-04   6.19539991E-03
   1.84609002E-04   6.19790005E-03
   1.95294997E-04   6.14600023E-03
   2.04038006E-05   6.17100019E-03
   2.04756998E-05   6.19099988E-03
   1.19822998E-05   6.20314991E-03
   1.11574001E-04   5.38800005E-03
   1.55564994E-04   5.46299992E-03
   4.61504009E-04   5.88800013E-03
   2.23731995E-03   5.90900006E-03
   1.17516995E-03   6.04300015E-03
   3.72178001E-05   6.12699986E-03
   1.60896001E-04   6.25299988E-03
   3.97914009E-05   6.37200009E-03
   3.13103992E-05   6.39100000E-03
   4.80402996E-05   6.51940005E-03
   1.88791993E-04   6.52190018E-03
   2.03970994E-04   6.46999991E-03
   5.52902020E-06   6.49499986E-03
   2.01144994E-05   6.51500002E-03
   1.31711004E-05   6.52715005E-03
   2.11813996E-04   5.53799979E-03
   1.83841004E-03   5.96300000E-03
   1.34333002E-03   5.98399993E-03
   1.57746999E-03   6.11800002E-03
   1.37460001E-05   6.20200019E-03
   3.25433997E-04   6.32800022E-03
   2.53500002E-05   6.44699996E-03
   7.71819978E-05   6.46599988E-03
   1.60800002E-04   6.59439992E-03
   1.20696001E-04   6.59690006E-03
   2.71750003E-04   6.54499978E-03
   2.54669999E-06   6.57000020E-03
   4.04448001E-05   6.58999989E-03
   1.76613994E-05   6.60214992E-03
   6.18478982E-04   6.38800021E-03
   4.06112010E-03   6.40900014E-03
   8.03083996E-04   6.54300023E-03
   6.86427984E-06   6.62699994E-03
   1.87400001E-04   6.75299997E-03
   9.03973996E-05   6.87200017E-03
   4.36331989E-04   6.89100008E-03
   1.28148997E-04   7.01940013E-03
   3.34015989E-04   7.02189980E-03
   1.36592993E-04   6.96999999E-03
   1.28795000E-06   6.99499995E-03
   2.20113998E-05   7.01500010E-03
   8.72429973E-06   7.02715013E-03
   1.38210994E-03   6.43000007E-03
   9.70966998E-04   6.56400016E-03
   1.36736999E-04   6.64799986E-03
   2.53514008E-04   6.77399989E-03
   5.08392986E-04   6.89300010E-03
   2.87586998E-04   6.91200001E-03
   3.40511993E-04   7.04040006E-03
   2.52920989E-04   7.04290019E-03
   1.64407000E-04   6.99099991E-03
   2.16863009E-05   7.01599987E-03
   3.01085001E-05   7.03600002E-03
   1.07071000E-05   7.04815006E-03
   1.04548002E-04   6.69799978E-03
   1.83184005E-04   6.78199995E-03
   2.56969011E-04   6.90799998E-03
   2.63880996E-04   7.02700019E-03
   3.50099988E-04   7.04600010E-03
   9.02363026E-05   7.17440015E-03
   1.05325998E-04   7.17689982E-03
   3.92299989E-05   7.12500000E-03
   3.01195996E-05   7.14999996E-03
   3.40478982E-05   7.17000011E-03
   2.99669000E-06   7.18215015E-03
   4.93967991E-06   6.86600013E-03
   2.05218003E-05   6.99200016E-03
   7.11044004E-06   7.11099990E-03
   5.02677995E-06   7.12999981E-03
   5.71119017E-07   7.25839986E-03
   9.31033992E-06   7.26089999E-03
   3.25485998E-05   7.20900018E-03
   1.45821002E-06   7.23400014E-03
   2.51917004E-06   7.25399982E-03
   2.18238006E-06   7.26614986E-03
   1.68714996E-05   7.11800018E-03
   3.32862983E-05   7.23699993E-03
   6.74792973E-05   7.25599984E-03
   2.21533992E-05   7.38439988E-03
   2.56316998E-05   7.38690002E-03
   4.85888995E-05   7.33500021E-03
   3.28930992E-06   7.36000016E-03
   4.30050022E-06   7.37999985E-03
   3.09528991E-06   7.39214988E-03
   3.13783994E-06   7.35600013E-03
   4.99264979E-06   7.37500004E-03
   8.53767961E-06   7.50340009E-03
   4.09146014E-05   7.50590023E-03
   4.57870010E-05   7.45399995E-03
   1.15676005E-06   7.47899991E-03
   4.37515018E-06   7.49900006E-03
   3.19114997E-06   7.51115009E-03
   6.86866997E-06   7.39399996E-03
   3.63727995E-05   7.52240000E-03
   2.42922997E-05   7.52490014E-03
   6.05224996E-05   7.47299986E-03
   6.96164989E-07   7.49799982E-03
   8.42188001E-06   7.51799997E-03
   4.01971010E-06   7.53015000E-03
   4.26134011E-06   7.65080005E-03
   3.09593015E-05   7.65330018E-03
   1.69324994E-05   7.60139991E-03
   2.50852008E-06   7.64640002E-03
   1.15506998E-06   7.65855005E-03
   5.68802989E-06   7.65579985E-03
   1.82506992E-05   7.60390004E-03
   1.91093000E-06   7.62890000E-03
   3.21496009E-06   7.64890015E-03
   1.32816001E-06   7.66105019E-03
   3.78479990E-06   7.55200023E-03
   5.51135008E-06   7.57700019E-03
   6.26168003E-06   7.59699987E-03
   4.25946013E-07   7.60914991E-03
   1.54746999E-07   7.60200014E-03
   4.30565990E-07   7.62199983E-03
   3.98727991E-07   7.63414986E-03
   2.98869992E-07   7.64199998E-03
   4.23491997E-07   7.65415002E-03
       -1137       -1137
   8.88682995E-03   5.99999985E-05
   1.48460995E-02   3.84000014E-04
   2.27495003E-02   4.59000003E-04
   2.82164998E-02   8.83999979E-04
   2.12008003E-02   9.05000023E-04
   3.16460989E-03   1.03900000E-03
   5.16761979E-03   1.12300005E-03
   1.33988995E-03   1.24899996E-03
   2.59135989E-03   1.36800006E-03
   3.99343017E-03   1.38699997E-03
   2.52935989E-03   1.51540001E-03
   1.95107004E-03   1.51790003E-03
   5.77090017E-04   1.46599999E-03
   7.36346992E-04   1.49099994E-03
   1.61806005E-04   1.51099998E-03
   3.40100996E-05   1.52315001E-03
   4.91947010E-02   1.06000000E-04
   5.25107011E-02   3.18000006E-04
   2.33958997E-02   7.34000001E-04
   1.65932998E-02   1.05800002E-03
   3.43221016E-02   1.13300001E-03
  0.156575993       1.55799999E-03
  0.248898000       1.57900003E-03
   1.33333001E-02   1.71300001E-03
   1.13632996E-02   1.79699995E-03
   6.06012018E-03   1.92299997E-03
   3.95628018E-03   2.04199995E-03
   7.50083011E-03   2.06100009E-03
   1.26743997E-02   2.18939991E-03
   2.02146005E-02   2.19190004E-03
   2.57816003E-03   2.14000000E-03
   1.76827004E-03   2.16499995E-03
   7.72250991E-04   2.18500011E-03
   1.81195006E-04   2.19714991E-03
   7.14905979E-03   3.92999995E-04
   5.95831983E-02   6.05000008E-04
   4.30642022E-03   1.02099997E-03
   3.43311997E-03   1.34500000E-03
   2.98604998E-03   1.41999999E-03
   1.01811001E-02   1.84499996E-03
   5.49521018E-03   1.86600001E-03
   1.31196005E-03   2.00000009E-03
   9.58668999E-03   2.08400004E-03
   9.21790022E-04   2.21000006E-03
   3.26998008E-04   2.32900004E-03
   5.91981981E-04   2.34799995E-03
   1.09098002E-03   2.47640000E-03
   5.02282986E-04   2.47889990E-03
   2.44791008E-04   2.42700009E-03
   1.39111001E-03   2.45200004E-03
   1.27146006E-04   2.47199996E-03
   1.66861992E-05   2.48415000E-03
   2.32531995E-04   3.03700007E-03
   4.07045987E-03   3.24900006E-03
   4.02770995E-04   3.66499997E-03
   2.23561001E-04   3.98899987E-03
   4.28866013E-04   4.06400021E-03
   7.74212967E-05   4.48899996E-03
   2.90975993E-04   4.50999988E-03
   1.01801998E-04   4.64399997E-03
   6.81038015E-04   4.72800015E-03
   1.01379999E-04   4.85400017E-03
   3.30418989E-05   4.97299992E-03
   8.87401984E-05   4.99199983E-03
   6.43795011E-06   5.12039987E-03
   2.36739997E-05   5.12290001E-03
   1.19614997E-05   5.07100020E-03
   8.97814971E-05   5.09600015E-03
   1.18424005E-05   5.11599984E-03
   1.06527000E-06   5.12814987E-03
   3.25555005E-03   3.46100004E-03
   7.90371001E-03   3.87699995E-03
   8.15339014E-03   4.20100009E-03
   1.23204999E-02   4.27599996E-03
   5.14187990E-03   4.70100017E-03
   7.92551972E-03   4.72200010E-03
   1.17764995E-03   4.85600019E-03
   1.48004002E-03   4.93999990E-03
   2.15355004E-03   5.06599993E-03
   1.94638001E-03   5.18500013E-03
   2.84947990E-03   5.20400004E-03
   6.79139979E-04   5.33240009E-03
   1.11951004E-03   5.33490023E-03
   2.05970005E-04   5.28299995E-03
   2.04322001E-04   5.30799991E-03
   2.40278998E-04   5.32800006E-03
   1.53554993E-05   5.34015009E-03
   1.66662998E-04   4.29299986E-03
   3.40967992E-04   4.61700000E-03
   3.66257998E-04   4.69199987E-03
   2.94452999E-03   5.11700008E-03
   8.52769997E-04   5.13800001E-03
   7.67293968E-05   5.27200010E-03
   1.34366995E-03   5.35599981E-03
   7.92459032E-05   5.48199983E-03
   6.55974000E-05   5.60100004E-03
   8.28058983E-05   5.61999995E-03
   3.18762992E-04   5.74840000E-03
   9.20723032E-05   5.75090013E-03
   1.23123000E-05   5.69899986E-03
   1.89022001E-04   5.72399981E-03
   8.26346968E-06   5.74399997E-03
   7.86371004E-07   5.75615000E-03
   3.61207989E-04   4.94100014E-03
   4.90912003E-04   5.01600001E-03
   3.35012010E-04   5.44100022E-03
   2.72567995E-04   5.46200015E-03
   6.21633008E-05   5.59599977E-03
   1.33045996E-03   5.67999994E-03
   9.29250964E-05   5.80599997E-03
   1.36147995E-04   5.92500018E-03
   1.04184997E-04   5.94400009E-03
   2.07461999E-05   6.07240014E-03
   2.54856004E-05   6.07489981E-03
   1.03940001E-05   6.02299999E-03
   1.85194003E-04   6.04799995E-03
   9.51130005E-06   6.06800010E-03
   6.71726013E-07   6.08015014E-03
   1.30998000E-04   5.09099988E-03
   3.02333006E-04   5.51600009E-03
   1.15456001E-04   5.53700002E-03
   9.46814980E-05   5.67100011E-03
   2.02373997E-03   5.75499982E-03
   7.53713975E-05   5.88099984E-03
   6.92355025E-05   6.00000005E-03
   5.18851994E-05   6.01899996E-03
   1.48810996E-05   6.14740001E-03
   9.49160039E-06   6.14990015E-03
   1.34619004E-05   6.09799987E-03
   2.79841013E-04   6.12299982E-03
   8.58814019E-06   6.14299998E-03
   9.61138994E-07   6.15515001E-03
   1.30831997E-03   5.94099984E-03
   8.28226004E-03   5.96200023E-03
   1.28503998E-05   6.09599985E-03
   7.66868994E-04   6.18000003E-03
   7.55482004E-04   6.30600005E-03
   6.82294994E-05   6.42499980E-03
   1.08988999E-04   6.44400017E-03
   2.74924998E-04   6.57240022E-03
   1.00438006E-03   6.57489989E-03
   2.11575002E-06   6.52300008E-03
   1.06378997E-04   6.54800003E-03
   8.94015029E-05   6.56800019E-03
   4.26035986E-04   5.98300016E-03
   6.71443995E-05   6.11699978E-03
   1.13518001E-03   6.20099995E-03
   1.89487997E-04   6.32699998E-03
   5.97940016E-05   6.44600019E-03
   2.92330005E-05   6.46500010E-03
   8.35008977E-04   6.59340015E-03
   8.55718026E-05   6.59589982E-03
   1.11140998E-05   6.54400000E-03
   1.52836001E-04   6.56899996E-03
   2.08523998E-05   6.58900011E-03
   8.58139003E-07   6.60115015E-03
   1.08054001E-05   6.25099987E-03
   1.96901005E-04   6.33500004E-03
   1.78982009E-05   6.46100007E-03
   6.77473008E-06   6.57999981E-03
   1.80079005E-05   6.59900019E-03
   1.10489998E-06   6.72739977E-03
   5.28548981E-06   6.72989991E-03
   2.45732008E-06   6.67800009E-03
   2.66497009E-05   6.70300005E-03
   1.76822005E-06   6.72300020E-03
   1.06755998E-07   6.73514977E-03
   1.54346999E-04   6.41900022E-03
   3.65407002E-04   6.54499978E-03
   3.16635007E-04   6.66399999E-03
   4.67670005E-04   6.68299990E-03
   9.86297964E-05   6.81139994E-03
   1.56335998E-04   6.81390008E-03
   3.33124990E-05   6.76199980E-03
   4.17390002E-05   6.78700022E-03
   4.03509002E-05   6.80699991E-03
   2.40109989E-06   6.81914994E-03
   8.87218994E-06   6.67099981E-03
   1.69657997E-05   6.79000001E-03
   1.64566009E-05   6.80899993E-03
   7.86789969E-05   6.93739997E-03
   1.95121993E-05   6.93990011E-03
   2.56245994E-06   6.88799983E-03
   5.12043007E-05   6.91299979E-03
   1.36213998E-06   6.93299994E-03
   9.71241008E-08   6.94514997E-03
   1.16399997E-05   6.90900022E-03
   1.57321992E-05   6.92800013E-03
   4.01731995E-06   7.05640018E-03
   5.52673009E-06   7.05889985E-03
   1.06456002E-06   7.00700004E-03
   4.40328004E-05   7.03199999E-03
   1.44984995E-06   7.05200015E-03
   5.02623016E-06   6.94700005E-03
   6.01823012E-06   7.07540009E-03
   2.06226991E-06   7.07790023E-03
   2.61588002E-06   7.02599995E-03
   6.37978010E-05   7.05099991E-03
   1.08472000E-06   7.07100006E-03
   1.00470999E-07   7.08315009E-03
   1.19007000E-05   7.20380014E-03
   9.59504978E-05   7.20629981E-03
   9.51094989E-08   7.15439999E-03
   1.34142001E-05   7.17939995E-03
   9.71067038E-06   7.19940010E-03
   4.47215007E-06   7.20879994E-03
   1.15350997E-06   7.15690013E-03
   1.87017995E-05   7.18190009E-03
   1.84554995E-06   7.20189977E-03
   9.30602013E-08   7.10499985E-03
   5.25599989E-06   7.12999981E-03
   2.17787004E-07   7.14999996E-03
   2.32621005E-06   7.15500023E-03
   5.62052992E-06   7.17499992E-03
   1.42171999E-07   7.18714995E-03
       -1137       -1137
   4.65219002E-03   1.84000004E-04
   4.81546018E-03   2.68000003E-04
   1.28060998E-02   3.94000002E-04
   2.51286011E-03   5.13000006E-04
   2.93313991E-03   5.31999976E-04
   1.22589001E-03   6.60400023E-04
   1.97651004E-03   6.62899984E-04
   9.83639969E-04   6.10999996E-04
   8.59735010E-04   6.36000012E-04
   1.66883995E-03   6.55999989E-04
   6.55881013E-05   6.68150024E-04
  0.269380987       3.15999991E-04
  0.323256999       3.37000005E-04
   2.96042003E-02   4.71000007E-04
   3.30797993E-02   5.54999977E-04
   2.93588005E-02   6.81000005E-04
   1.02453995E-02   7.99999980E-04
   1.54312002E-02   8.19000008E-04
   1.53304003E-02   9.47399996E-04
   1.70352999E-02   9.49900015E-04
   5.62936021E-03   8.98000028E-04
   5.12904022E-03   9.22999985E-04
   3.68453003E-03   9.43000021E-04
   3.84927000E-04   9.55149997E-04
   2.31204990E-06   1.50799996E-03
   1.95611006E-04   1.71999994E-03
   6.67202985E-03   2.13599997E-03
   5.51230973E-04   2.46000011E-03
   7.78161979E-04   2.53499998E-03
   3.04004992E-03   2.95999995E-03
   5.47266006E-03   2.98100011E-03
   9.34679974E-06   3.11499997E-03
   2.27167002E-05   3.19899991E-03
   1.07193005E-03   3.32499994E-03
   1.08093001E-04   3.44399991E-03
   1.47697006E-04   3.46300006E-03
   2.37032000E-04   3.59140011E-03
   3.93796014E-04   3.59390001E-03
   5.44249997E-06   3.54199996E-03
   6.58797990E-06   3.56699992E-03
   1.25053994E-04   3.58700007E-03
   3.92551010E-06   3.59915011E-03
   3.81614009E-05   1.93200004E-03
   8.74370988E-03   2.34799995E-03
   2.74505001E-04   2.67200009E-03
   2.30152998E-03   2.74699996E-03
   1.30867003E-03   3.17199994E-03
   5.54521987E-03   3.19300010E-03
   7.31640976E-05   3.32699995E-03
   2.63443999E-05   3.41099990E-03
   1.45641004E-03   3.53699992E-03
   7.17822986E-05   3.65599990E-03
   4.19385993E-04   3.67500004E-03
   1.15841001E-04   3.80340009E-03
   4.92792984E-04   3.80589999E-03
   1.61480002E-05   3.75399995E-03
   1.29261998E-05   3.77899990E-03
   1.74066998E-04   3.79900006E-03
   5.93216009E-06   3.81115009E-03
   1.02851996E-02   2.76400009E-03
   1.56576000E-02   3.08800000E-03
   1.99421998E-02   3.16300010E-03
   1.56038003E-02   3.58800008E-03
   1.76534001E-02   3.60900001E-03
   1.88770005E-03   3.74300010E-03
   2.31898995E-03   3.82700004E-03
   4.41404013E-03   3.95300006E-03
   3.46590998E-03   4.07199981E-03
   4.40002978E-03   4.09100018E-03
   2.02241004E-03   4.21940023E-03
   2.19991989E-03   4.22189990E-03
   3.73899995E-04   4.17000009E-03
   3.74836003E-04   4.19500005E-03
   5.40085020E-04   4.21500020E-03
   3.03009001E-05   4.22715023E-03
   1.29734995E-04   3.41199990E-03
   2.74674990E-03   3.48700001E-03
   4.90524981E-04   3.91199999E-03
   5.28466981E-03   3.93299991E-03
   7.57856033E-05   4.06700000E-03
   1.32267996E-05   4.15100018E-03
   2.51023006E-03   4.27700020E-03
   4.94505985E-05   4.39599995E-03
   5.21345995E-04   4.41499986E-03
   5.55801998E-05   4.54339990E-03
   3.81432008E-04   4.54590004E-03
   1.72885993E-05   4.49400023E-03
   6.38106985E-06   4.51900018E-03
   2.87573988E-04   4.53899987E-03
   6.18017020E-06   4.55114990E-03
   1.13430002E-03   3.56200011E-03
   3.96479014E-03   3.98699986E-03
   3.15861008E-03   4.00799979E-03
   1.15973002E-04   4.14199987E-03
   2.13243999E-04   4.22600005E-03
   3.15119000E-03   4.35200008E-03
   5.08780009E-04   4.47099982E-03
   4.36861010E-04   4.49000020E-03
   3.95952986E-04   4.61839978E-03
   3.02884000E-04   4.62089991E-03
   2.48085998E-05   4.56900010E-03
   3.21211010E-05   4.59400006E-03
   3.58865014E-04   4.61400021E-03
   6.37562016E-06   4.62614978E-03
   7.50204024E-04   4.41200007E-03
   1.90038998E-02   4.43299999E-03
   3.31516989E-04   4.56700008E-03
   2.69220996E-04   4.65099979E-03
   2.36215000E-03   4.77699982E-03
   1.30621003E-04   4.89600003E-03
   8.21069989E-04   4.91499994E-03
   1.70339001E-04   5.04339999E-03
   1.79709005E-03   5.04590012E-03
   6.23785018E-05   4.99399984E-03
   4.84330994E-05   5.01899980E-03
   2.73348007E-04   5.03899995E-03
   9.51533002E-06   5.05114999E-03
   7.58606987E-03   4.45399992E-03
   6.07102993E-04   4.58800001E-03
   1.09491998E-03   4.67200018E-03
   2.81841005E-03   4.79800021E-03
   1.14617997E-03   4.91699995E-03
   7.19869975E-04   4.93599987E-03
   1.81070995E-03   5.06439991E-03
   1.45755999E-03   5.06690005E-03
   1.05913998E-04   5.01499977E-03
   1.70512998E-04   5.04000019E-03
   3.29216011E-04   5.05999988E-03
   1.23837999E-05   5.07214991E-03
   4.45007981E-06   4.72200010E-03
   1.01381002E-05   4.80599981E-03
   3.05499998E-04   4.93199984E-03
   1.78482005E-05   5.05100004E-03
   2.55400992E-05   5.06999996E-03
   3.56507007E-05   5.19840000E-03
   5.29942008E-05   5.20090014E-03
   3.83506995E-06   5.14899986E-03
   5.46257979E-06   5.17399982E-03
   3.93568007E-05   5.19399997E-03
   2.76337005E-06   4.88999998E-03
   3.81037011E-04   5.01600001E-03
   7.44362978E-06   5.13500022E-03
   4.60851006E-05   5.15400013E-03
   2.87821003E-05   5.28240018E-03
   1.10469002E-04   5.28489985E-03
   6.03167018E-06   5.23300003E-03
   2.65243011E-06   5.25799999E-03
   4.93525986E-05   5.27800014E-03
   4.44348989E-04   5.14200004E-03
   5.57820022E-04   5.26099978E-03
   6.95989991E-04   5.28000016E-03
   2.96571001E-04   5.40840020E-03
   3.33403994E-04   5.41089987E-03
   6.40821017E-05   5.35900006E-03
   6.63242972E-05   5.38400002E-03
   1.11045003E-04   5.40400017E-03
   8.93373999E-06   5.41615020E-03
   9.30831993E-06   5.37999999E-03
   1.08752000E-04   5.39899990E-03
   1.78928003E-05   5.52739995E-03
   8.81035012E-05   5.52990008E-03
   7.96288987E-06   5.47799980E-03
   5.51642006E-06   5.50300023E-03
   6.86510029E-05   5.52299991E-03
   5.51237008E-06   5.53514995E-03
   4.90234015E-05   5.41799981E-03
   8.33859012E-05   5.54639986E-03
   6.79840014E-05   5.54889999E-03
   8.99494989E-06   5.49700018E-03
   1.05971003E-05   5.52200014E-03
   8.41151996E-05   5.54199982E-03
   5.54944017E-06   5.55414986E-03
   1.20369004E-05   5.67479990E-03
   1.60861993E-04   5.67730004E-03
   1.25779998E-05   5.62540023E-03
   1.08370996E-05   5.65040018E-03
   4.41777993E-05   5.67039987E-03
   1.52642997E-06   5.68254991E-03
   6.57416967E-05   5.67980018E-03
   1.52244002E-05   5.62789990E-03
   2.15020009E-05   5.65289985E-03
   4.70441992E-05   5.67290001E-03
   3.34459992E-06   5.68505004E-03
   5.60980016E-06   5.60100004E-03
   1.23134996E-05   5.62100019E-03
   1.25271999E-05   5.64600015E-03
   1.18814996E-05   5.66599984E-03
   5.94956009E-06   5.67814987E-03
       -1137       -1137
   5.01981983E-03   7.00000010E-06
   4.22886014E-02   1.25999999E-04
   6.03751000E-03   1.44999998E-04
   4.75475006E-02   2.73399986E-04
   4.96269995E-03   2.75900005E-04
   8.03244009E-04   2.24000003E-04
   3.48170986E-04   2.49000004E-04
   5.97993028E-04   2.69000011E-04
   5.07383993E-05   2.81149987E-04
   5.06950018E-04   1.04600005E-03
   6.11948024E-04   1.46199996E-03
   2.39891000E-02   1.78599998E-03
   2.97775003E-03   1.86099997E-03
   1.65550001E-02   2.28599994E-03
   3.21475998E-03   2.30700010E-03
   1.42911003E-05   2.44099996E-03
   1.23763995E-04   2.52499990E-03
   1.05380001E-04   2.65099993E-03
   3.41920997E-03   2.76999990E-03
   4.66203986E-04   2.78900005E-03
   1.23606995E-03   2.91740010E-03
   2.09635007E-04   2.91990000E-03
   2.35226003E-06   2.86799995E-03
   1.81596006E-05   2.89299991E-03
   1.13912001E-05   2.91300006E-03
   8.74152975E-05   1.25800003E-03
   2.40549003E-03   1.67400006E-03
   2.17987001E-02   1.99800008E-03
   9.78013966E-04   2.07299995E-03
   1.43766003E-02   2.49799993E-03
   8.69091973E-03   2.51900009E-03
   5.58538013E-05   2.65299994E-03
   6.44204993E-05   2.73699989E-03
   4.56029986E-04   2.86299991E-03
   3.05694994E-03   2.98199989E-03
   1.70767002E-04   3.00100003E-03
   9.54431016E-04   3.12940008E-03
   5.45800023E-04   3.13189998E-03
   9.51556012E-06   3.07999994E-03
   1.01530004E-05   3.10499989E-03
   5.41472982E-05   3.12500005E-03
   2.88700988E-07   3.13715008E-03
   8.20446992E-04   2.09000008E-03
   3.94400991E-02   2.41399999E-03
   1.49121997E-03   2.48900009E-03
   1.17331999E-03   2.91400007E-03
   1.26506004E-03   2.93500000E-03
   1.23820006E-04   3.06900009E-03
   3.74841999E-04   3.15300003E-03
   2.96791986E-04   3.27900006E-03
   5.62399020E-03   3.39800003E-03
   2.48499011E-04   3.41699994E-03
   8.63198002E-05   3.54539999E-03
   7.53985005E-05   3.54789989E-03
   2.25599997E-05   3.49600008E-03
   5.35174986E-05   3.52100004E-03
   3.54734002E-05   3.54099995E-03
   1.97307008E-06   3.55314999E-03
   3.73470001E-02   2.73799989E-03
   7.17148036E-02   2.81300000E-03
   4.59760986E-02   3.23799998E-03
   5.33673987E-02   3.25899990E-03
   5.93846012E-03   3.39299999E-03
   5.77301998E-03   3.47699993E-03
   1.00849997E-02   3.60299996E-03
   1.35680996E-02   3.72199994E-03
   1.53801003E-02   3.74100008E-03
   5.31062996E-03   3.86939989E-03
   6.05473015E-03   3.87190003E-03
   1.14395004E-03   3.81999998E-03
   9.29476984E-04   3.84499994E-03
   1.28637999E-03   3.86500009E-03
   7.92631981E-05   3.87714989E-03
   1.12360006E-03   2.88800010E-03
   5.63502982E-02   3.31300008E-03
   2.52506998E-03   3.33400001E-03
   3.31012998E-04   3.46800010E-03
   1.32663001E-04   3.55200004E-03
   3.06962000E-04   3.67800007E-03
   1.02329999E-02   3.79700004E-03
   3.92457005E-04   3.81599995E-03
   5.79757988E-03   3.94440023E-03
   2.46053998E-04   3.94689990E-03
   6.18202030E-05   3.89500009E-03
   1.85995996E-05   3.92000005E-03
   3.73770017E-05   3.94000020E-03
   4.42338978E-06   3.95214977E-03
   5.65630011E-02   3.73800006E-03
  0.160191000       3.75899998E-03
   4.42864979E-03   3.89300007E-03
   2.80940998E-03   3.97699978E-03
   3.09041992E-04   4.10299981E-03
   7.27528986E-03   4.22200002E-03
   1.13490997E-02   4.24099993E-03
   1.11101000E-02   4.36939998E-03
   1.65522005E-02   4.37190011E-03
   8.76376987E-04   4.31999983E-03
   4.58621013E-04   4.34499979E-03
   4.04183993E-05   4.36499994E-03
   5.89955998E-05   4.37714998E-03
   3.11293011E-03   3.77999991E-03
   5.61045017E-04   3.91400000E-03
   8.15928972E-04   3.99800017E-03
   2.78041000E-04   4.12400020E-03
   6.50725979E-03   4.24299994E-03
   4.51014988E-04   4.26199986E-03
   1.37723004E-02   4.39039990E-03
   6.23003987E-04   4.39290004E-03
   1.01972000E-04   4.34100023E-03
   1.13645998E-04   4.36600018E-03
   3.76577009E-05   4.38599987E-03
   9.69441044E-06   4.39814990E-03
   1.12789996E-06   4.04800009E-03
   1.71919000E-05   4.13199980E-03
   2.12718005E-05   4.25799983E-03
   8.47130024E-04   4.37700003E-03
   5.70135999E-05   4.39599995E-03
   3.35296005E-04   4.52439999E-03
   4.70804989E-05   4.52690013E-03
   6.49378990E-07   4.47499985E-03
   2.75822003E-06   4.49999981E-03
   2.51339998E-06   4.51999996E-03
   1.01718997E-05   4.21599997E-03
   7.77914029E-05   4.34200000E-03
   8.09999998E-04   4.46100021E-03
   2.66264997E-05   4.48000012E-03
   1.89715007E-04   4.60840017E-03
   5.51562989E-05   4.61089984E-03
   3.33732009E-06   4.55900002E-03
   3.11742997E-06   4.58399998E-03
   9.33630963E-06   4.60400013E-03
   2.75319999E-05   4.46800003E-03
   1.43811002E-03   4.58699977E-03
   5.27703996E-05   4.60600015E-03
   2.60302004E-05   4.73440019E-03
   1.70746007E-05   4.73689986E-03
   4.22280982E-06   4.68500005E-03
   1.14369004E-05   4.71000001E-03
   6.57436021E-06   4.73000016E-03
   1.15866004E-03   4.70599998E-03
   2.19053007E-03   4.72499989E-03
   7.80832022E-04   4.85339994E-03
   7.41690979E-04   4.85590007E-03
   1.62922996E-04   4.80399979E-03
   1.30386004E-04   4.82900022E-03
   1.84858000E-04   4.84899990E-03
   1.09326002E-05   4.86114994E-03
   4.14007009E-05   4.74399980E-03
   1.06913003E-03   4.87239985E-03
   4.51523993E-05   4.87489998E-03
   1.17968002E-05   4.82300017E-03
   5.27047996E-06   4.84800013E-03
   7.68332029E-06   4.86799981E-03
   7.83855000E-07   4.88014985E-03
   2.16768996E-04   5.00079989E-03
   1.39439001E-03   5.00330003E-03
   7.49596002E-05   4.95140022E-03
   4.00743993E-05   4.97640017E-03
   3.40082011E-06   4.99639986E-03
   4.94702999E-06   5.00854990E-03
   1.77194997E-05   5.00580017E-03
   8.45712020E-06   4.95389989E-03
   1.03370003E-05   4.97889984E-03
   2.79070991E-06   4.99890000E-03
   9.71891041E-07   5.01105003E-03
   5.49413016E-07   4.92700003E-03
   5.49413016E-07   4.94700018E-03
   8.88977013E-07   4.97200014E-03
   6.23562983E-07   4.99199983E-03
       -1137       -1137
   9.37556033E-05   5.46999974E-04
   4.19543008E-04   7.59000017E-04
   1.18272996E-03   1.17499998E-03
   3.13537009E-03   1.49900001E-03
   2.78965998E-02   1.57399999E-03
   3.90683999E-03   1.99900009E-03
   1.76353008E-02   2.02000001E-03
   3.44045002E-05   2.15400010E-03
   4.60679985E-05   2.23800004E-03
   2.06661003E-04   2.36400007E-03
   4.37234004E-04   2.48300005E-03
   3.92832002E-03   2.50199996E-03
   2.35447995E-04   2.63040001E-03
   1.14541000E-03   2.63289991E-03
   7.50176014E-06   2.58100010E-03
   7.71971008E-06   2.60600005E-03
   2.44322000E-05   2.62599997E-03
   9.32693013E-07   2.63815001E-03
   5.63155991E-05   9.71000001E-04
   4.22444986E-03   1.38699997E-03
   2.28474004E-04   1.71099999E-03
   2.82201003E-02   1.78599998E-03
   2.50267005E-03   2.21100007E-03
   1.23993997E-02   2.23200000E-03
   5.54512008E-05   2.36600009E-03
   1.26525001E-05   2.45000003E-03
   7.32093991E-04   2.57600006E-03
   7.36819993E-06   2.69500003E-03
   3.94472014E-03   2.71399994E-03
   1.72361993E-04   2.84239999E-03
   7.40175019E-04   2.84489989E-03
   7.86251985E-06   2.79300008E-03
   1.73259002E-06   2.81800004E-03
   8.72226010E-05   2.83799996E-03
   5.87796023E-07   2.85014999E-03
   2.26141000E-03   1.80299999E-03
   2.41252012E-03   2.12699990E-03
   3.87289003E-02   2.20200000E-03
   1.60720001E-03   2.62699998E-03
   2.11831997E-03   2.64799991E-03
   2.53661012E-04   2.78200000E-03
   5.60190994E-04   2.86599994E-03
   7.97745015E-04   2.99199997E-03
   4.42710007E-04   3.11099994E-03
   5.39173977E-03   3.13000008E-03
   1.02436003E-04   3.25839990E-03
   1.36122006E-04   3.26090003E-03
   4.80343988E-05   3.20899999E-03
   8.01381975E-05   3.23399995E-03
   9.58051023E-05   3.25400010E-03
   3.14498993E-06   3.26614990E-03
   5.45029005E-04   2.45100004E-03
   5.62289990E-02   2.52599991E-03
   2.44669989E-03   2.95099989E-03
   3.39712985E-02   2.97200005E-03
   3.09597002E-04   3.10599990E-03
   7.28115992E-05   3.19000008E-03
   4.29771986E-04   3.31600010E-03
   1.78756003E-04   3.43500008E-03
   7.92940985E-03   3.45399999E-03
   2.48439988E-04   3.58240004E-03
   3.36183002E-03   3.58489994E-03
   5.44721006E-05   3.53299989E-03
   1.15611001E-05   3.55800008E-03
   5.19847017E-05   3.57800000E-03
   3.60112995E-06   3.59015004E-03
   6.11177012E-02   2.60100001E-03
   5.40286005E-02   3.02599999E-03
   8.73949006E-02   3.04699992E-03
   6.43448997E-03   3.18100001E-03
   7.06041977E-03   3.26499995E-03
   9.98148043E-03   3.39099998E-03
   1.20029999E-02   3.50999995E-03
   2.16898993E-02   3.52900010E-03
   6.04024995E-03   3.65739991E-03
   9.07570962E-03   3.65990005E-03
   1.23298005E-03   3.60800000E-03
   1.12590997E-03   3.63299996E-03
   1.28261000E-03   3.65300011E-03
   8.77217026E-05   3.66514991E-03
   5.06738015E-03   3.45099997E-03
  0.159842998       3.47199989E-03
   8.27057986E-04   3.60599998E-03
   5.74194011E-04   3.68999992E-03
   3.64861015E-04   3.81599995E-03
   5.11522987E-04   3.93499993E-03
   7.13363010E-03   3.95399984E-03
   9.80681973E-04   4.08239989E-03
   1.29075004E-02   4.08490002E-03
   1.72372005E-04   4.03300021E-03
   8.70649019E-05   4.05800017E-03
   4.35703987E-05   4.07799985E-03
   9.59587032E-06   4.09014989E-03
  0.108441003       3.49300005E-03
   4.69142012E-03   3.62699991E-03
   3.11607006E-03   3.71100008E-03
   4.95516986E-04   3.83700011E-03
   6.60553994E-03   3.95599985E-03
   1.43199004E-02   3.97500023E-03
   1.60536002E-02   4.10339981E-03
   1.95272006E-02   4.10589995E-03
   9.25324974E-04   4.05400014E-03
   5.16931992E-04   4.07900009E-03
   7.56415029E-05   4.09899978E-03
   7.62650016E-05   4.11114981E-03
   1.82247004E-06   3.84499994E-03
   4.61447999E-05   3.97100020E-03
   5.08459016E-05   4.08999994E-03
   9.04562999E-04   4.10899986E-03
   6.05081004E-05   4.23739990E-03
   3.24285997E-04   4.23990004E-03
   6.19782986E-06   4.23299987E-03
   1.05792999E-04   4.05499991E-03
   5.61098022E-06   4.17400012E-03
   1.00010994E-03   4.19300003E-03
   3.76206008E-05   4.32140008E-03
   1.88164995E-04   4.32390021E-03
   1.36214003E-05   4.31700004E-03
   7.02129983E-05   4.18099994E-03
   8.48123018E-05   4.30000015E-03
   1.38790999E-03   4.31900006E-03
   2.48011002E-05   4.44740010E-03
   3.69459012E-05   4.44989977E-03
   9.53187009E-06   4.39799996E-03
   1.58973999E-05   4.42299992E-03
   1.75834994E-05   4.44300007E-03
   6.00809983E-07   4.45515011E-03
   1.31963998E-05   4.41899989E-03
   1.69157004E-03   4.43799980E-03
   4.71134008E-05   4.56639985E-03
   6.20584004E-04   4.56889998E-03
   8.82152017E-06   4.51700017E-03
   6.01062993E-07   4.54200013E-03
   1.03651000E-05   4.56199981E-03
   6.00736996E-07   4.57414985E-03
   1.81797997E-03   4.45700018E-03
   7.59601011E-04   4.58540022E-03
   1.37794996E-03   4.58789989E-03
   1.73502005E-04   4.53600008E-03
   1.59484000E-04   4.56100004E-03
   1.79169001E-04   4.58100019E-03
   1.20294999E-05   4.59315022E-03
   3.12816010E-05   4.71379980E-03
   1.33965001E-03   4.71629994E-03
   1.26527002E-05   4.66440013E-03
   6.17219985E-06   4.68940008E-03
   3.33282992E-06   4.70939977E-03
   6.40953999E-07   4.72154981E-03
   2.10234997E-04   4.71880008E-03
   6.50582006E-05   4.66689980E-03
   3.23806998E-05   4.69190022E-03
   5.35879008E-06   4.71189991E-03
   5.14551994E-06   4.72404994E-03
   1.05330002E-06   4.66000009E-03
   1.55341002E-06   4.68500005E-03
   1.10430005E-06   4.70500020E-03
       -1137       -1137
   4.94126007E-02   5.09999991E-05
   7.82845020E-02   7.00000019E-05
   3.83257009E-02   1.98399997E-04
   4.08752002E-02   2.00900002E-04
   7.79938977E-03   1.49000000E-04
   6.42703986E-03   1.74000001E-04
   6.94365986E-03   1.93999993E-04
   5.10910002E-04   2.06149998E-04
   1.87953003E-02   3.99999999E-06
   3.21150012E-02   1.38000003E-04
   3.96431014E-02   2.22000002E-04
   2.67405994E-02   3.48000001E-04
   2.23033000E-02   4.67000005E-04
   2.64158007E-02   4.86000004E-04
   3.31537006E-03   6.14400022E-04
   5.19515993E-03   6.16899983E-04
   5.53281978E-03   5.64999995E-04
   5.69585012E-03   5.90000011E-04
   3.15400003E-03   6.09999988E-04
   3.88318003E-04   6.22150023E-04
   2.78768991E-03   3.07000009E-04
   2.66925991E-03   3.27999995E-04
   1.36786001E-02   4.61999996E-04
   5.30155003E-03   5.46000025E-04
   2.81737000E-03   6.71999995E-04
   1.44803000E-03   7.91000028E-04
   4.01093997E-03   8.09999998E-04
   2.20876001E-03   9.38399986E-04
   2.19189003E-03   9.40900005E-04
   1.93540996E-03   8.89000017E-04
   8.64635978E-04   9.13999975E-04
   3.66557011E-04   9.34000011E-04
   1.27498002E-04   9.46149987E-04
   3.06688994E-03   3.81999998E-04
   4.35019005E-03   4.03000013E-04
   1.85700003E-02   5.37000014E-04
   7.06502004E-03   6.21000014E-04
   3.84697993E-03   7.46999984E-04
   3.03774001E-03   8.66000017E-04
   3.24434997E-03   8.84999987E-04
   2.24546995E-03   1.01340003E-03
   2.99776997E-03   1.01590005E-03
   2.50248006E-03   9.64000006E-04
   9.48918983E-04   9.88999964E-04
   4.55355999E-04   1.00900000E-03
   1.67571998E-04   1.02115003E-03
   7.31098978E-03   8.06999975E-04
   1.32839000E-02   8.28000018E-04
   1.68555994E-02   9.61999991E-04
   2.40491005E-03   1.04600005E-03
   1.28089003E-02   1.17199996E-03
   1.14900002E-03   1.29100005E-03
   7.44324992E-04   1.30999996E-03
   8.64234986E-04   1.43840001E-03
   8.13011022E-04   1.44090003E-03
   1.88888004E-03   1.38899998E-03
   3.01768014E-04   1.41400006E-03
   1.24588003E-03   1.43399998E-03
   1.30197004E-04   1.44615001E-03
   1.19399996E-02   8.49000004E-04
   2.16112994E-02   9.83000034E-04
   9.46343003E-04   1.06699998E-03
   1.25120003E-02   1.19300000E-03
   6.36342971E-04   1.31199998E-03
   1.57575996E-03   1.33100001E-03
   8.63098016E-04   1.45940005E-03
   1.35838997E-03   1.46189996E-03
   2.39854003E-03   1.41000003E-03
   1.02981998E-04   1.43499998E-03
   1.12633000E-03   1.45500002E-03
   1.33634006E-04   1.46715005E-03
   1.90523993E-02   1.11700001E-03
   2.91970000E-02   1.20099995E-03
   4.32595015E-02   1.32699998E-03
   4.71203998E-02   1.44599995E-03
   6.39673024E-02   1.46499998E-03
   3.23228985E-02   1.59340003E-03
   3.97085994E-02   1.59590004E-03
   6.00050017E-03   1.54400000E-03
   4.72284015E-03   1.56899996E-03
   5.55073982E-03   1.58899999E-03
   4.05047991E-04   1.60115003E-03
   2.19485001E-03   1.28500001E-03
   1.07864002E-02   1.41100003E-03
   4.15884983E-03   1.53000001E-03
   2.65076989E-03   1.54900004E-03
   1.75689999E-03   1.67739997E-03
   1.00180996E-03   1.67989999E-03
   3.38438991E-03   1.62800006E-03
   5.75058977E-04   1.65300001E-03
   1.03777996E-03   1.67300005E-03
   2.29911995E-04   1.68514997E-03
   4.28583007E-03   1.53699995E-03
   1.56773999E-03   1.65600004E-03
   5.69728995E-03   1.67499995E-03
   9.21820011E-03   1.80339999E-03
   1.12488000E-02   1.80590001E-03
   5.23822987E-03   1.75399997E-03
   1.57356996E-03   1.77900004E-03
   9.67975007E-04   1.79899996E-03
   3.49965005E-04   1.81115000E-03
   1.19802996E-03   1.77500001E-03
   4.32121009E-03   1.79400004E-03
   8.50341981E-04   1.92239997E-03
   6.26003020E-04   1.92489999E-03
   5.35443984E-03   1.87299994E-03
   5.22225979E-04   1.89800002E-03
   1.37673997E-04   1.91800005E-03
   3.55252996E-04   1.93014997E-03
   2.51262006E-03   1.81299995E-03
   6.80171011E-04   1.94140000E-03
   1.20683003E-03   1.94390002E-03
   7.32252002E-03   1.89199997E-03
   3.07173003E-04   1.91700005E-03
   5.93112025E-04   1.93699996E-03
   4.75326000E-04   1.94915000E-03
   1.42927995E-04   2.06979993E-03
   2.15598004E-04   2.07230006E-03
   3.79491993E-03   2.02040002E-03
   1.92690000E-04   2.04539998E-03
   1.02945999E-03   2.06539989E-03
   2.70393008E-04   2.07754993E-03
   2.67563999E-04   2.07479997E-03
   4.69481014E-03   2.02289992E-03
   8.60926011E-05   2.04790011E-03
   1.22956000E-03   2.06790003E-03
   3.23838001E-04   2.08005006E-03
   4.11784014E-04   1.97100011E-03
   5.27767988E-04   1.99600006E-03
   6.31718023E-04   2.01599998E-03
   4.08361011E-05   2.02815002E-03
   2.78962998E-05   2.02100002E-03
   1.30686996E-04   2.04099994E-03
   2.71252993E-05   2.05314998E-03
   4.06049003E-05   2.06100009E-03
   3.19130995E-05   2.07314990E-03
       -1137       -1137
   1.18247997E-02   9.99999975E-06
   5.67317987E-03   1.36000002E-04
   4.14085016E-03   2.54999992E-04
   5.31102996E-03   2.73999991E-04
   2.43321992E-03   4.02400008E-04
   3.81550007E-03   4.04899998E-04
   8.60117027E-04   3.53000010E-04
   1.10912998E-03   3.77999997E-04
   5.01030998E-04   3.98000004E-04
   6.45073014E-05   4.10150009E-04
   3.27627994E-02   9.50000031E-05
  0.130853996       1.16000003E-04
   1.76857002E-02   2.50000012E-04
   1.52335996E-02   3.34000011E-04
   1.36089996E-02   4.60000010E-04
   6.96340995E-03   5.78999985E-04
   8.51451978E-03   5.98000013E-04
   3.67430993E-03   7.26400001E-04
   6.76236022E-03   7.28900020E-04
   3.38203995E-03   6.76999975E-04
   2.26586009E-03   7.01999990E-04
   1.61068002E-03   7.22000026E-04
   2.24161995E-04   7.34150002E-04
   3.50762010E-02   1.69999999E-04
   8.43654014E-03   1.90999999E-04
   2.74317991E-03   3.25000001E-04
   1.24746999E-02   4.09000000E-04
   1.89664005E-03   5.34999999E-04
   1.02758000E-03   6.53999974E-04
   1.21857994E-03   6.73000002E-04
   6.17955986E-04   8.01399990E-04
   4.76791000E-04   8.03900009E-04
   3.15865997E-04   7.52000022E-04
   1.11561001E-03   7.76999979E-04
   8.95378980E-05   7.97000015E-04
   2.39362998E-05   8.09149991E-04
   1.13850995E-03   5.94999990E-04
   4.97575011E-03   6.15999976E-04
   3.27392993E-03   7.50000007E-04
   1.13605000E-02   8.34000006E-04
   7.67083024E-04   9.59999976E-04
   3.88426008E-03   1.07899995E-03
   3.07072001E-03   1.09799998E-03
   8.85463029E-04   1.22640003E-03
   5.63530019E-04   1.22890004E-03
   4.83984011E-04   1.17700000E-03
   9.96903051E-04   1.20199996E-03
   8.39884015E-05   1.22199999E-03
   4.72382999E-05   1.23415003E-03
   3.20916995E-04   6.37000019E-04
   1.69032998E-03   7.70999992E-04
   1.67637002E-02   8.54999991E-04
   8.20713001E-04   9.81000019E-04
   8.64521042E-03   1.09999999E-03
   6.75617019E-04   1.11900002E-03
   1.50074993E-04   1.24739995E-03
   1.11991001E-04   1.24989997E-03
   2.08989004E-04   1.19800004E-03
   1.54455996E-03   1.22300000E-03
   6.39564969E-05   1.24300004E-03
   1.33883004E-05   1.25514995E-03
   3.35491006E-03   9.05000023E-04
   4.24765013E-02   9.88999964E-04
   8.00853968E-03   1.11499999E-03
   1.12309000E-02   1.23399997E-03
   7.28817983E-03   1.25299999E-03
   1.45230000E-03   1.38140004E-03
   2.60911998E-03   1.38389994E-03
   1.00587995E-03   1.33200001E-03
   4.21989011E-03   1.35699997E-03
   9.71840986E-04   1.37700001E-03
   6.99771990E-05   1.38915004E-03
   2.86817998E-02   1.07300002E-03
   7.19909966E-02   1.19900005E-03
   6.13953993E-02   1.31800002E-03
  0.101319999       1.33700005E-03
   5.25946990E-02   1.46539998E-03
   6.53581023E-02   1.46790000E-03
   8.82139988E-03   1.41599996E-03
   8.30646977E-03   1.44100003E-03
   1.02032004E-02   1.46099995E-03
   6.43017003E-04   1.47314998E-03
   2.04488006E-03   1.32499996E-03
   1.02145998E-02   1.44400005E-03
   4.95437998E-03   1.46299996E-03
   1.26726995E-03   1.59140001E-03
   1.88479002E-03   1.59390003E-03
   1.15214998E-03   1.54199998E-03
   7.52861984E-03   1.56700006E-03
   4.19894001E-04   1.58699998E-03
   7.68850005E-05   1.59915001E-03
   4.15244978E-03   1.56300003E-03
   5.83857996E-03   1.58200006E-03
   1.04542002E-02   1.71039999E-03
   1.40826004E-02   1.71290000E-03
   2.22081994E-03   1.66099996E-03
   7.10830977E-03   1.68600003E-03
   1.55925995E-03   1.70599995E-03
   1.61390999E-04   1.71814999E-03
   9.22312029E-04   1.60099997E-03
   2.30641011E-03   1.72940001E-03
   1.66774995E-03   1.73190003E-03
   9.10656992E-04   1.67999999E-03
   1.19150002E-02   1.70499994E-03
   5.30689023E-04   1.72499998E-03
   6.35557008E-05   1.73715001E-03
   8.18366025E-05   1.85779994E-03
   5.42040973E-04   1.86029996E-03
   2.78560008E-04   1.80840003E-03
   5.56056015E-03   1.83339999E-03
   1.78294998E-04   1.85340003E-03
   2.39935998E-05   1.86554994E-03
   1.55250003E-04   1.86279998E-03
   3.89038003E-04   1.81090005E-03
   7.39671988E-03   1.83590001E-03
   2.63816008E-04   1.85590005E-03
   3.66204004E-05   1.86804996E-03
   9.29286034E-05   1.75900001E-03
   9.60131991E-04   1.78399996E-03
   1.57372997E-04   1.80400000E-03
   1.61700991E-05   1.81615003E-03
   4.78887989E-04   1.80900004E-03
   9.35954973E-04   1.82899996E-03
   6.06415015E-05   1.84114999E-03
   1.94091008E-05   1.84899999E-03
   1.42037998E-05   1.86115003E-03
       -1137       -1137
   4.69994992E-02   4.40000003E-05
   1.92106999E-02   1.63000004E-04
   2.74394006E-02   1.82000003E-04
   6.02059998E-03   3.10400006E-04
   5.36675006E-03   3.12899996E-04
   4.02111979E-03   2.61000008E-04
   2.92487000E-03   2.85999995E-04
   5.18041989E-03   3.06000002E-04
   2.55255000E-04   3.18150007E-04
  0.133381993      -7.00000010E-06
  0.117513999       1.18999997E-04
  0.109994002       2.37999993E-04
  0.129994005       2.57000007E-04
   1.78015009E-02   3.85399995E-04
   2.20973007E-02   3.87900014E-04
   2.14211997E-02   3.35999997E-04
   1.91328004E-02   3.61000013E-04
   1.39483996E-02   3.80999991E-04
   1.37244002E-03   3.93149996E-04
   1.21110003E-03   1.78999995E-04
   1.63037004E-03   1.99999995E-04
   1.24498997E-02   3.34000011E-04
   4.80131991E-03   4.18000011E-04
   4.99628000E-02   5.44000010E-04
   1.84615003E-03   6.62999984E-04
   6.76843012E-03   6.82000013E-04
   1.55866996E-03   8.10400001E-04
   1.55736995E-03   8.12900020E-04
   1.33422995E-03   7.60999974E-04
   6.42315019E-04   7.85999990E-04
   4.16158000E-03   8.06000025E-04
   7.94492007E-05   8.18150002E-04
   2.74927006E-03   2.20999995E-04
   2.59652995E-02   3.54999996E-04
   1.86324008E-02   4.38999996E-04
   6.08585998E-02   5.64999995E-04
   1.54152000E-03   6.84000028E-04
   1.04801999E-02   7.02999998E-04
   5.54620009E-03   8.31399986E-04
   6.74569979E-03   8.33900005E-04
   3.54468008E-03   7.82000017E-04
   2.61896988E-03   8.06999975E-04
   5.12799993E-03   8.27000011E-04
   2.33159997E-04   8.39149987E-04
   1.35636001E-04   4.88999998E-04
   3.48730013E-04   5.72999998E-04
   4.95785987E-03   6.99000026E-04
   4.66444995E-04   8.18000000E-04
   7.33679975E-04   8.37000029E-04
   4.23846999E-04   9.65400017E-04
   4.27641993E-04   9.67899978E-04
   5.06215001E-05   9.15999990E-04
   4.31674016E-05   9.41000006E-04
   4.02367004E-04   9.60999983E-04
   3.51145991E-06   9.73150018E-04
   2.52755999E-05   6.56999997E-04
   5.83122997E-03   7.83000025E-04
   2.81537010E-04   9.02000000E-04
   6.92998001E-04   9.21000028E-04
   3.29194998E-04   1.04939996E-03
   7.39788986E-04   1.05189998E-03
   6.35839970E-05   1.00000005E-03
   1.44427004E-05   1.02500001E-03
   4.82395000E-04   1.04500004E-03
   3.79778999E-06   1.05714996E-03
   7.06666010E-03   9.08999995E-04
   9.01069026E-03   1.02800003E-03
   1.18276002E-02   1.04700006E-03
   6.72393991E-03   1.17539999E-03
   7.95677956E-03   1.17790001E-03
   9.76959942E-04   1.12599996E-03
   9.04457003E-04   1.15100003E-03
   1.48960995E-03   1.17099995E-03
   6.72673996E-05   1.18314999E-03
   1.82970995E-04   1.14700000E-03
   1.06460997E-03   1.16600003E-03
   1.59642004E-04   1.29439996E-03
   3.12024989E-04   1.29689998E-03
   6.62410021E-05   1.24500005E-03
   4.32796987E-05   1.27000001E-03
   7.59512011E-04   1.29000004E-03
   3.55174006E-06   1.30214996E-03
   1.02840003E-03   1.18499994E-03
   5.11049991E-04   1.31339999E-03
   6.92242989E-04   1.31590001E-03
   1.42314006E-04   1.26399996E-03
   1.22369995E-04   1.28900004E-03
   1.04034005E-03   1.30899996E-03
   9.38293033E-06   1.32114999E-03
   2.76146002E-05   1.44180004E-03
   1.24755999E-04   1.44430005E-03
   5.59637992E-05   1.39240001E-03
   1.49951002E-05   1.41739997E-03
   5.99740015E-04   1.43740000E-03
   3.35044001E-06   1.44955004E-03
   3.79060002E-05   1.44679996E-03
   5.23316994E-05   1.39490003E-03
   3.97246986E-05   1.41989999E-03
   7.09639979E-04   1.43990002E-03
   3.62949004E-06   1.45205006E-03
   1.77546997E-06   1.34299998E-03
   3.25438009E-06   1.36800006E-03
   7.91921993E-05   1.38799998E-03
   7.22503017E-08   1.39300001E-03
   7.33292982E-05   1.41300005E-03
   7.58442984E-05   1.43299997E-03
   4.69935003E-06   1.44515000E-03
       -1137       -1137
   7.06794998E-03   6.14000019E-05
   8.79861042E-03   6.38999991E-05
   2.85502011E-03   1.20000004E-05
   1.26862002E-03   3.70000016E-05
   2.44121999E-03   5.70000011E-05
   1.32407993E-04   6.91500027E-05
  0.123250999       9.99999975E-06
  0.115668997       9.40000027E-05
  0.118511997       2.20000002E-04
  0.124958001       3.38999991E-04
  0.128317997       3.57999990E-04
   1.28968004E-02   4.86400008E-04
   1.05557004E-02   4.88899997E-04
   2.39813998E-02   4.37000010E-04
   1.83227994E-02   4.61999996E-04
   1.47521999E-02   4.82000003E-04
   1.56798004E-03   4.94149979E-04
   7.68698007E-03   3.09999996E-05
   1.86390001E-02   1.15000003E-04
   7.88848009E-03   2.41000002E-04
  0.130665004       3.60000005E-04
   5.37420996E-03   3.79000005E-04
   2.40783999E-03   5.07400022E-04
   1.18707004E-03   5.09899983E-04
   1.12761999E-03   4.57999995E-04
   1.79593998E-03   4.83000011E-04
   7.36151007E-04   5.02999988E-04
   7.56208974E-05   5.15150023E-04
   8.56507977E-04   1.65000005E-04
   2.18980992E-03   2.49000004E-04
   1.34555995E-03   3.75000003E-04
   1.16031999E-02   4.93999978E-04
   1.20899000E-03   5.13000006E-04
   3.15239001E-03   6.41399994E-04
   2.62269005E-03   6.43900014E-04
   2.07535006E-04   5.92000026E-04
   2.30605001E-04   6.16999983E-04
   1.49682994E-04   6.37000019E-04
   1.37947000E-05   6.49149995E-04
   6.78914017E-04   3.33000004E-04
   1.71225995E-03   4.59000003E-04
   9.08172037E-03   5.77999977E-04
   8.49800999E-04   5.97000006E-04
   4.23605001E-04   7.25399994E-04
   3.93833005E-04   7.27900013E-04
   1.83191005E-04   6.76000025E-04
   1.48120002E-04   7.00999983E-04
   1.32336994E-04   7.21000019E-04
   1.49217003E-05   7.33149995E-04
   5.36850013E-04   5.84999972E-04
   1.83313992E-02   7.04000005E-04
   1.51723996E-03   7.22999976E-04
   1.17171998E-03   8.51400022E-04
   6.79293997E-04   8.53899983E-04
   6.76917989E-05   8.01999995E-04
   1.17124997E-04   8.27000011E-04
   9.02616011E-05   8.46999988E-04
   4.20219021E-06   8.59150023E-04
   1.21999001E-02   8.22999980E-04
   2.34331992E-02   8.42000009E-04
   1.16616003E-02   9.70399997E-04
   1.57475993E-02   9.72900016E-04
   1.89813005E-03   9.21000028E-04
   1.45853998E-03   9.45999986E-04
   2.18242989E-03   9.66000021E-04
   1.30346001E-04   9.78150056E-04
   3.50052986E-04   8.60999979E-04
   1.21309003E-03   9.89399967E-04
   4.82786010E-04   9.91899986E-04
   6.93219990E-05   9.39999998E-04
   7.36488000E-05   9.65000014E-04
   1.21928002E-04   9.85000050E-04
   5.45659987E-06   9.97149968E-04
   1.42884004E-04   1.11780001E-03
   4.93753003E-04   1.12030003E-03
   1.62102995E-04   1.06839999E-03
   5.96573991E-05   1.09339994E-03
   1.16550997E-04   1.11339998E-03
   9.73151964E-06   1.12555001E-03
   6.75003030E-05   1.12280005E-03
   1.06949999E-04   1.07090001E-03
   5.01711002E-05   1.09589996E-03
   5.72114004E-05   1.11590000E-03
   6.24458016E-06   1.12805003E-03
   5.13703981E-06   1.01899996E-03
   8.79630988E-06   1.04400003E-03
   3.88343005E-06   1.06399995E-03
   9.28159977E-07   1.07614999E-03
   2.96402004E-06   1.06899999E-03
   7.90040031E-06   1.08900003E-03
   1.02769002E-06   1.10114994E-03
   5.17792978E-06   1.10899995E-03
   5.55301028E-07   1.12114998E-03
       -1137       -1137
   8.72252043E-03   1.89999992E-05
   1.65424999E-02   1.44999998E-04
   8.61761998E-03   2.64000002E-04
  0.113360003       2.83000001E-04
   2.14159000E-03   4.11399989E-04
   2.10430007E-03   4.13900008E-04
   2.22787005E-03   3.61999992E-04
   1.51709002E-03   3.87000007E-04
   1.70927995E-03   4.07000014E-04
   1.50448002E-04   4.19149990E-04
  0.148605004       3.99999990E-05
  0.123695999       1.65999998E-04
  0.128405005       2.84999987E-04
  0.222139001       3.03999986E-04
   1.52735999E-02   4.32400004E-04
   2.26509999E-02   4.34899994E-04
   2.96663009E-02   3.83000006E-04
   2.58109998E-02   4.07999993E-04
   1.83250997E-02   4.27999999E-04
   2.16306001E-03   4.40150005E-04
   1.76504999E-03   9.00000014E-05
   2.64889002E-03   1.74000001E-04
   3.05671990E-03   3.00000014E-04
   2.51560006E-03   4.18999989E-04
   1.40028000E-02   4.37999988E-04
   3.21997004E-03   5.66400005E-04
   4.91247000E-03   5.68900025E-04
   4.24578990E-04   5.16999979E-04
   3.31024989E-04   5.41999994E-04
   3.42095998E-04   5.61999972E-04
   3.00042993E-05   5.74150006E-04
   4.14431008E-04   2.57999985E-04
   3.51910992E-03   3.84000014E-04
   6.64394000E-04   5.02999988E-04
   1.43641001E-02   5.22000017E-04
   4.75144014E-04   6.50400005E-04
   9.41760023E-04   6.52900024E-04
   1.86061996E-04   6.00999978E-04
   9.99801996E-05   6.25999994E-04
   2.46078009E-04   6.45999971E-04
   1.41237997E-05   6.58150006E-04
   1.15863001E-03   5.09999983E-04
   2.64557009E-03   6.29000016E-04
   1.84339993E-02   6.47999987E-04
   9.37792007E-04   7.76399975E-04
   1.21119001E-03   7.78899994E-04
   9.14258999E-05   7.27000006E-04
   1.28159998E-04   7.52000022E-04
   1.96085006E-04   7.71999999E-04
   8.18237004E-06   7.84149976E-04
   1.52111999E-04   7.47999991E-04
   1.90338995E-02   7.67000020E-04
   3.25733010E-04   8.95400008E-04
   1.20229996E-03   8.97900027E-04
   7.33760025E-05   8.45999981E-04
   5.52341990E-05   8.70999997E-04
   2.27830998E-04   8.90999974E-04
   6.67271979E-06   9.03150009E-04
   2.07337998E-02   7.85999990E-04
   1.37235001E-02   9.14399978E-04
   1.61182992E-02   9.16899997E-04
   2.10022996E-03   8.65000009E-04
   1.99157000E-03   8.90000025E-04
   2.25848006E-03   9.10000002E-04
   1.44193007E-04   9.22149979E-04
   5.42246999E-05   1.04280002E-03
   5.19699999E-04   1.04530004E-03
   1.50327003E-04   9.93399997E-04
   6.09003000E-05   1.01839995E-03
   9.21188985E-05   1.03839999E-03
   1.02940003E-05   1.05055002E-03
   1.02024002E-04   1.04779995E-03
   2.33111001E-04   9.95900016E-04
   7.92612991E-05   1.02089997E-03
   1.23952006E-04   1.04090001E-03
   1.62662000E-05   1.05305004E-03
   1.20577997E-05   9.44000029E-04
   1.57338000E-05   9.68999986E-04
   1.05577001E-05   9.88999964E-04
   3.41647001E-06   1.00115000E-03
   4.24974996E-06   9.94000002E-04
   8.64824960E-06   1.01400004E-03
   2.29109992E-06   1.02614996E-03
   8.85111967E-06   1.03399996E-03
   2.45955994E-06   1.04614999E-03
       -1137       -1137
  0.409689993       7.39999996E-06
   2.34833006E-02   9.89999990E-06
   3.29906994E-04   1.51499999E-05
   6.63386006E-03   1.29999999E-05
   2.89597008E-02   1.41400000E-04
   7.37611996E-03   1.43900004E-04
   1.00865995E-03   9.20000020E-05
   1.08878000E-03   1.17000003E-04
   2.17984011E-03   1.36999995E-04
   6.87151987E-05   1.49150001E-04
   3.42739001E-02   7.79999973E-05
   4.93218005E-02   9.69999965E-05
   2.71550994E-02   2.25399999E-04
   6.61455002E-03   2.27900004E-04
   6.34348998E-03   1.76000001E-04
   3.31024011E-03   2.01000003E-04
   5.25979977E-03   2.20999995E-04
   5.25592011E-04   2.33150000E-04
   1.95999001E-03   8.49999997E-05
   2.66369004E-02   2.03999996E-04
   2.21999008E-02   2.22999995E-04
   4.18012999E-02   3.51399998E-04
   2.36513000E-03   3.53899988E-04
   2.23932997E-03   3.02000000E-04
   2.22721999E-03   3.26999987E-04
   1.03729998E-03   3.46999994E-04
   1.57560004E-04   3.59149999E-04
   7.28153018E-03   3.22999986E-04
   1.55752003E-02   3.42000014E-04
   3.59985009E-02   4.70400002E-04
   2.91265990E-03   4.72899992E-04
   8.85884976E-04   4.21000004E-04
   3.58525990E-03   4.45999991E-04
   2.51530996E-03   4.65999998E-04
   6.05640016E-05   4.78150003E-04
   3.29330005E-03   3.61000013E-04
   5.45087010E-02   4.89400001E-04
   1.17015000E-03   4.91900020E-04
   7.25133985E-04   4.40000003E-04
   2.64702993E-03   4.64999990E-04
   1.36013003E-03   4.84999997E-04
   3.24803987E-05   4.97150002E-04
   5.15419990E-02   6.17799989E-04
   8.44042972E-02   6.20300008E-04
   4.21700999E-03   5.68400021E-04
   3.16472002E-03   5.93399978E-04
   5.23765991E-03   6.13400014E-04
   2.07521007E-04   6.25549990E-04
   8.26005009E-04   6.22800027E-04
   8.51820005E-05   5.70899982E-04
   4.35747992E-04   5.95899997E-04
   1.01965001E-04   6.15899975E-04
   2.00377006E-04   5.44000010E-04
   1.76639995E-04   5.63999987E-04
   4.62308017E-05   5.69000025E-04
   9.18478036E-05   5.89000003E-04
   3.79823996E-06   6.08999981E-04
       -1137       -1137
   1.58152003E-02   1.20400000E-04
   7.18045980E-02   1.22900004E-04
   9.59699973E-04   7.10000022E-05
   2.70930002E-03   9.60000034E-05
   2.22602999E-03   1.16000003E-04
   8.95591002E-05   1.28150001E-04
   4.63033980E-03   5.70000011E-05
   1.05170999E-02   7.59999966E-05
   7.22431985E-04   2.04399999E-04
   5.80535010E-02   2.06900004E-04
   2.02129991E-03   1.55000002E-04
   4.71428997E-04   1.80000003E-04
   7.40470015E-04   1.99999995E-04
   1.35673006E-04   2.12150000E-04
   4.87185009E-02   6.39999998E-05
   5.42985983E-02   1.82999996E-04
   8.00020993E-02   2.01999996E-04
   1.48379998E-02   3.30400013E-04
   9.96477976E-02   3.32900003E-04
   5.55127999E-03   2.80999986E-04
   1.88956002E-03   3.06000002E-04
   4.45601996E-03   3.26000008E-04
   4.01221012E-04   3.38150014E-04
   1.65764999E-03   3.02000000E-04
   2.04256009E-02   3.21000000E-04
   1.68049999E-03   4.49399988E-04
   8.84379968E-02   4.51900007E-04
   8.08705983E-04   3.99999990E-04
   7.73089996E-04   4.25000006E-04
   2.64756009E-03   4.45000012E-04
   1.30404997E-05   4.57149989E-04
   1.47201000E-02   3.39999999E-04
   6.95555005E-03   4.68399987E-04
  0.114379004       4.70900006E-04
   1.34035002E-03   4.18999989E-04
   1.43092999E-03   4.44000005E-04
   5.77617995E-03   4.64000012E-04
   5.92266988E-05   4.76149988E-04
   1.13452005E-03   5.96800004E-04
   8.17973986E-02   5.99300023E-04
   1.75452005E-04   5.47399977E-04
   7.73496984E-04   5.92400029E-04
   6.49643019E-02   6.01799984E-04
   9.54698026E-03   5.49899996E-04
   7.24518998E-03   5.74900012E-04
   1.23148998E-02   5.94899990E-04
   5.08853991E-04   6.07050024E-04
   5.20567010E-05   5.23000024E-04
   1.97707996E-04   5.43000002E-04
   1.18298003E-05   5.68000018E-04
   2.21341998E-05   5.87999995E-04
       -1137       -1137
   6.12917989E-02   7.03999976E-05
  0.122207001       7.29000021E-05
   2.15869993E-02   2.09999998E-05
   1.75477006E-02   4.60000010E-05
   2.18199007E-02   6.60000005E-05
   1.61589996E-03   7.81499984E-05
  0.125660002       4.89999984E-05
  0.110411003       6.80000012E-05
  0.153891996       1.96399997E-04
  0.136134997       1.98900001E-04
   1.40923001E-02   1.46999999E-04
   1.44966999E-02   1.72000000E-04
   9.94332973E-03   1.92000007E-04
   1.04958005E-03   2.04149997E-04
   1.27612997E-03   1.67999999E-04
   9.52149034E-02   1.86999998E-04
   4.59598005E-03   3.15399986E-04
   1.91348996E-02   3.17900005E-04
   4.78000008E-03   2.65999988E-04
   9.94513044E-04   2.91000004E-04
   2.49145995E-03   3.11000011E-04
   1.64568002E-04   3.23149987E-04
   2.32600998E-02   2.05999997E-04
   2.33034007E-02   3.34400014E-04
   1.54159004E-02   3.36900004E-04
   6.71266997E-03   2.84999987E-04
   2.87239999E-03   3.10000003E-04
   1.83622004E-03   3.30000010E-04
   3.07589013E-04   3.42149986E-04
   9.02376996E-05   4.62800002E-04
   3.72930989E-03   4.65299992E-04
   3.44071002E-03   4.13400005E-04
   2.63010006E-04   4.38399991E-04
   5.58767992E-04   4.58399998E-04
   1.01024998E-04   4.70550003E-04
   1.55393995E-04   4.67800011E-04
   4.95690992E-03   4.15899995E-04
   7.43684999E-04   4.40900010E-04
   3.61446000E-04   4.60899988E-04
   1.48398001E-04   4.73049993E-04
   3.14481993E-04   3.64000007E-04
   3.71174014E-04   3.88999993E-04
   4.50163992E-04   4.09000000E-04
   6.57692999E-06   4.21150005E-04
   1.17486998E-04   4.33999987E-04
   4.84356997E-06   4.53999994E-04
       -1137       -1137
   4.20913994E-02   1.12399997E-04
   1.91620998E-02   1.14900002E-04
   6.37251977E-03   6.29999995E-05
   1.06570004E-02   8.80000007E-05
   8.84636957E-03   1.08000000E-04
   7.62589974E-04   1.20149998E-04
   5.08228987E-02   8.39999993E-05
  0.192227006       1.02999998E-04
  0.104429998       2.31400001E-04
  0.272875994       2.33900006E-04
   3.02508995E-02   1.82000003E-04
   2.09579002E-02   2.07000005E-04
   2.40323003E-02   2.26999997E-04
   2.38775997E-03   2.39150002E-04
   1.12231998E-02   1.21999998E-04
   5.88284992E-02   2.50399986E-04
   1.31315002E-02   2.52900005E-04
   3.41003994E-03   2.01000003E-04
   1.61144007E-02   2.26000004E-04
   3.02883005E-03   2.46000011E-04
   2.00864000E-04   2.58149987E-04
   4.06927988E-03   3.78800003E-04
   4.44300994E-02   3.81299993E-04
   4.37287986E-03   3.29400005E-04
   9.06618964E-03   3.54399992E-04
   4.01291018E-03   3.74399999E-04
   2.64873001E-04   3.86550004E-04
   6.82544021E-04   3.83800012E-04
   1.68231002E-03   3.31899995E-04
   1.46311997E-02   3.56900011E-04
   1.37537997E-03   3.76899989E-04
   7.13693007E-05   3.89049994E-04
   6.25566026E-05   2.80000007E-04
   1.16395997E-03   3.04999994E-04
   1.64839003E-04   3.25000001E-04
   7.92690029E-04   3.30000010E-04
   1.50766002E-03   3.49999988E-04
   6.49099020E-05   3.62149993E-04
   2.73024998E-05   3.69999994E-04
       -1137       -1137
   2.49873996E-02   1.05400002E-04
   9.47837979E-02   1.07899999E-04
   9.22172982E-03   5.60000008E-05
   6.32619997E-03   8.09999983E-05
   1.63992997E-02   1.00999998E-04
   6.02658023E-04   1.13150003E-04
  0.297223002       1.24400001E-04
  0.235751003       1.26900006E-04
   3.32705006E-02   7.50000036E-05
   3.38811018E-02   9.99999975E-05
   2.74900999E-02   1.19999997E-04
   2.70866998E-03   1.32150002E-04
   8.74457997E-04   2.52800004E-04
   2.26699002E-02   2.55299994E-04
   1.96592999E-03   2.03400006E-04
   4.89060010E-04   2.28399993E-04
   4.01178002E-03   2.48400000E-04
   7.51614012E-03   2.57800013E-04
   3.72554990E-03   2.05899996E-04
   2.25616992E-03   2.30899997E-04
   4.89724008E-03   2.50899990E-04
   1.57550003E-05   2.63049995E-04
   7.36978982E-05   1.53999994E-04
   7.23604026E-05   1.78999995E-04
   2.93299992E-04   1.99000002E-04
   2.20732996E-04   2.24000003E-04
   6.26799010E-05   2.43999995E-04
       -1137       -1137
          -1          -1
