   3.20207002E-03   9.45260003E-02
   6.99803978E-03   9.54210013E-02
   1.52054999E-03  0.102499999    
   1.36090000E-03  0.117246002    
   1.54428999E-03  0.117669001    
   4.04241000E-04  0.119397998    
   3.56587989E-05  0.120071001    
   1.67811995E-05  0.120393001    
   3.80512007E-04  0.123170003    
   4.24847007E-04  0.123372003    
   1.17009004E-04  0.123852998    
   1.20621999E-05  0.124173999    
   5.67997995E-06  0.124257997    
   3.14990984E-08  0.124682002    
   3.14990984E-08  0.124706000    
   1.11038004E-04  0.124871999    
   1.17862000E-04  0.124958999    
   3.31365991E-05  0.125088006    
   3.17113995E-06  0.125217006    
   1.53254996E-06  0.125236005    
   1.43224999E-04   9.63160023E-02
   2.13898998E-03  0.103395000    
   1.34025002E-03  0.118141003    
   5.95236997E-05  0.118564002    
   5.03063027E-04  0.120292999    
   3.78203003E-05  0.120966002    
   6.42011000E-05  0.121288002    
   3.65142012E-04  0.124064997    
   1.74055003E-05  0.124266997    
   1.42064004E-04  0.124747999    
   1.28822003E-05  0.125069007    
   2.20712009E-05  0.125153005    
   3.52307012E-07  0.125577003    
   4.96186999E-07  0.125600994    
   1.04147999E-04  0.125766993    
   4.67701011E-06  0.125854000    
   3.97356998E-05  0.125983000    
   2.96469989E-06  0.126111999    
   5.43364013E-06  0.126130998    
   7.67285004E-04  0.110473998    
   2.55633990E-04  0.125220001    
   3.90928995E-04  0.125643000    
   3.71314003E-04  0.127371997    
   6.28772978E-05  0.128044993    
   4.55424015E-05  0.128367007    
   6.83792023E-05  0.131144002    
   1.05001003E-04  0.131346002    
   1.05788997E-04  0.131826997    
   2.12015002E-05  0.132147998    
   1.55696998E-05  0.132231995    
   5.60727017E-07  0.132655993    
   5.92438028E-07  0.132679999    
   2.02311003E-05  0.132845998    
   3.05178000E-05  0.132933006    
   3.03276993E-05  0.133062005    
   5.77581977E-06  0.133191004    
   4.24167001E-06  0.133210003    
   1.43388999E-04  0.139965996    
   2.96509999E-04  0.140388995    
   6.81868987E-05  0.142118007    
   5.89512001E-06  0.142791003    
   2.70493001E-06  0.143113002    
   8.00876005E-05  0.145889997    
   8.16671018E-05  0.146091998    
   1.98574999E-05  0.146573007    
   2.07145990E-06  0.146893993    
   9.85649990E-07  0.146978006    
   2.33970004E-05  0.147591993    
   2.26930006E-05  0.147679001    
   5.68777023E-06  0.147808000    
   6.03313993E-07  0.147937000    
   2.15485997E-07  0.147955999    
   5.01607019E-06  0.140811995    
   9.53268027E-05  0.142541006    
   6.79819004E-06  0.143214002    
   8.24582003E-06  0.143536001    
   8.05161981E-05  0.146312997    
   2.71228009E-06  0.146514997    
   2.69811007E-05  0.146996006    
   2.19396998E-06  0.147317007    
   2.80036011E-06  0.147401005    
   9.51195034E-08  0.147825003    
   1.42388998E-08  0.147848994    
   2.30023998E-05  0.148015007    
   7.21918013E-07  0.148102000    
   7.58054011E-06  0.148231000    
   5.04863976E-07  0.148359999    
   6.84923975E-07  0.148378998    
   4.51720989E-05  0.144270003    
   1.27330004E-05  0.144942999    
   8.76790000E-06  0.145264998    
   1.81214000E-05  0.148041993    
   2.56625008E-05  0.148243994    
   2.56261992E-05  0.148725003    
   4.25450980E-06  0.149046004    
   2.95804011E-06  0.149130002    
   3.45858986E-08  0.149553999    
   6.28515977E-08  0.149578005    
   5.33987986E-06  0.149744004    
   7.40037012E-06  0.149830997    
   7.29217982E-06  0.149959996    
   1.13786996E-06  0.150088996    
   7.88086993E-07  0.150107995    
   6.96390998E-08  0.145615995    
   1.10592998E-06  0.145937994    
   1.54539998E-06  0.148715004    
   1.83955001E-06  0.148917004    
   3.47807008E-06  0.149397999    
   7.84894993E-08  0.149719000    
   3.78032013E-07  0.149802998    
   2.97217007E-08  0.150251001    
   4.77474998E-07  0.150417000    
   5.66926019E-07  0.150503993    
   1.01744001E-06  0.150633007    
   4.21192006E-08  0.150781006    
   2.68337999E-07  0.146259993    
   6.50445998E-07  0.149037004    
   2.00458999E-06  0.149239004    
   2.33599008E-06  0.149719998    
   3.09358995E-07  0.150040999    
   1.45477003E-07  0.150124997    
   1.55289996E-07  0.150738999    
   5.42750001E-07  0.150826007    
   6.27691975E-07  0.150955006    
   4.21895017E-08  0.151084006    
   7.71153026E-08  0.151103005    
   1.11433001E-05  0.151813999    
   2.21269001E-05  0.152015999    
   5.24731013E-06  0.152496994    
   5.34301989E-07  0.152817994    
   2.46127996E-07  0.152902007    
   6.47987008E-06  0.153515995    
   6.11376981E-06  0.153603002    
   1.48207005E-06  0.153732002    
   1.39392000E-07  0.153861001    
   1.82894002E-08  0.153880000    
   3.13264991E-07  0.152217999    
   7.22444020E-06  0.152698994    
   5.40154986E-07  0.153019994    
   6.56977022E-07  0.153104007    
   1.62045009E-08  0.153528005    
   1.65166991E-08  0.153551996    
   6.33064019E-06  0.153717995    
   2.14497007E-07  0.153805003    
   2.04199000E-06  0.153934002    
   1.57916006E-07  0.154063001    
   1.81429996E-07  0.154082000    
   3.64102993E-06  0.153180003    
   1.16752005E-06  0.153501004    
   8.19012996E-07  0.153585002    
   1.66186993E-08  0.154008999    
   1.66178005E-08  0.154033005    
   1.53050996E-06  0.154199004    
   2.07381004E-06  0.154285997    
   2.05004994E-06  0.154414997    
   3.00164004E-07  0.154543996    
   2.10921996E-07  0.154562995    
   1.19968007E-07  0.153906003    
   1.60696004E-07  0.154520005    
   1.59923005E-07  0.154606998    
   3.28370987E-07  0.154735997    
   7.80910980E-08  0.154883996    
   2.87908009E-08  0.153990000    
   8.13907022E-08  0.154604003    
   1.97757004E-07  0.154690996    
   2.15314003E-07  0.154819995    
   7.69880018E-08  0.154948995    
   1.43156003E-08  0.154967993    
   9.39944016E-07  0.155218005    
   1.72845000E-06  0.155304998    
   4.27157005E-07  0.155433998    
   7.88560968E-08  0.155562997    
   1.58358997E-08  0.155581996    
   1.51416000E-08  0.155392006    
   5.80180995E-07  0.155521005    
   7.97371982E-08  0.155650005    
   3.52222003E-08  0.155669004    
   2.97929006E-07  0.155650005    
   6.18168983E-08  0.155779004    
   9.04380997E-08  0.155798003    
       -1137       -1137
   1.07388003E-02   1.69999999E-04
   1.44089004E-02   1.93999993E-04
   6.00819010E-03   3.60000005E-04
   5.36909001E-03   4.46999999E-04
   3.47952009E-03   5.76000020E-04
   1.02506997E-03   7.05000013E-04
   1.18221994E-03   7.23999983E-04
   2.85544991E-02   1.96500006E-03
  0.174811006       2.63800006E-03
  0.196449995       2.95999995E-03
   1.57078002E-02   5.73700015E-03
   6.12992002E-03   5.93899982E-03
   7.66139990E-03   6.41999999E-03
   3.35307010E-02   6.74099987E-03
   3.67880985E-02   6.82500005E-03
   1.53732998E-02   7.24900002E-03
   1.81642007E-02   7.27300020E-03
   4.28277999E-03   7.43900007E-03
   1.71623996E-03   7.52600003E-03
   2.10823002E-03   7.65499985E-03
   7.45538017E-03   7.78400013E-03
   8.01414996E-03   7.80300004E-03
   6.37969980E-03   1.45589998E-02
   1.38229998E-02   1.49820000E-02
   1.62071995E-02   1.67110004E-02
   1.07391998E-02   1.73840001E-02
   1.17092999E-02   1.77059993E-02
   3.04077007E-03   2.04830002E-02
   3.77839990E-03   2.06850003E-02
   4.51445999E-03   2.11660005E-02
   2.93622003E-03   2.14869995E-02
   3.23743001E-03   2.15709992E-02
   2.81657994E-04   2.19950005E-02
   2.68912001E-04   2.20190007E-02
   8.51267017E-04   2.21849997E-02
   1.03784003E-03   2.22720001E-02
   1.22827000E-03   2.24009994E-02
   7.04724982E-04   2.25300007E-02
   7.70948012E-04   2.25489996E-02
   6.70967984E-06   1.54050002E-02
   2.62084010E-04   1.71339996E-02
   8.92066979E-04   1.78069994E-02
   5.31128980E-03   1.81290004E-02
   2.62970990E-03   2.09059995E-02
   1.16546005E-06   2.11079996E-02
   5.76985003E-05   2.15889998E-02
   1.94823006E-04   2.19100006E-02
   9.61209997E-04   2.19940003E-02
   1.11184003E-04   2.24179998E-02
   3.73121002E-04   2.24420000E-02
   6.83096005E-04   2.26080008E-02
   3.06725013E-07   2.26949994E-02
   1.45384001E-05   2.28240006E-02
   4.37974013E-05   2.29529999E-02
   2.02481999E-04   2.29720008E-02
   1.01083005E-03   1.88630000E-02
   1.36595999E-03   1.95359997E-02
   9.11251002E-04   1.98580008E-02
   2.93130009E-03   2.26349998E-02
   7.54412977E-05   2.28370000E-02
   4.46535007E-04   2.33180001E-02
   2.29835001E-04   2.36389991E-02
   1.15682997E-04   2.37230007E-02
   6.52133022E-05   2.41470002E-02
   6.45594992E-05   2.41710003E-02
   7.58697977E-04   2.43369993E-02
   2.08308993E-05   2.44239997E-02
   1.12446003E-04   2.45530009E-02
   4.83012009E-05   2.46820003E-02
   2.20338006E-05   2.47009993E-02
   5.55336010E-04   2.02089995E-02
   1.38752004E-02   2.05310006E-02
   1.70744001E-03   2.33079996E-02
   2.74588005E-04   2.35099997E-02
   3.52587987E-04   2.39909999E-02
   2.97793013E-04   2.43120007E-02
   2.71514012E-03   2.43960004E-02
   2.40309004E-04   2.48199999E-02
   6.33095973E-04   2.48440001E-02
   4.29968000E-04   2.50100009E-02
   7.82874995E-05   2.50969995E-02
   9.82214988E-05   2.52260007E-02
   7.20309981E-05   2.53550000E-02
   5.92997996E-04   2.53740009E-02
   3.65857012E-03   2.08529998E-02
   1.88661006E-03   2.36300007E-02
   1.26771000E-03   2.38320008E-02
   2.04002004E-04   2.43129991E-02
   2.54848995E-03   2.46339999E-02
   1.50792999E-03   2.47179996E-02
   6.87862979E-04   2.51419991E-02
   4.92434017E-04   2.51659993E-02
   4.81900002E-04   2.53320001E-02
   3.40152998E-04   2.54190005E-02
   5.64082984E-05   2.55479999E-02
   5.58874977E-04   2.56769992E-02
   3.35747987E-04   2.56960001E-02
   3.42095009E-04   2.64069997E-02
   7.18327996E-04   2.66089998E-02
   8.20941990E-04   2.70900000E-02
   4.74075990E-04   2.74110008E-02
   5.24515985E-04   2.74950005E-02
   3.87016989E-05   2.79190000E-02
   3.43708998E-05   2.79430002E-02
   1.87529993E-04   2.81089991E-02
   1.96370995E-04   2.81959996E-02
   2.22838993E-04   2.83250008E-02
   1.13570997E-04   2.84540001E-02
   1.24687998E-04   2.84729991E-02
   5.16358000E-07   2.68110000E-02
   1.76558005E-05   2.72920001E-02
   5.72645004E-05   2.76129991E-02
   2.40109002E-04   2.76970007E-02
   1.77685997E-05   2.81210002E-02
   6.37210032E-05   2.81450003E-02
   1.87067999E-04   2.83109993E-02
   4.25322014E-06   2.85270009E-02
   1.25342003E-05   2.86560003E-02
   5.08966987E-05   2.86749993E-02
   4.75784000E-05   2.77730003E-02
   5.18825982E-05   2.80939993E-02
   2.18745008E-05   2.81780008E-02
   1.99746992E-05   2.86020003E-02
   1.78771006E-05   2.86260005E-02
   2.11770996E-04   2.87919994E-02
   4.72892998E-06   2.88789999E-02
   2.37590993E-05   2.90079992E-02
   1.08586000E-05   2.91370004E-02
   4.22940002E-06   2.91559994E-02
   3.66216991E-05   2.84150001E-02
   5.39386005E-04   2.84989998E-02
   4.50906991E-05   2.89229993E-02
   8.88911018E-05   2.89469995E-02
   1.18550000E-04   2.91130003E-02
   1.57154991E-05   2.92000007E-02
   1.41297996E-05   2.93290000E-02
   1.71338997E-05   2.94579994E-02
   1.18891003E-04   2.94770002E-02
   1.64775993E-04   2.85829995E-02
   1.05984996E-04   2.90070008E-02
   8.30264980E-05   2.90309992E-02
   1.32728994E-04   2.91970000E-02
   6.43399981E-05   2.92840004E-02
   6.11992982E-06   2.94129997E-02
   1.19151002E-04   2.95419991E-02
   7.34577989E-05   2.95609999E-02
   1.61576997E-06   2.94310004E-02
   2.38527009E-05   2.94550005E-02
   9.33829961E-06   2.96209995E-02
   4.12219015E-06   2.97079999E-02
   5.69071017E-06   2.98369993E-02
   1.00913003E-05   2.99660005E-02
   2.17404995E-05   2.99849994E-02
   4.93102016E-06   2.94790007E-02
   7.99014015E-06   2.96449997E-02
   1.51501999E-05   2.97320001E-02
   4.89025979E-06   2.98609994E-02
   1.78270002E-05   2.99900007E-02
   1.71997999E-05   3.00089996E-02
   2.40295994E-05   2.98110005E-02
   4.78321999E-05   2.98980009E-02
   5.36953012E-05   3.00270002E-02
   2.65456001E-05   3.01559996E-02
   2.91315991E-05   3.01750004E-02
   1.36685003E-06   3.01140007E-02
   3.44697992E-06   3.02430000E-02
   1.28268002E-05   3.02620009E-02
   3.04620994E-06   3.02430000E-02
   2.72687998E-06   3.03719994E-02
   1.06967002E-06   3.03910002E-02
   2.15573004E-06   3.05010006E-02
   2.59803001E-05   3.05199996E-02
   8.30307999E-06   3.05390004E-02
       -1137       -1137
   1.58105008E-02   1.07000000E-03
   6.29896000E-02   1.74300000E-03
   1.89647991E-02   2.06499989E-03
   1.94669003E-03   4.84200008E-03
   2.01024003E-02   5.04400022E-03
   3.31664993E-03   5.52499993E-03
   1.32248001E-02   5.84599981E-03
   4.41545015E-03   5.92999998E-03
   8.16393003E-04   6.35399995E-03
   1.07859005E-03   6.37800014E-03
   5.45124989E-04   6.54400000E-03
   5.08214021E-03   6.63099997E-03
   9.22466977E-04   6.75999979E-03
   3.19771003E-03   6.88900007E-03
   1.07580004E-03   6.90799998E-03
   2.53942999E-04   1.36639997E-02
   1.34148998E-02   1.40869999E-02
   1.04392995E-03   1.58159994E-02
   3.01713008E-03   1.64889991E-02
   5.43912000E-04   1.68110002E-02
   1.16094001E-04   1.95879992E-02
   2.46829004E-03   1.97899994E-02
   2.77009996E-04   2.02709995E-02
   6.08458009E-04   2.05920003E-02
   1.07173997E-04   2.06760000E-02
   5.30190991E-05   2.10999995E-02
   4.63637989E-05   2.11239997E-02
   4.29218017E-05   2.12900005E-02
   6.32163021E-04   2.13769991E-02
   8.54000973E-05   2.15060003E-02
   1.45462996E-04   2.16349997E-02
   2.39855999E-05   2.16540005E-02
   1.48804998E-02   1.45100001E-02
   2.70195995E-02   1.62390005E-02
   1.31481001E-02   1.69120003E-02
   1.32713998E-02   1.72339994E-02
   3.84461996E-03   2.00110003E-02
   6.88196020E-03   2.02130005E-02
   7.44091021E-03   2.06940006E-02
   3.60963005E-03   2.10149996E-02
   3.77901993E-03   2.10989993E-02
   2.76484003E-04   2.15230007E-02
   1.95059998E-04   2.15470009E-02
   1.12724002E-03   2.17129998E-02
   1.84709998E-03   2.18000002E-02
   2.04545003E-03   2.19289996E-02
   8.83886009E-04   2.20580008E-02
   9.32364026E-04   2.20769998E-02
   4.26691986E-04   1.79680008E-02
   7.07839010E-03   1.86410006E-02
   1.25453004E-03   1.89629998E-02
   2.53275008E-04   2.17400007E-02
   4.88772010E-03   2.19420008E-02
   2.14771993E-04   2.24229991E-02
   1.77203002E-03   2.27440000E-02
   3.12452001E-04   2.28279997E-02
   6.32056981E-05   2.32519992E-02
   3.30621988E-05   2.32759994E-02
   7.85416996E-05   2.34420002E-02
   1.24666002E-03   2.35290006E-02
   6.55522017E-05   2.36579999E-02
   4.38357994E-04   2.37869993E-02
   8.14688974E-05   2.38060001E-02
   6.64635003E-03   1.93140004E-02
   2.37524007E-02   1.96359996E-02
   8.86587019E-04   2.24130005E-02
   2.30017002E-03   2.26150006E-02
   1.81531999E-03   2.30960008E-02
   3.14884004E-03   2.34169997E-02
   6.11210987E-03   2.35009994E-02
   7.21778022E-04   2.39250008E-02
   1.35989999E-03   2.39489991E-02
   2.79300002E-04   2.41149999E-02
   6.06951013E-04   2.42020003E-02
   5.21418988E-04   2.43309997E-02
   7.85865996E-04   2.44600009E-02
   1.51063001E-03   2.44789999E-02
   1.19652995E-03   1.99580006E-02
   1.52769993E-04   2.27349997E-02
   1.98894995E-03   2.29369998E-02
   3.19159008E-04   2.34180000E-02
   4.67177015E-03   2.37390008E-02
   5.79577987E-04   2.38230005E-02
   3.04985006E-04   2.42470000E-02
   1.31709006E-04   2.42710002E-02
   4.42991004E-05   2.44369991E-02
   4.90795006E-04   2.45239995E-02
   8.66678020E-05   2.46530008E-02
   1.08615996E-03   2.47820001E-02
   1.40641001E-04   2.48009991E-02
   1.27424000E-05   2.55120005E-02
   7.06450024E-04   2.57140007E-02
   6.44223983E-05   2.61950009E-02
   1.69086998E-04   2.65159998E-02
   2.37675995E-05   2.65999995E-02
   1.17224999E-05   2.70240009E-02
   8.91807031E-06   2.70479992E-02
   8.17127966E-06   2.72140000E-02
   1.79164999E-04   2.73010004E-02
   1.93139003E-05   2.74299998E-02
   3.89244015E-05   2.75589991E-02
   7.18204001E-06   2.75780000E-02
   7.57439004E-04   2.59160008E-02
   1.34824996E-03   2.63969991E-02
   6.14834018E-04   2.67180000E-02
   5.66544011E-04   2.68019997E-02
   4.10024986E-05   2.72259992E-02
   2.15227992E-05   2.72499993E-02
   2.07391000E-04   2.74160001E-02
   4.00140008E-04   2.75030006E-02
   3.70416994E-04   2.76319999E-02
   1.50446998E-04   2.77609993E-02
   1.40788005E-04   2.77800001E-02
   2.75350994E-05   2.68779993E-02
   4.47494007E-04   2.71990001E-02
   7.28930972E-05   2.72829998E-02
   1.64456997E-05   2.77069993E-02
   7.99762984E-06   2.77309995E-02
   2.00614995E-05   2.78970003E-02
   3.42182000E-04   2.79840007E-02
   1.60501004E-05   2.81130001E-02
   1.09742003E-04   2.82419994E-02
   1.92560001E-05   2.82610003E-02
   3.66794004E-04   2.75199991E-02
   1.22638000E-03   2.76040006E-02
   1.16390998E-04   2.80280001E-02
   2.19630994E-04   2.80520003E-02
   5.08722987E-05   2.82179993E-02
   1.56551003E-04   2.83049997E-02
   1.23930004E-04   2.84340009E-02
   1.76720001E-04   2.85630003E-02
   2.98066996E-04   2.85819992E-02
   6.80291996E-05   2.76880004E-02
   5.21354996E-05   2.81119999E-02
   2.19493995E-05   2.81360000E-02
   9.03123964E-06   2.83020008E-02
   1.40520002E-04   2.83889994E-02
   2.16395001E-05   2.85180006E-02
   2.84375012E-04   2.86470000E-02
   3.35340992E-05   2.86660008E-02
   3.37948995E-06   2.85359994E-02
   2.00980994E-05   2.85599995E-02
   2.84423004E-06   2.87260003E-02
   9.73438000E-06   2.88130008E-02
   4.10785015E-06   2.89420001E-02
   2.48775996E-05   2.90709995E-02
   1.10478004E-05   2.90900003E-02
   1.40461998E-06   2.85839997E-02
   2.02525007E-06   2.87500005E-02
   4.46936019E-06   2.88369991E-02
   1.77336995E-06   2.89660003E-02
   4.73649015E-05   2.90949997E-02
   4.45538990E-06   2.91140005E-02
   8.52497976E-07   2.89159995E-02
   5.11949002E-05   2.90029999E-02
   4.82756013E-06   2.91319992E-02
   1.04968003E-05   2.92610005E-02
   1.63279003E-06   2.92799994E-02
   5.18380984E-05   2.90900003E-02
   9.21797982E-05   2.92189997E-02
   3.67454013E-05   2.93480009E-02
   3.35744007E-05   2.93669999E-02
   2.14174997E-06   2.93480009E-02
   2.88884003E-05   2.94770002E-02
   4.62532989E-06   2.94959992E-02
   2.03992004E-05   2.96059996E-02
   6.60963997E-05   2.96250004E-02
   3.79661992E-06   2.96439994E-02
       -1137       -1137
   1.01594000E-04   6.58500008E-03
   4.25815015E-05   7.00799981E-03
   1.56695992E-02   8.73699971E-03
   3.43046011E-03   9.41000041E-03
   8.01158044E-03   9.73199960E-03
   5.48870994E-05   1.25089996E-02
   3.21877997E-06   1.27109997E-02
   2.78595998E-03   1.31919999E-02
   4.80519986E-04   1.35129998E-02
   1.07798004E-03   1.35970004E-02
   4.93169995E-04   1.40209999E-02
   7.90374994E-04   1.40450001E-02
   1.85276003E-05   1.42109999E-02
   2.82261999E-06   1.42980004E-02
   6.84916973E-04   1.44269997E-02
   9.88770989E-05   1.45560000E-02
   2.09210004E-04   1.45749999E-02
   5.70154007E-05   7.43100001E-03
   2.62148008E-02   9.15999990E-03
   1.17081997E-03   9.83299967E-03
   5.77314012E-03   1.01549998E-02
   1.84949004E-05   1.29319998E-02
   2.86646991E-05   1.31339999E-02
   4.83431015E-03   1.36150001E-02
   2.23694005E-04   1.39359999E-02
   9.28389025E-04   1.40199997E-02
   3.56106990E-04   1.44440001E-02
   7.79317983E-04   1.44680003E-02
   5.08220000E-06   1.46340001E-02
   7.78629965E-06   1.47209996E-02
   1.19439000E-03   1.48499999E-02
   5.28216988E-05   1.49790002E-02
   2.08450001E-04   1.49980001E-02
   2.82464009E-02   1.08890003E-02
   2.96232998E-02   1.15620000E-02
   3.37485000E-02   1.18840002E-02
   4.40063979E-03   1.46610001E-02
   6.57066004E-03   1.48630003E-02
   1.27402004E-02   1.53440004E-02
   7.50820013E-03   1.56650003E-02
   8.67446978E-03   1.57490000E-02
   8.99392006E-04   1.61729995E-02
   1.02202001E-03   1.61969997E-02
   1.28383003E-03   1.63630005E-02
   1.80637999E-03   1.64500009E-02
   3.35402996E-03   1.65790003E-02
   1.79300003E-03   1.67079996E-02
   2.05357000E-03   1.67270005E-02
   3.52588994E-03   1.22349998E-02
   6.50376976E-02   1.25569999E-02
   8.15183972E-04   1.53339999E-02
   3.63994011E-04   1.55360000E-02
   4.87831002E-03   1.60169993E-02
   1.48755999E-03   1.63380001E-02
   1.14936996E-02   1.64219998E-02
   4.80084011E-04   1.68459993E-02
   1.51515997E-03   1.68699995E-02
   2.43907998E-04   1.70360003E-02
   1.16595998E-04   1.71230007E-02
   1.19420001E-03   1.72520000E-02
   3.60915001E-04   1.73809994E-02
   2.51734001E-03   1.74000002E-02
   4.24202010E-02   1.28790000E-02
   1.93854002E-03   1.56560000E-02
   1.33799994E-03   1.58580001E-02
   6.13122014E-03   1.63390003E-02
   1.36406999E-02   1.66599993E-02
   1.72777008E-02   1.67440008E-02
   4.75018006E-03   1.71680003E-02
   4.20344016E-03   1.71920005E-02
   5.71002020E-04   1.73579995E-02
   3.95503012E-04   1.74449999E-02
   1.57148996E-03   1.75739992E-02
   3.18442006E-03   1.77030005E-02
   3.93533986E-03   1.77219994E-02
   8.30822955E-06   1.84330009E-02
   1.94934000E-06   1.86349992E-02
   7.76755973E-04   1.91159993E-02
   1.18805001E-04   1.94370002E-02
   2.67666008E-04   1.95209999E-02
   5.53848986E-05   1.99449994E-02
   9.78887983E-05   1.99689995E-02
   5.33801995E-06   2.01350003E-02
   2.25272004E-07   2.02220008E-02
   1.88841994E-04   2.03510001E-02
   2.37298009E-05   2.04799995E-02
   5.13455998E-05   2.04990003E-02
   1.52095004E-06   1.88369993E-02
   1.19284994E-03   1.93179995E-02
   5.83184992E-05   1.96390003E-02
   2.45620991E-04   1.97230000E-02
   5.14548992E-05   2.01469995E-02
   1.05945001E-04   2.01709997E-02
   3.46772993E-07   2.03370005E-02
   4.87105012E-07   2.04240009E-02
   2.93196994E-04   2.05530003E-02
   1.28757001E-05   2.06819996E-02
   5.55055994E-05   2.07010005E-02
   1.36172003E-03   1.97989997E-02
   1.23374001E-03   2.01200005E-02
   1.54870003E-03   2.02040002E-02
   1.20165998E-04   2.06279997E-02
   1.43768004E-04   2.06519999E-02
   2.24542004E-04   2.08180007E-02
   3.24933993E-04   2.09049992E-02
   7.03802973E-04   2.10340004E-02
   2.92718003E-04   2.11629998E-02
   3.63458006E-04   2.11820006E-02
   1.45648999E-04   2.04409994E-02
   2.53054989E-03   2.05249991E-02
   6.16250982E-05   2.09490005E-02
   1.84064003E-04   2.09730007E-02
   3.32872005E-05   2.11389996E-02
   1.63269997E-05   2.12260000E-02
   2.96560989E-04   2.13549994E-02
   6.63786996E-05   2.14840006E-02
   5.51565026E-04   2.15029996E-02
   1.76040002E-03   2.06090007E-02
   6.32465002E-04   2.10330002E-02
   5.46375988E-04   2.10570004E-02
   7.49239989E-05   2.12229993E-02
   6.93616021E-05   2.13099997E-02
   3.85857013E-04   2.14389991E-02
   5.85787988E-04   2.15680003E-02
   7.88893027E-04   2.15869993E-02
   3.62728997E-06   2.14569997E-02
   1.02418999E-04   2.14809999E-02
   1.29747004E-05   2.16470007E-02
   1.27457997E-05   2.17339993E-02
   2.77588006E-05   2.18630005E-02
   1.27310004E-05   2.19919998E-02
   1.26510000E-04   2.20110007E-02
   3.62530009E-05   2.15050001E-02
   2.36003998E-05   2.16710009E-02
   2.56181993E-05   2.17579994E-02
   3.38421996E-05   2.18870007E-02
   3.68254987E-05   2.20160000E-02
   1.09061999E-04   2.20350008E-02
   8.16344993E-07   2.18369998E-02
   3.82705991E-07   2.19240002E-02
   5.35420004E-05   2.20529996E-02
   6.62776984E-06   2.21820008E-02
   1.44334999E-05   2.22009998E-02
   7.75860026E-05   2.21400000E-02
   3.62717992E-06   2.22689994E-02
   1.51034001E-05   2.22880002E-02
   8.95655976E-05   2.22689994E-02
   6.93600014E-05   2.23980006E-02
   8.91036980E-05   2.24169996E-02
   7.57526004E-06   2.25269999E-02
   1.25740000E-04   2.25460008E-02
   8.67807030E-05   2.25649998E-02
       -1137       -1137
   1.81965008E-02  -2.49999994E-05
   1.87608991E-02   1.03999999E-04
   1.16557004E-02   2.32999999E-04
   1.42053002E-02   2.51999998E-04
   2.01081997E-03   3.96999996E-04
   2.48788996E-03   4.00199991E-04
   3.06062005E-03   3.41000006E-04
   2.76060007E-03   3.68000008E-04
   2.24024989E-03   3.90000001E-04
   1.79220995E-04   4.17150004E-04
   4.42244001E-02   1.17000003E-04
   1.81818008E-02   5.98000013E-04
   5.30205993E-03   9.19000013E-04
   2.38540992E-02   1.00299995E-03
  0.187463000       1.42700004E-03
  0.218115002       1.45099999E-03
   1.03663001E-02   1.61699997E-03
   1.13573996E-02   1.70400005E-03
   5.30921994E-03   1.83299999E-03
   1.78252999E-03   1.96200004E-03
   5.99800982E-03   1.98099995E-03
   1.90971997E-02   2.12599989E-03
   2.15856005E-02   2.12919991E-03
   1.99856004E-03   2.06999993E-03
   1.79013005E-03   2.09699990E-03
   6.38029014E-04   2.11900007E-03
   1.35392998E-04   2.14614999E-03
   2.58652996E-02   5.87999995E-04
   5.13391988E-03   7.90000020E-04
   1.26288999E-02   1.27100002E-03
   8.06101039E-03   1.59200002E-03
   8.64982978E-03   1.67599996E-03
   9.75648966E-03   2.09999993E-03
   9.84705985E-03   2.12400011E-03
   4.52246005E-03   2.28999997E-03
   1.16898003E-03   2.37699994E-03
   2.47261999E-03   2.50599999E-03
   1.60512002E-03   2.63500004E-03
   1.89486996E-03   2.65399995E-03
   1.09055999E-03   2.79899989E-03
   9.61624028E-04   2.80219992E-03
   8.19501001E-04   2.74299993E-03
   2.18886998E-04   2.76999990E-03
   3.41643987E-04   2.79200007E-03
   6.16378966E-05   2.81914999E-03
   3.39808986E-02   9.10000002E-04
   7.51641986E-04   1.11199997E-03
   1.29985996E-02   1.59300002E-03
   1.02962004E-02   1.91400002E-03
   1.31929005E-02   1.99800008E-03
   1.26997000E-02   2.42200005E-03
   1.74979996E-02   2.44600000E-03
   5.78540005E-03   2.61200010E-03
   2.96070008E-04   2.69900006E-03
   2.48604990E-03   2.82800011E-03
   2.29548989E-03   2.95699993E-03
   2.76263990E-03   2.97600008E-03
   1.21974002E-03   3.12100002E-03
   1.73283997E-03   3.12420004E-03
   1.01127999E-03   3.06500006E-03
   4.92680010E-05   3.09200003E-03
   2.91703007E-04   3.11399996E-03
   5.58735010E-05   3.14115011E-03
   2.23840005E-03   3.68699990E-03
   4.06514993E-03   3.88900004E-03
   5.75553020E-03   4.37000021E-03
   7.22349016E-03   4.69100010E-03
   9.73657984E-03   4.77499980E-03
   5.46057010E-03   5.19899977E-03
   6.59058988E-03   5.22299996E-03
   1.03764003E-03   5.38899982E-03
   1.12381997E-03   5.47599979E-03
   1.56583998E-03   5.60500007E-03
   1.67337002E-03   5.73399989E-03
   2.22732010E-03   5.75299980E-03
   7.52047985E-04   5.89800021E-03
   8.80690000E-04   5.90120023E-03
   1.99739996E-04   5.84199978E-03
   1.84069999E-04   5.86900022E-03
   2.00171999E-04   5.89099992E-03
   1.62682009E-05   5.91814984E-03
   1.34272006E-04   4.09100018E-03
   5.28812001E-04   4.57199989E-03
   2.28277000E-04   4.89299977E-03
   6.84831975E-05   4.97699995E-03
   2.06368004E-05   5.40099991E-03
   6.34516997E-04   5.42500010E-03
   6.93560985E-04   5.59099996E-03
   5.40590991E-05   5.67799993E-03
   9.61211990E-05   5.80700021E-03
   4.81261995E-05   5.93600003E-03
   2.63551992E-05   5.95499994E-03
   2.38563007E-06   6.09999988E-03
   4.61249983E-05   6.10319991E-03
   1.19801000E-04   6.04399992E-03
   8.06340995E-06   6.07099989E-03
   1.14758004E-05   6.09300006E-03
   7.60786997E-06   6.12014998E-03
   3.08484014E-04   5.05300006E-03
   8.61770008E-04   5.37399994E-03
   1.77134003E-03   5.45800012E-03
   1.49278005E-03   5.88200008E-03
   1.87230005E-03   5.90599980E-03
   9.83195961E-04   6.07200013E-03
   1.27223000E-04   6.15900010E-03
   1.50356005E-04   6.28799992E-03
   1.83589000E-04   6.41700020E-03
   3.76190001E-04   6.43600011E-03
   2.12170999E-04   6.58100005E-03
   2.37550004E-04   6.58420008E-03
   2.16697998E-04   6.52500009E-03
   2.21824994E-05   6.55200006E-03
   1.98917005E-05   6.57400023E-03
   1.17178997E-05   6.60115015E-03
   1.15502000E-04   5.69499983E-03
   1.37096999E-04   5.77900000E-03
   4.65449004E-04   6.20299997E-03
   2.15064990E-03   6.22700015E-03
   1.19131000E-03   6.39300002E-03
   3.88826011E-05   6.47999998E-03
   1.71879001E-04   6.60899980E-03
   4.32136003E-05   6.73800008E-03
   3.07320006E-05   6.75700000E-03
   5.81925997E-05   6.90199994E-03
   2.24864998E-04   6.90519996E-03
   2.06290002E-04   6.84599997E-03
   5.87689010E-06   6.87299995E-03
   2.11010993E-05   6.89500012E-03
   1.19937004E-05   6.92215003E-03
   2.11256003E-04   5.86300017E-03
   1.73239002E-03   6.28700014E-03
   1.30717002E-03   6.31099986E-03
   1.58991001E-03   6.47700019E-03
   1.31607003E-05   6.56400016E-03
   3.41912004E-04   6.69299997E-03
   2.38895009E-05   6.82199979E-03
   8.01155984E-05   6.84100017E-03
   1.90778999E-04   6.98600011E-03
   1.43590005E-04   6.98920013E-03
   2.71991012E-04   6.93000015E-03
   2.86164004E-06   6.95700012E-03
   4.16268012E-05   6.97899982E-03
   1.59600004E-05   7.00615020E-03
   6.16638979E-04   6.71100011E-03
   4.05318011E-03   6.73499983E-03
   8.10955011E-04   6.90100016E-03
   7.77903006E-06   6.98800012E-03
   2.04205004E-04   7.11699994E-03
   9.42625993E-05   7.24600023E-03
   4.35630005E-04   7.26500014E-03
   1.52862005E-04   7.41000008E-03
   3.97394993E-04   7.41320010E-03
   1.37433002E-04   7.35400012E-03
   1.55011003E-06   7.38100009E-03
   2.36160995E-05   7.40299979E-03
   7.83534961E-06   7.43015017E-03
   1.37429999E-03   6.75900001E-03
   9.76026990E-04   6.92499988E-03
   1.44342004E-04   7.01199984E-03
   2.70321005E-04   7.14100013E-03
   5.13573003E-04   7.26999994E-03
   2.91687989E-04   7.28899986E-03
   4.04808001E-04   7.43399980E-03
   3.00766987E-04   7.43719982E-03
   1.64098004E-04   7.37799983E-03
   2.30617006E-05   7.40499981E-03
   3.16043988E-05   7.42699997E-03
   9.72364978E-06   7.45414989E-03
   1.09123997E-04   7.09100021E-03
   1.92113002E-04   7.17800017E-03
   2.65504990E-04   7.30699999E-03
   2.76390987E-04   7.43599981E-03
   3.64848995E-04   7.45500019E-03
   1.07715001E-04   7.60000013E-03
   1.25635997E-04   7.60320015E-03
   4.10938992E-05   7.54400017E-03
   3.17213016E-05   7.57100014E-03
   3.44032014E-05   7.59299984E-03
   3.29064005E-06   7.62015022E-03
   5.47600985E-06   7.26500014E-03
   2.20394995E-05   7.39399996E-03
   7.86195960E-06   7.52299977E-03
   5.49870992E-06   7.54200015E-03
   9.77289005E-07   7.68700009E-03
   1.14914001E-05   7.69020012E-03
   3.43602987E-05   7.63100013E-03
   1.59778995E-06   7.65800010E-03
   2.68679992E-06   7.67999981E-03
   2.18488003E-06   7.70715019E-03
   1.69636005E-05   7.52299977E-03
   3.60384001E-05   7.65200006E-03
   7.26012004E-05   7.67099997E-03
   2.90788994E-05   7.81599991E-03
   3.31910996E-05   7.81919993E-03
   5.29448989E-05   7.75999995E-03
   3.58516991E-06   7.78699992E-03
   4.26002998E-06   7.80900009E-03
   3.03377010E-06   7.83615001E-03
   3.54545000E-06   7.78099988E-03
   5.04411992E-06   7.79999979E-03
   1.03091998E-05   7.94500019E-03
   4.87975012E-05   7.94820022E-03
   4.77817994E-05   7.88899977E-03
   1.37267000E-06   7.91599974E-03
   4.80560993E-06   7.93800037E-03
   3.21555990E-06   7.96515029E-03
   7.48508000E-06   7.81899970E-03
   4.33788009E-05   7.96400011E-03
   2.90503995E-05   7.96720013E-03
   6.27686968E-05   7.90799968E-03
   7.52172980E-07   7.93499965E-03
   8.89736020E-06   7.95700029E-03
   3.83830002E-06   7.98415020E-03
   5.33963021E-06   8.10899958E-03
   4.31168010E-05   8.11219960E-03
   2.06563000E-05   8.05300009E-03
   3.21387006E-06   8.10199976E-03
   1.34869003E-06   8.12914968E-03
   6.93171978E-06   8.11539963E-03
   2.16969001E-05   8.05620011E-03
   2.53827011E-06   8.08320008E-03
   4.10722987E-06   8.10519978E-03
   1.50617996E-06   8.13234970E-03
   3.87616001E-06   7.99699966E-03
   5.68934001E-06   8.02399963E-03
   6.22534981E-06   8.04600026E-03
   3.26075991E-07   8.07315018E-03
   1.93267994E-07   8.05099960E-03
   4.72711008E-07   8.07300024E-03
   4.25317012E-07   8.10015015E-03
   3.69515988E-07   8.09499994E-03
   4.76057011E-07   8.12214985E-03
       -1137       -1137
   1.03455996E-02   1.74999994E-04
   1.62633993E-02   4.95999993E-04
   2.38600001E-02   5.79999993E-04
   2.81227995E-02   1.00399996E-03
   2.06732992E-02   1.02800003E-03
   3.16698989E-03   1.19400001E-03
   5.30801993E-03   1.28099998E-03
   1.20603002E-03   1.41000003E-03
   2.75680004E-03   1.53899996E-03
   4.15155990E-03   1.55799999E-03
   3.00186989E-03   1.70300005E-03
   2.31230003E-03   1.70619995E-03
   5.72960998E-04   1.64699997E-03
   7.45206024E-04   1.67400006E-03
   1.33267007E-04   1.69599999E-03
   2.65823001E-05   1.72315002E-03
   4.95239012E-02   1.65000005E-04
   5.31361997E-02   3.67000001E-04
   2.10855007E-02   8.47999996E-04
   1.65640004E-02   1.16900005E-03
   3.61520983E-02   1.25299999E-03
  0.157848999       1.67699996E-03
  0.251583010       1.70100003E-03
   1.36789996E-02   1.86700001E-03
   1.17378999E-02   1.95399998E-03
   5.71769988E-03   2.08300003E-03
   4.09069005E-03   2.21200008E-03
   8.01440980E-03   2.23099999E-03
   1.50787001E-02   2.37599993E-03
   2.40525007E-02   2.37919996E-03
   2.64372001E-03   2.31999997E-03
   1.81805005E-03   2.34699994E-03
   6.93814014E-04   2.36900011E-03
   1.78453003E-04   2.39615003E-03
   7.12815998E-03   4.87000012E-04
   6.03343993E-02   6.89000008E-04
   4.26018983E-03   1.16999994E-03
   3.81015008E-03   1.49099994E-03
   3.05164000E-03   1.57500000E-03
   1.06953001E-02   1.99900009E-03
   5.66738984E-03   2.02300004E-03
   1.34717999E-03   2.18899990E-03
   9.87409987E-03   2.27600010E-03
   9.42628016E-04   2.40499992E-03
   3.77986988E-04   2.53399997E-03
   6.30315975E-04   2.55300011E-03
   1.31127995E-03   2.69800005E-03
   6.08768023E-04   2.70120008E-03
   2.60483008E-04   2.64200009E-03
   1.42433995E-03   2.66900007E-03
   1.36301998E-04   2.69100000E-03
   1.69899995E-05   2.71814992E-03
   1.68320999E-04   3.26399994E-03
   3.13613005E-03   3.46600008E-03
   2.68742995E-04   3.94700002E-03
   2.00758994E-04   4.26799990E-03
   3.16466001E-04   4.35200008E-03
   8.13477964E-05   4.77600005E-03
   2.04020005E-04   4.80000023E-03
   8.09847988E-05   4.96600010E-03
   5.64693997E-04   5.05300006E-03
   7.80639966E-05   5.18199988E-03
   3.25623005E-05   5.31100016E-03
   7.50093022E-05   5.33000007E-03
   8.00859016E-06   5.47500001E-03
   2.25617005E-05   5.47820004E-03
   1.58718001E-06   5.41900005E-03
   6.35714969E-05   5.44600002E-03
   7.41610984E-06   5.46800019E-03
   5.26442022E-07   5.49515011E-03
   2.53568008E-03   3.66799999E-03
   5.82649978E-03   4.14900016E-03
   6.05317997E-03   4.47000004E-03
   8.96272995E-03   4.55400022E-03
   3.82505008E-03   4.97800019E-03
   5.68559999E-03   5.00199990E-03
   9.76357027E-04   5.16799977E-03
   1.24630996E-03   5.25500020E-03
   1.74423005E-03   5.38400002E-03
   1.63955998E-03   5.51299984E-03
   2.35708989E-03   5.53200021E-03
   6.92382979E-04   5.67700015E-03
   1.20924995E-03   5.68020018E-03
   1.42844001E-04   5.62100019E-03
   1.40724005E-04   5.64800017E-03
   1.40591001E-04   5.66999987E-03
   1.15609000E-05   5.69714978E-03
   1.10442001E-04   4.62999986E-03
   1.99097005E-04   4.95100021E-03
   2.42105001E-04   5.03499992E-03
   2.02491996E-03   5.45899989E-03
   6.06044021E-04   5.48300007E-03
   6.02535983E-05   5.64899994E-03
   1.07244996E-03   5.73599990E-03
   6.16949983E-05   5.86500019E-03
   5.00347996E-05   5.99400001E-03
   6.86993008E-05   6.01299992E-03
   3.09196999E-04   6.15799986E-03
   9.05031993E-05   6.16119988E-03
   8.05364016E-06   6.10199990E-03
   1.41871002E-04   6.12899987E-03
   4.02554997E-06   6.15100004E-03
   3.98320992E-07   6.17814995E-03
   2.93760007E-04   5.27200010E-03
   3.29027011E-04   5.35599981E-03
   2.49028992E-04   5.77999977E-03
   1.16718998E-04   5.80399996E-03
   5.82405009E-05   5.96999982E-03
   1.06146000E-03   6.05699979E-03
   6.61251979E-05   6.18600007E-03
   1.21434998E-04   6.31499989E-03
   8.15320964E-05   6.33399980E-03
   2.06227996E-05   6.47900021E-03
   2.09596001E-05   6.48220023E-03
   8.03815965E-06   6.42299978E-03
   1.38382995E-04   6.45000022E-03
   3.32288005E-06   6.47199992E-03
   3.34015994E-07   6.49914984E-03
   8.48635973E-05   5.43999998E-03
   2.59221997E-05   5.86399995E-03
   5.19806017E-05   5.88800013E-03
   7.44327990E-05   6.05400000E-03
   1.58307003E-03   6.14099996E-03
   5.52948004E-05   6.26999978E-03
   4.57390015E-05   6.39900006E-03
   3.98744014E-05   6.41799998E-03
   5.81498989E-06   6.56299992E-03
   7.74936962E-06   6.56619994E-03
   5.73483021E-06   6.50699995E-03
   2.01882998E-04   6.53399993E-03
   5.12076986E-06   6.55600009E-03
   3.99964989E-07   6.58315001E-03
   9.54934978E-04   6.28799992E-03
   6.02015015E-03   6.31200010E-03
   1.18363996E-05   6.47799997E-03
   6.08620991E-04   6.56499993E-03
   5.78918029E-04   6.69400021E-03
   4.93014013E-05   6.82300003E-03
   5.32449012E-05   6.84199994E-03
   2.71717989E-04   6.98699988E-03
   1.12877996E-03   6.99019991E-03
   1.62104004E-06   6.93099992E-03
   7.95508022E-05   6.95799990E-03
   5.65332994E-05   6.98000006E-03
   3.06733011E-04   6.33599982E-03
   5.06083015E-05   6.50200015E-03
   8.70013027E-04   6.58900011E-03
   1.47081999E-04   6.71799993E-03
   2.96631006E-05   6.84700022E-03
   1.79074996E-05   6.86600013E-03
   8.22466973E-04   7.01100007E-03
   8.36640975E-05   7.01420009E-03
   6.61939021E-06   6.95500011E-03
   1.07950997E-04   6.98200008E-03
   1.19021997E-05   7.00399978E-03
   4.68152990E-07   7.03115016E-03
   8.94617006E-06   6.66800002E-03
   1.72518005E-04   6.75499998E-03
   1.43814004E-05   6.88399980E-03
   5.04888021E-06   7.01300008E-03
   1.38907999E-05   7.03199999E-03
   1.23319001E-06   7.17699993E-03
   4.98296004E-06   7.18019996E-03
   2.99897010E-07   7.12099997E-03
   2.09264999E-05   7.14799995E-03
   6.70488987E-07   7.17000011E-03
   1.37247000E-04   6.84199994E-03
   3.13032011E-04   6.97100023E-03
   2.79447995E-04   7.10000005E-03
   4.06009000E-04   7.11899996E-03
   1.03420003E-04   7.26399990E-03
   1.71231994E-04   7.26719992E-03
   2.34278996E-05   7.20799994E-03
   3.07084993E-05   7.23499991E-03
   2.50874000E-05   7.25700008E-03
   1.61127002E-06   7.28414999E-03
   7.30233978E-06   7.10000005E-03
   1.37669003E-05   7.22899986E-03
   1.40309003E-05   7.24799978E-03
   7.94954030E-05   7.39300018E-03
   1.96049004E-05   7.39620021E-03
   1.23224004E-06   7.33700022E-03
   4.12527006E-05   7.36400019E-03
   4.51207001E-08   7.38599990E-03
   1.06812004E-05   7.35800015E-03
   1.19125998E-05   7.37700006E-03
   3.35774007E-06   7.52200000E-03
   3.94429981E-06   7.52520002E-03
   3.99375011E-07   7.46600004E-03
   3.68209985E-05   7.49300001E-03
   2.24350998E-07   7.51500018E-03
   3.97606982E-06   7.39599997E-03
   3.94523022E-06   7.54099991E-03
   1.57995999E-06   7.54419994E-03
   1.09949997E-06   7.48499995E-03
   5.13460000E-05   7.51199992E-03
   1.44550004E-05   7.68599985E-03
   1.29681997E-04   7.68919988E-03
   1.30729004E-05   7.65699986E-03
   8.65999027E-06   7.67900003E-03
   5.97276994E-06   7.69239990E-03
   1.13663998E-06   7.63319992E-03
   1.77451002E-05   7.66019989E-03
   1.08648999E-06   7.68220006E-03
   4.05869014E-06   7.60099990E-03
   4.09731996E-07   7.62799988E-03
   2.62666003E-06   7.65000004E-03
       -1137       -1137
   4.81319008E-03   1.38000003E-04
   5.04417019E-03   2.24999996E-04
   1.33630000E-02   3.53999989E-04
   2.55898992E-03   4.83000011E-04
   3.02408007E-03   5.01999981E-04
   1.52446004E-03   6.46999979E-04
   2.41834996E-03   6.50200003E-04
   1.11545995E-03   5.91000018E-04
   9.90950037E-04   6.17999991E-04
   1.78147003E-03   6.39999984E-04
   7.46961014E-05   6.67150016E-04
  0.282750994       2.69999990E-04
  0.338982999       2.93999998E-04
   3.14293988E-02   4.60000010E-04
   3.54055986E-02   5.46999974E-04
   3.05733997E-02   6.76000025E-04
   1.07771000E-02   8.05000018E-04
   1.63027998E-02   8.23999988E-04
   1.82627998E-02   9.68999986E-04
   2.02900991E-02   9.72200010E-04
   5.96434018E-03   9.13000025E-04
   5.45912981E-03   9.39999998E-04
   3.72236990E-03   9.61999991E-04
   3.87467997E-04   9.89150023E-04
   6.53903999E-06   1.53500005E-03
   1.75986002E-04   1.73699996E-03
   5.88594005E-03   2.21799989E-03
   5.57533989E-04   2.53900001E-03
   7.89206999E-04   2.62299995E-03
   3.21087008E-03   3.04699992E-03
   5.74749010E-03   3.07100010E-03
   1.48290001E-05   3.23699997E-03
   2.89486998E-05   3.32399993E-03
   9.90523025E-04   3.45299998E-03
   1.23057005E-04   3.58200003E-03
   1.64979007E-04   3.60099995E-03
   2.97455990E-04   3.74599989E-03
   4.84196993E-04   3.74919991E-03
   1.29602004E-05   3.68999992E-03
   1.44173000E-05   3.71699990E-03
   1.13889000E-04   3.73900007E-03
   1.14058003E-05   3.76614998E-03
   6.40513026E-05   1.93899998E-03
   7.78925000E-03   2.42000003E-03
   2.86261988E-04   2.74099992E-03
   2.16060993E-03   2.82500009E-03
   1.25424995E-03   3.24900006E-03
   4.98209987E-03   3.27300001E-03
   8.84114997E-05   3.43900011E-03
   4.49779000E-05   3.52600007E-03
   1.35825004E-03   3.65499989E-03
   8.84385008E-05   3.78399994E-03
   4.25906997E-04   3.80300009E-03
   1.51098997E-04   3.94799979E-03
   5.95877995E-04   3.95119982E-03
   2.45898991E-05   3.89200007E-03
   2.66269999E-05   3.91899981E-03
   1.61578995E-04   3.94099997E-03
   1.48792997E-05   3.96814989E-03
   8.91084969E-03   2.90099997E-03
   1.36610996E-02   3.22200009E-03
   1.72879994E-02   3.30600003E-03
   1.38758002E-02   3.73000000E-03
   1.56506002E-02   3.75399995E-03
   1.74558000E-03   3.92000005E-03
   2.17147009E-03   4.00700001E-03
   4.01731022E-03   4.13599983E-03
   3.24909994E-03   4.26500011E-03
   4.09682980E-03   4.28400002E-03
   2.40231003E-03   4.42899996E-03
   2.61173001E-03   4.43219999E-03
   3.54040996E-04   4.37300000E-03
   3.55474011E-04   4.39999998E-03
   4.63242002E-04   4.42200014E-03
   3.59842015E-05   4.44915006E-03
   1.30750996E-04   3.54299997E-03
   2.44498998E-03   3.62699991E-03
   4.59859002E-04   4.05099988E-03
   4.76884004E-03   4.07500006E-03
   8.48527998E-05   4.24099993E-03
   2.09234004E-05   4.32799989E-03
   2.27882992E-03   4.45700018E-03
   5.75744998E-05   4.58600000E-03
   4.99851012E-04   4.60499991E-03
   7.48472012E-05   4.74999985E-03
   4.59355011E-04   4.75319987E-03
   2.67171999E-05   4.69399989E-03
   1.53378005E-05   4.72099986E-03
   2.46676995E-04   4.74300003E-03
   1.53066994E-05   4.77014994E-03
   1.00046000E-03   3.71100008E-03
   3.50381993E-03   4.13500005E-03
   2.76432000E-03   4.15899977E-03
   1.23682999E-04   4.32500010E-03
   2.00958995E-04   4.41200007E-03
   2.84194993E-03   4.54099989E-03
   4.86900011E-04   4.67000017E-03
   4.16577008E-04   4.68900008E-03
   4.76456014E-04   4.83400002E-03
   3.66436987E-04   4.83720005E-03
   3.41884988E-05   4.77800006E-03
   3.80316997E-05   4.80500003E-03
   3.03587993E-04   4.82700020E-03
   1.52624998E-05   4.85415012E-03
   6.91628025E-04   4.55900002E-03
   1.72106009E-02   4.58300021E-03
   3.55891010E-04   4.74900007E-03
   2.71525991E-04   4.83600004E-03
   2.17818003E-03   4.96499985E-03
   1.37890995E-04   5.09400014E-03
   7.84004980E-04   5.11300005E-03
   2.12194005E-04   5.25799999E-03
   2.13549007E-03   5.26120001E-03
   7.67304009E-05   5.20200003E-03
   5.90441014E-05   5.22900000E-03
   2.43766000E-04   5.25100017E-03
   1.91230993E-05   5.27815009E-03
   6.88424008E-03   4.60699992E-03
   6.49732014E-04   4.77299979E-03
   1.01683999E-03   4.86000022E-03
   2.59665004E-03   4.98900004E-03
   1.10580004E-03   5.11799986E-03
   6.84175000E-04   5.13699977E-03
   2.15067994E-03   5.28200017E-03
   1.73369003E-03   5.28520020E-03
   1.22376005E-04   5.22600021E-03
   1.64918005E-04   5.25300018E-03
   2.90271011E-04   5.27499989E-03
   2.19548001E-05   5.30214980E-03
   1.15999001E-05   4.93900012E-03
   1.70357998E-05   5.02600009E-03
   2.97730003E-04   5.15499990E-03
   2.59732005E-05   5.28400019E-03
   3.42870007E-05   5.30300010E-03
   5.41996997E-05   5.44800004E-03
   7.49264000E-05   5.45120006E-03
   1.11622003E-05   5.39200008E-03
   1.39629001E-05   5.41900005E-03
   4.40594995E-05   5.44100022E-03
   7.69416965E-06   5.11300005E-03
   3.68251989E-04   5.24199987E-03
   1.67140006E-05   5.37100015E-03
   5.38097993E-05   5.39000006E-03
   4.26314000E-05   5.53500000E-03
   1.39263997E-04   5.53820003E-03
   1.46282000E-05   5.47900004E-03
   9.49782043E-06   5.50600002E-03
   5.37531014E-05   5.52800018E-03
   4.27193998E-04   5.37100015E-03
   5.44230978E-04   5.49999997E-03
   6.73023984E-04   5.51899988E-03
   3.59510013E-04   5.66399982E-03
   4.03017999E-04   5.66719985E-03
   6.98665972E-05   5.60799986E-03
   7.21792021E-05   5.63499983E-03
   1.07152999E-04   5.65700000E-03
   1.73503995E-05   5.68414992E-03
   1.85962999E-05   5.62899979E-03
   1.16506002E-04   5.64800017E-03
   3.08542003E-05   5.79300011E-03
   1.13989998E-04   5.79620013E-03
   1.74607994E-05   5.73700015E-03
   1.46743996E-05   5.76400012E-03
   7.12869005E-05   5.78599982E-03
   1.46665998E-05   5.81315020E-03
   5.73085017E-05   5.66700008E-03
   1.07061998E-04   5.81200002E-03
   8.88216964E-05   5.81520004E-03
   1.82562999E-05   5.75600006E-03
   1.94354998E-05   5.78300003E-03
   8.46194016E-05   5.80500020E-03
   1.47384999E-05   5.83215011E-03
   2.30624992E-05   5.95699996E-03
   2.29904996E-04   5.96019998E-03
   2.49997993E-05   5.90100000E-03
   2.20877992E-05   5.92799997E-03
   6.14527016E-05   5.95000014E-03
   5.39437997E-06   5.97715005E-03
   9.83646969E-05   5.96340001E-03
   2.79679007E-05   5.90420002E-03
   3.33967982E-05   5.93119999E-03
   6.35039978E-05   5.95320016E-03
   9.46102955E-06   5.98035008E-03
   1.48722002E-05   5.87200001E-03
   2.08711008E-05   5.89400018E-03
   2.10638009E-05   5.92100015E-03
   1.99851002E-05   5.94299985E-03
   1.51180002E-05   5.97015023E-03
       -1137       -1137
   6.36553997E-03   3.00000011E-06
   4.04568017E-02   1.32000001E-04
   5.75855002E-03   1.51000000E-04
   5.63355014E-02   2.96000013E-04
   5.87414019E-03   2.99200008E-04
   7.59084010E-04   2.39999994E-04
   3.15003999E-04   2.66999996E-04
   5.01820003E-04   2.88999989E-04
   4.15106006E-05   3.16149992E-04
   4.44469013E-04   1.06399995E-03
   5.84760972E-04   1.54500001E-03
   2.29196995E-02   1.86600001E-03
   2.89019989E-03   1.94999995E-03
   1.66408997E-02   2.37399992E-03
   3.09587992E-03   2.39800010E-03
   1.59154006E-05   2.56399997E-03
   1.18299002E-04   2.65099993E-03
   1.05783998E-04   2.77999998E-03
   3.38581996E-03   2.90900003E-03
   4.71815991E-04   2.92799994E-03
   1.47114997E-03   3.07300012E-03
   2.50437995E-04   3.07619991E-03
   1.71369004E-06   3.01699992E-03
   1.61766002E-05   3.04399990E-03
   9.98889027E-06   3.06600006E-03
   2.06629993E-05   1.26599998E-03
   2.18625995E-03   1.74700003E-03
   2.08355002E-02   2.06799991E-03
   8.57077015E-04   2.15200009E-03
   1.49331000E-02   2.57600006E-03
   9.19505954E-03   2.60000001E-03
   4.36601986E-05   2.76600011E-03
   4.45348014E-05   2.85300007E-03
   4.30095999E-04   2.98199989E-03
   3.02285003E-03   3.11099994E-03
   1.57372997E-04   3.13000008E-03
   1.13621994E-03   3.27500002E-03
   6.50728995E-04   3.27820005E-03
   7.35732010E-06   3.21900006E-03
   7.04549984E-06   3.24600004E-03
   4.78155016E-05   3.26799997E-03
   2.55380002E-08   3.29514989E-03
   7.40376010E-04   2.22799997E-03
   3.70601006E-02   2.54900008E-03
   1.39832997E-03   2.63300003E-03
   9.66251013E-04   3.05699999E-03
   1.17009995E-03   3.08099994E-03
   1.20985002E-04   3.24700004E-03
   3.51104012E-04   3.33400001E-03
   2.78516993E-04   3.46300006E-03
   5.48803015E-03   3.59200011E-03
   2.44424009E-04   3.61100002E-03
   1.01737998E-04   3.75599996E-03
   8.95154008E-05   3.75919999E-03
   2.21640003E-05   3.70000000E-03
   4.92213003E-05   3.72699997E-03
   3.14759018E-05   3.74899991E-03
   2.21470009E-06   3.77615006E-03
   3.53283994E-02   2.86999997E-03
   6.74654022E-02   2.95399991E-03
   4.39786986E-02   3.37800011E-03
   5.07875010E-02   3.40200006E-03
   5.81939006E-03   3.56799993E-03
   5.70830004E-03   3.65499989E-03
   9.82552022E-03   3.78399994E-03
   1.34028001E-02   3.91300023E-03
   1.51760997E-02   3.93200014E-03
   6.30488014E-03   4.07700008E-03
   7.18636997E-03   4.08020010E-03
   1.12131005E-03   4.02100012E-03
   9.14153992E-04   4.04800009E-03
   1.19396998E-03   4.06999979E-03
   7.43014971E-05   4.09715017E-03
   1.06143998E-03   3.03800008E-03
   5.44941984E-02   3.46200005E-03
   2.41234992E-03   3.48600000E-03
   3.26787005E-04   3.65200010E-03
   1.23495993E-04   3.73900007E-03
   3.05218011E-04   3.86800012E-03
   9.99446958E-03   3.99699993E-03
   3.92929011E-04   4.01599985E-03
   6.88601984E-03   4.16099979E-03
   2.98285013E-04   4.16419981E-03
   6.71093003E-05   4.10499983E-03
   1.68120005E-05   4.13199980E-03
   3.55236007E-05   4.15399997E-03
   4.94041979E-06   4.18114988E-03
   5.49208000E-02   3.88600002E-03
  0.155064002       3.90999997E-03
   4.55491012E-03   4.07599984E-03
   2.95377010E-03   4.16299980E-03
   2.73962010E-04   4.29200009E-03
   7.22520985E-03   4.42099990E-03
   1.14273997E-02   4.43999982E-03
   1.31933996E-02   4.58500022E-03
   1.96545999E-02   4.58819978E-03
   9.12606018E-04   4.52899979E-03
   4.92873020E-04   4.55600023E-03
   3.48797003E-05   4.57799993E-03
   5.66831986E-05   4.60514985E-03
   2.91781989E-03   3.93400015E-03
   5.40638983E-04   4.10000002E-03
   8.58362007E-04   4.18699998E-03
   2.61904992E-04   4.31599980E-03
   6.22589001E-03   4.44500009E-03
   4.40000003E-04   4.46400000E-03
   1.63148008E-02   4.60899994E-03
   7.40979973E-04   4.61219996E-03
   1.00557998E-04   4.55299998E-03
   1.21322999E-04   4.57999995E-03
   3.68278997E-05   4.60200012E-03
   1.20234999E-05   4.62915003E-03
   1.09952998E-06   4.26599989E-03
   1.56120004E-05   4.35299985E-03
   2.12907999E-05   4.48200013E-03
   8.55223974E-04   4.61099995E-03
   5.73420002E-05   4.62999986E-03
   3.99062003E-04   4.77499980E-03
   5.59434993E-05   4.77819983E-03
   7.18708009E-07   4.71899984E-03
   2.61240007E-06   4.74599982E-03
   2.48444007E-06   4.76799998E-03
   8.91277978E-06   4.43999982E-03
   7.56517984E-05   4.56900010E-03
   8.23578972E-04   4.69799992E-03
   2.48306005E-05   4.71699983E-03
   2.26196003E-04   4.86199977E-03
   6.59465004E-05   4.86519979E-03
   3.18350999E-06   4.80599981E-03
   2.72861007E-06   4.83299978E-03
   8.66108985E-06   4.85499995E-03
   2.67757005E-05   4.69799992E-03
   1.44478003E-03   4.82700020E-03
   5.32900995E-05   4.84600011E-03
   3.08511990E-05   4.99100005E-03
   2.03963991E-05   4.99420008E-03
   4.39281985E-06   4.93500009E-03
   1.11088002E-05   4.96200006E-03
   6.10789994E-06   4.98400023E-03
   1.18120003E-03   4.95600002E-03
   2.22292007E-03   4.97499993E-03
   9.28304973E-04   5.11999987E-03
   8.81433021E-04   5.12319990E-03
   1.64297002E-04   5.06399991E-03
   1.31723005E-04   5.09099988E-03
   1.78279995E-04   5.11300005E-03
   1.02884997E-05   5.14014997E-03
   5.21611983E-05   4.99399984E-03
   1.27743999E-03   5.13899978E-03
   5.62651003E-05   5.14219981E-03
   1.44691003E-05   5.08299982E-03
   6.63584979E-06   5.10999979E-03
   9.09251958E-06   5.13199996E-03
   1.02048000E-06   5.15914988E-03
   2.65272014E-04   5.28400019E-03
   1.93512999E-03   5.28720021E-03
   9.34070995E-05   5.22800023E-03
   5.19282985E-05   5.25500020E-03
   3.96659016E-06   5.27699990E-03
   5.84797999E-06   5.30414982E-03
   2.19562007E-05   5.29039977E-03
   1.00420002E-05   5.23119979E-03
   1.38389996E-05   5.25820022E-03
   3.89453999E-06   5.28019993E-03
   1.52483005E-06   5.30734984E-03
   5.66693018E-07   5.19899977E-03
   5.66693018E-07   5.22099994E-03
   1.72631999E-07   5.24799991E-03
   7.18020999E-07   5.27000008E-03
       -1137       -1137
   1.21862999E-04   5.39999979E-04
   4.64842014E-04   7.42000004E-04
   1.10460003E-03   1.22300000E-03
   3.14200995E-03   1.54400000E-03
   2.70217992E-02   1.62800006E-03
   3.86723992E-03   2.05200003E-03
   1.77969001E-02   2.07599998E-03
   4.15645009E-05   2.24200008E-03
   5.45969015E-05   2.32900004E-03
   2.00851995E-04   2.45800009E-03
   4.51625005E-04   2.58699991E-03
   3.92806996E-03   2.60600005E-03
   2.82388006E-04   2.75099999E-03
   1.36419002E-03   2.75420002E-03
   9.09123992E-06   2.69500003E-03
   9.44492967E-06   2.72200000E-03
   2.27154997E-05   2.74399994E-03
   1.43016996E-06   2.77115009E-03
   7.23285993E-05   9.44000029E-04
   4.10587993E-03   1.42500002E-03
   2.32847000E-04   1.74600002E-03
   2.71968003E-02   1.82999996E-03
   2.54792999E-03   2.25399993E-03
   1.28915999E-02   2.27800012E-03
   6.65503976E-05   2.44399998E-03
   1.61729004E-05   2.53099995E-03
   7.31164997E-04   2.66000000E-03
   8.82076984E-06   2.78900005E-03
   3.92202009E-03   2.80799996E-03
   2.06794997E-04   2.95299990E-03
   8.83076980E-04   2.95619993E-03
   8.45978957E-06   2.89699994E-03
   2.34065010E-06   2.92399991E-03
   8.33355007E-05   2.94600008E-03
   5.73522016E-07   2.97315000E-03
   2.11009011E-03   1.90599996E-03
   2.29082000E-03   2.22699996E-03
   3.67745012E-02   2.31099990E-03
   1.52544002E-03   2.73500010E-03
   1.88447000E-03   2.75900005E-03
   2.41595000E-04   2.92499992E-03
   5.45546005E-04   3.01199988E-03
   7.67113990E-04   3.14099994E-03
   4.39655996E-04   3.26999999E-03
   5.29426010E-03   3.28899990E-03
   1.22344005E-04   3.43400007E-03
   1.61427000E-04   3.43720010E-03
   4.66673991E-05   3.37800011E-03
   7.76817033E-05   3.40500008E-03
   8.79549989E-05   3.42700002E-03
   2.79625010E-06   3.45414993E-03
   5.21885988E-04   2.54800008E-03
   5.36992997E-02   2.63200002E-03
   2.36774003E-03   3.05599999E-03
   3.28933001E-02   3.07999994E-03
   3.06889997E-04   3.24600004E-03
   7.56988011E-05   3.33300000E-03
   4.20328986E-04   3.46200005E-03
   1.78917006E-04   3.59100010E-03
   7.82393012E-03   3.61000001E-03
   2.96987011E-04   3.75499995E-03
   3.99133982E-03   3.75819998E-03
   5.76306011E-05   3.69899999E-03
   1.23420004E-05   3.72599997E-03
   4.86581994E-05   3.74799990E-03
   3.70491989E-06   3.77515005E-03
   5.81130981E-02   2.71599996E-03
   5.24725989E-02   3.13999993E-03
   8.49554017E-02   3.16400011E-03
   6.35382999E-03   3.32999998E-03
   7.01687019E-03   3.41699994E-03
   9.80854034E-03   3.54599999E-03
   1.19856996E-02   3.67500004E-03
   2.14721002E-02   3.69399996E-03
   7.17647979E-03   3.83899990E-03
   1.07787000E-02   3.84219992E-03
   1.21980999E-03   3.78299993E-03
   1.11416006E-03   3.80999991E-03
   1.20756996E-03   3.83200007E-03
   8.53790989E-05   3.85914999E-03
   5.00989007E-03   3.56399990E-03
  0.157508999       3.58800008E-03
   8.49894015E-04   3.75399995E-03
   6.06401998E-04   3.84099991E-03
   3.71555012E-04   3.96999996E-03
   5.27516007E-04   4.09899978E-03
   7.13986997E-03   4.11800016E-03
   1.17619999E-03   4.26300010E-03
   1.53341005E-02   4.26620012E-03
   1.94437001E-04   4.20700014E-03
   8.91594973E-05   4.23400011E-03
   4.08117994E-05   4.25599981E-03
   8.63638979E-06   4.28315019E-03
  0.106701002       3.61200003E-03
   4.84419009E-03   3.77799990E-03
   3.29897995E-03   3.86500009E-03
   4.55114990E-04   3.99400014E-03
   6.64443010E-03   4.12299996E-03
   1.44194001E-02   4.14199987E-03
   1.90740991E-02   4.28699981E-03
   2.31925007E-02   4.29019984E-03
   9.65271029E-04   4.23099985E-03
   5.56410989E-04   4.25799983E-03
   7.95290034E-05   4.27999999E-03
   8.56409970E-05   4.30714991E-03
   2.33152991E-06   4.03100019E-03
   4.55383997E-05   4.16000001E-03
   5.22349001E-05   4.28899983E-03
   9.16818972E-04   4.30800021E-03
   7.22495024E-05   4.45300015E-03
   3.86275002E-04   4.45620017E-03
   6.47434990E-06   4.44599986E-03
   1.06587002E-04   4.24699998E-03
   6.45460022E-06   4.37599979E-03
   1.02074002E-03   4.39500017E-03
   4.53278008E-05   4.54000011E-03
   2.24924006E-04   4.54320014E-03
   1.38941004E-05   4.53299982E-03
   6.97505966E-05   4.37599979E-03
   8.67374983E-05   4.50500008E-03
   1.40228996E-03   4.52399999E-03
   3.01732998E-05   4.66899993E-03
   4.43085009E-05   4.67219995E-03
   1.01978003E-05   4.61299997E-03
   1.65297006E-05   4.63999994E-03
   1.73352000E-05   4.66200011E-03
   6.08244022E-07   4.68915002E-03
   1.35357004E-05   4.63399990E-03
   1.73154997E-03   4.65299981E-03
   5.61380984E-05   4.79800021E-03
   7.38020986E-04   4.80119977E-03
   9.38311041E-06   4.74199979E-03
   6.08925973E-07   4.76900022E-03
   1.01558999E-05   4.79099993E-03
   6.08308028E-07   4.81814984E-03
   1.85370003E-03   4.67200018E-03
   9.03319975E-04   4.81700012E-03
   1.63884996E-03   4.82020015E-03
   1.75943002E-04   4.76100016E-03
   1.61707998E-04   4.78800014E-03
   1.74228000E-04   4.80999984E-03
   1.16623996E-05   4.83715022E-03
   3.94628987E-05   4.96200006E-03
   1.85460004E-03   4.96520009E-03
   1.52877001E-05   4.90600010E-03
   7.49750006E-06   4.93300008E-03
   4.07712014E-06   4.95499978E-03
   7.31653984E-07   4.98215016E-03
   2.53756996E-04   4.96840011E-03
   7.76365996E-05   4.90920013E-03
   3.87955988E-05   4.93620010E-03
   6.52874996E-06   4.95819980E-03
   6.27874988E-06   4.98535018E-03
   9.54560051E-07   4.89899982E-03
   1.35769994E-06   4.92599979E-03
   1.01396995E-06   4.94799996E-03
       -1137       -1137
   4.58503999E-02   1.20000004E-05
   7.31358007E-02   3.09999996E-05
   4.56281006E-02   1.76000001E-04
   4.86637019E-02   1.79199997E-04
   7.50563014E-03   1.19999997E-04
   6.22877013E-03   1.46999999E-04
   6.22888003E-03   1.69000006E-04
   4.63940989E-04   1.96149995E-04
   2.16629002E-02  -1.80000006E-05
   3.28966007E-02   1.48000006E-04
   4.01647016E-02   2.35000000E-04
   2.56200004E-02   3.64000007E-04
   2.12676004E-02   4.93000029E-04
   2.41509005E-02   5.11999999E-04
   4.18150984E-03   6.56999997E-04
   6.41673990E-03   6.60200021E-04
   5.19383000E-03   6.00999978E-04
   5.40287979E-03   6.28000009E-04
   2.54946994E-03   6.50000002E-04
   3.66263994E-04   6.77149976E-04
   2.63844989E-03   2.79000000E-04
   2.29652994E-03   3.03000008E-04
   1.29835000E-02   4.68999991E-04
   5.20248991E-03   5.55999984E-04
   2.22358992E-03   6.84999977E-04
   1.39275996E-03   8.14000028E-04
   4.29128995E-03   8.32999998E-04
   2.70394003E-03   9.77999996E-04
   2.68574990E-03   9.81200021E-04
   1.89731002E-03   9.21999977E-04
   9.18361009E-04   9.49000008E-04
   3.57276003E-04   9.71000001E-04
   1.18522999E-04   9.98149975E-04
   2.55588000E-03   3.62999999E-04
   3.86238005E-03   3.87000007E-04
   1.73975993E-02   5.53000020E-04
   6.55952003E-03   6.39999984E-04
   3.16719990E-03   7.68999977E-04
   3.18907993E-03   8.98000028E-04
   3.22729000E-03   9.16999998E-04
   2.68624001E-03   1.06200005E-03
   3.57727008E-03   1.06519996E-03
   2.32557999E-03   1.00599998E-03
   8.85715010E-04   1.03299995E-03
   3.56615987E-04   1.05500000E-03
   1.50120002E-04   1.08215003E-03
   6.93512987E-03   7.86999997E-04
   1.24469995E-02   8.11000005E-04
   1.59373991E-02   9.76999989E-04
   2.30104988E-03   1.06399995E-03
   1.28306998E-02   1.19300000E-03
   1.15091004E-03   1.32200005E-03
   7.54203997E-04   1.34099997E-03
   1.04450004E-03   1.48600002E-03
   9.84380953E-04   1.48920005E-03
   1.76470994E-03   1.42999995E-03
   3.04858986E-04   1.45700003E-03
   1.20679999E-03   1.47899997E-03
   1.24355996E-04   1.50615000E-03
   1.12816999E-02   8.35000013E-04
   2.03756001E-02   1.00100006E-03
   8.63559020E-04   1.08800002E-03
   1.23025002E-02   1.21699995E-03
   6.38237980E-04   1.34600000E-03
   1.55642000E-03   1.36500003E-03
   1.04397000E-03   1.50999997E-03
   1.63007004E-03   1.51320000E-03
   2.22575990E-03   1.45400001E-03
   8.76749982E-05   1.48099998E-03
   1.03776006E-03   1.50300004E-03
   9.53167983E-05   1.53014995E-03
   1.94889996E-02   1.16700004E-03
   3.00325993E-02   1.25400000E-03
   4.39963005E-02   1.38300005E-03
   4.87826988E-02   1.51199999E-03
   6.60059005E-02   1.53100002E-03
   3.84547003E-02   1.67599996E-03
   4.72356007E-02   1.67919998E-03
   6.12105988E-03   1.62000000E-03
   4.83416999E-03   1.64699997E-03
   5.44128008E-03   1.66900002E-03
   3.88927001E-04   1.69615005E-03
   2.26185005E-03   1.34099997E-03
   1.12178996E-02   1.47000002E-03
   4.30558994E-03   1.59899995E-03
   2.70010997E-03   1.61799998E-03
   2.10492010E-03   1.76300004E-03
   1.20533002E-03   1.76619994E-03
   3.46517004E-03   1.70699996E-03
   6.00201020E-04   1.73400005E-03
   1.05769001E-03   1.75599998E-03
   2.32231003E-04   1.78315002E-03
   4.12160996E-03   1.59899995E-03
   1.40735996E-03   1.72800000E-03
   5.68172988E-03   1.74700003E-03
   1.10015003E-02   1.89199997E-03
   1.34236002E-02   1.89520000E-03
   5.29479980E-03   1.83600001E-03
   1.64787995E-03   1.86299998E-03
   9.03176027E-04   1.88500003E-03
   3.42168991E-04   1.91214995E-03
   1.25335006E-03   1.85700005E-03
   4.58241021E-03   1.87599997E-03
   1.03592000E-03   2.02100002E-03
   7.69721984E-04   2.02420005E-03
   5.42403990E-03   1.96500006E-03
   5.51693025E-04   1.99200003E-03
   1.38336996E-04   2.01399997E-03
   3.48030007E-04   2.04114988E-03
   2.63112993E-03   1.89499999E-03
   8.34016013E-04   2.03999993E-03
   1.46063999E-03   2.04319996E-03
   7.42967008E-03   1.98399997E-03
   3.33595992E-04   2.01099995E-03
   5.91236982E-04   2.03300011E-03
   4.57254995E-04   2.06015003E-03
   1.97717003E-04   2.18500011E-03
   2.85146991E-04   2.18819990E-03
   4.53831023E-03   2.12899991E-03
   2.23209994E-04   2.15599989E-03
   1.21906004E-03   2.17800005E-03
   3.14114004E-04   2.20514997E-03
   3.73638002E-04   2.19139992E-03
   5.63372020E-03   2.13219994E-03
   9.15097989E-05   2.15919991E-03
   1.45214004E-03   2.18120008E-03
   3.72195005E-04   2.20834999E-03
   3.99209996E-04   2.07299995E-03
   5.14974992E-04   2.09999993E-03
   5.87082002E-04   2.12200009E-03
   2.19236008E-05   2.14915001E-03
   2.15562995E-05   2.12699990E-03
   1.20334997E-04   2.14900007E-03
   1.74231009E-05   2.17614998E-03
   2.49788009E-05   2.17100000E-03
   1.76261001E-05   2.19814992E-03
       -1137       -1137
   1.33817000E-02   3.30000003E-05
   2.58022989E-03   1.61999997E-04
   2.51516001E-03   2.91000004E-04
   2.70236004E-03   3.10000003E-04
   2.49312003E-03   4.55000001E-04
   4.11556009E-03   4.58199997E-04
   4.91631974E-04   3.99000011E-04
   7.39309995E-04   4.26000013E-04
   4.81425996E-05   4.48000006E-04
   4.58116992E-05   4.75150009E-04
   1.90456007E-02   7.69999970E-05
  0.108782999       1.00999998E-04
   1.37472004E-02   2.66999996E-04
   1.22063998E-02   3.53999989E-04
   8.77971016E-03   4.83000011E-04
   4.12468007E-03   6.12000003E-04
   3.90484999E-03   6.30999974E-04
   4.40252991E-03   7.75999972E-04
   8.06631986E-03   7.79199996E-04
   2.62752990E-03   7.20000011E-04
   1.79484999E-03   7.46999984E-04
   8.18132015E-04   7.68999977E-04
   1.57570001E-04   7.96150009E-04
   3.33891995E-02   1.61000004E-04
   7.92315044E-03   1.84999997E-04
   2.15462991E-03   3.50999995E-04
   9.96284001E-03   4.37999988E-04
   1.28527998E-03   5.67000010E-04
   7.97133020E-04   6.96000003E-04
   9.68007022E-04   7.14999973E-04
   5.85325004E-04   8.59999971E-04
   5.02444978E-04   8.63199995E-04
   1.48713996E-04   8.04000010E-04
   7.23876001E-04   8.30999983E-04
   1.48009003E-05   8.80150008E-04
   9.22270992E-04   5.84999972E-04
   3.54743004E-03   6.08999981E-04
   2.86066998E-03   7.75000022E-04
   9.37381014E-03   8.61999986E-04
   3.51753988E-04   9.90999979E-04
   3.39171011E-03   1.12000003E-03
   2.07652990E-03   1.13900006E-03
   9.41593025E-04   1.28400000E-03
   5.63304988E-04   1.28720002E-03
   2.69937998E-04   1.22800004E-03
   6.17981015E-04   1.25500001E-03
   3.47298010E-05   1.27699994E-03
   4.49176987E-05   1.30414998E-03
   2.73513986E-04   6.32999989E-04
   1.43933005E-03   7.98999972E-04
   1.35207996E-02   8.85999994E-04
   6.25537999E-04   1.01500005E-03
   7.72244018E-03   1.14399998E-03
   4.24628990E-04   1.16300001E-03
   1.45850005E-04   1.30799995E-03
   1.19017001E-04   1.31119997E-03
   1.49854997E-04   1.25199999E-03
   1.12369005E-03   1.27899996E-03
   1.76190006E-05   1.30100001E-03
   8.76698959E-06   1.32815004E-03
   3.72179993E-03   9.65000014E-04
   4.69488986E-02   1.05199998E-03
   8.83875974E-03   1.18100003E-03
   1.24835996E-02   1.30999996E-03
   8.03577993E-03   1.32899999E-03
   1.89270999E-03   1.47400005E-03
   3.27532995E-03   1.47719996E-03
   1.13035005E-03   1.41799997E-03
   4.64496017E-03   1.44499994E-03
   1.07254996E-03   1.46699999E-03
   7.64912984E-05   1.49415003E-03
   3.14504988E-02   1.13900006E-03
   7.85515010E-02   1.26799999E-03
   6.74784034E-02   1.39700004E-03
  0.111218996       1.41599996E-03
   6.88602999E-02   1.56100001E-03
   8.40995014E-02   1.56420004E-03
   1.01114996E-02   1.50500005E-03
   9.54183005E-03   1.53200002E-03
   1.14149004E-02   1.55399996E-03
   7.26989994E-04   1.58114999E-03
   2.24834005E-03   1.39700004E-03
   1.12434998E-02   1.52599998E-03
   5.51992003E-03   1.54500001E-03
   1.56506000E-03   1.68999995E-03
   2.30408995E-03   1.69319997E-03
   1.32493000E-03   1.63399999E-03
   8.27249046E-03   1.66099996E-03
   4.28964006E-04   1.68300001E-03
   8.77901984E-05   1.71015004E-03
   4.72688023E-03   1.65500003E-03
   6.60332991E-03   1.67400006E-03
   1.42166996E-02   1.81900000E-03
   1.85674001E-02   1.82220002E-03
   2.62208004E-03   1.76300004E-03
   8.18361994E-03   1.79000001E-03
   1.84098003E-03   1.81199994E-03
   1.88619000E-04   1.83914998E-03
   9.79303033E-04   1.69299997E-03
   3.07502993E-03   1.83800003E-03
   2.31075007E-03   1.84120005E-03
   1.01053005E-03   1.78199995E-03
   1.36810998E-02   1.80900004E-03
   5.71925018E-04   1.83099997E-03
   7.24900019E-05   1.85815000E-03
   1.01942001E-04   1.98299997E-03
   7.74545013E-04   1.98619999E-03
   3.77126999E-04   1.92700000E-03
   7.43083982E-03   1.95399998E-03
   2.38330002E-04   1.97599991E-03
   3.70181006E-05   2.00315006E-03
   2.30588994E-04   1.98940001E-03
   5.10884973E-04   1.93020003E-03
   9.86486021E-03   1.95720000E-03
   3.53809010E-04   1.97919994E-03
   5.39682987E-05   2.00635009E-03
   1.18057003E-04   1.87100004E-03
   1.11973996E-03   1.89800002E-03
   1.91568994E-04   1.91999995E-03
   2.52942009E-05   1.94714998E-03
   5.09381003E-04   1.92499999E-03
   9.24864027E-04   1.94700004E-03
   6.43759995E-05   1.97415007E-03
   1.80636998E-05   1.96900009E-03
   2.13342992E-05   1.99615001E-03
       -1137       -1137
   4.67988998E-02   1.99999999E-06
   1.97397005E-02   1.30999993E-04
   2.77760997E-02   1.50000007E-04
   7.18725985E-03   2.95000005E-04
   6.41151005E-03   2.98200001E-04
   4.09058016E-03   2.39000001E-04
   2.98665999E-03   2.65999988E-04
   5.00094984E-03   2.88000010E-04
   2.31832004E-04   3.15150013E-04
  0.135250002      -4.30000000E-05
  0.112484001       8.60000000E-05
  0.107175000       2.14999993E-04
  0.126080006       2.34000006E-04
   2.12427005E-02   3.79000005E-04
   2.63241008E-02   3.82200000E-04
   2.11283993E-02   3.22999986E-04
   1.89234000E-02   3.49999988E-04
   1.26884002E-02   3.72000010E-04
   1.20701001E-03   3.99150013E-04
   1.31378998E-03   1.03999999E-04
   1.83266995E-03   1.28000000E-04
   1.41225001E-02   2.93999998E-04
   4.59594978E-03   3.80999991E-04
   4.87047993E-02   5.09999983E-04
   1.59529003E-03   6.38999976E-04
   6.31876010E-03   6.58000004E-04
   1.94611005E-03   8.03000003E-04
   1.94675999E-03   8.06200027E-04
   1.46106002E-03   7.46999984E-04
   6.14392979E-04   7.74000015E-04
   3.81246000E-03   7.96000008E-04
   7.81659983E-05   8.23149981E-04
   2.49641994E-03   1.51999993E-04
   2.70528998E-02   3.18000006E-04
   1.89555995E-02   4.04999999E-04
   5.96655011E-02   5.33999992E-04
   1.52893004E-03   6.62999984E-04
   1.03232004E-02   6.82000013E-04
   6.62870007E-03   8.27000011E-04
   8.05226993E-03   8.30199977E-04
   3.63633991E-03   7.70999992E-04
   2.64503993E-03   7.98000023E-04
   4.74009989E-03   8.20000016E-04
   2.25148004E-04   8.47149990E-04
   1.70939995E-04   4.83999989E-04
   3.82541009E-04   5.70999982E-04
   4.95793996E-03   6.99999975E-04
   4.77218011E-04   8.29000026E-04
   7.31703010E-04   8.47999996E-04
   5.15263993E-04   9.92999994E-04
   5.20379981E-04   9.96200019E-04
   6.33554009E-05   9.36999975E-04
   5.10692007E-05   9.64000006E-04
   3.85627005E-04   9.86000057E-04
   4.01876014E-06   1.01314997E-03
   3.56814999E-05   6.58000004E-04
   5.86924003E-03   7.86999997E-04
   2.92534998E-04   9.15999990E-04
   6.92931993E-04   9.35000018E-04
   3.97224008E-04   1.07999996E-03
   8.87610018E-04   1.08319998E-03
   7.33376000E-05   1.02400000E-03
   1.79691997E-05   1.05099997E-03
   4.62144992E-04   1.07300002E-03
   3.56615010E-06   1.10015005E-03
   7.02898996E-03   9.15999990E-04
   9.12091043E-03   1.04500004E-03
   1.19315004E-02   1.06399995E-03
   7.99102988E-03   1.20900001E-03
   9.45490971E-03   1.21220003E-03
   9.72394017E-04   1.15300005E-03
   9.01143008E-04   1.18000002E-03
   1.41290994E-03   1.20199996E-03
   6.32955998E-05   1.22914999E-03
   1.90371997E-04   1.17399998E-03
   1.08148996E-03   1.19300000E-03
   1.94130000E-04   1.33799994E-03
   3.76251992E-04   1.34119997E-03
   7.08915031E-05   1.28199998E-03
   4.20990000E-05   1.30899996E-03
   7.33522000E-04   1.33100001E-03
   2.78604011E-06   1.35815004E-03
   1.04991999E-03   1.21200003E-03
   6.07698981E-04   1.35699997E-03
   8.23009002E-04   1.36020000E-03
   1.41848999E-04   1.30100001E-03
   1.24320999E-04   1.32799998E-03
   1.01904001E-03   1.35000004E-03
   8.33592003E-06   1.37714995E-03
   3.94538001E-05   1.50200003E-03
   1.74350993E-04   1.50520005E-03
   6.91839014E-05   1.44599995E-03
   1.66938007E-05   1.47300004E-03
   7.09771004E-04   1.49499997E-03
   3.59938008E-06   1.52215001E-03
   4.59067996E-05   1.50839996E-03
   6.19397033E-05   1.44919998E-03
   4.68524013E-05   1.47619995E-03
   8.40577006E-04   1.49820000E-03
   3.89517982E-06   1.52535003E-03
   2.59438002E-06   1.38999999E-03
   2.87772991E-06   1.41699996E-03
   7.44791978E-05   1.43900001E-03
   6.78720025E-05   1.46599999E-03
   6.85812993E-05   1.48800004E-03
   3.20695995E-06   1.51514995E-03
       -1137       -1137
   8.35397001E-03   5.80000014E-05
   1.04232999E-02   6.12000003E-05
   3.02994996E-03   1.99999999E-06
   1.28872006E-03   2.90000007E-05
   2.36546993E-03   5.09999991E-05
   1.18322998E-04   7.81499984E-05
  0.124058001      -2.70000000E-05
  0.117808998       5.99999985E-05
  0.116504997       1.88999998E-04
  0.124084003       3.18000006E-04
  0.126754001       3.37000005E-04
   1.53585002E-02   4.82000003E-04
   1.26075996E-02   4.85199998E-04
   2.40745004E-02   4.26000013E-04
   1.85483992E-02   4.52999986E-04
   1.38368998E-02   4.75000008E-04
   1.40168995E-03   5.02149982E-04
   7.40642007E-03  -3.00000011E-06
   1.88324992E-02   8.39999993E-05
   7.83038978E-03   2.13000007E-04
  0.129078001       3.42000014E-04
   5.29125985E-03   3.61000013E-04
   2.37830007E-03   5.06000011E-04
   1.43619999E-03   5.09199977E-04
   1.11688999E-03   4.49999992E-04
   1.81110995E-03   4.76999994E-04
   7.11689005E-04   4.99000016E-04
   7.17806033E-05   5.26149990E-04
   8.58496991E-04   1.63000004E-04
   2.20677000E-03   2.50000012E-04
   1.28354004E-03   3.79000005E-04
   1.14459004E-02   5.08000026E-04
   1.00419996E-03   5.26999997E-04
   3.75469006E-03   6.71999995E-04
   3.12682008E-03   6.75200019E-04
   2.17480003E-04   6.15999976E-04
   2.38239998E-04   6.43000007E-04
   1.48277002E-04   6.65000000E-04
   1.40022003E-05   6.92149973E-04
   7.31626991E-04   3.37000005E-04
   1.61420996E-03   4.65999998E-04
   9.21608042E-03   5.94999990E-04
   8.19195993E-04   6.14000019E-04
   5.02631010E-04   7.59000017E-04
   4.68968996E-04   7.62199983E-04
   1.91958999E-04   7.02999998E-04
   1.60401003E-04   7.30000029E-04
   1.22348996E-04   7.52000022E-04
   1.70060994E-05   7.79149996E-04
   4.91023005E-04   5.94999990E-04
   1.86771993E-02   7.23999983E-04
   1.53740996E-03   7.43000011E-04
   1.38979999E-03   8.88000010E-04
   8.07842007E-04   8.91199976E-04
   6.76721975E-05   8.31999991E-04
   1.08956003E-04   8.59000022E-04
   8.20088026E-05   8.81000014E-04
   4.16045987E-06   9.08149988E-04
   1.24915997E-02   8.52999976E-04
   2.39151008E-02   8.72000004E-04
   1.38667999E-02   1.01699994E-03
   1.87206995E-02   1.02019997E-03
   1.90458004E-03   9.60999983E-04
   1.47437002E-03   9.87999956E-04
   2.10821000E-03   1.01000001E-03
   1.24629994E-04   1.03715004E-03
   3.17695987E-04   8.90999974E-04
   1.40089996E-03   1.03599997E-03
   5.93603996E-04   1.03920000E-03
   6.61076992E-05   9.80000012E-04
   7.01375029E-05   1.00699998E-03
   1.16595998E-04   1.02900004E-03
   5.48898015E-06   1.05614995E-03
   1.74870002E-04   1.18100003E-03
   6.83991995E-04   1.18420005E-03
   1.88225997E-04   1.12499995E-03
   6.68884968E-05   1.15200004E-03
   1.33838999E-04   1.17399998E-03
   1.07468004E-05   1.20115001E-03
   9.52354021E-05   1.18739996E-03
   1.23927995E-04   1.12819998E-03
   5.65291994E-05   1.15519995E-03
   6.45885011E-05   1.17720000E-03
   6.98005988E-06   1.20435003E-03
   4.97002020E-06   1.06899999E-03
   6.99272005E-06   1.09599996E-03
   1.49138998E-06   1.11800001E-03
   1.15751004E-06   1.14515005E-03
   3.53871997E-06   1.12300005E-03
   6.20069022E-06   1.14499999E-03
   1.36283995E-06   1.17215002E-03
   6.10850020E-06   1.16700004E-03
   8.77778973E-07   1.19414995E-03
       -1137       -1137
   8.79461970E-03  -2.40000008E-05
   1.67273991E-02   1.04999999E-04
   8.86579044E-03   2.34000006E-04
  0.114791997       2.53000006E-04
   2.56011006E-03   3.98000004E-04
   2.48786993E-03   4.01199999E-04
   2.26866012E-03   3.42000014E-04
   1.56442996E-03   3.68999987E-04
   1.66973996E-03   3.91000009E-04
   1.46175007E-04   4.18150012E-04
  0.154310003       5.42100989E-20
  0.126219004       1.28999993E-04
  0.132231995       2.57999985E-04
  0.226908997       2.77000014E-04
   2.02009007E-02   4.22000012E-04
   2.89380997E-02   4.25200007E-04
   3.29822004E-02   3.65999993E-04
   2.90050991E-02   3.92999995E-04
   2.04198007E-02   4.14999988E-04
   2.42214999E-03   4.42149991E-04
   1.82359002E-03   7.89999976E-05
   2.75344006E-03   1.65999998E-04
   2.97742011E-03   2.95000005E-04
   2.40234006E-03   4.23999998E-04
   1.37729002E-02   4.42999997E-04
   3.85965989E-03   5.87999995E-04
   5.87147987E-03   5.91200020E-04
   4.66933008E-04   5.31999976E-04
   3.74910014E-04   5.59000007E-04
   3.54460994E-04   5.81000000E-04
   3.47985988E-05   6.08149974E-04
   4.45610989E-04   2.53000006E-04
   3.44440993E-03   3.81999998E-04
   6.93511975E-04   5.10999991E-04
   1.47158997E-02   5.30000019E-04
   5.70613018E-04   6.75000018E-04
   1.12121005E-03   6.78199984E-04
   1.99528993E-04   6.18999999E-04
   1.13561000E-04   6.45999971E-04
   2.30692007E-04   6.68000022E-04
   1.77823003E-05   6.95149996E-04
   1.15260005E-03   5.10999991E-04
   2.77137989E-03   6.39999984E-04
   1.89705007E-02   6.59000012E-04
   1.11820002E-03   8.04000010E-04
   1.44090003E-03   8.07199976E-04
   9.04291010E-05   7.47999991E-04
   1.21867000E-04   7.75000022E-04
   1.94748995E-04   7.97000015E-04
   1.21497997E-05   8.24149989E-04
   1.58973999E-04   7.68999977E-04
   1.98502000E-02   7.88000005E-04
   3.91462003E-04   9.33000003E-04
   1.43399998E-03   9.36200027E-04
   7.69663966E-05   8.76999984E-04
   6.07799011E-05   9.04000015E-04
   2.34980005E-04   9.26000008E-04
   9.74220984E-06   9.53149982E-04
   2.14987993E-02   8.06999975E-04
   1.63387991E-02   9.51999973E-04
   1.91859994E-02   9.55199997E-04
   2.14554998E-03   8.96000012E-04
   2.04215990E-03   9.22999985E-04
   2.23809993E-03   9.44999978E-04
   1.43015001E-04   9.72150010E-04
   7.61714982E-05   1.09699997E-03
   7.29646999E-04   1.10020000E-03
   1.87461002E-04   1.04100001E-03
   8.09734993E-05   1.06799998E-03
   1.17832002E-04   1.09000003E-03
   1.46314997E-05   1.11714995E-03
   1.25428996E-04   1.10340002E-03
   2.79363012E-04   1.04420003E-03
   9.60965990E-05   1.07120001E-03
   1.49148997E-04   1.09319994E-03
   2.16152002E-05   1.12034997E-03
   1.38680998E-05   9.85000050E-04
   1.77866004E-05   1.01200002E-03
   1.12718999E-05   1.03399996E-03
   6.24880022E-06   1.06114999E-03
   6.76393984E-06   1.03900000E-03
   5.76000002E-06   1.06100005E-03
   4.90417005E-06   1.08814996E-03
   8.45082013E-06   1.08299998E-03
   5.18723982E-06   1.11015001E-03
       -1137       -1137
  0.488267988      -1.99999999E-06
   2.80610006E-02   1.20000004E-06
   3.58949008E-04   1.81500000E-05
   9.70159005E-03   1.89999992E-05
   6.66899001E-03   1.63999997E-04
   3.77324992E-03   1.67200007E-04
   2.06016004E-03   1.08000000E-04
   2.10413011E-03   1.34999995E-04
   3.74824996E-03   1.57000002E-04
   1.42898003E-04   1.84150005E-04
   4.43210006E-02   8.70000003E-05
   4.28576991E-02   1.06000000E-04
   4.17731982E-03   2.50999990E-04
   1.39505998E-03   2.54199986E-04
   1.04246000E-02   1.95000001E-04
   5.31922001E-03   2.22000002E-04
   9.26649012E-03   2.43999995E-04
   9.93340043E-04   2.71149998E-04
   2.99608000E-02   2.16000000E-04
   3.00168004E-02   2.35000000E-04
   9.60278977E-03   3.80000012E-04
   4.56492999E-04   3.83200007E-04
   4.01437981E-03   3.23999993E-04
   4.44755983E-03   3.50999995E-04
   1.98685005E-03   3.72999988E-04
   3.07270006E-04   4.00149991E-04
   1.52666001E-02   3.45000008E-04
   2.90187001E-02   3.64000007E-04
   6.54835021E-03   5.08999976E-04
   1.72697997E-03   4.52999986E-04
   6.82913000E-03   4.79999988E-04
   4.80230991E-03   5.01999981E-04
   1.04788996E-04   5.29150013E-04
   5.41955978E-03   3.83000006E-04
   1.15181999E-02   5.28000004E-04
   1.11638999E-03   4.72000014E-04
   5.23936003E-03   4.99000016E-04
   2.52936990E-03   5.21000009E-04
   2.01811999E-05   5.48149983E-04
   6.27883002E-02   6.73000002E-04
  0.100854002       6.76200027E-04
   1.20625002E-04   6.16999983E-04
   9.64857987E-04   6.66000007E-04
   9.44358995E-04   6.79399993E-04
   2.89627991E-04   5.87999995E-04
   3.03818990E-04   6.09999988E-04
   3.44764994E-05   6.15000026E-04
   1.48595005E-04   6.37000019E-04
       -1137       -1137
   1.86409000E-02   1.40000004E-04
   6.85471967E-02   1.43199999E-04
   1.62167998E-03   8.39999993E-05
   3.69166001E-03   1.11000001E-04
   3.67244007E-03   1.32999994E-04
   1.72467000E-04   1.60149997E-04
   7.03903986E-03   6.29999995E-05
   1.62393004E-02   8.19999987E-05
   5.86995971E-04   2.26999997E-04
   5.06668016E-02   2.30200007E-04
   2.36090994E-03   1.71000007E-04
   5.68635005E-04   1.97999994E-04
   1.27114996E-03   2.20000002E-04
   1.84365999E-04   2.47149990E-04
   6.10617995E-02   6.29999995E-05
   3.48187014E-02   1.92000007E-04
   2.60012001E-02   2.11000006E-04
   1.17881000E-02   3.56000004E-04
   8.03285986E-02   3.59199999E-04
   8.00891966E-03   3.00000014E-04
   2.72620004E-03   3.26999987E-04
   7.53956009E-03   3.49000009E-04
   6.39262027E-04   3.76150012E-04
   2.54084007E-03   3.21000000E-04
   3.16755995E-02   3.39999999E-04
   1.02028996E-03   4.84999997E-04
   7.62585029E-02   4.88199992E-04
   1.00507995E-03   4.29000007E-04
   9.59740020E-04   4.56000009E-04
   4.41610999E-03   4.78000002E-04
   2.50870008E-02   3.58999998E-04
   4.12108004E-03   5.03999996E-04
   9.63224024E-02   5.07200020E-04
   2.16171006E-03   4.48000006E-04
   2.16831011E-03   4.75000008E-04
   9.84878000E-03   4.97000001E-04
   3.07510018E-05   5.24149975E-04
   1.43094000E-03   6.48999994E-04
   9.81551036E-02   6.52200019E-04
   2.86650000E-04   6.41999999E-04
   7.81454965E-02   6.55399985E-04
   7.25260004E-03   5.96200000E-04
   4.66958992E-03   6.23199972E-04
   1.02076996E-02   6.45200023E-04
   7.45397992E-05   6.72349997E-04
   1.82188000E-04   5.85999980E-04
       -1137       -1137
   5.86352982E-02   6.09999988E-05
  0.129721001       6.42000014E-05
   2.50003003E-02   4.99999987E-06
   2.21165009E-02   3.19999999E-05
   2.36971006E-02   5.40000001E-05
   1.99603010E-03   8.11499995E-05
  0.132715002       2.59999997E-05
  0.116990998       4.50000007E-05
  0.153135002       1.90000006E-04
  0.131837994       1.93200001E-04
   1.42104002E-02   1.34000002E-04
   1.47358999E-02   1.61000004E-04
   9.55776963E-03   1.82999996E-04
   1.13015994E-03   2.10149999E-04
   1.14034000E-03   1.55000002E-04
   8.81548002E-02   1.74000001E-04
   4.80066007E-03   3.19000013E-04
   2.19243001E-02   3.22200009E-04
   4.55489988E-03   2.62999994E-04
   8.48766009E-04   2.89999996E-04
   1.64501998E-03   3.11999989E-04
   2.34051004E-06   3.39149992E-04
   2.20778007E-02   1.93000000E-04
   2.74794009E-02   3.38000013E-04
   1.81335006E-02   3.41200008E-04
   6.17958000E-03   2.81999994E-04
   2.57206010E-03   3.08999995E-04
   1.40407996E-03   3.30999988E-04
   1.56103997E-04   3.58149991E-04
   4.63690994E-05   4.83000011E-04
   4.89549013E-03   4.86200006E-04
   3.59714008E-03   4.26999992E-04
   1.86285004E-04   4.53999994E-04
   3.28449998E-04   4.75999987E-04
   5.27293996E-05   4.89400001E-04
   5.69606991E-03   4.30199987E-04
   7.36587972E-04   4.57199989E-04
   2.10722996E-04   4.79200011E-04
   2.99962994E-05   5.06350014E-04
   1.88239006E-04   3.71000002E-04
   2.33140003E-04   3.98000004E-04
   2.54285987E-04   4.19999997E-04
       -1137       -1137
   4.92167994E-02   1.02999998E-04
   1.92965008E-02   1.06200001E-04
   1.23720001E-02   7.40000032E-05
   1.05972001E-02   9.60000034E-05
   8.76501028E-04   1.23150006E-04
   3.65264006E-02   6.80000012E-05
  0.125755996       8.70000003E-05
  0.102940999       2.32000006E-04
  0.299856991       2.35200001E-04
   2.94889994E-02   1.76000001E-04
   2.13316996E-02   2.03000003E-04
   2.11753007E-02   2.24999996E-04
   2.52751005E-03   2.52149999E-04
   1.23498002E-02   1.06000000E-04
   5.96551001E-02   2.50999990E-04
   1.31069003E-02   2.54199986E-04
   3.58909997E-03   1.95000001E-04
   1.78133994E-02   2.22000002E-04
   3.37223010E-03   2.43999995E-04
   1.94408000E-04   2.71149998E-04
   4.99826996E-03   3.95999989E-04
   6.04645982E-02   3.99200013E-04
   4.95378021E-03   3.39999999E-04
   1.04774004E-02   3.67000001E-04
   4.48192004E-03   3.88999993E-04
   2.34250998E-04   4.16149996E-04
   7.50440988E-04   4.02400008E-04
   1.91673997E-03   3.43199994E-04
   1.71604007E-02   3.70199996E-04
   1.54146005E-03   3.92199989E-04
   4.18439013E-05   4.19349992E-04
   1.42910003E-05   2.84000009E-04
   9.18115024E-04   3.11000011E-04
   8.42403024E-05   3.33000004E-04
   7.00214994E-04   3.38000013E-04
   1.26292999E-03   3.60000005E-04
   1.01203996E-05   3.87150008E-04
       -1137       -1137
   1.98765006E-02   1.02999998E-04
   7.60879964E-02   1.06200001E-04
   1.39514003E-02   4.70000014E-05
   9.53563955E-03   7.40000032E-05
   2.58997008E-02   9.60000034E-05
   9.89630003E-04   1.23150006E-04
  0.203798994       1.21999998E-04
  0.133028999       1.25199993E-04
   4.06270996E-02   6.60000005E-05
   4.11224999E-02   9.30000024E-05
   3.16614993E-02   1.15000003E-04
   3.77793005E-03   1.42150006E-04
   8.79555009E-04   2.66999996E-04
   2.69766003E-02   2.70199991E-04
   9.41104023E-04   2.11000006E-04
   2.08745005E-05   2.37999993E-04
   1.28286995E-03   2.60000001E-04
   8.82596988E-03   2.73399986E-04
   1.97151001E-03   2.14200001E-04
   3.46585992E-04   2.41200003E-04
   1.72731001E-03   2.63199996E-04
       -1137       -1137
          -1          -1
