   2.67974008E-02   9.89659969E-03
   2.99306009E-02   1.00637004E-02
   4.99644987E-02   1.01121999E-02
   7.86074996E-03   1.14142997E-02
   4.42908984E-03   1.14740003E-02
   7.33789988E-03   1.14810001E-02
   3.18089005E-04   1.15862004E-02
   4.15274000E-04   1.15873003E-02
   9.67001019E-04   1.16416002E-02
   3.41231993E-04   1.16542000E-02
   5.59864973E-04   1.16547998E-02
   5.04687009E-03   1.02308001E-02
  0.116417997       1.02792997E-02
   3.67835001E-03   1.15814004E-02
   1.38227001E-03   1.16411000E-02
   1.45723997E-02   1.16480999E-02
   4.29136009E-04   1.17533002E-02
   1.55696005E-03   1.17544001E-02
   4.40706994E-04   1.18086999E-02
   1.05264997E-04   1.18212998E-02
   1.09197001E-03   1.18218996E-02
   6.31223023E-02   1.03278002E-02
   6.16167998E-03   1.16299000E-02
   1.45364003E-02   1.16895996E-02
   1.61080007E-02   1.16966004E-02
   1.91545999E-03   1.18017998E-02
   1.85068999E-03   1.18028997E-02
   7.39164010E-04   1.18572004E-02
   1.09774002E-03   1.18698003E-02
   1.20987999E-03   1.18704000E-02
   5.79069019E-04   1.29319998E-02
   5.57885971E-04   1.29917003E-02
   9.25089989E-04   1.29987001E-02
   3.76614007E-05   1.31038995E-02
   4.82506002E-05   1.31051000E-02
   1.42414006E-04   1.31593002E-02
   4.35451984E-05   1.31719001E-02
   7.06143983E-05   1.31724998E-02
   9.31027971E-05   1.30514000E-02
   1.89792004E-03   1.30583998E-02
   4.29733009E-05   1.31636001E-02
   1.62337004E-04   1.31647000E-02
   6.80373996E-05   1.32189998E-02
   1.43238003E-05   1.32315997E-02
   1.42039004E-04   1.32320998E-02
   1.07811997E-03   1.30653996E-02
   2.05928998E-04   1.31705999E-02
   1.95026994E-04   1.31718004E-02
   1.13861002E-04   1.32259997E-02
   1.45361002E-04   1.32386005E-02
   1.62322001E-04   1.32392002E-02
   1.73518001E-05   1.32769998E-02
   4.62706021E-06   1.33312000E-02
   3.47027003E-06   1.33437999E-02
   1.38813002E-05   1.33443996E-02
   4.62689013E-06   1.32780997E-02
   5.78332993E-06   1.33323995E-02
   1.15674002E-05   1.33450003E-02
   1.38808000E-05   1.33455005E-02
   8.09713038E-06   1.33865997E-02
   4.62701018E-06   1.33991996E-02
   8.09713038E-06   1.33998003E-02
   1.04111004E-05   1.34124001E-02
   5.78346999E-06   1.34129003E-02
       -1137       -1137
   5.22921011E-02   8.75100013E-05
   8.34755972E-02   8.86499984E-05
   9.47382022E-03   1.42920006E-04
   4.30533988E-03   1.55510003E-04
   5.98302018E-03   1.56070004E-04
   7.78172985E-02   2.37799995E-05
  0.158457994       3.08199997E-05
  0.160185993       1.36010000E-04
  0.228694007       1.37149997E-04
   1.59162004E-02   1.91419997E-04
   4.89463005E-03   2.04009993E-04
   1.03137000E-02   2.04569995E-04
   7.88243022E-03   1.26622000E-03
   1.49389002E-02   1.32588996E-03
   2.87954006E-02   1.33293006E-03
   2.00906005E-02   1.43812003E-03
   2.93170996E-02   1.43925997E-03
   1.72472000E-03   1.49353000E-03
   1.14676997E-03   1.50611997E-03
   2.19394010E-03   1.50668004E-03
   1.65314996E-04   1.38556003E-03
   6.01021980E-04   1.39260001E-03
   3.46737012E-04   1.49778998E-03
   6.40780991E-03   1.49893004E-03
   1.40027003E-03   1.55319995E-03
   1.89132006E-05   1.56579004E-03
   4.41328993E-05   1.56634999E-03
   7.85671989E-04   1.39963999E-03
   6.78075012E-03   1.50482997E-03
   4.79666982E-03   1.50597002E-03
   2.97725992E-03   1.56024005E-03
   4.94423984E-05   1.57283002E-03
   1.01202997E-04   1.57338998E-03
   8.18843022E-04   1.61001994E-03
   3.71517986E-02   1.61116000E-03
   1.80583994E-03   1.66543003E-03
   3.43210995E-05   1.67801999E-03
   4.60195006E-04   1.67857995E-03
   1.03294002E-02   1.61230005E-03
   2.63869995E-03   1.66656997E-03
   4.68624989E-04   1.67916005E-03
   3.36241996E-04   1.67972001E-03
   9.17626021E-05   1.72083999E-03
   1.07173997E-04   1.73342996E-03
   2.05243006E-04   1.73399004E-03
   5.18016009E-07   1.74602005E-03
   2.58998011E-06   1.74658000E-03
   2.80170002E-06   1.74713996E-03
       -1137       -1137
   2.12782007E-02   2.43199993E-05
   4.56678011E-02   3.69100017E-05
   1.81328002E-02   3.74699994E-05
   2.19109003E-03   1.09912001E-03
   4.31400016E-02   1.15878996E-03
   3.86844995E-03   1.16582995E-03
   2.15960993E-03   1.27102004E-03
   5.67422016E-03   1.27215998E-03
   4.58102993E-04   1.32643001E-03
   2.56928010E-03   1.33901997E-03
   2.69045995E-04   1.33958005E-03
   3.95065993E-02   1.21846003E-03
  0.132974997       1.22550002E-03
   6.14585988E-02   1.33068999E-03
  0.113909997       1.33183005E-03
   5.40278992E-03   1.38609996E-03
   5.43176010E-03   1.39869004E-03
   9.95448045E-03   1.39925000E-03
   3.65999993E-03   1.23254000E-03
   7.56136999E-02   1.33772998E-03
   1.06581002E-02   1.33887003E-03
   4.26593004E-04   1.39313994E-03
   8.14394001E-03   1.40573003E-03
   4.82333999E-04   1.40628999E-03
   6.14910014E-02   1.44291995E-03
  0.274803013       1.44406001E-03
   2.81142013E-04   1.49833004E-03
   3.70513997E-03   1.51092000E-03
   5.40880999E-03   1.51147996E-03
   1.31735997E-02   1.44519995E-03
   6.47142995E-04   1.49946997E-03
   6.48836978E-03   1.51205994E-03
   7.19851989E-04   1.51262002E-03
   2.42386996E-05   1.55374000E-03
   3.22354987E-04   1.56632997E-03
   2.90851003E-05   1.56689005E-03
   1.76935995E-04   1.57892006E-03
   5.86560986E-04   1.57948001E-03
   1.85899007E-05   1.58003997E-03
       -1137       -1137
   2.42048991E-03   1.05061999E-03
   1.78971002E-03   1.11028994E-03
   4.69531007E-02   1.11733004E-03
   4.00748011E-03   1.22252002E-03
   4.41543991E-03   1.22365996E-03
   5.05630975E-04   1.27792999E-03
   1.22648999E-04   1.29051995E-03
   2.80097988E-03   1.29108003E-03
   6.70865993E-04   1.16996001E-03
   7.48914033E-02   1.17700000E-03
   4.46320977E-03   1.28218997E-03
   4.13497016E-02   1.28333003E-03
   1.95247005E-04   1.33760006E-03
   9.01156018E-05   1.35019002E-03
   4.56843013E-03   1.35074998E-03
  0.109142996       1.18403998E-03
   9.40798000E-02   1.28922996E-03
  0.143325001       1.29037001E-03
   5.84243005E-03   1.34464004E-03
   5.58952987E-03   1.35723001E-03
   1.48270996E-02   1.35778997E-03
   1.16167003E-02   1.39442005E-03
  0.230555996       1.39555999E-03
   4.70594998E-04   1.44983002E-03
   3.32914991E-04   1.46241998E-03
   5.49193006E-03   1.46298006E-03
  0.156482995       1.39670004E-03
   5.38174994E-04   1.45096995E-03
   2.94872001E-03   1.46356004E-03
   8.92880000E-03   1.46412000E-03
   2.75346993E-05   1.50523998E-03
   1.25159004E-05   1.51782995E-03
   3.50435992E-04   1.51839003E-03
   2.50316998E-06   1.53042004E-03
   3.27913993E-04   1.53097999E-03
   4.78095986E-04   1.53153995E-03
       -1137       -1137
   9.69690979E-02   3.54900003E-05
   4.99920994E-02   4.80800009E-05
  0.115797997       4.86399986E-05
  0.171048000       4.25299986E-05
  0.112435997       5.51199992E-05
  0.180934995       5.56800005E-05
   1.03379004E-02   9.23100015E-05
   2.32724007E-02   9.34499985E-05
   6.15729988E-02   1.47719998E-04
   5.79509977E-03   1.60309995E-04
   4.89132013E-03   1.60869997E-04
   2.01034993E-02   9.45900028E-05
   9.08769965E-02   1.48859996E-04
   2.43116007E-03   1.61450007E-04
   1.22081004E-02   1.62009994E-04
   1.04318997E-02   2.03129995E-04
   9.23321955E-03   2.15720007E-04
   1.74467992E-02   2.16279994E-04
   6.20953972E-04   2.28310004E-04
   2.23053992E-03   2.28870005E-04
   1.28490000E-03   2.29430007E-04
       -1137       -1137
  0.115578003       3.26400004E-05
  0.487311989       3.37800011E-05
   8.57755989E-02   8.80500011E-05
   6.41617998E-02   1.00639998E-04
   9.63035971E-02   1.01199999E-04
   1.82523001E-02   3.49200018E-05
   1.37437005E-02   8.91899981E-05
   9.97008979E-02   1.01780002E-04
   9.75320954E-03   1.02339996E-04
   1.77273003E-04   1.43459998E-04
   3.29618994E-03   1.56049995E-04
   3.76343989E-04   1.56609996E-04
   1.04180002E-03   1.68640006E-04
   4.26279986E-03   1.69199993E-04
   1.07519998E-04   1.69759995E-04
       -1137       -1137
   2.25290004E-02   2.56000003E-05
  0.283154994       2.67399992E-05
   2.02981997E-02   8.10100028E-05
   9.38337017E-03   9.35999997E-05
   8.49677026E-02   9.41600010E-05
  0.244800001       2.78799998E-05
   9.85839963E-02   8.21499998E-05
   6.37338012E-02   9.47399967E-05
  0.161826998       9.52999981E-05
   1.27869993E-04   1.36420000E-04
   1.94655993E-04   1.49009997E-04
   3.95521009E-03   1.49569998E-04
   2.44340008E-05   1.61599994E-04
   2.65198993E-03   1.62159995E-04
   3.62773007E-03   1.62719996E-04
       -1137       -1137
  0.219834000       3.12299999E-05
  0.269286990       4.38200004E-05
  0.309911013       4.43800018E-05
   4.50334996E-02   5.64100010E-05
  0.121786997       5.69699987E-05
   3.41431014E-02   5.75300000E-05
       -1137       -1137
  0.226778999       3.00899992E-05
  0.154383004       4.26799998E-05
  0.424784005       4.32400011E-05
   8.40977021E-03   5.52700003E-05
   7.01718032E-02   5.58300017E-05
  0.115469001       5.63899994E-05
       -1137       -1137
          -1          -1
