   7.20378989E-03   2.74294000E-02
   8.80211033E-03   2.77773999E-02
   9.64949001E-03   2.82298997E-02
   2.63775000E-03   3.25328000E-02
   1.73380994E-03   3.26827988E-02
   1.93646003E-03   3.27721983E-02
   1.32403002E-04   3.30372006E-02
   1.37609997E-04   3.30565982E-02
   5.97347971E-04   3.36576998E-02
   3.74571013E-04   3.37141007E-02
   4.16433002E-04   3.37333009E-02
   2.71279005E-05   3.38268988E-02
   2.80262993E-05   3.38303000E-02
   1.01325000E-04   3.39009017E-02
   5.20989997E-05   3.39162983E-02
   5.64108996E-05   3.39190997E-02
   9.34230957E-06   3.39379013E-02
   9.75664996E-04   2.81253997E-02
   2.01197993E-02   2.85778996E-02
   1.34367996E-03   3.28808017E-02
   3.42593994E-04   3.30308005E-02
   3.36462003E-03   3.31202000E-02
   1.53775996E-04   3.33851986E-02
   5.02482988E-04   3.34045999E-02
   2.92826997E-04   3.40057015E-02
   7.24003985E-05   3.40620987E-02
   6.98318996E-04   3.40812989E-02
   3.10805008E-05   3.41749005E-02
   1.01149002E-04   3.41783017E-02
   4.92233994E-05   3.42488997E-02
   1.00603002E-05   3.42643000E-02
   9.39567035E-05   3.42671014E-02
   4.49123991E-06   3.42858993E-02
   9.84780956E-03   2.90303994E-02
   1.42714998E-03   3.33333015E-02
   3.25793005E-03   3.34833004E-02
   3.38561996E-03   3.35726999E-02
   5.92641998E-04   3.38376984E-02
   5.38585009E-04   3.38570997E-02
   3.08993011E-04   3.44582014E-02
   6.78158016E-04   3.45145985E-02
   7.07278028E-04   3.45337987E-02
   1.19638004E-04   3.46274003E-02
   1.08503002E-04   3.46308015E-02
   1.79652005E-07   3.47363017E-02
   5.19177011E-05   3.47013995E-02
   9.37724981E-05   3.47167999E-02
   9.52140035E-05   3.47196013E-02
   4.67077007E-06   3.47383991E-02
   2.37854998E-04   3.76362018E-02
   2.66966003E-04   3.77862006E-02
   2.88876996E-04   3.78756002E-02
   1.88633003E-05   3.81405987E-02
   1.86833004E-05   3.81600000E-02
   1.07437001E-04   3.87611017E-02
   5.78473991E-05   3.88174988E-02
   6.23383021E-05   3.88366990E-02
   3.77265997E-06   3.89303006E-02
   3.77265997E-06   3.89337018E-02
   1.81449996E-05   3.90042998E-02
   8.08445020E-06   3.90197001E-02
   8.44361966E-06   3.90225016E-02
   1.61691003E-06   3.90412994E-02
   2.91031993E-05   3.79361995E-02
   5.54753991E-04   3.80255990E-02
   1.99414008E-05   3.82906012E-02
   6.34156022E-05   3.83099988E-02
   5.82065004E-05   3.89111005E-02
   1.22161000E-05   3.89675014E-02
   1.15513001E-04   3.89867015E-02
   3.95227016E-06   3.90802994E-02
   1.29354003E-05   3.90837006E-02
   9.88013016E-06   3.91542986E-02
   1.61688001E-06   3.91696990E-02
   1.54494992E-05   3.91725004E-02
   8.98227995E-07   3.91912982E-02
   2.92290002E-04   3.81149985E-02
   8.08437035E-05   3.83800007E-02
   7.16798022E-05   3.83993983E-02
   6.26977999E-05   3.90005000E-02
   1.15873998E-04   3.90569009E-02
   1.22162004E-04   3.90761010E-02
   1.65279998E-05   3.91696990E-02
   1.45521999E-05   3.91731001E-02
   1.05994995E-05   3.92437018E-02
   1.59889005E-05   3.92590985E-02
   1.65279998E-05   3.92618999E-02
   8.98234987E-07   3.92807014E-02
   1.76463004E-07   3.86449993E-02
   9.35241042E-06   3.86644006E-02
   4.05851006E-06   3.92654985E-02
   3.88203989E-06   3.93218994E-02
   1.58815001E-05   3.93412001E-02
   1.76463004E-06   3.94380987E-02
   7.05805007E-07   3.95088010E-02
   5.29370993E-07   3.95242013E-02
   2.11740007E-06   3.95268984E-02
   2.32924003E-06   3.86837013E-02
   3.94186009E-06   3.92847992E-02
   1.25422002E-05   3.93413007E-02
   1.41545997E-05   3.93605009E-02
   1.79182996E-06   3.94540988E-02
   8.95863025E-07   3.94573994E-02
   7.16680972E-07   3.95281017E-02
   1.79182996E-06   3.95434983E-02
   1.97103009E-06   3.95462997E-02
   1.17013997E-05   3.98860015E-02
   1.22255997E-05   3.99423987E-02
   1.30990002E-05   3.99615988E-02
   8.73254010E-07   4.00552005E-02
   8.73254010E-07   4.00585011E-02
   4.01704983E-06   4.01291996E-02
   1.74661000E-06   4.01446000E-02
   1.74661000E-06   4.01474014E-02
   3.49302013E-07   4.01661992E-02
   1.20636003E-06   3.99987996E-02
   2.30936002E-05   4.00181003E-02
   6.89332978E-07   4.01116014E-02
   2.41271005E-06   4.01149988E-02
   2.06798995E-06   4.01857011E-02
   3.44671008E-07   4.02011015E-02
   3.10206997E-06   4.02037986E-02
   1.72344997E-07   4.02226001E-02
   1.21472003E-05   4.00373004E-02
   3.07948994E-06   4.01308984E-02
   2.73727005E-06   4.01341990E-02
   2.22404992E-06   4.02049012E-02
   3.25050996E-06   4.02203016E-02
   3.25050996E-06   4.02230993E-02
   1.71091003E-07   4.02418002E-02
   3.91893991E-07   4.02278006E-02
   1.95957995E-07   4.02984992E-02
   1.95957995E-07   4.03138995E-02
   3.91893991E-07   4.03166004E-02
   1.79656993E-07   4.03017998E-02
   3.59293011E-07   4.03172001E-02
   3.59293011E-07   4.03200015E-02
   3.21424011E-07   4.03724983E-02
   3.21424011E-07   4.03878987E-02
   3.21424011E-07   4.03907001E-02
   5.50002028E-07   4.04061005E-02
   1.79661001E-07   4.04088013E-02
       -1137       -1137
   5.47841005E-02   6.29900023E-05
   3.99794988E-02   1.19420001E-04
   4.92255017E-02   1.38649993E-04
   1.30869998E-02   2.32210004E-04
   2.11469997E-02   2.35560001E-04
   7.53160985E-03   3.41150007E-04
   8.88050999E-03   3.06250004E-04
   5.23510017E-03   3.21650004E-04
   6.27375999E-03   3.24410008E-04
   8.07259989E-04   3.43190011E-04
   6.72892034E-02   5.15490014E-04
   2.91699003E-02   5.71920013E-04
   5.34164011E-02   5.91150019E-04
   6.53385967E-02   6.84709987E-04
   8.31461027E-02   6.88060012E-04
   1.04117002E-02   7.93649990E-04
   1.09805996E-02   7.58750015E-04
   3.90620995E-03   7.74150016E-04
   7.04269018E-03   7.76909990E-04
   1.00091996E-03   7.95689994E-04
   1.26117002E-02   3.69350007E-03
   2.51439996E-02   3.84350005E-03
   4.57876995E-02   3.93289980E-03
   3.59850004E-02   4.19790996E-03
   5.03293015E-02   4.21726005E-03
   4.85554012E-03   4.81839012E-03
   5.31260995E-03   4.87481989E-03
   9.60003026E-03   4.89404984E-03
   6.26093009E-03   4.98761004E-03
   8.71121045E-03   4.99096001E-03
   5.83742003E-05   5.09655010E-03
   8.03706003E-04   5.06165018E-03
   7.36079994E-04   5.07705007E-03
   1.29202998E-03   5.07981004E-03
   7.33225970E-05   5.09859016E-03
   1.26005994E-04   3.99350002E-03
   8.54949991E-04   4.08290001E-03
   1.12619996E-03   4.34791017E-03
   1.36588998E-02   4.36725980E-03
   3.86822992E-03   4.96838987E-03
   2.56273997E-05   5.02482010E-03
   1.69421997E-04   5.04405005E-03
   1.95059998E-04   5.13760978E-03
   1.56035996E-03   5.14096022E-03
   1.99321003E-05   5.24654984E-03
   6.09348994E-04   5.21164993E-03
   2.84736007E-06   5.22704981E-03
   2.27792007E-05   5.22980979E-03
   5.55250008E-05   5.24858991E-03
   1.07132003E-03   4.17229999E-03
   8.61935038E-03   4.43731016E-03
   5.77742001E-03   4.45665978E-03
   7.03477021E-03   5.05778985E-03
   1.70849002E-04   5.11422008E-03
   3.38835001E-04   5.13345003E-03
   8.22208007E-04   5.22701023E-03
   5.70214994E-04   5.23036020E-03
   6.12203003E-05   5.33594983E-03
   1.10770005E-03   5.30104991E-03
   2.34918007E-05   5.31644979E-03
   4.34258982E-05   5.31920977E-03
   1.00374004E-04   5.33798989E-03
   2.02806992E-03   4.70231986E-03
   7.16025978E-02   4.72166995E-03
   5.22434991E-03   5.32280002E-03
   3.06120986E-04   5.37922978E-03
   1.85732997E-03   5.39846020E-03
   6.96207979E-04   5.49201993E-03
   9.02934000E-03   5.49536990E-03
   6.97625001E-05   5.60095999E-03
   8.15087988E-04   5.56606008E-03
   4.41371994E-05   5.58145996E-03
   2.50574987E-04   5.58421994E-03
   7.40347023E-05   5.60300006E-03
   2.01219004E-02   4.74102003E-03
   7.35863019E-03   5.34215011E-03
   2.62192008E-03   5.39857987E-03
   1.30699005E-03   5.41780982E-03
   8.91054980E-03   5.51137002E-03
   5.31538995E-03   5.51471999E-03
   2.21388997E-04   5.62031008E-03
   1.15032005E-03   5.58541017E-03
   3.57364013E-04   5.60081005E-03
   1.77964001E-04   5.60357003E-03
   1.03936000E-04   5.62235015E-03
   4.43486002E-04   5.94328018E-03
   8.20069981E-04   5.99970995E-03
   1.47932000E-03   6.01893989E-03
   9.06899979E-04   6.11250009E-03
   1.26787997E-03   6.11585006E-03
   7.11864004E-06   6.22144016E-03
   1.45219004E-04   6.18653977E-03
   1.13904003E-04   6.20194012E-03
   1.99317001E-04   6.20470010E-03
   1.35250002E-05   6.22348022E-03
   1.42367003E-06   6.05614018E-03
   3.41695995E-05   6.07537013E-03
   4.48485007E-05   6.16892986E-03
   3.08933988E-04   6.17227983E-03
   2.84733005E-06   6.27786992E-03
   1.28849002E-04   6.24297000E-03
   4.27109990E-06   6.26112986E-03
   1.13904998E-05   6.27990998E-03
   2.65853996E-05   6.09460007E-03
   1.86796999E-04   6.18815981E-03
   1.35030001E-04   6.19150978E-03
   9.79449032E-06   6.29709987E-03
   2.28774006E-04   6.26219995E-03
   4.89730019E-06   6.27759984E-03
   6.99638986E-06   6.28035981E-03
   2.09889004E-05   6.29913993E-03
   5.62374989E-05   6.28172001E-03
   1.20520999E-03   6.28506998E-03
   8.54260998E-06   6.39066007E-03
   1.41665994E-04   6.35576015E-03
   6.40706003E-06   6.37116004E-03
   2.56279000E-05   6.37392001E-03
   1.28139000E-05   6.39270013E-03
   3.68796987E-04   6.28841994E-03
   2.19014000E-05   6.39401004E-03
   1.96412002E-04   6.35911012E-03
   4.16822004E-05   6.37451001E-03
   1.83694992E-05   6.37726998E-03
   1.76622998E-05   6.39605010E-03
   7.11864004E-07   6.46470021E-03
   1.42365002E-06   6.48286007E-03
   1.21022003E-05   6.42979983E-03
   1.77965994E-05   6.44520018E-03
   3.13230012E-05   6.44796016E-03
   2.13562998E-06   6.46673981E-03
   1.17105003E-06   6.46336004E-03
   2.34197000E-06   6.48214016E-03
   2.52793001E-07   6.46612002E-03
   1.01112005E-06   6.48490014E-03
       -1137       -1137
   1.04652001E-02   1.67489998E-04
   5.04542999E-02   2.23919997E-04
   1.70597006E-02   2.43150003E-04
   6.43291026E-02   3.36710014E-04
   2.36441009E-02   3.40060011E-04
   3.22354987E-04   4.45649988E-04
   1.59974000E-03   4.10750014E-04
   6.61103986E-03   4.26150014E-04
   2.27852003E-03   4.28909989E-04
   1.44588004E-04   4.47689992E-04
   9.61873971E-04   3.34549998E-03
   2.43059993E-02   3.49549996E-03
   2.34562997E-03   3.58489994E-03
   2.06247997E-03   3.84991011E-03
   3.19174002E-03   3.86925996E-03
   3.43591993E-04   4.47038980E-03
   3.50157009E-03   4.52682003E-03
   4.37145005E-04   4.54604998E-03
   2.57692009E-04   4.63961018E-03
   3.43591993E-04   4.64296015E-03
   1.61590997E-05   4.74854978E-03
   5.61320012E-05   4.71364986E-03
   4.54174005E-04   4.72905021E-03
   5.78325999E-05   4.73181019E-03
   5.10278005E-06   4.75058984E-03
   2.40755007E-02   3.64549994E-03
   7.36635998E-02   3.73489992E-03
   3.92820984E-02   3.99990985E-03
   6.58800974E-02   4.01925994E-03
   5.60475001E-03   4.62039001E-03
   8.69882014E-03   4.67681978E-03
   1.51763996E-02   4.69605019E-03
   6.82182005E-03   4.78960993E-03
   1.14347003E-02   4.79295989E-03
   6.37866979E-05   4.89854999E-03
   9.53416980E-04   4.86365007E-03
   1.17871002E-03   4.87904996E-03
   2.03691004E-03   4.88180993E-03
   8.76004997E-05   4.90059005E-03
   1.90760999E-03   3.82429990E-03
   4.53206003E-02   4.08930983E-03
   6.16416987E-03   4.10865992E-03
   4.63515986E-04   4.70979000E-03
   1.09986002E-02   4.76622023E-03
   6.65927015E-04   4.78545018E-03
   6.73589017E-03   4.87900991E-03
   8.60685017E-04   4.88235988E-03
   4.16734001E-05   4.98794997E-03
   7.65450022E-05   4.95305005E-03
   1.43476005E-03   4.96844994E-03
   8.67491981E-05   4.97120991E-03
   6.80395988E-06   4.98999003E-03
   4.16799001E-02   4.35432000E-03
  0.177190006       4.37367009E-03
   4.81374998E-04   4.97480016E-03
   5.84363984E-03   5.03122993E-03
   8.81257001E-03   5.05045988E-03
   1.23247998E-02   5.14402008E-03
   2.80773006E-02   5.14737004E-03
   2.60252011E-04   5.25296014E-03
   8.24969029E-05   5.21806022E-03
   7.67140999E-04   5.23346011E-03
   1.17106002E-03   5.23622008E-03
   7.65460027E-06   5.25500020E-03
   8.46171007E-03   4.39302018E-03
   6.16619014E-04   4.99414979E-03
   8.73044971E-03   5.05058002E-03
   1.09717005E-03   5.06980997E-03
   2.21293997E-02   5.16337017E-03
   2.44091009E-03   5.16672013E-03
   1.07159001E-04   5.27231023E-03
   1.01218000E-04   5.23740984E-03
   1.11497997E-03   5.25281020E-03
   1.43729994E-04   5.25557017E-03
   9.35546996E-06   5.27434982E-03
   2.97686001E-05   5.59527986E-03
   8.12258979E-04   5.65171009E-03
   8.67552008E-05   5.67094004E-03
   5.78364015E-05   5.76449977E-03
   6.80442972E-05   5.76785021E-03
   3.40211000E-06   5.87343983E-03
   9.35595017E-06   5.83853992E-03
   1.05462997E-04   5.85393980E-03
   1.10567998E-05   5.85669978E-03
   8.50553988E-07   5.87547990E-03
   7.16265000E-04   5.70813986E-03
   2.16252008E-03   5.72736980E-03
   9.52058006E-04   5.82093000E-03
   1.45437999E-03   5.82427997E-03
   7.29242993E-06   5.92987007E-03
   1.32076006E-04   5.89497015E-03
   1.92836000E-04   5.91037003E-03
   2.90069991E-04   5.91313001E-03
   1.21533003E-05   5.93191013E-03
   5.79250009E-05   5.74660022E-03
   1.30372995E-03   5.84015995E-03
   1.55310001E-04   5.84350992E-03
   6.71615999E-06   5.94910001E-03
   1.42718000E-05   5.91420010E-03
   2.92145007E-04   5.92959998E-03
   1.51117001E-05   5.93235996E-03
   1.67902999E-06   5.95114008E-03
   8.94367986E-04   5.93372015E-03
   3.59551003E-03   5.93707012E-03
   2.70258006E-05   6.04266021E-03
   1.01351998E-05   6.00775983E-03
   1.30058994E-04   6.02316018E-03
   1.74825007E-04   6.02592016E-03
   8.44582019E-07   6.04469981E-03
   2.02955998E-04   5.94042009E-03
   1.36609997E-05   6.04601018E-03
   1.26847999E-05   6.01110980E-03
   2.23449999E-04   6.02651015E-03
   2.34183008E-05   6.02927012E-03
   9.75791977E-07   6.04804978E-03
   8.50494018E-07   6.11669989E-03
   8.50494018E-07   6.13209978E-03
   8.50494018E-07   6.13486022E-03
   1.02461001E-06   6.08179998E-03
   2.15159998E-05   6.09719986E-03
   2.04922003E-06   6.09995984E-03
   1.73008993E-05   6.11260021E-03
   5.08218982E-05   6.11536019E-03
   2.16266994E-06   6.13413984E-03
       -1137       -1137
   1.27377000E-03   2.89299991E-03
   8.58380983E-04   3.04299989E-03
   2.79373992E-02   3.13240010E-03
   2.78284005E-03   3.39741004E-03
   3.25867999E-03   3.41675989E-03
   4.55717993E-04   4.01788997E-03
   1.49151005E-04   4.07432020E-03
   4.01704991E-03   4.09355015E-03
   2.54399987E-04   4.18710988E-03
   2.72695004E-04   4.19045985E-03
   1.92165007E-05   4.29604994E-03
   7.41234981E-05   4.26115002E-03
   2.01327002E-05   4.27654991E-03
   5.06974990E-04   4.27930988E-03
   6.40547978E-06   4.29809000E-03
   2.65379000E-04   3.19300010E-03
   4.65475991E-02   3.28240008E-03
   2.92926002E-03   3.54741002E-03
   2.62634009E-02   3.56676010E-03
   1.65628997E-04   4.16789018E-03
   9.33412011E-05   4.22431994E-03
   6.94287987E-03   4.24354989E-03
   4.72195999E-04   4.33711009E-03
   3.65594006E-03   4.34046006E-03
   2.10469007E-05   4.44605015E-03
   2.74531994E-05   4.41114977E-03
   1.28113998E-05   4.42655012E-03
   8.82142980E-04   4.42931009E-03
   2.74531999E-06   4.44809021E-03
   6.45456016E-02   3.37180006E-03
   6.55414984E-02   3.63681000E-03
   9.74194035E-02   3.65616009E-03
   6.37354003E-03   4.25729016E-03
   9.42149013E-03   4.31371992E-03
   2.28719003E-02   4.33294987E-03
   1.09425997E-02   4.42651007E-03
   1.60622001E-02   4.42986004E-03
   1.00660996E-04   4.53545013E-03
   1.08165003E-03   4.50055022E-03
   1.29766995E-03   4.51595010E-03
   3.00238002E-03   4.51871008E-03
   9.88320025E-05   4.53749020E-03
   9.47187003E-03   3.90181993E-03
  0.181208998       3.92116979E-03
   5.97577018E-04   4.52229986E-03
   5.93006029E-04   4.57873009E-03
   9.11610015E-03   4.59796004E-03
   2.79194000E-03   4.69151977E-03
   2.28965003E-02   4.69487021E-03
   5.76519014E-05   4.80045984E-03
   1.00662997E-04   4.76555992E-03
   8.14464001E-05   4.78095980E-03
   1.14483002E-03   4.78371978E-03
   9.15141027E-06   4.80249990E-03
  0.122648001       3.94051988E-03
   7.39405979E-04   4.54164995E-03
   4.94909007E-03   4.59808018E-03
   1.51768997E-02   4.61731013E-03
   2.70035993E-02   4.71086986E-03
   3.46430019E-02   4.71421983E-03
   6.08544971E-04   4.81980992E-03
   1.25371997E-04   4.78491001E-03
   6.72617985E-04   4.80030989E-03
   1.95106003E-03   4.80306987E-03
   1.18964999E-05   4.82184999E-03
   4.03746017E-05   5.14278002E-03
   2.93617995E-05   5.19920979E-03
   9.22131992E-04   5.21844020E-03
   5.87256000E-05   5.31199994E-03
   6.69845977E-05   5.31534990E-03
   2.75276011E-06   5.42094000E-03
   1.28460997E-05   5.38604008E-03
   3.67020994E-06   5.40143996E-03
   1.16533003E-04   5.40419994E-03
   9.17618991E-07   5.42298006E-03
   6.96148982E-06   5.25564002E-03
   1.33567001E-03   5.27486997E-03
   8.87580027E-05   5.36843017E-03
   6.76124007E-04   5.37178013E-03
   2.61051991E-06   5.47737023E-03
   4.35079983E-06   5.44246985E-03
   1.74027002E-06   5.45787020E-03
   1.69681007E-04   5.46063017E-03
   1.75867998E-03   5.29409992E-03
   1.36787002E-03   5.38766012E-03
   2.21674005E-03   5.39101008E-03
   1.06732004E-05   5.49660018E-03
   1.40399003E-04   5.46169979E-03
   1.73232998E-04   5.47710015E-03
   4.58955998E-04   5.47986012E-03
   1.31364004E-05   5.49863977E-03
   1.99489994E-04   5.48121985E-03
   3.49965994E-03   5.48456982E-03
   6.37609992E-06   5.59015991E-03
   1.00200004E-05   5.55526000E-03
   1.27526000E-05   5.57065988E-03
   1.90380000E-04   5.57341985E-03
   9.10938979E-07   5.59219997E-03
   2.57969997E-03   5.48791979E-03
   6.53320967E-05   5.59350988E-03
   1.15292996E-05   5.55860996E-03
   1.01839003E-04   5.57400985E-03
   3.32435011E-04   5.57676982E-03
   9.60824991E-07   5.59554994E-03
   1.83019995E-06   5.68235992E-03
   1.15217995E-06   5.62930014E-03
   1.15217995E-06   5.64470002E-03
   2.53475991E-05   5.64746000E-03
   3.11158983E-05   5.66285988E-03
   4.82571013E-05   5.66561986E-03
   2.68080998E-06   5.68439998E-03
       -1137       -1137
   8.58742967E-02   3.42099993E-05
  0.118528001       3.75599993E-05
   6.68487977E-03   1.43149999E-04
   8.91334005E-03   1.43490004E-04
   9.96412989E-03   1.08250002E-04
   8.27499013E-03   1.23649996E-04
   1.36262001E-02   1.26409999E-04
   8.97180988E-04   1.45190003E-04
   8.83698985E-02   1.08200002E-05
  0.131097004       3.00499996E-05
   6.04467988E-02   1.23610007E-04
   8.74034986E-02   1.26960003E-04
   1.53448004E-02   2.32549995E-04
   1.92047991E-02   2.32890001E-04
   1.32788997E-02   1.97650006E-04
   1.12854997E-02   2.13050007E-04
   1.67979002E-02   2.15809996E-04
   1.21125998E-03   2.34589999E-04
   3.21930014E-02   2.19399997E-04
   6.98074978E-03   2.75830011E-04
   5.68035990E-03   2.95059988E-04
   9.63515043E-03   3.88620014E-04
   1.20181004E-02   3.91970010E-04
   7.53130007E-04   4.97560017E-04
   7.48132006E-04   4.97900008E-04
   3.69282998E-03   4.62660013E-04
   7.60341994E-04   4.78060014E-04
   5.90924989E-04   4.80819988E-04
   3.21375992E-04   4.99600021E-04
   4.68273014E-02   2.38749999E-04
   1.62293995E-03   2.95180012E-04
   1.35634001E-02   3.14409990E-04
   1.27445003E-02   4.07969987E-04
   1.96829997E-02   4.11320012E-04
   9.03945998E-04   5.16909990E-04
   1.35744002E-03   5.17249980E-04
   5.33358986E-03   4.82009986E-04
   1.68639002E-04   4.97410016E-04
   1.41451997E-03   5.00169990E-04
   4.63800010E-04   5.18949993E-04
   6.88536977E-03   8.39880027E-04
   1.13441003E-02   8.96310026E-04
   2.06978004E-02   9.15539975E-04
   2.15991009E-02   1.00910000E-03
   3.14041004E-02   1.01244997E-03
   9.70139983E-04   1.11803995E-03
   1.22845999E-03   1.11837999E-03
   1.93266000E-03   1.08314003E-03
   1.55991002E-03   1.09854003E-03
   2.76791002E-03   1.10130000E-03
   1.73673005E-04   1.12008001E-03
   5.78365987E-04   9.52740025E-04
   1.43545005E-03   9.71969974E-04
   8.70868971E-04   1.06553000E-03
   3.76379001E-04   1.06887997E-03
   1.97783993E-05   1.17446994E-03
   6.53298994E-05   1.17480999E-03
   1.18851999E-03   1.13957003E-03
   1.28259999E-04   1.15497003E-03
   1.51636996E-04   1.15773000E-03
   1.03086997E-04   1.17651001E-03
   1.84596004E-03   9.91199980E-04
   9.51146998E-04   1.08475995E-03
   2.51390995E-03   1.08811003E-03
   6.60498990E-05   1.19370001E-03
   1.15447998E-04   1.19404006E-03
   2.08548992E-03   1.15879998E-03
   1.59096002E-04   1.17419998E-03
   4.15240997E-04   1.17695995E-03
   1.81495998E-04   1.19573995E-03
   2.63866998E-04   1.17832003E-03
   1.10110000E-03   1.18167000E-03
   6.04162014E-05   1.28725998E-03
   4.50679014E-04   1.28760003E-03
   2.30017002E-03   1.25235994E-03
   9.12457035E-05   1.26775994E-03
   1.06658998E-04   1.27052004E-03
   1.99753005E-04   1.28930004E-03
   6.54386997E-04   1.18501997E-03
   4.53190994E-04   1.29060994E-03
   2.54393002E-04   1.29094999E-03
   3.27426009E-03   1.25571003E-03
   3.80689016E-05   1.27111003E-03
   2.78555992E-04   1.27387000E-03
   2.83994013E-04   1.29265001E-03
   4.04624989E-05   1.39653997E-03
   8.53579986E-05   1.36130000E-03
   1.66283996E-06   1.37670001E-03
   6.65146990E-06   1.37945998E-03
   7.20567004E-06   1.39823998E-03
   1.66297002E-06   1.39688002E-03
   1.08091997E-04   1.36164005E-03
   7.76047000E-06   1.37704005E-03
   1.05320996E-05   1.37980003E-03
   9.42341012E-06   1.39858003E-03
   9.47122971E-05   1.32639997E-03
   1.29758002E-04   1.34179997E-03
   2.30150006E-04   1.34455995E-03
   1.70485000E-05   1.36333995E-03
   3.73013995E-06   1.35719997E-03
   9.01434032E-06   1.35995995E-03
   7.46016985E-06   1.37873995E-03
   1.49552998E-05   1.36272004E-03
   1.57026006E-05   1.38150004E-03
       -1137       -1137
   4.90941014E-03   8.25500028E-05
   5.99867990E-03   8.28900011E-05
   8.39153957E-03   4.76499990E-05
   8.08189996E-03   6.30499999E-05
   9.38470010E-03   6.58100034E-05
   7.06891005E-04   8.45899995E-05
  0.116703004       6.93999973E-05
  0.117358997       1.25830004E-04
  0.166399002       1.45059996E-04
   5.13489991E-02   2.38620007E-04
   5.72238006E-02   2.41970003E-04
   2.36169994E-02   3.47560010E-04
   3.51723991E-02   3.47900001E-04
   1.97634008E-02   3.12660006E-04
   1.40511002E-02   3.28060007E-04
   2.12295000E-02   3.30820010E-04
   1.81185000E-03   3.49600014E-04
   1.96839999E-02   8.87499991E-05
  0.138990998       1.45180005E-04
   1.41979996E-02   1.64409998E-04
   2.60837004E-03   2.57970009E-04
   6.71982020E-03   2.61320005E-04
   6.65734988E-04   3.66910012E-04
   5.64022979E-04   3.67250002E-04
   2.22688005E-03   3.32010008E-04
   1.36371003E-02   3.47410009E-04
   1.65372004E-03   3.50170012E-04
   1.95098997E-04   3.68949986E-04
   7.46215985E-04   6.89879991E-04
   1.04392003E-02   7.46309990E-04
   1.69801002E-03   7.65539997E-04
   3.63705010E-04   8.59100022E-04
   1.16750004E-03   8.62449990E-04
   1.70391995E-05   9.68040025E-04
   5.93447985E-05   9.68380016E-04
   1.98007998E-04   9.33139992E-04
   9.75366973E-04   9.48539993E-04
   2.03881995E-04   9.51300026E-04
   1.76267004E-05   9.70079971E-04
   7.87539966E-03   8.02739989E-04
   2.43663006E-02   8.21969996E-04
   2.21401993E-02   9.15530021E-04
   3.67418006E-02   9.18879989E-04
   8.38202017E-04   1.02446997E-03
   1.45389000E-03   1.02481002E-03
   1.82530005E-03   9.89570050E-04
   1.84376002E-03   1.00497005E-03
   3.23471008E-03   1.00773002E-03
   1.67267004E-04   1.02651003E-03
   7.25219026E-04   8.41200002E-04
   2.23303004E-03   9.34760028E-04
   1.68174005E-03   9.38109995E-04
   6.55883981E-04   1.04370003E-03
   1.95960994E-04   1.04403996E-03
   2.17962996E-04   1.00880000E-03
   2.53627007E-03   1.02420000E-03
   1.61970005E-04   1.02695997E-03
   1.86634006E-05   1.04573998E-03
   7.41835975E-04   1.02832005E-03
   2.03523994E-03   1.03167002E-03
   7.90577033E-05   1.13726000E-03
   1.33748006E-04   1.13760005E-03
   5.46867013E-05   1.10235997E-03
   2.01336993E-03   1.11775997E-03
   2.21117996E-04   1.12052006E-03
   4.75546994E-06   1.13929994E-03
   3.58738995E-04   1.03501999E-03
   2.09770995E-04   1.14060997E-03
   4.31886001E-05   1.14095001E-03
   1.12371003E-04   1.10571005E-03
   2.51419004E-03   1.12111005E-03
   1.15467999E-04   1.12387002E-03
   1.01364003E-05   1.14265003E-03
   6.78133001E-05   1.24653999E-03
   9.04180013E-07   1.21130003E-03
   5.28956989E-05   1.22670003E-03
   5.47037998E-05   1.22946000E-03
   4.52109987E-07   1.24688004E-03
   6.78156994E-06   1.21163996E-03
   9.22301988E-05   1.22703996E-03
   1.49190000E-05   1.22980005E-03
   4.52109987E-07   1.24858005E-03
   1.08799004E-05   1.17639999E-03
   1.32447007E-04   1.19179999E-03
   1.89200000E-05   1.19455997E-03
   1.89200000E-06   1.21333997E-03
   9.82025012E-05   1.20720000E-03
   2.96365994E-04   1.20995997E-03
   1.51980003E-05   1.22873997E-03
   1.09688999E-05   1.21271994E-03
   2.35040011E-06   1.23149995E-03
       -1137       -1137
   1.68619994E-02   3.64299995E-05
   9.21799019E-02   5.56599989E-05
   1.31550003E-02   1.49219995E-04
   1.03220996E-02   1.52570006E-04
   2.37207999E-03   2.58159998E-04
   3.50517011E-03   2.58499989E-04
   3.11790989E-03   2.23259995E-04
   2.13413010E-03   2.38659995E-04
   9.60227009E-03   2.41419999E-04
   2.78700987E-04   2.60200002E-04
   9.85734984E-02   0.00000000    
  0.109463997       5.57800013E-05
  0.204346001       7.50100007E-05
   5.30988984E-02   1.68569997E-04
   8.43871012E-02   1.71919994E-04
   2.18473002E-02   2.77510000E-04
   2.58096997E-02   2.77849991E-04
   1.75101999E-02   2.42609996E-04
   1.41391996E-02   2.58009997E-04
   2.39260998E-02   2.60770001E-04
   1.57900003E-03   2.79550004E-04
   7.84121978E-04   6.00480009E-04
   1.14980002E-03   6.56910008E-04
   1.67334005E-02   6.76140015E-04
   1.00555003E-03   7.69699982E-04
   1.08941004E-03   7.73050007E-04
   1.03152997E-04   8.78639985E-04
   1.56826994E-04   8.78979976E-04
   2.07147998E-04   8.43740010E-04
   1.31666995E-04   8.59140011E-04
   1.55232998E-03   8.61899985E-04
   1.84503006E-05   8.80679989E-04
   1.81861004E-04   7.13340007E-04
   2.00615004E-02   7.32570013E-04
   5.36840002E-04   8.26129981E-04
   3.42452992E-03   8.29480006E-04
   1.07542997E-04   9.35069984E-04
   6.41770021E-04   9.35409975E-04
   1.40767996E-04   9.00170009E-04
   3.84720988E-05   9.15570010E-04
   1.87983003E-03   9.18329984E-04
   1.22409001E-05   9.37109988E-04
   2.66274996E-02   7.51800020E-04
   3.53624001E-02   8.45359988E-04
   4.79069017E-02   8.48710013E-04
   1.88253005E-03   9.54299991E-04
   2.12371000E-03   9.54639982E-04
   2.61779991E-03   9.19400016E-04
   2.48208991E-03   9.34800017E-04
   6.02064980E-03   9.37559991E-04
   2.39493995E-04   9.56339994E-04
   2.20772999E-04   9.38920013E-04
   3.19282990E-03   9.42269980E-04
   3.40170991E-05   1.04786002E-03
   4.31839988E-04   1.04819995E-03
   9.23344996E-05   1.01295998E-03
   3.74908013E-05   1.02835998E-03
   2.86524999E-03   1.03111996E-03
   8.33117974E-06   1.04989996E-03
   1.51800003E-03   9.45620006E-04
   2.83583999E-04   1.05120998E-03
   2.57636013E-04   1.05155003E-03
   9.11074021E-05   1.01630995E-03
   2.14800995E-04   1.03170995E-03
   3.34505993E-03   1.03447004E-03
   7.84373970E-06   1.05325005E-03
   1.02942999E-04   1.15714001E-03
   9.17978014E-06   1.12190004E-03
   9.17978014E-06   1.13730005E-03
   1.35726994E-04   1.14006002E-03
   6.55702024E-07   1.15884002E-03
   5.90132004E-06   1.15747994E-03
   1.11466998E-05   1.12223998E-03
   5.50771001E-05   1.13763998E-03
   1.56708003E-04   1.14039995E-03
   6.55699012E-07   1.15917996E-03
   1.22145002E-05   1.08700001E-03
   1.36511999E-05   1.10240001E-03
   2.18415997E-04   1.10515999E-03
   2.15536011E-06   1.12393999E-03
   1.69327996E-06   1.11780001E-03
   2.48069991E-04   1.12055999E-03
   1.69327996E-06   1.13933999E-03
   4.25119011E-04   1.12331996E-03
   2.88900992E-05   1.14209997E-03
       -1137       -1137
   2.62970999E-02   1.24999997E-05
   4.38083988E-03   1.28399997E-05
   3.82230006E-04   1.45399999E-05
   4.49160999E-03   3.91899986E-04
   3.29319993E-03   4.11129993E-04
   9.89338011E-02   5.04689990E-04
   1.31460996E-02   5.08040015E-04
   2.67706998E-03   6.13629993E-04
   9.44638974E-04   6.13969984E-04
   2.61352998E-05   5.78730018E-04
   4.85396013E-04   5.94130019E-04
   2.68837000E-04   5.96889993E-04
   3.73386001E-06   6.15669996E-04
   1.96027989E-03   4.48330014E-04
   1.52115002E-02   4.67559992E-04
   8.19258988E-02   5.61119989E-04
   7.16116000E-03   5.64470014E-04
   1.81450997E-03   6.70059992E-04
   1.08276994E-03   6.70399982E-04
   4.36851988E-04   6.35160017E-04
   4.48044011E-04   6.50560018E-04
   1.51212001E-03   6.53319992E-04
   3.73379989E-05   6.72099995E-04
   5.73142990E-03   4.86789999E-04
  0.179967001       5.80349995E-04
   6.75809011E-03   5.83700021E-04
   1.39641995E-03   6.89289998E-04
   6.01142005E-04   6.89629989E-04
   3.73388990E-04   6.54390024E-04
   1.47854001E-03   6.69790024E-04
   1.10141002E-03   6.72549999E-04
   3.36043995E-05   6.91330002E-04
  0.144126996       6.73910021E-04
  0.295738012       6.77259988E-04
   9.13293008E-03   7.82850024E-04
   1.22276004E-02   7.83190015E-04
   1.48376003E-02   7.47949991E-04
   1.10509004E-02   7.63349992E-04
   2.30743997E-02   7.66110024E-04
   1.34386995E-03   7.84890028E-04
   4.89141000E-03   6.80610014E-04
   8.42737965E-03   7.86199991E-04
   5.48884971E-04   7.86539982E-04
   1.10892998E-03   7.51300016E-04
   6.49703026E-04   7.66700017E-04
   7.09425018E-04   7.69459992E-04
   9.33460979E-05   7.88239995E-04
   1.95645005E-03   8.92130018E-04
   4.03268001E-04   8.56889994E-04
   1.90423001E-04   8.72289995E-04
   1.68026003E-04   8.75050027E-04
   3.73395997E-05   8.93829972E-04
   7.46761998E-06   8.92470009E-04
   1.00814003E-04   8.57229985E-04
   7.09418964E-05   8.72629986E-04
   6.72095994E-05   8.75390018E-04
   7.46761998E-06   8.94170022E-04
   5.31054002E-06   8.21990019E-04
   7.43459968E-05   8.37390020E-04
   4.77940011E-05   8.40149994E-04
   3.26865993E-05   8.52790021E-04
   1.96124995E-04   8.55549995E-04
   4.66981010E-06   8.74329999E-04
   1.56544003E-04   8.58310028E-04
   1.04366000E-05   8.77089973E-04
       -1137       -1137
   1.12828002E-05   3.16119986E-04
   1.52694003E-03   3.72550014E-04
   6.96867006E-03   3.91779991E-04
   1.00373002E-02   4.85339988E-04
  0.106555998       4.88689984E-04
   9.02588014E-04   5.94280020E-04
   2.86192005E-03   5.94620011E-04
   2.63248003E-05   5.59379987E-04
   8.64985996E-05   5.74779988E-04
   6.69415982E-04   5.77540020E-04
   3.76084995E-06   5.96320024E-04
   7.52100004E-06   4.28980013E-04
   1.53652998E-02   4.48209990E-04
   1.04546000E-03   5.41770016E-04
  0.103009999       5.45119983E-04
   3.91092006E-04   6.50710019E-04
   1.38766004E-03   6.51050010E-04
   1.46652994E-04   6.15809986E-04
   3.76066009E-06   6.31209987E-04
   1.48168998E-03   6.33970019E-04
   1.12821999E-05   6.52750023E-04
   1.18685002E-02   4.67439997E-04
   9.55955964E-03   5.61000023E-04
  0.168980002       5.64349990E-04
   7.93498009E-04   6.69940026E-04
   1.89540000E-03   6.70280016E-04
   7.59645016E-04   6.35039993E-04
   1.42525998E-03   6.50439993E-04
   2.36155000E-03   6.53200026E-04
   6.76905984E-05   6.71979971E-04
   2.03082990E-03   6.54559990E-04
  0.210801005       6.57910015E-04
   4.13675007E-04   7.63499993E-04
   5.23108011E-03   7.63839984E-04
   8.31107027E-04   7.28600018E-04
   1.39138006E-04   7.44000019E-04
   9.02560016E-04   7.46759993E-04
   7.14514972E-05   7.65539997E-04
  0.243378997       6.61259983E-04
   1.05985003E-02   7.66850018E-04
   1.51254004E-02   7.67190009E-04
   1.56449005E-02   7.31949985E-04
   1.35190003E-02   7.47349986E-04
   2.20305007E-02   7.50110019E-04
   1.41401996E-03   7.68890022E-04
   1.65083003E-03   8.72779987E-04
   1.01537000E-04   8.37540021E-04
   4.51277010E-05   8.52940022E-04
   6.76916025E-05   8.55699996E-04
   7.52118012E-06   8.74480000E-04
   1.57945004E-04   8.73119978E-04
   4.13676986E-04   8.37880012E-04
   1.76750007E-04   8.53280013E-04
   2.03083997E-04   8.56039987E-04
   3.76075986E-05   8.74819991E-04
   1.89474995E-05   8.18039989E-04
   1.98952999E-04   8.20800022E-04
   2.93751014E-04   8.36200023E-04
   2.96482991E-04   8.38959997E-04
   1.79682993E-05   8.57740000E-04
       -1137       -1137
   1.31480005E-02   4.95800014E-05
   2.04086993E-02   4.99199996E-05
   6.18757010E-02   1.46800003E-05
   4.71703000E-02   3.00800002E-05
  0.102578998       3.28399983E-05
   5.40065998E-03   5.16200016E-05
   4.19702008E-02   6.88099972E-05
   4.93059009E-02   6.91500027E-05
   8.61516967E-02   3.39100006E-05
   8.65660012E-02   4.93100015E-05
  0.119933002       5.20700014E-05
   7.59718986E-03   7.08500011E-05
   5.40786004E-03   5.34300016E-05
   4.26652990E-02   5.67800016E-05
   1.38992001E-03   1.62369994E-04
   3.50842997E-03   1.62709999E-04
   2.67983004E-02   1.27470004E-04
   5.05340984E-03   1.42870005E-04
   1.80536006E-02   1.45629994E-04
   1.98437995E-03   1.64409998E-04
   1.85024999E-02   6.01300017E-05
   4.01969999E-03   1.65720005E-04
   3.41546000E-03   1.66059996E-04
   3.90499011E-02   1.30820001E-04
   1.60754994E-02   1.46220002E-04
   1.68085992E-02   1.48980005E-04
   2.88952002E-03   1.67759994E-04
   3.23721004E-04   2.71650002E-04
   2.65667005E-03   2.36409993E-04
   3.45517008E-04   2.51810008E-04
   8.21763999E-04   2.54570012E-04
   1.78369999E-04   2.73349986E-04
   2.95697992E-05   2.71989993E-04
   3.42052989E-03   2.36749998E-04
   2.73596990E-04   2.52149999E-04
   1.03595003E-03   2.54910003E-04
   2.29710000E-04   2.73690006E-04
   1.50058996E-02   2.01510004E-04
   1.82526000E-02   2.16910004E-04
   3.24179009E-02   2.19669993E-04
   2.40129000E-03   2.38449997E-04
   6.30863011E-03   2.32310005E-04
   2.76903994E-02   2.35069994E-04
   5.45543013E-03   2.53850012E-04
   2.48010997E-02   2.37829998E-04
   1.05122998E-02   2.56609987E-04
       -1137       -1137
   1.19500998E-02   1.23800000E-05
   9.01988987E-03   1.27200001E-05
   1.26403000E-03   1.44200003E-05
   8.35971981E-02   0.00000000    
  0.595360994       3.49999993E-07
   2.67165005E-02   1.05940002E-04
   5.45184016E-02   1.06280000E-04
   4.02292013E-02   7.10399981E-05
   2.84508001E-02   8.64399990E-05
   5.61770014E-02   8.92000025E-05
   3.68941994E-03   1.07979999E-04
   2.56494991E-02   3.69999998E-06
   6.24014018E-03   1.09289998E-04
   1.68034004E-03   1.09629997E-04
   6.09839009E-03   7.43900018E-05
   2.70149000E-02   8.97900027E-05
   6.31486997E-03   9.25499990E-05
   4.81830997E-04   1.11330002E-04
   4.47747996E-04   2.15220003E-04
   5.59141976E-04   1.79979994E-04
   1.74453005E-03   1.95379995E-04
   7.98089022E-04   1.98139998E-04
   4.84886004E-05   2.16920002E-04
   2.62106005E-06   2.15559994E-04
   2.65807990E-04   1.80319999E-04
   2.85760988E-03   1.95720000E-04
   2.59257009E-04   1.98480004E-04
   1.90026003E-05   2.17260007E-04
   7.33228007E-05   1.45080005E-04
   1.46845996E-03   1.60480005E-04
   2.17838999E-04   1.63239994E-04
   1.12810003E-05   1.82019998E-04
   1.56222004E-03   1.75880006E-04
   4.57047997E-03   1.78639995E-04
   2.56695988E-04   1.97419999E-04
   1.59627001E-04   1.81399999E-04
   2.83328009E-05   2.00180002E-04
       -1137       -1137
   9.53530986E-03   8.67100025E-05
   2.86298003E-02   8.70500007E-05
   2.84905005E-02   5.18099987E-05
   2.14903001E-02   6.72099995E-05
   8.80097002E-02   6.99700031E-05
   2.55446997E-03   8.87499991E-05
  0.124766998       9.00599989E-05
  0.124838002       9.03999971E-05
  0.149720997       5.51599987E-05
  0.144932002       7.05600032E-05
  0.231068999       7.33199995E-05
   1.40843997E-02   9.21000028E-05
   1.25080999E-03   1.95989996E-04
   1.36754999E-03   1.60750002E-04
   5.81187021E-04   1.76150003E-04
   8.34930036E-03   1.78910006E-04
   9.21554965E-05   1.97689995E-04
   7.20898024E-05   1.96330002E-04
   2.92447000E-03   1.61090007E-04
   2.46892008E-03   1.76489993E-04
   1.01001002E-02   1.79249997E-04
   2.21470007E-04   1.98030000E-04
   1.13418000E-05   1.25849998E-04
   9.46517976E-05   1.41249999E-04
   1.83273002E-03   1.44010002E-04
   2.18104992E-06   1.62790006E-04
   9.23112020E-06   1.56650000E-04
   8.02077004E-04   1.59410003E-04
   3.28207011E-06   1.78190006E-04
   1.52619998E-03   1.62170007E-04
   1.07802000E-04   1.80949995E-04
       -1137       -1137
   4.55342010E-02   0.00000000    
   3.67154996E-03   0.00000000    
   6.80221990E-02   1.02430000E-04
   4.75189984E-02   6.71899979E-05
   4.35566008E-02   8.25899988E-05
   7.08820000E-02   8.53500023E-05
   4.51919995E-03   1.04129998E-04
   4.25791986E-05   1.02769998E-04
   1.88667001E-03   6.75300034E-05
   6.64409017E-03   8.29299970E-05
   2.07590009E-03   8.56900006E-05
   1.45710001E-04   1.04469997E-04
   6.19019009E-02   3.22900014E-05
   3.86276990E-02   4.76899986E-05
   4.89527993E-02   5.04499985E-05
   6.02678023E-03   6.92300018E-05
  0.104552001       6.30900031E-05
  0.310456008       6.58499994E-05
   1.22298999E-02   8.46300027E-05
  0.113747999       6.86100029E-05
   9.00152978E-03   8.73899990E-05
       -1137       -1137
  0.157397002       9.90800036E-05
   1.94029007E-02   6.38400015E-05
   1.12873996E-02   7.92400024E-05
   5.22347987E-02   8.19999987E-05
   1.64499995E-03   1.00780002E-04
   1.57405008E-02   9.94200018E-05
  0.139589995       6.41799998E-05
  0.139019996       7.95800006E-05
  0.212770998       8.23399969E-05
   1.33627998E-02   1.01120000E-04
   5.65788001E-02   2.89399995E-05
   2.01872997E-02   4.43399986E-05
   5.52564003E-02   4.70999985E-05
   5.41580003E-03   6.58799981E-05
   5.31452009E-03   5.97399994E-05
   5.14828004E-02   6.25000030E-05
   1.04598003E-03   8.12799990E-05
   3.90578993E-02   6.52599992E-05
   3.20559996E-03   8.40400025E-05
       -1137       -1137
  0.389813006       1.05899999E-05
  0.602064013       1.33499998E-05
   8.12344998E-03   3.21299995E-05
       -1137       -1137
          -1          -1
