   6.91610016E-03   2.84103993E-02
   8.52798019E-03   2.87673008E-02
   9.11903009E-03   2.92557999E-02
   2.54904991E-03   3.37301008E-02
   1.69203000E-03   3.38844992E-02
   1.84718997E-03   3.39818001E-02
   1.27822001E-04   3.42542008E-02
   1.31178007E-04   3.42753008E-02
   5.81239990E-04   3.49108987E-02
   3.68534005E-04   3.49696018E-02
   4.00412013E-04   3.49906012E-02
   2.66723000E-05   3.50878984E-02
   2.71742992E-05   3.50916013E-02
   9.81229023E-05   3.51669006E-02
   5.09954007E-05   3.51829007E-02
   5.36783991E-05   3.51858996E-02
   8.72312012E-06   3.52053009E-02
   9.21225990E-04   2.91242003E-02
   1.88974999E-02   2.96126995E-02
   1.31174002E-03   3.40869986E-02
   3.25422006E-04   3.42414007E-02
   3.18631995E-03   3.43387015E-02
   1.47779007E-04   3.46110985E-02
   4.79406997E-04   3.46321985E-02
   2.87670002E-04   3.52678001E-02
   6.94432019E-05   3.53264995E-02
   6.66445994E-04   3.53474990E-02
   3.01929995E-05   3.54447998E-02
   9.77992022E-05   3.54484990E-02
   1.67739998E-07   3.55594009E-02
   4.81419993E-05   3.55237983E-02
   9.56146960E-06   3.55397984E-02
   8.87287970E-05   3.55428010E-02
   4.36129994E-06   3.55621986E-02
   9.20097996E-03   3.01012006E-02
   1.35536003E-03   3.45754996E-02
   3.07996990E-03   3.47299017E-02
   3.19116004E-03   3.48271988E-02
   5.64289978E-04   3.50995995E-02
   5.11110004E-04   3.51206996E-02
   2.95223988E-04   3.57563011E-02
   6.46303990E-04   3.58150005E-02
   6.72005001E-04   3.58360000E-02
   1.15739000E-04   3.59333009E-02
   1.04503997E-04   3.59370001E-02
   3.35488011E-07   3.60478982E-02
   4.93172993E-05   3.60122994E-02
   8.87307979E-05   3.60282995E-02
   8.95749981E-05   3.60312983E-02
   4.36138998E-06   3.60506997E-02
   2.31339000E-04   3.90498005E-02
   2.62371992E-04   3.92041989E-02
   2.76965002E-04   3.93014997E-02
   1.82854001E-05   3.95739004E-02
   1.79497001E-05   3.95950004E-02
   1.05182000E-04   4.02305983E-02
   5.72042991E-05   4.02893014E-02
   6.02239998E-05   4.03103009E-02
   3.85833982E-06   4.04076017E-02
   3.69061991E-06   4.04113010E-02
   1.77813999E-05   4.04866003E-02
   7.88448961E-06   4.05026004E-02
   8.05211039E-06   4.05055992E-02
   1.50983999E-06   4.05250005E-02
   2.76777992E-05   3.93586010E-02
   5.29062003E-04   3.94559018E-02
   1.92906991E-05   3.97282988E-02
   6.08906994E-05   3.97493988E-02
   5.77028986E-05   4.03850004E-02
   1.17412001E-05   4.04436998E-02
   1.11039997E-04   4.04646993E-02
   4.02585010E-06   4.05620001E-02
   1.25806000E-05   4.05656993E-02
   9.72849011E-06   4.06409986E-02
   1.67741996E-06   4.06569988E-02
   1.47616001E-05   4.06600013E-02
   8.38690994E-07   4.06793989E-02
   2.78119987E-04   3.95531990E-02
   7.76676025E-05   3.98255996E-02
   6.86064013E-05   3.98466997E-02
   6.03877015E-05   4.04823013E-02
   1.11380003E-04   4.05410007E-02
   1.17246003E-04   4.05620001E-02
   1.61030002E-05   4.06593010E-02
   1.40903003E-05   4.06630002E-02
   1.00641000E-05   4.07382995E-02
   1.52645007E-05   4.07542996E-02
   1.56001006E-05   4.07572985E-02
   8.38689004E-07   4.07766998E-02
   1.65274997E-07   4.00980003E-02
   9.09061964E-06   4.01192009E-02
   3.96665018E-06   4.07547988E-02
   3.80130996E-06   4.08134013E-02
   1.53707006E-05   4.08345014E-02
   1.81809003E-06   4.09354009E-02
   6.61082993E-07   4.10107002E-02
   4.95825986E-07   4.10268009E-02
   1.98333009E-06   4.10297997E-02
   2.18063997E-06   4.01403010E-02
   3.85807016E-06   4.07758988E-02
   1.20778004E-05   4.08345014E-02
   1.37548004E-05   4.08556014E-02
   1.84524004E-06   4.09528986E-02
   8.38695996E-07   4.09565009E-02
   6.70953000E-07   4.10318002E-02
   1.67742996E-06   4.10479009E-02
   1.84524004E-06   4.10508998E-02
   1.16364999E-05   4.14115004E-02
   1.22912998E-05   4.14700992E-02
   1.27836001E-05   4.14911993E-02
   8.19404988E-07   4.15885001E-02
   8.19404988E-07   4.15921994E-02
   3.93327991E-06   4.16674018E-02
   1.63884999E-06   4.16834988E-02
   1.80280006E-06   4.16865014E-02
   3.27770010E-07   4.17058989E-02
   1.12094006E-06   4.15287018E-02
   2.22599992E-05   4.15498018E-02
   8.00707028E-07   4.16470990E-02
   2.40216991E-06   4.16507982E-02
   2.08185998E-06   4.17261012E-02
   3.20291008E-07   4.17421013E-02
   3.04280002E-06   4.17451002E-02
   1.60145007E-07   4.17645015E-02
   1.19208999E-05   4.15708981E-02
   3.06094989E-06   4.16681990E-02
   2.73873002E-06   4.16718014E-02
   2.09428003E-06   4.17471007E-02
   3.06094989E-06   4.17632014E-02
   3.22202004E-06   4.17662002E-02
   1.61100004E-07   4.17855009E-02
   3.35485993E-07   4.17690985E-02
   1.67742002E-07   4.18444015E-02
   1.67742002E-07   4.18604985E-02
   5.03227000E-07   4.18635011E-02
   1.48761004E-07   4.17728014E-02
   1.48761004E-07   4.18481007E-02
   2.97523002E-07   4.18641008E-02
   2.97523002E-07   4.18670997E-02
   3.23323007E-07   4.19234000E-02
   3.23323007E-07   4.19394001E-02
   3.23323007E-07   4.19423990E-02
   5.21859022E-07   4.19584997E-02
   1.67739998E-07   4.19614986E-02
       -1137       -1137
   5.41131012E-02   5.76499988E-05
   3.97611000E-02   1.16260002E-04
   4.83178012E-02   1.37340001E-04
   1.28798997E-02   2.34620005E-04
   2.05940008E-02   2.38310007E-04
   1.21569000E-02   3.49250011E-04
   8.74201022E-03   3.13600001E-04
   5.16422978E-03   3.29639995E-04
   6.11684984E-03   3.32639989E-04
   7.73508975E-04   3.52010014E-04
   6.54617995E-02   5.46150026E-04
   2.82982998E-02   6.04760018E-04
   5.14248013E-02   6.25839981E-04
   6.51248991E-02   7.23120000E-04
   8.26423988E-02   7.26810016E-04
   1.69040002E-02   8.37749976E-04
   1.06391003E-02   8.02099996E-04
   3.76794999E-03   8.18139990E-04
   6.72286004E-03   8.21140013E-04
   9.42851009E-04   8.40510009E-04
   1.24593005E-02   3.83959990E-03
   2.48902999E-02   3.99400014E-03
   4.51378003E-02   4.09130007E-03
   3.54931988E-02   4.36371984E-03
   4.95120995E-02   4.38483991E-03
   4.83235018E-03   5.02044987E-03
   5.30668022E-03   5.07905986E-03
   9.54592973E-03   5.10013988E-03
   6.25484996E-03   5.19741978E-03
   8.67820997E-03   5.20111015E-03
   9.81562989E-05   5.31205023E-03
   7.96294014E-04   5.27640013E-03
   7.30627973E-04   5.29243983E-03
   1.27317000E-03   5.29544009E-03
   7.05046987E-05   5.31481020E-03
   1.20268996E-04   4.14839992E-03
   8.31530022E-04   4.24569985E-03
   1.13641995E-03   4.51812008E-03
   1.35121001E-02   4.53924015E-03
   3.84869007E-03   5.17485011E-03
   2.41924008E-05   5.23346011E-03
   1.65207995E-04   5.25454013E-03
   1.99076996E-04   5.35182003E-03
   1.55875995E-03   5.35550993E-03
   3.31783995E-05   5.46645001E-03
   6.03443012E-04   5.43079991E-03
   2.76487003E-06   5.44684008E-03
   2.21190003E-05   5.44983987E-03
   5.32236991E-05   5.46920998E-03
   1.06110005E-03   4.34299977E-03
   8.32847971E-03   4.61542001E-03
   5.56161022E-03   4.63654008E-03
   6.97094016E-03   5.27215004E-03
   1.66586004E-04   5.33076003E-03
   3.37325007E-04   5.35184005E-03
   7.94212974E-04   5.44911996E-03
   5.48136013E-04   5.45280986E-03
   1.01614998E-04   5.56374993E-03
   1.09217002E-03   5.52809983E-03
   2.28108001E-05   5.54414000E-03
   4.28571984E-05   5.54713979E-03
   9.60800025E-05   5.56650991E-03
   2.01138994E-03   4.88783978E-03
   7.04768002E-02   4.90895985E-03
   5.16563002E-03   5.54456981E-03
   3.11050011E-04   5.60317980E-03
   1.81660999E-03   5.62425982E-03
   6.99519005E-04   5.72154019E-03
   8.96233041E-03   5.72523009E-03
   1.16818999E-04   5.83617017E-03
   8.01809016E-04   5.80052007E-03
   4.49299005E-05   5.81655977E-03
   2.43312999E-04   5.81956003E-03
   7.05049970E-05   5.83893014E-03
   1.98013000E-02   4.93007991E-03
   7.25862011E-03   5.56568988E-03
   2.61416007E-03   5.62429987E-03
   1.27460004E-03   5.64537989E-03
   8.84022005E-03   5.74265979E-03
   5.27969981E-03   5.74635016E-03
   3.71186994E-04   5.85728977E-03
   1.12948997E-03   5.82164014E-03
   3.53910989E-04   5.83767984E-03
   1.72118002E-04   5.84068010E-03
   9.95381997E-05   5.86005021E-03
   4.43759986E-04   6.20129984E-03
   8.22566974E-04   6.25990983E-03
   1.47722999E-03   6.28098985E-03
   9.08283982E-04   6.37827022E-03
   1.26635004E-03   6.38196012E-03
   1.17514001E-05   6.49290020E-03
   1.45158003E-04   6.45725010E-03
   1.13360999E-04   6.47328980E-03
   1.96997004E-04   6.47629006E-03
   1.31330999E-05   6.49566017E-03
   1.38249004E-06   6.31851982E-03
   3.38694008E-05   6.33959984E-03
   4.63126999E-05   6.43688021E-03
   3.11050011E-04   6.44057011E-03
   4.14726992E-06   6.55151019E-03
   1.29259002E-04   6.51586009E-03
   4.14726992E-06   6.53490005E-03
   1.10595001E-05   6.55427016E-03
   2.68557997E-05   6.36067986E-03
   1.85245997E-04   6.45795977E-03
   1.33592999E-04   6.46165013E-03
   1.65280999E-05   6.57259021E-03
   2.30699006E-04   6.53694011E-03
   4.82036012E-06   6.55297982E-03
   6.88630007E-06   6.55598007E-03
   2.06595996E-05   6.57535018E-03
   5.73733996E-05   6.55524014E-03
   1.20754004E-03   6.55893004E-03
   1.45160002E-05   6.66987011E-03
   1.41016993E-04   6.63422002E-03
   6.22122980E-06   6.65026018E-03
   2.48849992E-05   6.65325997E-03
   1.24424996E-05   6.67263009E-03
   3.72581999E-04   6.56261994E-03
   3.73264993E-05   6.67356001E-03
   1.96302004E-04   6.63790992E-03
   4.21654986E-05   6.65395008E-03
   1.79719991E-05   6.65694987E-03
   1.72800992E-05   6.67631999E-03
   2.07373000E-06   6.74884999E-03
   6.91221999E-07   6.76489016E-03
   2.07373000E-06   6.76788995E-03
   1.29536002E-05   6.71319989E-03
   1.98107991E-05   6.72924006E-03
   3.42874991E-05   6.73223985E-03
   2.28591011E-06   6.75160997E-03
   1.35006997E-06   6.74828002E-03
   2.70021997E-06   6.76765013E-03
   2.94500012E-07   6.75127981E-03
   1.17800005E-06   6.77064992E-03
       -1137       -1137
   1.01768998E-02   1.89250000E-04
   5.00474013E-02   2.47860007E-04
   1.67881995E-02   2.68939999E-04
   6.35610968E-02   3.66219989E-04
   2.32615992E-02   3.69910005E-04
   5.27477008E-04   4.80849994E-04
   1.55010005E-03   4.45200014E-04
   6.49743015E-03   4.61240008E-04
   2.22373009E-03   4.64240002E-04
   1.36225004E-04   4.83609998E-04
   9.45397012E-04   3.48270009E-03
   2.41694003E-02   3.63710010E-03
   2.33685994E-03   3.73440003E-03
   2.10247003E-03   4.00681980E-03
   3.14176991E-03   4.02793987E-03
   3.39760998E-04   4.66354983E-03
   3.50477989E-03   4.72215982E-03
   4.38615010E-04   4.74323984E-03
   2.65828014E-04   4.84052021E-03
   3.41442996E-04   4.84421011E-03
   2.65828003E-05   4.95515019E-03
   5.48276003E-05   4.91950009E-03
   4.51063999E-04   4.93553979E-03
   5.73184989E-05   4.93854005E-03
   4.98426016E-06   4.95791016E-03
   2.40187999E-02   3.79150012E-03
   7.30452985E-02   3.88880004E-03
   3.89912985E-02   4.16122004E-03
   6.50738999E-02   4.18234011E-03
   5.61627978E-03   4.81795007E-03
   8.74315016E-03   4.87656007E-03
   1.51751004E-02   4.89764009E-03
   6.86061988E-03   4.99491999E-03
   1.14372000E-02   4.99860989E-03
   1.07986001E-04   5.10954997E-03
   9.51135997E-04   5.07389987E-03
   1.17625995E-03   5.08994004E-03
   2.01862003E-03   5.09293983E-03
   8.47311021E-05   5.11230994E-03
   1.88569003E-03   3.98610020E-03
   4.47436012E-02   4.25851997E-03
   6.09180983E-03   4.27964004E-03
   4.64376993E-04   4.91525000E-03
   1.09700002E-02   4.97385999E-03
   6.63733983E-04   4.99494001E-03
   6.72214990E-03   5.09221992E-03
   8.59786989E-04   5.09590982E-03
   6.89498993E-05   5.20684989E-03
   7.64259021E-05   5.17119979E-03
   1.42135005E-03   5.18723996E-03
   8.55636972E-05   5.19024022E-03
   6.64580011E-06   5.20960987E-03
   4.11241017E-02   4.53094020E-03
  0.174342006       4.55205981E-03
   4.94247011E-04   5.18766977E-03
   5.82470000E-03   5.24628023E-03
   8.75352044E-03   5.26735978E-03
   1.23143001E-02   5.36464015E-03
   2.79968996E-02   5.36833005E-03
   4.37771989E-04   5.47927013E-03
   8.39001004E-05   5.44362003E-03
   7.59259972E-04   5.45966020E-03
   1.15217001E-03   5.46265999E-03
   7.47636977E-06   5.48203010E-03
   8.33441038E-03   4.57317987E-03
   6.10575022E-04   5.20878984E-03
   8.64857994E-03   5.26739983E-03
   1.08985999E-03   5.28847985E-03
   2.19947007E-02   5.38576022E-03
   2.43396009E-03   5.38945012E-03
   1.80261006E-04   5.50039019E-03
   9.96817980E-05   5.46474010E-03
   1.09569996E-03   5.48077980E-03
   1.41219003E-04   5.48378006E-03
   9.13798976E-06   5.50315017E-03
   2.99046005E-05   5.84439980E-03
   8.18239991E-04   5.90300979E-03
   8.80497028E-05   5.92408981E-03
   6.06411013E-05   6.02137018E-03
   6.72867027E-05   6.02506008E-03
   4.98407007E-06   6.13600016E-03
   9.13762960E-06   6.10035006E-03
   1.05496998E-04   6.11639023E-03
   1.16304000E-05   6.11939002E-03
   8.30698980E-07   6.13876013E-03
   7.27602979E-04   5.96161978E-03
   2.18282011E-03   5.98269980E-03
   9.65336978E-04   6.07998017E-03
   1.46644004E-03   6.08367007E-03
   1.27233998E-05   6.19461015E-03
   1.32796005E-04   6.15896005E-03
   1.94022999E-04   6.17500022E-03
   2.90238997E-04   6.17800001E-03
   1.19278002E-05   6.19737012E-03
   5.88801013E-05   6.00377982E-03
   1.32436003E-03   6.10106019E-03
   1.57564995E-04   6.10475009E-03
   1.07800997E-05   6.21569017E-03
   1.40973998E-05   6.18004007E-03
   2.95230013E-04   6.19607978E-03
   1.49269999E-05   6.19908003E-03
   1.65860001E-06   6.21845014E-03
   9.11262003E-04   6.19834010E-03
   3.64942988E-03   6.20203000E-03
   4.65207013E-05   6.31297007E-03
   9.96820017E-06   6.27731998E-03
   1.31246998E-04   6.29336014E-03
   1.74449000E-04   6.29635993E-03
   8.30732972E-07   6.31573005E-03
   2.12539002E-04   6.20571990E-03
   2.37256008E-05   6.31665997E-03
   1.28503998E-05   6.28100988E-03
   2.31322003E-04   6.29705004E-03
   2.47143998E-05   6.30004983E-03
   9.88550028E-07   6.31941995E-03
   8.30711997E-07   6.39194995E-03
   1.66145003E-06   6.40799012E-03
   1.66145003E-06   6.41098991E-03
   1.07256994E-06   6.35629985E-03
   2.35962998E-05   6.37234002E-03
   2.14516990E-06   6.37533981E-03
   1.86980997E-05   6.38838019E-03
   5.49237993E-05   6.39137998E-03
   2.33725996E-06   6.41075009E-03
       -1137       -1137
   1.25432003E-03   2.99419998E-03
   8.37988977E-04   3.14859999E-03
   2.76493002E-02   3.24589992E-03
   2.76402012E-03   3.51831992E-03
   3.26752989E-03   3.53943999E-03
   4.51033993E-04   4.17505018E-03
   1.45893006E-04   4.23366018E-03
   3.99773987E-03   4.25474020E-03
   2.53537990E-04   4.35202010E-03
   2.73999001E-04   4.35571000E-03
   3.29155009E-05   4.46665008E-03
   7.29484964E-05   4.43099998E-03
   1.95718003E-05   4.44704015E-03
   4.99941001E-04   4.45003994E-03
   6.22708012E-06   4.46941005E-03
   2.55316001E-04   3.30300000E-03
   4.61341999E-02   3.40029993E-03
   2.88232998E-03   3.67271993E-03
   2.58456003E-02   3.69384000E-03
   1.62801007E-04   4.32944996E-03
   9.07440990E-05   4.38805996E-03
   6.91593997E-03   4.40913998E-03
   4.69699997E-04   4.50641988E-03
   3.62699991E-03   4.51010978E-03
   3.64728985E-05   4.62104985E-03
   2.66883999E-05   4.58540022E-03
   1.24544003E-05   4.60143993E-03
   8.70032003E-04   4.60444018E-03
   2.66883990E-06   4.62380983E-03
   6.37684017E-02   3.49760009E-03
   6.49553984E-02   3.77002009E-03
   9.63146016E-02   3.79113993E-03
   6.35633990E-03   4.42674989E-03
   9.41069983E-03   4.48535988E-03
   2.27517001E-02   4.50643990E-03
   1.09735997E-02   4.60371980E-03
   1.60620995E-02   4.60741017E-03
   1.70807005E-04   4.71834978E-03
   1.07464998E-03   4.68270015E-03
   1.28723006E-03   4.69873985E-03
   2.95795989E-03   4.70174011E-03
   9.60784018E-05   4.72111022E-03
   9.38165002E-03   4.04244009E-03
  0.179171994       4.06356016E-03
   5.98707004E-04   4.69917012E-03
   5.88016992E-04   4.75778012E-03
   9.06287041E-03   4.77886014E-03
   2.79689999E-03   4.87614004E-03
   2.28471998E-02   4.87982994E-03
   9.69698012E-05   4.99077002E-03
   1.00525001E-04   4.95511992E-03
   8.00640992E-05   4.97116009E-03
   1.12620997E-03   4.97415988E-03
   8.89641979E-06   4.99352999E-03
  0.121224001       4.08468023E-03
   7.48160004E-04   4.72029019E-03
   4.89812996E-03   4.77890018E-03
   1.50680002E-02   4.79998020E-03
   2.70147994E-02   4.89726011E-03
   3.46188992E-02   4.90095001E-03
   1.03012996E-03   5.01189008E-03
   1.26322004E-04   4.97623999E-03
   6.60995021E-04   4.99228016E-03
   1.91885000E-03   4.99527995E-03
   1.15652001E-05   5.01465006E-03
   4.01106990E-05   5.35590015E-03
   2.85230999E-05   5.41451015E-03
   9.22529027E-04   5.43559017E-03
   5.88274997E-05   5.53287007E-03
   6.77408025E-05   5.53655997E-03
   4.45658998E-06   5.64750005E-03
   1.33696003E-05   5.61184995E-03
   3.56523992E-06   5.62789012E-03
   1.14985000E-04   5.63088991E-03
   8.91378022E-07   5.65026002E-03
   6.81547999E-06   5.47312014E-03
   1.34860002E-03   5.49420016E-03
   8.94486002E-05   5.59148006E-03
   6.79827994E-04   5.59516996E-03
   5.11135022E-06   5.70611004E-03
   4.25953021E-06   5.67045994E-03
   1.70383998E-06   5.68650011E-03
   1.69534003E-04   5.68949990E-03
   1.77218998E-03   5.51528018E-03
   1.38680998E-03   5.61256008E-03
   2.24356004E-03   5.61624998E-03
   1.76981994E-05   5.72719006E-03
   1.40780001E-04   5.69153996E-03
   1.73759006E-04   5.70758013E-03
   4.57730988E-04   5.71057992E-03
   1.28713000E-05   5.72995003E-03
   2.02263007E-04   5.70983998E-03
   3.54216993E-03   5.71352988E-03
   9.75792045E-06   5.82446996E-03
   9.75792045E-06   5.78881986E-03
   1.24192002E-05   5.80486003E-03
   1.89842001E-04   5.80785982E-03
   8.87143017E-07   5.82722994E-03
   2.62555992E-03   5.71721978E-03
   1.11982001E-04   5.82815986E-03
   1.22340998E-05   5.79251023E-03
   1.01635997E-04   5.80854993E-03
   3.33139993E-04   5.81155019E-03
   9.41118003E-07   5.83091984E-03
   5.51975006E-07   5.90344984E-03
   5.51975006E-07   5.91949001E-03
   1.65585004E-06   5.92248980E-03
   1.18906996E-06   5.86780021E-03
   1.18906996E-06   5.88383991E-03
   2.61587993E-05   5.88684017E-03
   3.43239990E-05   5.90287987E-03
   5.56593004E-05   5.90588013E-03
   3.00862007E-06   5.92524977E-03
       -1137       -1137
   8.44227001E-02   3.21199987E-05
  0.116816998       3.58100006E-05
   1.01594999E-02   1.46749997E-04
   1.35982996E-02   1.47159997E-04
   9.66931973E-03   1.11100002E-04
   8.04321002E-03   1.27139996E-04
   1.30887004E-02   1.30140004E-04
   8.45729024E-04   1.49510000E-04
   8.60038027E-02   1.10600004E-05
  0.125116006       3.21400003E-05
   5.77696003E-02   1.29420005E-04
   8.33666027E-02   1.33110007E-04
   2.40774006E-02   2.44049996E-04
   3.02936006E-02   2.44460010E-04
   1.27475001E-02   2.08400001E-04
   1.08289998E-02   2.24439995E-04
   1.59128997E-02   2.27440003E-04
   1.12644001E-03   2.46809999E-04
   3.09424996E-02   2.24870004E-04
   6.73726993E-03   2.83480011E-04
   5.54155977E-03   3.04560002E-04
   9.40464996E-03   4.01839992E-04
   1.17608001E-02   4.05530009E-04
   1.18547003E-03   5.16469998E-04
   1.17320998E-03   5.16880013E-04
   3.52471997E-03   4.80819988E-04
   7.27490988E-04   4.96860011E-04
   5.69701020E-04   4.99859976E-04
   2.98313011E-04   5.19229972E-04
   4.49877009E-02   2.45989999E-04
   1.54384004E-03   3.04599991E-04
   1.30548999E-02   3.25680012E-04
   1.24928001E-02   4.22960002E-04
   1.92115009E-02   4.26649989E-04
   1.41125999E-03   5.37590007E-04
   2.14282004E-03   5.38000022E-04
   5.08383010E-03   5.01940027E-04
   1.59820993E-04   5.17980021E-04
   1.34584005E-03   5.20979986E-04
   4.29533015E-04   5.40349982E-04
   6.53898017E-03   8.81600019E-04
   1.08174998E-02   9.40210011E-04
   1.96666997E-02   9.61289974E-04
   2.06703003E-02   1.05856999E-03
   3.00115999E-02   1.06226001E-03
   1.53301004E-03   1.17319997E-03
   1.95011997E-03   1.17360998E-03
   1.83084002E-03   1.13754999E-03
   1.48025004E-03   1.15359004E-03
   2.60878005E-03   1.15658995E-03
   1.60014999E-04   1.17595994E-03
   5.50983008E-04   9.98819945E-04
   1.37345004E-03   1.01989997E-03
   8.31020006E-04   1.11717999E-03
   3.71125003E-04   1.12087000E-03
   2.95974005E-05   1.23180996E-03
   1.03020000E-04   1.23221998E-03
   1.13835000E-03   1.19615998E-03
   1.21236997E-04   1.21220003E-03
   1.43436002E-04   1.21520006E-03
   9.61941987E-05   1.23457005E-03
   1.76439004E-03   1.04097999E-03
   9.40099009E-04   1.13826001E-03
   2.45437003E-03   1.14195002E-03
   1.03241997E-04   1.25288998E-03
   1.84632998E-04   1.25330000E-03
   1.99329993E-03   1.21724000E-03
   1.51857006E-04   1.23328005E-03
   3.93316994E-04   1.23627996E-03
   1.68793005E-04   1.25564996E-03
   2.50028010E-04   1.23554002E-03
   1.07200001E-03   1.23923004E-03
   9.62959966E-05   1.35017000E-03
   7.25121005E-04   1.35058002E-03
   2.19220994E-03   1.31452002E-03
   8.52735975E-05   1.33055996E-03
   1.03837003E-04   1.33355998E-03
   1.85051002E-04   1.35292998E-03
   6.29885006E-04   1.24292006E-03
   7.25954014E-04   1.35386002E-03
   4.09833010E-04   1.35427003E-03
   3.13224993E-03   1.31821004E-03
   3.77260003E-05   1.33424997E-03
   2.68648000E-04   1.33725000E-03
   2.64072005E-04   1.35661999E-03
   3.24703001E-06   1.46479998E-03
   1.08786000E-04   1.46520999E-03
   1.39094001E-04   1.42915000E-03
   2.70599003E-06   1.44519005E-03
   1.02829999E-05   1.44818996E-03
   1.19069000E-05   1.46755995E-03
   1.56954993E-05   1.46562001E-03
   1.76980000E-04   1.42956001E-03
   1.24482003E-05   1.44559995E-03
   1.73192002E-05   1.44859997E-03
   1.46128004E-05   1.46796997E-03
   9.81168996E-05   1.39350002E-03
   1.34236994E-04   1.40953995E-03
   2.36741995E-04   1.41253998E-03
   1.70844996E-05   1.43190997E-03
   4.42473993E-06   1.42558001E-03
   1.03247003E-05   1.42858003E-03
   8.48109994E-06   1.44795002E-03
   1.71270003E-05   1.43158005E-03
   1.80048992E-05   1.45095005E-03
       -1137       -1137
   7.61504984E-03   8.96499987E-05
   9.18928999E-03   9.00599989E-05
   7.81838968E-03   5.40000001E-05
   7.59771978E-03   7.00399978E-05
   8.68938025E-03   7.30399988E-05
   6.42963976E-04   9.24100023E-05
  0.110785998       7.04699996E-05
  0.111217998       1.29079999E-04
  0.155725002       1.50160005E-04
   4.88026999E-02   2.47440010E-04
   5.46953008E-02   2.51129997E-04
   3.63876000E-02   3.62069986E-04
   5.45326993E-02   3.62480001E-04
   1.86179001E-02   3.26420006E-04
   1.31962998E-02   3.42460000E-04
   1.96662992E-02   3.45459994E-04
   1.66313001E-03   3.64829990E-04
   1.87167991E-02   9.15900018E-05
  0.130882993       1.50199994E-04
   1.32779004E-02   1.71280000E-04
   2.38453993E-03   2.68559990E-04
   6.37250999E-03   2.72250007E-04
   1.03962002E-03   3.83189996E-04
   8.77531013E-04   3.83600011E-04
   2.09493004E-03   3.47539986E-04
   1.27293002E-02   3.63580009E-04
   1.53142004E-03   3.66580003E-04
   1.78197006E-04   3.85949999E-04
   7.63929973E-04   7.27200008E-04
   1.06503004E-02   7.85810000E-04
   1.72770000E-03   8.06890021E-04
   3.67086002E-04   9.04169981E-04
   1.19943998E-03   9.07859998E-04
   2.49874993E-05   1.01879996E-03
   9.99522017E-05   1.01920997E-03
   2.02288997E-04   9.83149977E-04
   9.88224987E-04   9.99190030E-04
   2.05849996E-04   1.00219005E-03
   1.72534001E-05   1.02156005E-03
   8.05449020E-03   8.44419992E-04
   2.48259995E-02   8.65500013E-04
   2.27205995E-02   9.62779974E-04
   3.76547985E-02   9.66469990E-04
   1.41433999E-03   1.07740995E-03
   2.46495008E-03   1.07781996E-03
   1.85360003E-03   1.04175997E-03
   1.87466003E-03   1.05780002E-03
   3.26809008E-03   1.06080004E-03
   1.65414007E-04   1.08017004E-03
   7.40812975E-04   8.86579975E-04
   2.26011989E-03   9.83859994E-04
   1.71366998E-03   9.87550011E-04
   1.11087004E-03   1.09848997E-03
   3.31057003E-04   1.09889999E-03
   2.20026006E-04   1.06283999E-03
   2.56217993E-03   1.07888004E-03
   1.64177007E-04   1.08187995E-03
   1.88394006E-05   1.10124995E-03
   7.69507024E-04   1.08114001E-03
   2.14584009E-03   1.08483003E-03
   1.34040994E-04   1.19576999E-03
   2.32733000E-04   1.19618000E-03
   5.60531007E-05   1.16012001E-03
   2.08061002E-03   1.17615995E-03
   2.26032993E-04   1.17915997E-03
   4.87425996E-06   1.19852996E-03
   4.09169006E-04   1.08852005E-03
   3.85577994E-04   1.19946001E-03
   8.00646012E-05   1.19987002E-03
   1.27716994E-04   1.16381003E-03
   2.82147992E-03   1.17984996E-03
   1.28693006E-04   1.18284998E-03
   1.08063996E-05   1.20221998E-03
   8.40904977E-06   1.31039997E-03
   2.03793999E-04   1.31080998E-03
   1.48393997E-06   1.27474999E-03
   9.59618992E-05   1.29079004E-03
   9.99195981E-05   1.29378994E-03
   4.94660981E-06   1.31122000E-03
   1.18716998E-05   1.27516000E-03
   1.68184997E-04   1.29120005E-03
   2.67111009E-05   1.29419996E-03
   9.89285013E-07   1.31356996E-03
   1.18332000E-05   1.23910001E-03
   1.43541998E-04   1.25514006E-03
   2.00649993E-05   1.25813996E-03
   2.05787001E-06   1.27750996E-03
   1.15937997E-04   1.27117999E-03
   3.47118999E-04   1.27418002E-03
   1.72532000E-05   1.29355001E-03
   1.48586996E-05   1.27718004E-03
   3.18398997E-06   1.29655004E-03
       -1137       -1137
   1.60611998E-02   3.17800004E-05
   8.70338976E-02   5.28599994E-05
   1.27061997E-02   1.50139997E-04
   1.01674004E-02   1.53829998E-04
   3.61370994E-03   2.64770002E-04
   5.36443992E-03   2.65179988E-04
   2.94309994E-03   2.29120007E-04
   2.01849011E-03   2.45159987E-04
   8.93015042E-03   2.48160010E-04
   2.55141989E-04   2.67530006E-04
   9.35975984E-02   0.00000000    
  0.104937002       5.28999990E-05
  0.192310005       7.39800016E-05
   5.19230999E-02   1.71260006E-04
   8.15879032E-02   1.74949993E-04
   3.34671997E-02   2.85890012E-04
   3.97705995E-02   2.86299997E-04
   1.65880006E-02   2.50240002E-04
   1.34100001E-02   2.66279996E-04
   2.23561004E-02   2.69279990E-04
   1.45132001E-03   2.88649986E-04
   7.81934999E-04   6.29900023E-04
   1.14918000E-03   6.88510016E-04
   1.67442001E-02   7.09589978E-04
   1.00843003E-03   8.06869997E-04
   1.09250995E-03   8.10560014E-04
   1.69043007E-04   9.21499974E-04
   2.56483996E-04   9.21909988E-04
   2.05680000E-04   8.85849993E-04
   1.30736997E-04   9.01889987E-04
   1.53884001E-03   9.04890010E-04
   1.74872002E-05   9.24260006E-04
   1.77337002E-04   7.47120008E-04
   2.00872999E-02   7.68200029E-04
   5.31136000E-04   8.65479989E-04
   3.47514008E-03   8.69170006E-04
   1.79063994E-04   9.80110024E-04
   1.07352005E-03   9.80520039E-04
   1.39273005E-04   9.44459985E-04
   3.71973983E-05   9.60499980E-04
   1.86588999E-03   9.63500002E-04
   1.21106996E-05   9.82869999E-04
   2.69473996E-02   7.89279991E-04
   3.60242017E-02   8.86560010E-04
   4.87122014E-02   8.90250027E-04
   3.15840007E-03   1.00119004E-03
   3.58564011E-03   1.00159994E-03
   2.63948995E-03   9.65540006E-04
   2.50570010E-03   9.81580000E-04
   6.03812002E-03   9.84580023E-04
   2.34690000E-04   1.00395002E-03
   2.29156998E-04   9.83839971E-04
   3.47038009E-03   9.87529987E-04
   5.96253012E-05   1.09846995E-03
   7.59330986E-04   1.09887996E-03
   9.62615013E-05   1.06281997E-03
   3.80747988E-05   1.07886002E-03
   2.98263994E-03   1.08186004E-03
   7.90233025E-06   1.10123004E-03
   1.65770005E-03   9.91220004E-04
   5.13566018E-04   1.10215996E-03
   4.64962999E-04   1.10256998E-03
   9.65742001E-05   1.06650998E-03
   2.30235994E-04   1.08255004E-03
   3.55963991E-03   1.08554994E-03
   8.31433044E-06   1.10492005E-03
   2.75800994E-06   1.21310004E-03
   2.98558007E-04   1.21351006E-03
   1.51696004E-05   1.17744994E-03
   1.58591993E-05   1.19349000E-03
   2.37194006E-04   1.19649002E-03
   1.37903999E-06   1.21586001E-03
   5.44717004E-05   1.21391995E-03
   1.86169000E-05   1.17785996E-03
   9.79125980E-05   1.19390001E-03
   2.75800994E-04   1.19690003E-03
   1.37903999E-06   1.21627003E-03
   1.36445997E-05   1.14179996E-03
   1.52497996E-05   1.15784002E-03
   2.43197996E-04   1.16084004E-03
   2.40776990E-06   1.18021003E-03
   1.93598999E-06   1.17387995E-03
   2.82647001E-04   1.17687997E-03
   1.93598999E-06   1.19624997E-03
   5.22776973E-04   1.17988000E-03
   3.45121007E-05   1.19924999E-03
       -1137       -1137
   3.89687009E-02   1.34700003E-05
   6.46310020E-03   1.38799996E-05
   3.37709003E-04   1.62300003E-05
   3.52106008E-06   3.57479992E-04
   4.18295991E-03   4.16090013E-04
   3.01751005E-03   4.37170005E-04
   9.35342982E-02   5.34449995E-04
   1.22953001E-02   5.38140011E-04
   4.10541007E-03   6.49079971E-04
   1.44348003E-03   6.49489986E-04
   2.81678003E-05   6.13429991E-04
   4.47161990E-04   6.29469985E-04
   2.49995996E-04   6.32470008E-04
   3.52106008E-06   6.51840004E-04
   1.91557000E-03   4.74700006E-04
   1.44106997E-02   4.95780027E-04
   7.78765976E-02   5.93059987E-04
   6.79219002E-03   5.96750004E-04
   2.74999999E-03   7.07690022E-04
   1.61977997E-03   7.08099979E-04
   4.15499002E-04   6.72039983E-04
   4.33098990E-04   6.88079977E-04
   1.42252003E-03   6.91080000E-04
   3.52120987E-05   7.10449996E-04
   5.40122017E-03   5.16859989E-04
  0.170622006       6.14140008E-04
   6.39780983E-03   6.17830025E-04
   2.06327997E-03   7.28769985E-04
   9.11951007E-04   7.29179999E-04
   3.48600006E-04   6.93120004E-04
   1.38723000E-03   7.09159998E-04
   1.03166001E-03   7.12160021E-04
   2.81686007E-05   7.31530017E-04
  0.138843998       7.11420027E-04
  0.284577012       7.15109985E-04
   1.45201003E-02   8.26050004E-04
   1.93782002E-02   8.26460018E-04
   1.41230999E-02   7.90400023E-04
   1.05363000E-02   8.06440017E-04
   2.18727998E-02   8.09439982E-04
   1.24347000E-03   8.28809978E-04
   4.67603002E-03   7.18800002E-04
   1.35356002E-02   8.29740020E-04
   8.66188027E-04   8.30149977E-04
   1.04223995E-03   7.94089981E-04
   6.12678996E-04   8.10129975E-04
   6.68991997E-04   8.13129998E-04
   8.45062023E-05   8.32499994E-04
   4.57741990E-04   9.40679980E-04
   5.05984016E-03   9.41089995E-04
   6.19718980E-04   9.05030000E-04
   2.88745010E-04   9.21069994E-04
   2.50007986E-04   9.24070016E-04
   5.28162018E-05   9.43440013E-04
   5.28160017E-05   9.41500010E-04
   1.51408996E-04   9.05440014E-04
   1.05633997E-04   9.21480008E-04
   1.02111997E-04   9.24479973E-04
   1.40839002E-05   9.43850027E-04
   6.12226995E-06   8.69380019E-04
   8.57103005E-05   8.85420013E-04
   5.50990007E-05   8.88419978E-04
   4.05087994E-05   9.01460007E-04
   2.37257002E-04   9.04459972E-04
   5.78736990E-06   9.23830026E-04
   2.03664007E-04   9.07459995E-04
   1.35782002E-05   9.26829991E-04
       -1137       -1137
   7.23521998E-06   3.36360012E-04
   1.37467997E-03   3.94970004E-04
   6.61653979E-03   4.16049996E-04
   9.61562991E-03   5.13329986E-04
  0.102779001       5.17020002E-04
   1.40368997E-03   6.27960020E-04
   4.50032996E-03   6.28369977E-04
   2.53228009E-05   5.92309982E-04
   7.95888991E-05   6.08349976E-04
   6.33087009E-04   6.11349999E-04
   3.61759999E-06   6.30719995E-04
   1.08520999E-05   4.53579996E-04
   1.48941996E-02   4.74659988E-04
   9.87607986E-04   5.71939978E-04
   9.98663977E-02   5.75629994E-04
   6.11375028E-04   6.86570012E-04
   2.18507997E-03   6.86980027E-04
   1.33857000E-04   6.50919974E-04
   7.23514995E-06   6.66960026E-04
   1.42172002E-03   6.69959991E-04
   1.08520999E-05   6.89329987E-04
   1.15326000E-02   4.95739980E-04
   9.28962044E-03   5.93019999E-04
  0.163403004       5.96710015E-04
   1.19016005E-03   7.07649975E-04
   2.85409996E-03   7.08059990E-04
   7.37962022E-04   6.71999995E-04
   1.37461000E-03   6.88039989E-04
   2.27172999E-03   6.91040012E-04
   6.51141017E-05   7.10410008E-04
   1.98606006E-03   6.90300018E-04
  0.205347002       6.93989976E-04
   6.69264002E-04   8.04929994E-04
   8.60620011E-03   8.05340009E-04
   7.99490022E-04   7.69280014E-04
   1.33855996E-04   7.85320008E-04
   8.71846976E-04   7.88319972E-04
   6.51166993E-05   8.07690027E-04
  0.236724004       6.97679992E-04
   1.69271994E-02   8.08620011E-04
   2.44948994E-02   8.09030025E-04
   1.50527004E-02   7.72969972E-04
   1.30276997E-02   7.89010024E-04
   2.11078003E-02   7.92009989E-04
   1.32400997E-03   8.11379985E-04
   3.61755992E-05   9.19560029E-04
   4.36638016E-03   9.19969985E-04
   1.59182004E-04   8.83909990E-04
   7.23514022E-05   8.99949984E-04
   1.04911996E-04   9.02950007E-04
   1.44694995E-05   9.22320003E-04
   1.41082995E-03   9.20380000E-04
   6.51156006E-04   8.84320005E-04
   2.74938007E-04   9.00359999E-04
   3.07481008E-04   9.03360022E-04
   5.78801009E-05   9.22730018E-04
   2.25460008E-05   8.64300004E-04
   2.36731998E-04   8.67300027E-04
   3.39507998E-04   8.83340021E-04
   3.41061008E-04   8.86339985E-04
   2.13168005E-05   9.05709981E-04
       -1137       -1137
   1.77883003E-02   5.09599995E-05
   2.75277998E-02   5.13699997E-05
   5.87306991E-02   1.53100009E-05
   4.50950004E-02   3.13499986E-05
   9.65789035E-02   3.43499996E-05
   4.99258982E-03   5.37199994E-05
   5.74097000E-02   7.20399985E-05
   6.82201013E-02   7.24499987E-05
   7.83288032E-02   3.63899999E-05
   7.89085999E-02   5.24300012E-05
  0.108236998       5.54299986E-05
   6.74124993E-03   7.48000020E-05
   5.14126010E-03   5.46900010E-05
   3.63950990E-02   5.83799992E-05
   1.94552995E-03   1.69320003E-04
   4.88165021E-03   1.69730003E-04
   2.47347001E-02   1.33669993E-04
   4.74858005E-03   1.49710002E-04
   1.62956007E-02   1.52709996E-04
   1.78282999E-03   1.72080006E-04
   1.64439008E-02   6.20700011E-05
   5.56926010E-03   1.73010005E-04
   4.78379009E-03   1.73420005E-04
   3.59979011E-02   1.37359995E-04
   1.46650001E-02   1.53400004E-04
   1.52674997E-02   1.56399998E-04
   2.59387004E-03   1.75769994E-04
   7.63696007E-05   2.83950008E-04
   7.45959987E-04   2.84359994E-04
   3.93720018E-03   2.48299999E-04
   5.04266005E-04   2.64339993E-04
   1.20877998E-03   2.67339987E-04
   2.57706997E-04   2.86710012E-04
   2.32824998E-04   2.84770009E-04
   5.09758014E-03   2.48710014E-04
   3.93855997E-04   2.64750008E-04
   1.52943004E-03   2.67750002E-04
   3.33505013E-04   2.87119998E-04
   1.56079996E-02   2.12650004E-04
   1.90101005E-02   2.28689998E-04
   3.35776992E-02   2.31690006E-04
   2.43012002E-03   2.51060002E-04
   6.39896002E-03   2.44730007E-04
   2.77763009E-02   2.47730000E-04
   5.40725002E-03   2.67099997E-04
   2.50684991E-02   2.50729994E-04
   1.04809999E-02   2.70099990E-04
       -1137       -1137
   1.85796004E-02   1.34299999E-05
   1.43291000E-02   1.38400001E-05
   1.30927004E-03   1.61900007E-05
   6.90309033E-02   0.00000000    
  0.526764989       0.00000000    
   4.34739999E-02   1.10710003E-04
   8.92122984E-02   1.11120004E-04
   4.24932018E-02   7.50600011E-05
   3.00133005E-02   9.11000025E-05
   5.84101006E-02   9.41000035E-05
   3.77036002E-03   1.13470000E-04
   2.43520997E-02   3.46000002E-06
   1.01921000E-02   1.14399998E-04
   2.74039991E-03   1.14809998E-04
   6.46620011E-03   7.87500030E-05
   2.82614995E-02   9.47899971E-05
   6.54696021E-03   9.77899981E-05
   4.95578977E-04   1.17160002E-04
   4.52804015E-05   2.25340002E-04
   1.13440002E-03   2.25750002E-04
   9.07420006E-04   1.89690007E-04
   2.93746009E-03   2.05730001E-04
   1.26968999E-03   2.08729994E-04
   7.68403988E-05   2.28100005E-04
   2.26404009E-05   2.26160002E-04
   4.40233009E-04   1.90100007E-04
   4.82719019E-03   2.06140001E-04
   4.22856014E-04   2.09139995E-04
   3.08730014E-05   2.28510005E-04
   9.17052967E-05   1.54039997E-04
   1.75994996E-03   1.70080006E-04
   2.65206996E-04   1.73080000E-04
   1.34382999E-05   1.92449996E-04
   2.16699997E-03   1.86120000E-04
   6.30377978E-03   1.89119994E-04
   3.45706008E-04   2.08490004E-04
   2.31700993E-04   1.92120002E-04
   4.10688990E-05   2.11489998E-04
       -1137       -1137
   1.23084998E-02   8.96299971E-05
   3.70563008E-02   9.00399973E-05
   2.46211998E-02   5.39799985E-05
   1.84988007E-02   7.00200035E-05
   7.49247000E-02   7.30199972E-05
   2.14142003E-03   9.23900006E-05
  0.161261007       9.33199990E-05
  0.163063005       9.37299992E-05
  0.128704995       5.76700004E-05
  0.124727003       7.37099981E-05
  0.196814001       7.67099991E-05
   1.17742000E-02   9.60800025E-05
   2.53348007E-05   2.04259995E-04
   2.55120010E-03   2.04669996E-04
   1.82798004E-03   1.68610000E-04
   7.84152013E-04   1.84649994E-04
   1.13634998E-02   1.87650003E-04
   1.20974000E-04   2.07019999E-04
   4.93403990E-04   2.05079996E-04
   3.92050017E-03   1.69020001E-04
   3.30550992E-03   1.85059995E-04
   1.38079999E-02   1.88060003E-04
   2.90727010E-04   2.07429999E-04
   1.38363002E-05   1.32960005E-04
   1.14417002E-04   1.49000000E-04
   2.21060007E-03   1.51999993E-04
   2.66077996E-06   1.71370004E-04
   1.10431001E-05   1.65039994E-04
   9.94181028E-04   1.68040002E-04
   3.98074008E-06   1.87409998E-04
   2.05005007E-03   1.71039996E-04
   1.41362005E-04   1.90410006E-04
       -1137       -1137
   4.56954986E-02   0.00000000    
   4.83061979E-03   0.00000000    
   9.93933994E-03   1.06979998E-04
  0.113121003       1.07389998E-04
   5.10978997E-02   7.13300033E-05
   4.57855016E-02   8.73699973E-05
   7.46722966E-02   9.03699984E-05
   4.70431987E-03   1.09740002E-04
   2.64069007E-04   1.07799999E-04
   2.29447009E-03   7.17400035E-05
   7.64718000E-03   8.77799976E-05
   2.43796990E-03   9.07799986E-05
   1.72340995E-04   1.10150002E-04
   4.59380001E-02   3.56800010E-05
   3.13244984E-02   5.17199987E-05
   3.92704010E-02   5.47199998E-05
   4.37748013E-03   7.40899995E-05
   9.53790024E-02   6.77599965E-05
  0.290475994       7.07599975E-05
   1.14759998E-02   9.01300009E-05
  0.110326998       7.37599985E-05
   8.76372959E-03   9.31300019E-05
       -1137       -1137
   1.65836001E-03   1.03290004E-04
  0.230000004       1.03699997E-04
   1.82940997E-02   6.76400014E-05
   1.05643002E-02   8.36800027E-05
   4.64873016E-02   8.66799965E-05
   1.50482997E-03   1.06050000E-04
   7.73717016E-02   1.04109997E-04
  0.133086994       6.80500016E-05
  0.132036999       8.40900029E-05
  0.196611002       8.70899967E-05
   1.23506002E-02   1.06460000E-04
   3.25601995E-02   3.19899991E-05
   1.27197998E-02   4.80300005E-05
   3.45967002E-02   5.10300015E-05
   3.06598004E-03   7.03999976E-05
   3.06587992E-03   6.40700018E-05
   2.99567003E-02   6.70700028E-05
   6.19329978E-04   8.64399990E-05
   2.16001999E-02   7.00699966E-05
   1.84273999E-03   8.94400000E-05
       -1137       -1137
  0.393427998       1.11500003E-05
  0.598517001       1.41500004E-05
   8.05485994E-03   3.35199984E-05
       -1137       -1137
          -1          -1
