   6.19526021E-03   3.14714015E-02
   7.84522016E-03   3.18555012E-02
   7.76642980E-03   3.24658006E-02
   2.32217996E-03   3.74736004E-02
   1.58645003E-03   3.76418009E-02
   1.61313999E-03   3.77659984E-02
   1.15928000E-04   3.80607992E-02
   1.14545001E-04   3.80879007E-02
   5.37714979E-04   3.88308987E-02
   3.52314004E-04   3.88962999E-02
   3.56181001E-04   3.89235988E-02
   2.50858993E-05   3.90322991E-02
   2.45356005E-05   3.90372016E-02
   8.91831005E-05   3.91260013E-02
   4.74164990E-05   3.91439013E-02
   4.60383999E-05   3.91477011E-02
   7.44347017E-06   3.91686000E-02
   7.83549971E-04   3.22396010E-02
   1.57986991E-02   3.28499004E-02
   1.23217003E-03   3.78577001E-02
   2.81057990E-04   3.80259007E-02
   2.73043010E-03   3.81500982E-02
   1.31495006E-04   3.84448990E-02
   4.17247997E-04   3.84720005E-02
   2.74582009E-04   3.92149985E-02
   6.10631032E-05   3.92803997E-02
   5.80885971E-04   3.93076986E-02
   2.77064992E-05   3.94163989E-02
   8.79427025E-05   3.94213013E-02
   4.13527999E-07   3.95484008E-02
   4.52126988E-05   3.95101011E-02
   8.13284987E-06   3.95280011E-02
   7.47064987E-05   3.95318009E-02
   3.72173008E-06   3.95526998E-02
   7.57176010E-03   3.34601998E-02
   1.16870995E-03   3.84679995E-02
   2.62364000E-03   3.86362001E-02
   2.69415998E-03   3.87604013E-02
   4.87662997E-04   3.90551984E-02
   4.37359995E-04   3.90822999E-02
   2.58020998E-04   3.98253016E-02
   5.60852990E-04   3.98906991E-02
   5.77273022E-04   3.99180017E-02
   1.03371996E-04   4.00266983E-02
   9.24874985E-05   4.00316007E-02
   6.89166995E-07   4.01587002E-02
   4.23160018E-05   4.01204005E-02
   7.49871979E-05   4.01383005E-02
   7.42986012E-05   4.01421003E-02
   3.44592991E-06   4.01629992E-02
   2.14198997E-04   4.34757993E-02
   2.51151010E-04   4.36439998E-02
   2.45083007E-04   4.37682010E-02
   1.68170009E-05   4.40629981E-02
   1.59892006E-05   4.40900996E-02
   9.88259999E-05   4.48331013E-02
   5.58235988E-05   4.48984988E-02
   5.41717018E-05   4.49258015E-02
   3.58381999E-06   4.50345017E-02
   3.44600994E-06   4.50394005E-02
   1.64031007E-05   4.51282002E-02
   7.58117994E-06   4.51461002E-02
   7.02953002E-06   4.51499000E-02
   1.37842005E-06   4.51707989E-02
   2.43986997E-05   4.38122004E-02
   4.62455006E-04   4.39364016E-02
   1.76442009E-05   4.42311987E-02
   5.36203988E-05   4.42583002E-02
   5.61021006E-05   4.50012982E-02
   1.04759001E-05   4.50666994E-02
   9.86911036E-05   4.50939983E-02
   3.72169006E-06   4.52026986E-02
   1.14410996E-05   4.52076010E-02
   9.23498010E-06   4.52964008E-02
   1.37843995E-06   4.53143008E-02
   1.26809000E-05   4.53181006E-02
   8.27047018E-07   4.53389995E-02
   2.40947993E-04   4.40605991E-02
   6.87819993E-05   4.43553999E-02
   6.00991007E-05   4.43825014E-02
   5.41726004E-05   4.51254994E-02
   9.92463029E-05   4.51909006E-02
   1.03375998E-04   4.52181995E-02
   1.47485998E-05   4.53268997E-02
   1.28192996E-05   4.53317985E-02
   1.37843998E-07   4.54589017E-02
   8.95954963E-06   4.54205982E-02
   1.32331998E-05   4.54384983E-02
   1.33704998E-05   4.54423018E-02
   6.89193996E-07   4.54632007E-02
   1.38283994E-07   4.46502008E-02
   8.29690998E-06   4.46772985E-02
   3.73358989E-06   4.54203002E-02
   3.59533010E-06   4.54857014E-02
   1.41050004E-05   4.55130003E-02
   1.65936001E-06   4.56265993E-02
   5.53111988E-07   4.57153991E-02
   4.14845005E-07   4.57332991E-02
   1.79762003E-06   4.57370989E-02
   1.92976995E-06   4.47044000E-02
   3.44601995E-06   4.54474017E-02
   1.08886998E-05   4.55127992E-02
   1.21294997E-05   4.55401018E-02
   1.65405004E-06   4.56487983E-02
   8.27035990E-07   4.56537008E-02
   5.51341998E-07   4.57425006E-02
   1.37842005E-06   4.57604006E-02
   1.51622999E-06   4.57642004E-02
   1.13775995E-05   4.61905003E-02
   1.24740000E-05   4.62558009E-02
   1.19258002E-05   4.62832004E-02
   8.22456002E-07   4.63918000E-02
   6.85367979E-07   4.63966988E-02
   3.70102998E-06   4.64854985E-02
   1.64488995E-06   4.65033986E-02
   1.50784001E-06   4.65071984E-02
   2.74147993E-07   4.65281010E-02
   1.06605000E-06   4.63211015E-02
   2.05198994E-05   4.63485010E-02
   7.99481995E-07   4.64572012E-02
   2.26524003E-06   4.64619994E-02
   1.99870010E-06   4.65507992E-02
   2.66489991E-07   4.65687998E-02
   2.66489997E-06   4.65724990E-02
   1.33249998E-07   4.65934984E-02
   1.09942002E-05   4.63759005E-02
   3.02319995E-06   4.64845002E-02
   2.61093010E-06   4.64893989E-02
   1.92387006E-06   4.65781987E-02
   2.88571005E-06   4.65960987E-02
   2.88571005E-06   4.65998985E-02
   1.37420002E-07   4.66208011E-02
   4.13511003E-07   4.65980992E-02
   1.37840004E-07   4.66868989E-02
   1.37840004E-07   4.67047989E-02
   4.13511003E-07   4.67085987E-02
   1.45269993E-07   4.66030017E-02
   1.45269993E-07   4.66917008E-02
   2.90531005E-07   4.67097014E-02
   2.90531005E-07   4.67135012E-02
   3.28896988E-07   4.67805006E-02
   3.28896988E-07   4.67985012E-02
   3.28896988E-07   4.68022004E-02
   4.13521008E-07   4.68202010E-02
   1.37840004E-07   4.68240008E-02
       -1137       -1137
   5.11883982E-02   4.13300004E-05
   3.86747010E-02   1.06669999E-04
   4.57305983E-02   1.34040005E-04
   1.22183999E-02   2.42700000E-04
   1.90536994E-02   2.47579999E-04
   2.69249994E-02   3.74730007E-04
   8.26883037E-03   3.36360012E-04
   4.91053984E-03   3.54310003E-04
   5.61985979E-03   3.58079997E-04
   6.81419973E-04   3.79009987E-04
   6.02551997E-02   6.51629991E-04
   2.57249996E-02   7.16970011E-04
   4.56795990E-02   7.44340010E-04
   6.44602999E-02   8.52999976E-04
   8.10161009E-02   8.57879990E-04
   3.77609991E-02   9.85029968E-04
   9.60541982E-03   9.46660002E-04
   3.34943994E-03   9.64610022E-04
   5.78719005E-03   9.68380016E-04
   7.92989973E-04   9.89309978E-04
   1.20195001E-02   4.30209981E-03
   2.41024997E-02   4.47029993E-03
   4.31566015E-02   4.59450018E-03
   3.38790007E-02   4.88930009E-03
   4.68699001E-02   4.91640018E-03
   4.73032007E-03   5.65942982E-03
   5.24332002E-03   5.72477002E-03
   9.29164980E-03   5.75214019E-03
   6.15335023E-03   5.86079992E-03
   8.45628977E-03   5.86568005E-03
   2.40228997E-04   5.99282980E-03
   7.65711011E-04   5.95445978E-03
   7.02951977E-04   5.97241009E-03
   1.19671004E-03   5.97618008E-03
   6.33866002E-05   5.99711016E-03
   1.04585997E-04   4.63850005E-03
   7.56177003E-04   4.76269983E-03
   1.16244995E-03   5.05750021E-03
   1.31016998E-02   5.08459983E-03
   3.76687991E-03   5.82762994E-03
   2.02833999E-05   5.89297013E-03
   1.51493005E-04   5.92033984E-03
   2.07902005E-04   6.02900004E-03
   1.54083001E-03   6.03388017E-03
   8.24013987E-05   6.16102992E-03
   5.79350977E-04   6.12265989E-03
   2.53530993E-06   6.14061020E-03
   1.90157007E-05   6.14438020E-03
   4.75388988E-05   6.16530981E-03
   1.03068002E-03   4.88690007E-03
   7.50635983E-03   5.18169999E-03
   4.95364983E-03   5.20880008E-03
   6.73223985E-03   5.95183019E-03
   1.54662004E-04   6.01716992E-03
   3.30243987E-04   6.04454009E-03
   7.07395026E-04   6.15319982E-03
   4.79190989E-04   6.15807995E-03
   2.36445994E-04   6.28523016E-03
   1.03450997E-03   6.24686014E-03
   2.02839001E-05   6.26480998E-03
   4.05680003E-05   6.26857998E-03
   8.49369972E-05   6.28951006E-03
   1.94910995E-03   5.47649991E-03
   6.66377991E-02   5.50360000E-03
   4.96065989E-03   6.24663010E-03
   3.22639011E-04   6.31196983E-03
   1.68539002E-03   6.33934001E-03
   6.97899028E-04   6.44800020E-03
   8.63527041E-03   6.45287987E-03
   2.83339003E-04   6.58003008E-03
   7.54321984E-04   6.54166006E-03
   4.50063999E-05   6.55960990E-03
   2.18047993E-04   6.56337989E-03
   6.21182990E-05   6.58430997E-03
   1.87101997E-02   5.53070009E-03
   6.92010997E-03   6.27373019E-03
   2.57483008E-03   6.33906992E-03
   1.16945000E-03   6.36644010E-03
   8.50605965E-03   6.47509983E-03
   5.09442016E-03   6.47997996E-03
   8.95056990E-04   6.60713017E-03
   1.05538999E-03   6.56876015E-03
   3.39138001E-04   6.58670999E-03
   1.52759996E-04   6.59047998E-03
   8.68421994E-05   6.61141006E-03
   4.40528995E-04   7.01675983E-03
   8.21501017E-04   7.08210003E-03
   1.45220000E-03   7.10947020E-03
   8.98842991E-04   7.21812993E-03
   1.24180003E-03   7.22301006E-03
   2.91580000E-05   7.35015981E-03
   1.40716002E-04   7.31178978E-03
   1.10292996E-04   7.32974010E-03
   1.86990001E-04   7.33351009E-03
   1.14091999E-05   7.35444017E-03
   6.33888988E-07   7.14744022E-03
   3.10596988E-05   7.17480993E-03
   4.88082987E-05   7.28347013E-03
   3.13125987E-04   7.28834979E-03
   1.07763999E-05   7.41550000E-03
   1.26134997E-04   7.37712998E-03
   3.80319989E-06   7.39884982E-03
   1.01415999E-05   7.41977990E-03
   2.59878998E-05   7.20218010E-03
   1.72408996E-04   7.31083984E-03
   1.22345999E-04   7.31571997E-03
   3.99345990E-05   7.44287018E-03
   2.23116993E-04   7.40450015E-03
   4.43704994E-06   7.42245000E-03
   6.33890022E-06   7.42621999E-03
   1.83825996E-05   7.44715007E-03
   5.83174988E-05   7.41950003E-03
   1.18980999E-03   7.42438016E-03
   3.54967997E-05   7.55152991E-03
   1.36283998E-04   7.51315989E-03
   6.97277983E-06   7.53111020E-03
   2.28197005E-05   7.53488019E-03
   1.14093000E-05   7.55580980E-03
   3.68278997E-04   7.42925983E-03
   9.12777032E-05   7.55641004E-03
   1.88895006E-04   7.51804002E-03
   4.12023983E-05   7.53598986E-03
   1.58472994E-05   7.53975986E-03
   1.52133998E-05   7.56068993E-03
   5.51436983E-07   7.68355979E-03
   3.85991007E-06   7.64519023E-03
   1.10280996E-06   7.66314007E-03
   4.41147995E-06   7.66691007E-03
   5.51436983E-07   7.68784015E-03
   1.69042996E-05   7.60682020E-03
   2.53579001E-05   7.62477005E-03
   4.22638004E-05   7.62854004E-03
   2.81753000E-06   7.64947012E-03
   1.75934997E-06   7.64648989E-03
   3.51848007E-06   7.66741997E-03
   4.35304003E-07   7.65025988E-03
   1.74111005E-06   7.67118996E-03
       -1137       -1137
   9.38091986E-03   2.67530006E-04
   4.85293008E-02   3.32869997E-04
   1.60789993E-02   3.60239996E-04
   6.07291013E-02   4.68899991E-04
   2.20200997E-02   4.73780005E-04
   1.20526995E-03   6.00930012E-04
   1.40784006E-03   5.62559988E-04
   6.13318011E-03   5.80510008E-04
   2.04851991E-03   5.84280002E-04
   1.15698997E-04   6.05210022E-04
   8.97661026E-04   3.91800003E-03
   2.37856992E-02   4.08620015E-03
   2.30712001E-03   4.21039993E-03
   2.23717000E-03   4.50519985E-03
   3.00130993E-03   4.53229994E-03
   3.25355999E-04   5.27533004E-03
   3.49455001E-03   5.34066977E-03
   4.41086013E-04   5.36803994E-03
   2.91200995E-04   5.47670014E-03
   3.33923002E-04   5.48157981E-03
   6.36765035E-05   5.60873002E-03
   5.20270005E-05   5.57035999E-03
   4.37206007E-04   5.58830984E-03
   5.59112013E-05   5.59207983E-03
   3.88255012E-06   5.61300991E-03
   2.38202997E-02   4.25439980E-03
   7.11283982E-02   4.37860005E-03
   3.80299985E-02   4.67339996E-03
   6.24468997E-02   4.70050005E-03
   5.61982999E-03   5.44353016E-03
   8.82032979E-03   5.50886989E-03
   1.50429998E-02   5.53624006E-03
   6.89888000E-03   5.64489979E-03
   1.13059003E-02   5.64977992E-03
   2.66363000E-04   5.77693013E-03
   9.34963988E-04   5.73856011E-03
   1.15478004E-03   5.75650996E-03
   1.93122996E-03   5.76027995E-03
   7.76562010E-05   5.78121003E-03
   1.81940000E-03   4.50279983E-03
   4.27838005E-02   4.79760021E-03
   5.84251015E-03   4.82469983E-03
   4.65137011E-04   5.56772994E-03
   1.08097997E-02   5.63307013E-03
   6.51512004E-04   5.66043984E-03
   6.59191003E-03   5.76910004E-03
   8.47925025E-04   5.77398017E-03
   1.62298005E-04   5.90112992E-03
   7.53220011E-05   5.86275989E-03
   1.36124995E-03   5.88071020E-03
   8.15341991E-05   5.88448020E-03
   6.21236995E-06   5.90540981E-03
   3.94965000E-02   5.09240013E-03
  0.166192994       5.11950022E-03
   5.34269027E-04   5.86252986E-03
   5.73485019E-03   5.92787005E-03
   8.49393010E-03   5.95524022E-03
   1.21354004E-02   6.06389996E-03
   2.74043009E-02   6.06878009E-03
   1.07394997E-03   6.19592983E-03
   8.93023025E-05   6.15755981E-03
   7.26072001E-04   6.17551012E-03
   1.07869005E-03   6.17928011E-03
   7.76565957E-06   6.20021019E-03
   7.95855001E-03   5.14659984E-03
   5.88616997E-04   5.88962995E-03
   8.35784990E-03   5.95497014E-03
   1.06152997E-03   5.98233985E-03
   2.13708002E-02   6.09100005E-03
   2.38398998E-03   6.09588018E-03
   4.37968993E-04   6.22302992E-03
   9.47380977E-05   6.18465990E-03
   1.02818001E-03   6.20261021E-03
   1.32779998E-04   6.20638020E-03
   7.76545039E-06   6.22730982E-03
   2.87310995E-05   6.63266005E-03
   8.29309982E-04   6.69799978E-03
   8.92972021E-05   6.72536995E-03
   6.67791974E-05   6.83403015E-03
   6.67791974E-05   6.83890982E-03
   1.31999996E-05   6.96606003E-03
   9.31789964E-06   6.92769000E-03
   1.04052997E-04   6.94563985E-03
   1.16479996E-05   6.94940984E-03
   7.76521006E-07   6.97033992E-03
   7.62738986E-04   6.76333997E-03
   2.23952997E-03   6.79071015E-03
   1.00226002E-03   6.89936988E-03
   1.49358006E-03   6.90425001E-03
   3.19382016E-05   7.03140022E-03
   1.35363007E-04   6.99303020E-03
   1.98479000E-04   7.01098004E-03
   2.87464005E-04   7.01475004E-03
   1.14073000E-05   7.03568012E-03
   5.95062993E-05   6.81807986E-03
   1.33101002E-03   6.92674005E-03
   1.59735006E-04   6.93162018E-03
   2.58388009E-05   7.05876993E-03
   1.48770996E-05   7.02039991E-03
   2.90480006E-04   7.03835022E-03
   1.48770996E-05   7.04212021E-03
   1.56595001E-06   7.06304982E-03
   9.21004976E-04   7.03539979E-03
   3.64965992E-03   7.04027992E-03
   1.14923001E-04   7.16743013E-03
   1.08714003E-05   7.12906010E-03
   1.28900996E-04   7.14700995E-03
   1.67733000E-04   7.15077994E-03
   7.76553975E-07   7.17171002E-03
   2.34302002E-04   7.04516005E-03
   6.56441989E-05   7.17230979E-03
   1.41385999E-05   7.13393977E-03
   2.44394003E-04   7.15189008E-03
   2.62573994E-05   7.15566007E-03
   1.00992997E-06   7.17659015E-03
   1.59929004E-06   7.29946001E-03
   2.39894007E-06   7.26108998E-03
   3.99812006E-06   7.27903983E-03
   3.19858009E-06   7.28280982E-03
   1.24994006E-06   7.22271996E-03
   2.74979993E-05   7.24066980E-03
   2.49982008E-06   7.24443980E-03
   2.23481002E-05   7.25862011E-03
   6.31029980E-05   7.26239011E-03
   2.62929007E-06   7.28332018E-03
       -1137       -1137
   1.19295996E-03   3.30769992E-03
   7.74006010E-04   3.47590004E-03
   2.68217009E-02   3.60010006E-03
   2.72703008E-03   3.89489997E-03
   3.32476990E-03   3.92200006E-03
   4.33729001E-04   4.66503017E-03
   1.36108996E-04   4.73036990E-03
   3.91686009E-03   4.75774007E-03
   2.51718011E-04   4.86639980E-03
   2.77946994E-04   4.87127993E-03
   8.28123011E-05   4.99843014E-03
   6.88729997E-05   4.96006012E-03
   1.72180007E-05   4.97800997E-03
   4.72263986E-04   4.98177996E-03
   5.73929992E-06   5.00271004E-03
   2.22192000E-04   3.64409992E-03
   4.48306985E-02   3.76829994E-03
   2.73197005E-03   4.06310009E-03
   2.44663004E-02   4.09020018E-03
   1.51689004E-04   4.83322982E-03
   8.03496005E-05   4.89857001E-03
   6.79147989E-03   4.92594019E-03
   4.56682988E-04   5.03459992E-03
   3.49348993E-03   5.03948005E-03
   9.26489010E-05   5.16662979E-03
   2.45977008E-05   5.12825977E-03
   1.06585003E-05   5.14621008E-03
   8.24015995E-04   5.14998008E-03
   1.63984998E-06   5.17091015E-03
   6.13944009E-02   3.89249995E-03
   6.30069971E-02   4.18729987E-03
   9.26579982E-02   4.21439996E-03
   6.26089005E-03   4.95743006E-03
   9.30934958E-03   5.02276979E-03
   2.22094003E-02   5.05013997E-03
   1.09516997E-02   5.15880017E-03
   1.58702992E-02   5.16367983E-03
   4.25526989E-04   5.29083004E-03
   1.03958999E-03   5.25246002E-03
   1.23884005E-03   5.27040986E-03
   2.78697000E-03   5.27417986E-03
   8.60945001E-05   5.29510994E-03
   9.11481958E-03   4.48209979E-03
  0.173531994       4.50919988E-03
   6.02638989E-04   5.25222998E-03
   5.68206015E-04   5.31757018E-03
   8.85817036E-03   5.34493988E-03
   2.77945003E-03   5.45360008E-03
   2.24878993E-02   5.45848021E-03
   2.41044996E-04   5.58562996E-03
   9.92126006E-05   5.54725993E-03
   7.54326975E-05   5.56520978E-03
   1.06100005E-03   5.56897977E-03
   8.19922025E-06   5.58990985E-03
  0.117206000       4.53629997E-03
   7.75641995E-04   5.27933007E-03
   4.70309006E-03   5.34466980E-03
   1.46436999E-02   5.37203997E-03
   2.67603993E-02   5.48070017E-03
   3.41706015E-02   5.48557984E-03
   2.57297000E-03   5.61273005E-03
   1.29542997E-04   5.57436002E-03
   6.17422978E-04   5.59230987E-03
   1.79810997E-03   5.59607986E-03
   1.06587004E-05   5.61700994E-03
   3.93566006E-05   6.02236018E-03
   2.70578003E-05   6.08769991E-03
   9.16716992E-04   6.11507008E-03
   5.98557999E-05   6.22372981E-03
   7.05147977E-05   6.22860994E-03
   1.22996998E-05   6.35576015E-03
   1.22996998E-05   6.31739013E-03
   3.27959992E-06   6.33533997E-03
   1.10690002E-04   6.33910997E-03
   8.19950003E-07   6.36004005E-03
   6.47849993E-06   6.15304010E-03
   1.38961000E-03   6.18040981E-03
   9.15062992E-05   6.28907001E-03
   6.87527994E-04   6.29395014E-03
   1.29569999E-05   6.42109988E-03
   4.04886987E-06   6.38272986E-03
   1.61961998E-06   6.40068017E-03
   1.68439001E-04   6.40445016E-03
   1.80285994E-03   6.20777998E-03
   1.43497996E-03   6.31644018E-03
   2.30287993E-03   6.32131984E-03
   4.57960996E-05   6.44847006E-03
   1.41975004E-04   6.41010003E-03
   1.74030007E-04   6.42804988E-03
   4.49579005E-04   6.43181987E-03
   1.14498998E-05   6.45274995E-03
   2.05803997E-04   6.42509991E-03
   3.58391996E-03   6.42998004E-03
   2.54171991E-05   6.55712979E-03
   9.83856989E-06   6.51876023E-03
   1.22992997E-05   6.53671008E-03
   1.84475997E-04   6.54048007E-03
   8.19924992E-07   6.56141015E-03
   2.73596006E-03   6.43486017E-03
   2.92326993E-04   6.56200992E-03
   1.25543002E-05   6.52363990E-03
   1.00432997E-04   6.54159021E-03
   3.30904004E-04   6.54536020E-03
   8.96738015E-07   6.56628981E-03
   1.60417005E-06   6.65079011E-03
   1.60417005E-06   6.66873995E-03
   5.61439992E-06   6.67250995E-03
   1.25352994E-06   6.61242008E-03
   1.25352994E-06   6.63036993E-03
   2.75777002E-05   6.63413992E-03
   4.36426999E-05   6.65209023E-03
   7.83512005E-05   6.65586023E-03
   4.23525989E-06   6.67678984E-03
       -1137       -1137
   7.84286037E-02   2.68000003E-05
  0.109929003       3.16799997E-05
   1.93668995E-02   1.58829993E-04
   2.59556994E-02   1.59450006E-04
   8.92089028E-03   1.20459998E-04
   7.43856980E-03   1.38410003E-04
   1.16939005E-02   1.42179997E-04
   7.23092991E-04   1.63110002E-04
   7.70483986E-02   1.49699999E-05
  0.109316997       4.23400015E-05
   4.93648984E-02   1.51000000E-04
   7.09050000E-02   1.55880000E-04
   5.05601987E-02   2.83030007E-04
   6.36088029E-02   2.83650006E-04
   1.13251004E-02   2.44660012E-04
   9.57292970E-03   2.62610003E-04
   1.34838000E-02   2.66379997E-04
   9.17567988E-04   2.87309987E-04
   2.81013008E-02   2.44430004E-04
   6.17410010E-03   3.09769996E-04
   5.24993986E-03   3.37139994E-04
   8.84678029E-03   4.45799989E-04
   1.11026000E-02   4.50680003E-04
   2.51464010E-03   5.77830011E-04
   2.43723998E-03   5.78449981E-04
   3.13110999E-03   5.39459987E-04
   6.47733978E-04   5.57410007E-04
   5.21725975E-04   5.61180001E-04
   2.46863987E-04   5.82110020E-04
   4.06709984E-02   2.71530007E-04
   1.35329005E-03   3.36869998E-04
   1.18942996E-02   3.64239997E-04
   1.18888002E-02   4.72899992E-04
   1.80792995E-02   4.77780006E-04
   2.94287992E-03   6.04929985E-04
   4.52467985E-03   6.05550013E-04
   4.49181022E-03   5.66560018E-04
   1.39014999E-04   5.84509980E-04
   1.18241005E-03   5.88279974E-04
   3.54207994E-04   6.09209994E-04
   5.63204009E-03   1.01456000E-03
   9.39755980E-03   1.07989996E-03
   1.68948006E-02   1.10727001E-03
   1.80658009E-02   1.21592998E-03
   2.61234008E-02   1.22080999E-03
   3.16786999E-03   1.34795997E-03
   4.02620994E-03   1.34858000E-03
   1.55145000E-03   1.30958995E-03
   1.25524995E-03   1.32754003E-03
   2.16791010E-03   1.33131002E-03
   1.26433006E-04   1.35223998E-03
   4.74302011E-04   1.14524004E-03
   1.19992997E-03   1.17260998E-03
   7.13889021E-04   1.28126994E-03
   3.47911002E-04   1.28614996E-03
   5.51396988E-05   1.41330005E-03
   2.13728999E-04   1.41391996E-03
   9.92550049E-04   1.37493003E-03
   1.01498998E-04   1.39287999E-03
   1.21019999E-04   1.39664998E-03
   7.80760020E-05   1.41757994E-03
   1.54756999E-03   1.19998003E-03
   9.00122977E-04   1.30864000E-03
   2.27720989E-03   1.31352001E-03
   2.15171007E-04   1.44066999E-03
   3.96626012E-04   1.44129002E-03
   1.74233003E-03   1.40229997E-03
   1.31577995E-04   1.42025005E-03
   3.34401004E-04   1.42402004E-03
   1.37277006E-04   1.44495000E-03
   2.11318998E-04   1.41729997E-03
   9.66547988E-04   1.42217998E-03
   2.04500000E-04   1.54932996E-03
   1.53967005E-03   1.54994999E-03
   1.87714002E-03   1.51096005E-03
   6.96288989E-05   1.52891001E-03
   9.34898999E-05   1.53268001E-03
   1.47536994E-04   1.55360997E-03
   5.51120029E-04   1.42705999E-03
   1.53650006E-03   1.55420997E-03
   8.69910000E-04   1.55483000E-03
   2.68950011E-03   1.51583995E-03
   3.42931016E-05   1.53379003E-03
   2.34738996E-04   1.53756002E-03
   2.11556995E-04   1.55848998E-03
   5.11614999E-05   1.68135995E-03
   5.56895975E-04   1.68197998E-03
   3.06470989E-04   1.64299004E-03
   5.41164991E-06   1.66094000E-03
   2.06611003E-05   1.66471000E-03
   2.41054004E-05   1.68563996E-03
   1.41473007E-04   1.68260001E-03
   3.86358995E-04   1.64360995E-03
   2.58558994E-05   1.66156003E-03
   3.65867018E-05   1.66533003E-03
   3.02474000E-05   1.68625999E-03
   1.04371000E-04   1.60462002E-03
   1.43184006E-04   1.62256998E-03
   2.47024989E-04   1.62633997E-03
   1.67832004E-05   1.64727005E-03
   5.68038013E-06   1.64051994E-03
   1.39422000E-05   1.64429005E-03
   1.08439999E-05   1.66522001E-03
   2.25071999E-05   1.64806005E-03
   2.25071999E-05   1.66899001E-03
       -1137       -1137
   1.48927001E-02   1.14830000E-04
   1.71624999E-02   1.15449999E-04
   6.20255992E-03   7.64599972E-05
   6.21881010E-03   9.44100029E-05
   6.70369016E-03   9.81799967E-05
   4.84201009E-04   1.19110002E-04
   9.39764008E-02   7.62299969E-05
   9.40971971E-02   1.41569995E-04
  0.126825005       1.68939994E-04
   4.12282012E-02   2.77599989E-04
   4.67448011E-02   2.82480003E-04
   7.10972995E-02   4.09630011E-04
  0.106931999       4.10250010E-04
   1.55223999E-02   3.71259986E-04
   1.08845001E-02   3.89210007E-04
   1.55076003E-02   3.92980000E-04
   1.29248004E-03   4.13909991E-04
   1.58551000E-02   1.03330000E-04
  0.109663002       1.68669998E-04
   1.08260997E-02   1.96039997E-04
   1.85621995E-03   3.04699992E-04
   5.39008994E-03   3.09580006E-04
   2.10576993E-03   4.36730013E-04
   1.73308002E-03   4.37350012E-04
   1.74059998E-03   3.98359989E-04
   1.03200004E-02   4.16310009E-04
   1.21142995E-03   4.20080003E-04
   1.37886993E-04   4.41009994E-04
   8.13029998E-04   8.46359995E-04
   1.12702996E-02   9.11700015E-04
   1.80643995E-03   9.39070014E-04
   3.77557997E-04   1.04772998E-03
   1.28792005E-03   1.05260999E-03
   4.12672016E-05   1.17975997E-03
   2.47599994E-04   1.18038000E-03
   2.11881998E-04   1.14138995E-03
   1.01938006E-03   1.15934003E-03
   2.08800004E-04   1.16311002E-03
   1.66312002E-05   1.18403998E-03
   8.57027993E-03   9.77040036E-04
   2.60975994E-02   1.00440998E-03
   2.42248997E-02   1.11306994E-03
   3.99610996E-02   1.11794996E-03
   3.54627008E-03   1.24510005E-03
   6.15929998E-03   1.24571996E-03
   1.91903999E-03   1.20673003E-03
   1.94322004E-03   1.22467999E-03
   3.32117011E-03   1.22844998E-03
   1.59336007E-04   1.24937994E-03
   7.70859013E-04   1.03178003E-03
   2.27519008E-03   1.14044000E-03
   1.75865996E-03   1.14532001E-03
   2.75329989E-03   1.27246999E-03
   8.02153023E-04   1.27309002E-03
   2.20446003E-04   1.23409997E-03
   2.57461006E-03   1.25205005E-03
   1.65328995E-04   1.25582004E-03
   1.76883004E-05   1.27675000E-03
   8.20273010E-04   1.24909997E-03
   2.36314000E-03   1.25397998E-03
   3.31537012E-04   1.38112996E-03
   6.00948988E-04   1.38174999E-03
   5.70517004E-05   1.34276005E-03
   2.18393002E-03   1.36071001E-03
   2.28203993E-04   1.36448001E-03
   5.07134018E-06   1.38540997E-03
   5.34288993E-04   1.25885999E-03
   1.12306001E-03   1.38600997E-03
   2.35624000E-04   1.38663000E-03
   1.64023993E-04   1.34763995E-03
   3.52944992E-03   1.36559003E-03
   1.57899005E-04   1.36936002E-03
   1.34644997E-05   1.39028998E-03
   1.56574999E-04   1.51315995E-03
   1.40325003E-03   1.51377998E-03
   2.40889995E-06   1.47479004E-03
   2.78238993E-04   1.49274000E-03
   2.89082993E-04   1.49651000E-03
   5.89517986E-05   1.51440001E-03
   3.39422004E-05   1.47540995E-03
   4.78747010E-04   1.49336003E-03
   7.50274994E-05   1.49713003E-03
   2.97731003E-06   1.51805999E-03
   1.38018004E-05   1.43642002E-03
   1.71274005E-04   1.45436998E-03
   2.38404009E-05   1.45813997E-03
   2.50928997E-06   1.47907005E-03
   1.55732007E-04   1.47231994E-03
   4.56817012E-04   1.47609005E-03
   2.17081997E-05   1.49702001E-03
   2.75842995E-05   1.47986005E-03
   6.36543018E-06   1.50079001E-03
       -1137       -1137
   1.52669996E-02   1.73699991E-05
   8.03409964E-02   4.47400016E-05
   1.24393003E-02   1.53400004E-04
   1.05122002E-02   1.58280003E-04
   7.56721990E-03   2.85429996E-04
   1.11873001E-02   2.86049995E-04
   2.72408011E-03   2.47060001E-04
   1.87734002E-03   2.65009992E-04
   7.90681038E-03   2.68779986E-04
   2.18664005E-04   2.89710006E-04
  0.103818998       4.44700017E-05
  0.181051001       7.18399970E-05
   5.37898988E-02   1.80500007E-04
   8.19178000E-02   1.85380006E-04
   7.26519972E-02   3.12529999E-04
   8.65463987E-02   3.13149998E-04
   1.58405006E-02   2.74160004E-04
   1.28432000E-02   2.92109995E-04
   2.04463005E-02   2.95879989E-04
   1.28484005E-03   3.16810008E-04
   7.51239015E-04   7.22159981E-04
   1.11848000E-03   7.87500001E-04
   1.64503008E-02   8.14870000E-04
   9.89143969E-04   9.23530024E-04
   1.07294996E-03   9.28409980E-04
   3.81613005E-04   1.05555996E-03
   5.78003994E-04   1.05617999E-03
   1.94794004E-04   1.01719005E-03
   1.22942001E-04   1.03514001E-03
   1.46013999E-03   1.03891001E-03
   1.59664996E-05   1.05983997E-03
   1.58802999E-04   8.52840021E-04
   1.96490996E-02   8.80210020E-04
   5.00958995E-04   9.88870044E-04
   3.49867996E-03   9.93750058E-04
   4.26498009E-04   1.12090004E-03
   2.53526005E-03   1.12151995E-03
   1.31790002E-04   1.08253001E-03
   3.19237988E-05   1.10047997E-03
   1.76563999E-03   1.10424997E-03
   1.06415000E-05   1.12518005E-03
   2.68766992E-02   9.07580019E-04
   3.65502983E-02   1.01623998E-03
   4.91615012E-02   1.02112000E-03
   7.55095016E-03   1.14826998E-03
   8.59826989E-03   1.14889001E-03
   2.59524002E-03   1.10989995E-03
   2.46772007E-03   1.12785003E-03
   5.82581991E-03   1.13162003E-03
   2.14964006E-04   1.15254999E-03
   2.42562994E-04   1.12489995E-03
   4.13464988E-03   1.12977996E-03
   1.60700001E-04   1.25692994E-03
   2.02085008E-03   1.25754997E-03
   1.01573998E-04   1.21856004E-03
   3.79010016E-05   1.23651000E-03
   3.15922010E-03   1.24027999E-03
   8.33801005E-06   1.26120995E-03
   2.03366997E-03   1.13465998E-03
   1.51465996E-03   1.26180996E-03
   1.34530000E-03   1.26242999E-03
   1.09492998E-04   1.22344005E-03
   2.67160009E-04   1.24139001E-03
   4.05508978E-03   1.24516001E-03
   8.75960995E-06   1.26608997E-03
   4.90361017E-05   1.38896005E-03
   1.86939002E-03   1.38957996E-03
   3.84712002E-05   1.35059003E-03
   4.37556992E-05   1.36853999E-03
   6.17075013E-04   1.37230998E-03
   3.01740010E-06   1.39323995E-03
   5.81963977E-04   1.39019999E-03
   4.66788006E-05   1.35121006E-03
   2.60497996E-04   1.36916002E-03
   7.18996977E-04   1.37293001E-03
   3.76446997E-06   1.39385997E-03
   1.51934000E-05   1.31222000E-03
   1.70926996E-05   1.33016997E-03
   2.80156004E-04   1.33393996E-03
   2.84882003E-06   1.35487004E-03
   2.38164989E-06   1.34812004E-03
   3.39377002E-04   1.35189004E-03
   1.19085996E-06   1.37282000E-03
   8.02920025E-04   1.35566003E-03
   4.92881991E-05   1.37658999E-03
       -1137       -1137
   7.12295994E-02   1.77300008E-05
   1.09689003E-02   1.83499997E-05
   2.85994005E-03   1.07999995E-06
   2.39072993E-04   2.20099992E-05
   2.06674995E-05   4.27360006E-04
   3.42196994E-03   4.92700026E-04
   2.38566007E-03   5.20070025E-04
   7.90344030E-02   6.28729991E-04
   1.00330003E-02   6.33610005E-04
   7.96608999E-03   7.60759984E-04
   2.72215996E-03   7.61380012E-04
   2.65735998E-05   7.22390017E-04
   3.57273006E-04   7.40339980E-04
   1.94876004E-04   7.44109973E-04
   2.95253994E-06   7.65039993E-04
   1.73597003E-03   5.58039988E-04
   1.21280001E-02   5.85409987E-04
   6.66823983E-02   6.94070011E-04
   5.74528007E-03   6.98950025E-04
   5.15192002E-03   8.26100004E-04
   2.88163009E-03   8.26719974E-04
   3.57243989E-04   7.87729979E-04
   3.77894990E-04   8.05680000E-04
   1.16614997E-03   8.09449994E-04
   2.65715007E-05   8.30380013E-04
   4.48472006E-03   6.12779986E-04
  0.144546002       7.21440010E-04
   5.41180000E-03   7.26320024E-04
   3.58723989E-03   8.53470003E-04
   1.67099002E-03   8.54089973E-04
   2.83428992E-04   8.15099978E-04
   1.12777995E-03   8.33049999E-04
   8.32593010E-04   8.36819992E-04
   2.36193991E-05   8.57750012E-04
  0.119871996       8.30099976E-04
  0.244655997       8.34979990E-04
   2.97832992E-02   9.62130027E-04
   3.89096998E-02   9.62749997E-04
   1.17538003E-02   9.23760002E-04
   8.80093966E-03   9.41710023E-04
   1.79337002E-02   9.45480017E-04
   9.65423998E-04   9.66409978E-04
   4.01820987E-03   8.39860004E-04
   2.90427003E-02   9.67009983E-04
   1.75973994E-03   9.67630011E-04
   8.47341027E-04   9.28640016E-04
   5.07818011E-04   9.46589978E-04
   5.49158023E-04   9.50359972E-04
   6.49542999E-05   9.71289992E-04
   5.97009994E-03   1.09416002E-03
   2.39039008E-02   1.09478005E-03
   1.20109995E-03   1.05579000E-03
   5.45694027E-04   1.07373996E-03
   4.27057996E-04   1.07750995E-03
   9.78695025E-05   1.09844003E-03
   4.13313013E-04   1.09539996E-03
   2.92271987E-04   1.05641002E-03
   1.83053999E-04   1.07435999E-03
   1.86000994E-04   1.07812998E-03
   2.36176002E-05   1.09906006E-03
   9.21123956E-06   1.01741997E-03
   1.28960004E-04   1.03537005E-03
   7.36903021E-05   1.03914004E-03
   6.40493017E-05   1.05332001E-03
   3.56853008E-04   1.05709000E-03
   9.15001965E-06   1.07801997E-03
   3.75826989E-04   1.06086000E-03
   2.68443000E-05   1.08178996E-03
       -1137       -1137
   1.01461995E-03   4.65599995E-04
   5.65192988E-03   4.92969994E-04
   8.27870984E-03   6.01630018E-04
   9.04114023E-02   6.06509973E-04
   2.78161000E-03   7.33660010E-04
   9.07832012E-03   7.34279980E-04
   2.21269001E-05   6.95289986E-04
   5.68971991E-05   7.13240006E-04
   5.21568989E-04   7.17010000E-04
   3.16101000E-06   7.37940019E-04
   1.26431996E-05   5.30940015E-04
   1.32643003E-02   5.58310014E-04
   8.25014024E-04   6.66969980E-04
   8.91695023E-02   6.71849994E-04
   1.23281998E-03   7.98999972E-04
   4.41910001E-03   7.99620000E-04
   1.01152000E-04   7.60630006E-04
   6.32191995E-06   7.78580026E-04
   1.22006005E-03   7.82350020E-04
   9.48277011E-06   8.03279981E-04
   1.02481004E-02   5.85680013E-04
   8.32934957E-03   6.94339979E-04
  0.144290000       6.99219992E-04
   2.13375990E-03   8.26369971E-04
   5.08924993E-03   8.26989999E-04
   6.57493016E-04   7.88000005E-04
   1.19167997E-03   8.05950025E-04
   1.95042999E-03   8.09720019E-04
   5.05764001E-05   8.30649980E-04
   1.78918999E-03   8.03000003E-04
  0.184691995       8.07880017E-04
   1.46676996E-03   9.35029995E-04
   1.92038994E-02   9.35650023E-04
   6.82806014E-04   8.96660029E-04
   1.10638997E-04   9.14609991E-04
   7.61842006E-04   9.18379985E-04
   5.37394990E-05   9.39310004E-04
  0.211992994       8.12759972E-04
   3.56355011E-02   9.39910009E-04
   5.26985005E-02   9.40529979E-04
   1.30455000E-02   9.01539985E-04
   1.13289002E-02   9.19490005E-04
   1.80210993E-02   9.23259999E-04
   1.06847996E-03   9.44190018E-04
   4.94432985E-04   1.06706005E-03
   2.17390005E-02   1.06767996E-03
   3.18981998E-04   1.02869002E-03
   1.46730003E-04   1.04663998E-03
   1.91376006E-04   1.05040998E-03
   2.55194009E-05   1.07134006E-03
   1.19706998E-02   1.06829999E-03
   1.32648996E-03   1.02931005E-03
   5.54832979E-04   1.04726001E-03
   5.51645004E-04   1.05103001E-03
   1.08414002E-04   1.07195997E-03
   3.34744000E-05   1.00826996E-03
   3.51477007E-04   1.01203995E-03
   4.20530996E-04   1.02999003E-03
   4.69763996E-04   1.03376003E-03
   3.13179007E-05   1.05468999E-03
       -1137       -1137
   2.52353996E-02   5.59699984E-05
   3.82312983E-02   5.65900009E-05
   5.03007993E-02   1.75999994E-05
   3.93191986E-02   3.55500015E-05
   8.10936987E-02   3.93199989E-05
   3.97475017E-03   6.02500004E-05
   9.18325037E-02   8.33399972E-05
  0.109808996       8.39600034E-05
   6.31693974E-02   4.49699983E-05
   6.41402006E-02   6.29200003E-05
   8.50548968E-02   6.66900014E-05
   5.13265003E-03   8.76199992E-05
   4.70751012E-03   5.99699997E-05
   2.57815998E-02   6.48499990E-05
   3.28333001E-03   1.92000007E-04
   8.01398046E-03   1.92620006E-04
   2.10903995E-02   1.53629997E-04
   4.20294004E-03   1.71580003E-04
   1.30075002E-02   1.75349996E-04
   1.42242003E-03   1.96280002E-04
   1.29819000E-02   6.97299984E-05
   9.14043002E-03   1.96880006E-04
   7.95501005E-03   1.97500005E-04
   3.06090005E-02   1.58509996E-04
   1.20799998E-02   1.76460002E-04
   1.23308003E-02   1.80229996E-04
   2.06082012E-03   2.01160001E-04
   8.73377023E-04   3.24029999E-04
   2.94032996E-03   3.24649998E-04
   7.49184005E-03   2.85660004E-04
   9.26191977E-04   3.03609995E-04
   2.26653996E-03   3.07379989E-04
   4.60037991E-04   3.28310009E-04
   1.62545999E-03   3.25269997E-04
   9.68861021E-03   2.86280003E-04
   6.76026975E-04   3.04229994E-04
   2.85695004E-03   3.07999988E-04
   5.94275014E-04   3.28930008E-04
   1.70275997E-02   2.47290009E-04
   2.07393002E-02   2.65240000E-04
   3.60229984E-02   2.69009994E-04
   2.46674009E-03   2.89940013E-04
   6.04509003E-03   2.83189991E-04
   2.57555991E-02   2.86960014E-04
   4.83305007E-03   3.07890004E-04
   2.17815991E-02   2.90730008E-04
   8.81007966E-03   3.11659998E-04
       -1137       -1137
   4.27494012E-02   1.80000006E-05
   3.24551985E-02   1.86199995E-05
   5.77702001E-03   0.00000000    
   1.30080003E-02   1.35000005E-06
   1.47807004E-03   2.22800008E-05
   2.89217997E-02   0.00000000    
  0.356272012       0.00000000    
   8.35767016E-02   1.26660001E-04
  0.172769994       1.27280000E-04
   4.03835997E-02   8.82899985E-05
   2.84953993E-02   1.06239997E-04
   5.31535000E-02   1.10009998E-04
   3.27455997E-03   1.30939996E-04
   1.99768003E-02   4.38999996E-06
   2.06933003E-02   1.31540000E-04
   5.51215978E-03   1.32159999E-04
   6.44929009E-03   9.31699979E-05
   2.75835991E-02   1.11120004E-04
   6.14445983E-03   1.14889997E-04
   4.62113996E-04   1.35819995E-04
   4.91310027E-04   2.58690008E-04
   4.53347014E-03   2.59310007E-04
   1.74189999E-03   2.20319998E-04
   6.11679023E-03   2.38270004E-04
   2.28486001E-03   2.42039998E-04
   1.38618998E-04   2.62969988E-04
   1.53266999E-04   2.59930006E-04
   8.94098019E-04   2.20939997E-04
   1.01608001E-02   2.38890003E-04
   8.14185012E-04   2.42659997E-04
   5.96054997E-05   2.63589987E-04
   1.63250996E-04   1.81950003E-04
   2.83502997E-03   1.99899994E-04
   4.43269004E-04   2.03670003E-04
   2.22416002E-05   2.24599993E-04
   4.74232016E-03   2.17850000E-04
   1.35629997E-02   2.21619994E-04
   7.06591993E-04   2.42549999E-04
   5.82399021E-04   2.25390002E-04
   1.00648998E-04   2.46320007E-04
       -1137       -1137
   1.66861005E-02   9.92900023E-05
   4.98834997E-02   9.99100012E-05
   1.80357993E-02   6.09199997E-05
   1.34410998E-02   7.88699981E-05
   5.28742000E-02   8.26399992E-05
   1.44946994E-03   1.03569997E-04
  0.219291002       1.04170002E-04
  0.223637998       1.04790000E-04
   9.35154036E-02   6.57999990E-05
   9.03496966E-02   8.37499974E-05
  0.138170004       8.75199985E-05
   7.84706976E-03   1.08450004E-04
   1.98756999E-04   2.31319995E-04
   7.46221002E-03   2.31939994E-04
   2.78391992E-03   1.92949999E-04
   1.21013005E-03   2.10900005E-04
   1.77375004E-02   2.14669999E-04
   1.73517998E-04   2.35600004E-04
   2.46072002E-03   2.32560007E-04
   5.93507010E-03   1.93569998E-04
   4.96191997E-03   2.11520004E-04
   2.15210002E-02   2.15289998E-04
   4.12374007E-04   2.36220003E-04
   2.00265004E-05   1.54580004E-04
   1.80231000E-04   1.72529995E-04
   3.46055999E-03   1.76300004E-04
   3.48287995E-06   1.97229994E-04
   1.71184001E-05   1.90480001E-04
   1.71628001E-03   1.94249995E-04
   6.70830013E-06   2.15180000E-04
   4.17857990E-03   1.98020003E-04
   2.73526995E-04   2.18949994E-04
       -1137       -1137
   5.06854989E-02   0.00000000    
   6.11648988E-03   0.00000000    
   6.82227015E-02   1.22660000E-04
  0.285035998       1.23279999E-04
   6.42488003E-02   8.42899972E-05
   5.48354983E-02   1.02240003E-04
   8.85796025E-02   1.06009997E-04
   5.35767991E-03   1.26939995E-04
   1.45529001E-03   1.23899998E-04
   3.72930011E-03   8.49100034E-05
   1.09666996E-02   1.02860002E-04
   3.62061989E-03   1.06630003E-04
   2.62117013E-04   1.27559993E-04
   2.07361002E-02   4.59199982E-05
   1.67718008E-02   6.38700003E-05
   2.04668008E-02   6.76400014E-05
   1.87134999E-03   8.85699992E-05
   5.20293005E-02   8.18199987E-05
  0.164964005       8.55899998E-05
   6.49655005E-03   1.06519998E-04
   6.81004003E-02   8.93600009E-05
   5.43462997E-03   1.10289999E-04
       -1137       -1137
   6.80554984E-03   1.17780000E-04
  0.345607996       1.18399999E-04
   1.38218999E-02   7.94099979E-05
   7.81197008E-03   9.73600036E-05
   3.04751992E-02   1.01129997E-04
   1.04713999E-03   1.22060002E-04
  0.198865995       1.19019998E-04
  0.101842999       8.00299968E-05
   9.98080000E-02   9.79800025E-05
  0.138658002       1.01750004E-04
   8.56459979E-03   1.22679994E-04
   1.05066001E-02   4.10399989E-05
   4.79946006E-03   5.89900010E-05
   1.27440002E-02   6.27600020E-05
   9.34866024E-04   8.36899999E-05
   9.88138956E-04   7.69399994E-05
   9.74009000E-03   8.07100005E-05
   2.09774997E-04   1.01639998E-04
   6.18497003E-03   8.44800015E-05
   5.68630989E-04   1.05409999E-04
       -1137       -1137
  0.401753008       1.28600004E-05
  0.590344012       1.66299997E-05
   7.90345017E-03   3.75599993E-05
       -1137       -1137
          -1          -1
