   5.40512009E-03   3.69785987E-02
   7.20820017E-03   3.74100991E-02
   6.21731021E-03   3.82771008E-02
   2.07667006E-03   4.42362987E-02
   1.49517995E-03   4.44284007E-02
   1.34078995E-03   4.46102992E-02
   1.01698999E-04   4.49436009E-02
   9.39196980E-05   4.49834988E-02
   4.89333994E-04   4.59184013E-02
   3.39465012E-04   4.59957011E-02
   3.01685999E-04   4.60366011E-02
   2.28316003E-05   4.61652018E-02
   2.08596994E-05   4.61726002E-02
   7.85638986E-05   4.62835990E-02
   4.35854017E-05   4.63049002E-02
   3.67385001E-05   4.63102013E-02
   5.91540993E-06   4.63333987E-02
   6.24765991E-04   3.78415994E-02
   1.22397998E-02   3.87086011E-02
   1.16918003E-03   4.46677990E-02
   2.28624995E-04   4.48599011E-02
   2.19315011E-03   4.50417995E-02
   1.11777998E-04   4.53751013E-02
   3.40813014E-04   4.54149991E-02
   2.65364011E-04   4.63499017E-02
   5.06448996E-05   4.64272015E-02
   4.74800006E-04   4.64681014E-02
   2.44923995E-05   4.65966985E-02
   7.44104036E-05   4.66041006E-02
   4.15111003E-07   4.67595011E-02
   4.15111003E-07   4.67606001E-02
   4.22390985E-05   4.67150994E-02
   6.43425983E-06   4.67364006E-02
   5.73916986E-05   4.67417017E-02
   3.21722996E-06   4.67648990E-02
   5.71165001E-03   3.95755991E-02
   9.52797011E-04   4.55348007E-02
   2.08349992E-03   4.57268991E-02
   2.10989988E-03   4.59088013E-02
   3.93742986E-04   4.62420993E-02
   3.46824992E-04   4.62820008E-02
   2.13470004E-04   4.72168997E-02
   4.54649999E-04   4.72941995E-02
   4.60259995E-04   4.73350994E-02
   8.66521004E-05   4.74637002E-02
   7.59647010E-05   4.74710986E-02
   7.26418023E-07   4.76264991E-02
   5.18877016E-07   4.76276018E-02
   3.39354992E-05   4.75821011E-02
   5.80123997E-05   4.76033986E-02
   5.57275016E-05   4.76086996E-02
   2.59448007E-06   4.76319008E-02
   1.96352994E-04   5.14939986E-02
   2.44204013E-04   5.16861007E-02
   2.07463003E-04   5.18679991E-02
   1.51533004E-05   5.22013009E-02
   1.32842997E-05   5.22411987E-02
   9.22616964E-05   5.31761013E-02
   5.55250008E-05   5.32534011E-02
   4.68069011E-05   5.32943010E-02
   3.42486010E-06   5.34229018E-02
   2.90594994E-06   5.34303002E-02
   1.48413001E-05   5.35412990E-02
   7.16112982E-06   5.35626002E-02
   5.70820021E-06   5.35679013E-02
   1.14162003E-06   5.35910986E-02
   2.03420004E-05   5.18781990E-02
   3.81591002E-04   5.20601012E-02
   1.55671005E-05   5.23933992E-02
   4.46281010E-05   5.24333008E-02
   5.55240003E-05   5.33681996E-02
   8.92530988E-06   5.34454994E-02
   8.29230994E-05   5.34863994E-02
   3.42481007E-06   5.36150001E-02
   9.85898987E-06   5.36223985E-02
   8.82121003E-06   5.37334010E-02
   1.14161003E-06   5.37546985E-02
   1.00670004E-05   5.37599996E-02
   6.22670996E-07   5.37832007E-02
   1.96150999E-04   5.22419997E-02
   5.78053005E-05   5.25753014E-02
   4.95062013E-05   5.26151992E-02
   4.66003003E-05   5.35501018E-02
   8.35433966E-05   5.36274016E-02
   8.57255000E-05   5.36683016E-02
   1.27651001E-05   5.37968986E-02
   1.08970999E-05   5.38043007E-02
   1.03780998E-07   5.39597012E-02
   1.03780998E-07   5.39608002E-02
   7.36864013E-06   5.39152995E-02
   1.06900998E-05   5.39366007E-02
   1.03781003E-05   5.39419018E-02
   5.18902993E-07   5.39650992E-02
   1.03231002E-07   5.29085994E-02
   7.01946010E-06   5.29485010E-02
   3.40667998E-06   5.38833998E-02
   3.30343005E-06   5.39606996E-02
   1.19753004E-05   5.40015996E-02
   1.44531998E-06   5.41375987E-02
   5.16153989E-07   5.42486012E-02
   4.12924010E-07   5.42698987E-02
   1.44531998E-06   5.42751998E-02
   1.66050995E-06   5.29883988E-02
   2.90592993E-06   5.39233014E-02
   9.23660991E-06   5.40006012E-02
   1.01701999E-05   5.40415011E-02
   1.45301999E-06   5.41700982E-02
   7.26459007E-07   5.41775003E-02
   4.15124987E-07   5.42884991E-02
   1.14162003E-06   5.43098003E-02
   1.24541998E-06   5.43151014E-02
   1.08394997E-05   5.48583008E-02
   1.27154999E-05   5.49356006E-02
   1.05272002E-05   5.49764000E-02
   7.29578005E-07   5.51050007E-02
   6.25350992E-07   5.51123992E-02
   3.43954002E-06   5.52234985E-02
   1.66764005E-06   5.52447997E-02
   1.25076997E-06   5.52501008E-02
   3.12689991E-07   5.52732013E-02
   9.34074990E-07   5.50129004E-02
   1.81620999E-05   5.50536998E-02
   7.26455028E-07   5.51823005E-02
   2.07560993E-06   5.51896989E-02
   1.97191002E-06   5.53007983E-02
   2.07561001E-07   5.53220995E-02
   2.17941010E-06   5.53274006E-02
   1.03780998E-07   5.53505011E-02
   9.07291997E-06   5.50945997E-02
   2.62104004E-06   5.52232005E-02
   2.21774008E-06   5.52305989E-02
   1.61288995E-06   5.53416014E-02
   2.21774008E-06   5.53628989E-02
   2.21774008E-06   5.53681999E-02
   1.00805003E-07   5.53914011E-02
   3.11587996E-07   5.53590991E-02
   1.03860003E-07   5.54701984E-02
   1.03860003E-07   5.54914996E-02
   3.11587996E-07   5.54968007E-02
   1.14119999E-07   5.53665012E-02
   1.14119999E-07   5.54776005E-02
   2.28237994E-07   5.54989018E-02
   3.42368992E-07   5.55041991E-02
   4.26375010E-07   5.55885993E-02
   2.84240002E-07   5.56099005E-02
   2.84240002E-07   5.56152016E-02
   3.10648005E-07   5.56364991E-02
   1.03779001E-07   5.56418002E-02
       -1137       -1137
   4.85422984E-02   1.11500003E-05
   3.70643996E-02   8.84499968E-05
   4.16034982E-02   1.29299995E-04
   1.11314999E-02   2.57870008E-04
   1.65852997E-02   2.65270006E-04
   2.73713991E-02   4.20700002E-04
   2.21880991E-02   4.21770004E-04
   7.51418015E-03   3.76309996E-04
   4.50607017E-03   3.97610012E-04
   4.82951012E-03   4.02920006E-04
   5.63603011E-04   4.26079991E-04
   5.23842983E-02   8.78149993E-04
   2.19295993E-02   9.55449999E-04
   3.72942016E-02   9.96300019E-04
   6.26263991E-02   1.12487003E-03
   7.75189027E-02   1.13226997E-03
   3.89706008E-02   1.28770003E-03
   3.05924993E-02   1.28877000E-03
   8.06744024E-03   1.24331005E-03
   2.73672002E-03   1.26460998E-03
   4.46341000E-03   1.26992003E-03
   6.05639012E-04   1.29308004E-03
   1.13805998E-02   5.15520014E-03
   2.29576007E-02   5.34729986E-03
   4.01128009E-02   5.52920019E-03
   3.12070996E-02   5.86250005E-03
   4.25094999E-02   5.90239977E-03
   4.55169985E-03   6.83734985E-03
   5.11053996E-03   6.91465009E-03
   8.79556965E-03   6.95550023E-03
   5.86479018E-03   7.08406977E-03
   7.91511033E-03   7.09147006E-03
   2.84276000E-04   7.24689988E-03
   2.05731005E-04   7.24796997E-03
   7.12358975E-04   7.20250979E-03
   6.53739029E-04   7.22381007E-03
   1.06470997E-03   7.22912000E-03
   5.36478983E-05   7.25228013E-03
   8.13057995E-05   5.53940004E-03
   6.35502976E-04   5.72129991E-03
   1.20625005E-03   6.05459977E-03
   1.24171004E-02   6.09449996E-03
   3.63213010E-03   7.02945003E-03
   1.49343996E-05   7.10674981E-03
   1.28314001E-04   7.14759994E-03
   2.17376000E-04   7.27616996E-03
   1.49344001E-03   7.28356978E-03
   9.90015033E-05   7.43900007E-03
   2.16828004E-04   7.44007016E-03
   5.39258996E-04   7.39460997E-03
   1.65937001E-06   7.41590979E-03
   1.54863992E-05   7.42122019E-03
   4.03763006E-05   7.44437985E-03
   9.97244962E-04   5.90319978E-03
   6.25225017E-03   6.23650011E-03
   4.04149992E-03   6.27639983E-03
   6.31971005E-03   7.21134990E-03
   1.33857000E-04   7.28865014E-03
   3.24105000E-04   7.32949981E-03
   5.69681986E-04   7.45806983E-03
   3.69476009E-04   7.46547012E-03
   2.52761005E-04   7.62089994E-03
   1.28872998E-04   7.62197003E-03
   9.38065990E-04   7.57650984E-03
   1.71458996E-05   7.59781012E-03
   3.70570015E-05   7.60312006E-03
   7.02445031E-05   7.62628019E-03
   1.83348998E-03   6.56979997E-03
   6.01757988E-02   6.60970015E-03
   4.58949013E-03   7.54465023E-03
   3.37392994E-04   7.62195000E-03
   1.46182999E-03   7.66280014E-03
   6.75868010E-04   7.79137015E-03
   7.95247033E-03   7.79876998E-03
   3.28528986E-04   7.95419980E-03
   5.73546975E-04   7.95526989E-03
   6.73669972E-04   7.90981017E-03
   4.48018982E-05   7.93111045E-03
   1.78649003E-04   7.93641992E-03
   5.03316987E-05   7.95958005E-03
   1.68653000E-02   6.64959988E-03
   6.31457008E-03   7.58454995E-03
   2.48558004E-03   7.66185019E-03
   9.91677050E-04   7.70269986E-03
   7.81693961E-03   7.83126988E-03
   4.69298009E-03   7.83867016E-03
   1.02818001E-03   7.99410045E-03
   4.91147977E-04   7.99516961E-03
   9.29753005E-04   7.94970989E-03
   3.12498014E-04   7.97101017E-03
   1.22237994E-04   7.97631964E-03
   6.91364985E-05   7.99947977E-03
   4.30301996E-04   8.51949956E-03
   8.10290978E-04   8.59680027E-03
   1.38939999E-03   8.63764994E-03
   8.61709996E-04   8.76621995E-03
   1.16978004E-03   8.77362024E-03
   3.42923013E-05   8.92904960E-03
   2.43367995E-05   8.93011969E-03
   1.33296999E-04   8.88465997E-03
   1.03981998E-04   8.90596025E-03
   1.68144004E-04   8.91126972E-03
   9.95585015E-06   8.93442985E-03
   5.53101017E-07   8.67410004E-03
   2.71004992E-05   8.71494971E-03
   5.19905007E-05   8.84351972E-03
   3.09194002E-04   8.85092001E-03
   1.32741998E-05   9.00635030E-03
   3.26324989E-05   9.00742039E-03
   1.20575998E-04   8.96195974E-03
   3.31844990E-06   8.98857042E-03
   8.84955989E-06   9.01172962E-03
   2.59961998E-05   8.75580031E-03
   1.47115003E-04   8.88437033E-03
   1.00664001E-04   8.89176968E-03
   4.42478995E-05   9.04719997E-03
   2.21235005E-05   9.04827006E-03
   2.06313998E-04   9.00281034E-03
   3.31842989E-06   9.02410969E-03
   6.08406981E-06   9.02942009E-03
   1.54864993E-05   9.05258022E-03
   5.80722990E-05   9.01294034E-03
   1.12112996E-03   9.02033970E-03
   4.20333017E-05   9.17576998E-03
   5.69660988E-05   9.17684007E-03
   1.26101993E-04   9.13138036E-03
   6.63693982E-06   9.15267970E-03
   1.82512995E-05   9.15799011E-03
   9.40218979E-06   9.18115024E-03
   3.48455011E-04   9.02773999E-03
   1.06200998E-04   9.18317027E-03
   5.64159018E-05   9.18424036E-03
   1.72015003E-04   9.13877971E-03
   3.92701986E-05   9.16007999E-03
   1.27209996E-05   9.16539039E-03
   1.27209996E-05   9.18854959E-03
   6.12268991E-07   9.33859963E-03
   7.95946016E-06   9.33966972E-03
   5.51054018E-06   9.29421000E-03
   1.83688996E-06   9.31551028E-03
   5.51054018E-06   9.32081975E-03
   6.12268991E-07   9.34397988E-03
   1.57367003E-06   9.34073981E-03
   3.14704994E-06   9.29528009E-03
   3.67165990E-06   9.31658037E-03
   2.62262006E-06   9.32188984E-03
   2.16634999E-05   9.24982037E-03
   3.19251994E-05   9.27111972E-03
   5.13103987E-05   9.27643012E-03
   3.42078010E-06   9.29959025E-03
   2.17284992E-06   9.29773040E-03
   4.34563981E-06   9.32088960E-03
   8.26470000E-07   9.30303987E-03
   2.47952994E-06   9.32620000E-03
       -1137       -1137
   8.17967020E-03   4.46649996E-04
   4.61711995E-02   5.23949973E-04
   1.47740003E-02   5.64799993E-04
   5.52671999E-02   6.93370006E-04
   1.97282005E-02   7.00770004E-04
   1.30329002E-03   8.56200000E-04
   1.23785995E-03   8.57269973E-04
   1.19812996E-03   8.11810023E-04
   5.54567995E-03   8.33110011E-04
   1.76523998E-03   8.38420005E-04
   8.90648007E-05   8.61580018E-04
   8.17551976E-04   4.72370023E-03
   2.31676009E-02   4.91579995E-03
   2.24526995E-03   5.09769982E-03
   2.50347005E-03   5.43100014E-03
   2.75189010E-03   5.47089987E-03
   2.99889012E-04   6.40584994E-03
   3.44904000E-03   6.48315018E-03
   4.37665003E-04   6.52399985E-03
   3.35377001E-04   6.65256986E-03
   3.13802011E-04   6.65997015E-03
   7.23631965E-05   6.81539997E-03
   2.92226996E-05   6.81647006E-03
   4.59219991E-05   6.77100988E-03
   4.11221990E-04   6.79231016E-03
   5.21846996E-05   6.79762010E-03
   3.47887999E-06   6.82078023E-03
   2.34424006E-02   5.10790013E-03
   6.77281991E-02   5.28980000E-03
   3.61194983E-02   5.62309986E-03
   5.75536005E-02   5.66300005E-03
   5.56995021E-03   6.59795012E-03
   8.85181036E-03   6.67524990E-03
   1.45845003E-02   6.71610003E-03
   6.78964984E-03   6.84467005E-03
   1.07736001E-02   6.85206987E-03
   3.20079998E-04   7.00750016E-03
   1.86474994E-04   7.00856978E-03
   8.96190002E-04   6.96311006E-03
   1.10569003E-03   6.98440988E-03
   1.76040002E-03   6.98971981E-03
   6.74933035E-05   7.01287994E-03
   1.69774005E-03   5.47169987E-03
   3.90238985E-02   5.80500020E-03
   5.37852990E-03   5.84489992E-03
   4.58530994E-04   6.77984999E-03
   1.04133002E-02   6.85714977E-03
   6.21339015E-04   6.89799991E-03
   6.19756011E-03   7.02656992E-03
   8.07798002E-04   7.03397021E-03
   1.76729998E-04   7.18940003E-03
   6.12285003E-05   7.19047012E-03
   7.16661016E-05   7.14500993E-03
   1.24889996E-03   7.16631021E-03
   7.30573011E-05   7.17162015E-03
   5.56646000E-06   7.19477981E-03
   3.64209004E-02   6.13830006E-03
  0.151228994       6.17819978E-03
   6.03966997E-04   7.11314986E-03
   5.49342996E-03   7.19045009E-03
   7.88284000E-03   7.23130023E-03
   1.14924004E-02   7.35986978E-03
   2.56181005E-02   7.36727007E-03
   1.25317997E-03   7.52269989E-03
   1.59758003E-03   7.52376998E-03
   9.74103023E-05   7.47830980E-03
   6.62421982E-04   7.49961007E-03
   9.40743019E-04   7.50492001E-03
   7.65399000E-06   7.52808014E-03
   7.26271980E-03   6.21809997E-03
   5.43413975E-04   7.15305004E-03
   7.75399012E-03   7.23034982E-03
   9.94995004E-04   7.27119995E-03
   1.98302995E-02   7.39976997E-03
   2.23345007E-03   7.40716979E-03
   5.07926976E-04   7.56260008E-03
   1.22459998E-04   7.56367017E-03
   8.41867004E-05   7.51820998E-03
   9.07336012E-04   7.53950980E-03
   1.16884999E-04   7.54482020E-03
   6.26223982E-06   7.56797986E-03
   2.64402006E-05   8.08800012E-03
   8.34983017E-04   8.16529989E-03
   8.97600985E-05   8.20614956E-03
   7.79292968E-05   8.33471958E-03
   6.26233013E-05   8.34211987E-03
   1.53079000E-05   8.49755015E-03
   4.87045008E-06   8.49862024E-03
   8.34982984E-06   8.45315959E-03
   9.95009977E-05   8.47445987E-03
   1.04364999E-05   8.47977027E-03
   6.95796984E-07   8.50293040E-03
   7.96700013E-04   8.24259967E-03
   2.24738009E-03   8.28345027E-03
   1.01511995E-03   8.41202028E-03
   1.46324001E-03   8.41941964E-03
   3.89644993E-05   8.57484993E-03
   1.87860005E-05   8.57592002E-03
   1.34286995E-04   8.53046030E-03
   1.97608999E-04   8.55175965E-03
   2.71357014E-04   8.55707005E-03
   1.04364999E-05   8.58023018E-03
   5.74268015E-05   8.32429994E-03
   1.27043005E-03   8.45286995E-03
   1.54074005E-04   8.46027024E-03
   2.87124003E-05   8.61569960E-03
   9.10453036E-06   8.61676969E-03
   1.40061002E-05   8.57130997E-03
   2.71039986E-04   8.59261025E-03
   1.33059002E-05   8.59791972E-03
   1.40061002E-06   8.62107985E-03
   8.95467994E-04   8.58143996E-03
   3.48454993E-03   8.58884025E-03
   1.37070994E-04   8.74426961E-03
   1.77427995E-04   8.74533970E-03
   1.25244997E-05   8.69987998E-03
   1.21767000E-04   8.72118026E-03
   1.50983993E-04   8.72648973E-03
   6.95801020E-07   8.74964986E-03
   2.54050014E-04   8.59623961E-03
   8.77428974E-05   8.75166990E-03
   2.14252996E-05   8.75273999E-03
   1.42833997E-05   8.70728027E-03
   2.52010010E-04   8.72857962E-03
   2.65268991E-05   8.73389002E-03
   1.02028002E-06   8.75705015E-03
   2.85044007E-06   8.90710019E-03
   1.04520996E-05   8.90817028E-03
   2.85044007E-06   8.86270963E-03
   6.65115022E-06   8.88400991E-03
   4.75081015E-06   8.88932031E-03
   9.89164960E-07   8.90924037E-03
   9.89164960E-07   8.86377972E-03
   2.96735993E-06   8.88507999E-03
   1.97828990E-06   8.89039040E-03
   1.30193996E-06   8.81832000E-03
   2.99431995E-05   8.83962028E-03
   2.60382990E-06   8.84492975E-03
   2.64110004E-05   8.86091962E-03
   6.89602966E-05   8.86623003E-03
   2.93448011E-06   8.88939016E-03
       -1137       -1137
   1.09133997E-03   3.85669991E-03
   6.70460984E-04   4.04880010E-03
   2.55484004E-02   4.23069997E-03
   2.68756994E-03   4.56399983E-03
   3.50048998E-03   4.60390002E-03
   4.01427998E-04   5.53885009E-03
   1.17980002E-04   5.61614987E-03
   3.76091991E-03   5.65700000E-03
   2.49620003E-04   5.78557001E-03
   2.91342003E-04   5.79296984E-03
   1.07911001E-04   5.94840012E-03
   1.21579003E-04   5.94947021E-03
   6.11470023E-05   5.90401003E-03
   1.43882999E-05   5.92530984E-03
   4.25873004E-04   5.93061978E-03
   4.31615990E-06   5.95377991E-03
   1.69773004E-04   4.24089981E-03
   4.28129993E-02   4.42280015E-03
   2.47113989E-03   4.75610001E-03
   2.20688004E-02   4.79600020E-03
   1.33085006E-04   5.73094981E-03
   6.25858011E-05   5.80825005E-03
   6.54063979E-03   5.84910018E-03
   4.24430007E-04   5.97767020E-03
   3.19056003E-03   5.98507002E-03
   1.17263000E-04   6.14049984E-03
   1.93511005E-04   6.14156993E-03
   2.08615002E-05   6.09611021E-03
   7.91324965E-06   6.11741003E-03
   7.44557008E-04   6.12271996E-03
   1.43883005E-06   6.14588009E-03
   5.76006994E-02   4.60470002E-03
   5.96732982E-02   4.93799988E-03
   8.63080025E-02   4.97790007E-03
   6.07257988E-03   5.91285015E-03
   9.06402990E-03   5.99014992E-03
   2.11177003E-02   6.03100006E-03
   1.06862001E-02   6.15957007E-03
   1.51922004E-02   6.16696989E-03
   5.19400986E-04   6.32240018E-03
   4.15104994E-04   6.32346980E-03
   9.75504983E-04   6.27801009E-03
   1.15102006E-03   6.29930990E-03
   2.48907995E-03   6.30461983E-03
   7.33792986E-05   6.32777996E-03
   8.60255957E-03   5.27130021E-03
  0.162954003       5.31119993E-03
   6.09325012E-04   6.24615001E-03
   5.28049015E-04   6.32344978E-03
   8.42148997E-03   6.36429992E-03
   2.68118992E-03   6.49286993E-03
   2.14028992E-02   6.50027022E-03
   2.94232013E-04   6.65570004E-03
   6.28038018E-04   6.65677013E-03
   9.71155023E-05   6.61130995E-03
   6.69044966E-05   6.63261022E-03
   9.46011976E-04   6.63792016E-03
   7.19412992E-06   6.66107982E-03
  0.109701000       5.35110012E-03
   8.34449020E-04   6.28605019E-03
   4.30063019E-03   6.36334997E-03
   1.37272002E-02   6.40420010E-03
   2.56871991E-02   6.53277012E-03
   3.26134004E-02   6.54016994E-03
   3.13941995E-03   6.69560023E-03
   1.79054996E-03   6.69666985E-03
   1.34532005E-04   6.65121013E-03
   5.38118009E-04   6.67250995E-03
   1.58189004E-03   6.67781988E-03
   1.00716998E-05   6.70098001E-03
   3.66882014E-05   7.22099980E-03
   2.37403001E-05   7.29830004E-03
   8.95646983E-04   7.33915018E-03
   6.18682971E-05   7.46772019E-03
   7.55371002E-05   7.47512002E-03
   1.58271996E-05   7.63054984E-03
   2.01431994E-05   7.63161993E-03
   1.15102002E-05   7.58616021E-03
   2.87750004E-06   7.60746002E-03
   1.01432997E-04   7.61276996E-03
   7.19409002E-07   7.63593009E-03
   5.03548017E-06   7.37559982E-03
   1.38049002E-03   7.41644995E-03
   8.77690982E-05   7.54501997E-03
   6.48167974E-04   7.55241979E-03
   1.65456004E-05   7.70785008E-03
   2.66169991E-05   7.70892017E-03
   3.59684009E-06   7.66345998E-03
   1.43883005E-06   7.68475980E-03
   1.56822003E-04   7.69007020E-03
   1.80354004E-03   7.45730009E-03
   1.46350998E-03   7.58587010E-03
   2.30677007E-03   7.59326993E-03
   5.85402995E-05   7.74870021E-03
   4.94808010E-05   7.74976984E-03
   1.39387004E-04   7.70431012E-03
   1.69346997E-04   7.72560993E-03
   4.22332989E-04   7.73091987E-03
   1.04540004E-05   7.75408000E-03
   2.02149007E-04   7.71444011E-03
   3.49905994E-03   7.72183994E-03
   3.16543992E-05   7.87726976E-03
   6.47464985E-05   7.87833985E-03
   1.00718999E-05   7.83288013E-03
   1.07914002E-05   7.85418041E-03
   1.69777006E-04   7.85948988E-03
   7.19407012E-07   7.88265001E-03
   2.80046999E-03   7.72924023E-03
   3.77254997E-04   7.88467005E-03
   2.12612998E-04   7.88574014E-03
   1.40643997E-05   7.84028042E-03
   9.34815034E-05   7.86157977E-03
   3.14367993E-04   7.86689017E-03
   8.27317024E-07   7.89005030E-03
   1.10833003E-06   8.04010034E-03
   1.88416998E-05   8.04117043E-03
   3.32491004E-06   7.99570978E-03
   3.32491004E-06   8.01701006E-03
   9.97493044E-06   8.02232046E-03
   4.31606986E-06   8.04223958E-03
   2.87736998E-06   7.99677987E-03
   2.87736998E-06   8.01808015E-03
   5.75508011E-06   8.02338962E-03
   1.31930005E-06   7.95132015E-03
   1.31930005E-06   7.97262043E-03
   3.03432007E-05   7.97792990E-03
   5.61806010E-05   7.99923018E-03
   1.11223002E-04   8.00453965E-03
   6.35589004E-06   8.02769978E-03
       -1137       -1137
   6.46495000E-02   1.84700002E-05
   9.61854011E-02   2.58700002E-05
   3.03070992E-02   1.81299998E-04
   4.02891003E-02   1.82370000E-04
   8.08885042E-03   1.36910006E-04
   6.75251009E-03   1.58209994E-04
   9.98954009E-03   1.63520002E-04
   5.98664978E-04   1.86680001E-04
   6.58978969E-02   3.09499992E-05
   8.67481977E-02   7.18000010E-05
   3.72335017E-02   2.00370006E-04
   5.35848998E-02   2.07770005E-04
   9.13117975E-02   3.63200001E-04
  0.113990001       3.64270003E-04
   9.34578013E-03   3.18809994E-04
   7.84351956E-03   3.40110011E-04
   1.01803998E-02   3.45420005E-04
   6.94706978E-04   3.68579989E-04
   2.49552000E-02   2.86950002E-04
   5.52400993E-03   3.64250009E-04
   5.02962992E-03   4.05100000E-04
   8.11195001E-03   5.33670012E-04
   1.01757003E-02   5.41070011E-04
   4.63747978E-03   6.96500007E-04
   4.35486017E-03   6.97569980E-04
   2.67831003E-03   6.52109971E-04
   5.53635007E-04   6.73410017E-04
   4.70738014E-04   6.78720011E-04
   1.92663007E-04   7.01880024E-04
   3.57748009E-02   3.26849986E-04
   1.13094004E-03   4.04149992E-04
   1.05700996E-02   4.45000012E-04
   1.10552004E-02   5.73570025E-04
   1.65177993E-02   5.80970023E-04
   5.31926984E-03   7.36400019E-04
   8.23627971E-03   7.37469993E-04
   3.81337991E-03   6.92009984E-04
   1.14841998E-04   7.13309972E-04
   9.88504966E-04   7.18620024E-04
   2.74130987E-04   7.41779979E-04
   4.43285005E-03   1.26179995E-03
   7.49030011E-03   1.33909995E-03
   1.31737003E-02   1.37994997E-03
   1.43419998E-02   1.50851998E-03
   2.05782000E-02   1.51592004E-03
   5.30532002E-03   1.67134998E-03
   6.67973980E-03   1.67241995E-03
   1.18005998E-03   1.62696000E-03
   9.53620009E-04   1.64826005E-03
   1.58699998E-03   1.65356998E-03
   8.73548997E-05   1.67673000E-03
   3.68412992E-04   1.41639996E-03
   9.57750017E-04   1.45724998E-03
   5.49973978E-04   1.58581999E-03
   2.96579994E-04   1.59322005E-03
   7.72022977E-05   1.74864999E-03
   3.69173009E-04   1.74971996E-03
   7.86532997E-04   1.70426001E-03
   7.45259968E-05   1.72556005E-03
   9.01944004E-05   1.73086999E-03
   5.65634000E-05   1.75403000E-03
   1.24095997E-03   1.49810000E-03
   8.22470989E-04   1.62667001E-03
   2.00117007E-03   1.63406995E-03
   3.90230009E-04   1.78950001E-03
   7.30731990E-04   1.79056998E-03
   1.38886995E-03   1.74511003E-03
   1.03190003E-04   1.76640996E-03
   2.52636994E-04   1.77172001E-03
   9.97488023E-05   1.79488002E-03
   1.65104997E-04   1.75524002E-03
   7.94189982E-04   1.76263996E-03
   3.65379994E-04   1.91807002E-03
   2.71708006E-03   1.91913999E-03
   1.48626999E-03   1.87368004E-03
   5.04468007E-05   1.89497997E-03
   7.91127022E-05   1.90029002E-03
   1.06631996E-04   1.92345004E-03
   4.44098987E-04   1.77004002E-03
   2.69842008E-03   1.92546996E-03
   1.52871001E-03   1.92654005E-03
   2.12915009E-03   1.88107998E-03
   2.86629001E-05   1.90238003E-03
   1.91482002E-04   1.90768996E-03
   1.52491004E-04   1.93084998E-03
   2.44992989E-04   2.08089990E-03
   1.93774002E-03   2.08196999E-03
   5.08686004E-04   2.03651004E-03
   6.87946022E-06   2.05781008E-03
   3.21045009E-05   2.06312002E-03
   3.63077015E-05   2.08627991E-03
   6.11729978E-04   2.08304008E-03
   6.50583010E-04   2.03757989E-03
   4.35278016E-05   2.05887994E-03
   6.10159987E-05   2.06419011E-03
   4.62466014E-05   2.08735000E-03
   1.15928997E-04   1.99211994E-03
   1.57977003E-04   2.01341999E-03
   2.63085996E-04   2.01872992E-03
   1.68187998E-05   2.04189005E-03
   6.82415020E-06   2.03472003E-03
   1.70603998E-05   2.04002997E-03
   1.29656000E-05   2.06319010E-03
   2.89667005E-05   2.04533990E-03
   2.80883996E-05   2.06850003E-03
       -1137       -1137
   1.04753003E-02   8.26999985E-06
   2.51295008E-02   1.56700007E-05
   2.25903001E-02   1.71099993E-04
   2.41867993E-02   1.72169995E-04
   4.18080995E-03   1.26710001E-04
   4.27595992E-03   1.48010004E-04
   4.13007010E-03   1.53319997E-04
   2.96084996E-04   1.76479996E-04
   6.96294010E-02   9.48500019E-05
   6.95597976E-02   1.72150001E-04
   8.66525024E-02   2.13000007E-04
   2.95704994E-02   3.41570005E-04
   3.38979997E-02   3.48970003E-04
  0.107307002       5.04399999E-04
  0.161059007       5.05469972E-04
   1.10796997E-02   4.60009993E-04
   7.66257010E-03   4.81310009E-04
   1.00039002E-02   4.86620003E-04
   8.32094986E-04   5.09780017E-04
   1.16863996E-02   1.34749993E-04
   7.99382031E-02   2.12049999E-04
   7.54925981E-03   2.52900005E-04
   1.26360997E-03   3.81469988E-04
   3.92509997E-03   3.88869987E-04
   3.37281008E-03   5.44300012E-04
   2.66123004E-03   5.45369985E-04
   1.23806996E-03   4.99909976E-04
   7.13175023E-03   5.21210022E-04
   7.99064001E-04   5.26520016E-04
   8.94218974E-05   5.49679971E-04
   8.76162027E-04   1.06970000E-03
   1.21620996E-02   1.14700000E-03
   1.88938004E-03   1.18785002E-03
   3.93964991E-04   1.31642004E-03
   1.40270998E-03   1.32381998E-03
   5.15009997E-05   1.47925003E-03
   5.53628022E-04   1.48032000E-03
   2.20165006E-04   1.43486005E-03
   1.04801997E-03   1.45615998E-03
   2.05999997E-04   1.46147003E-03
   1.60936997E-05   1.48463005E-03
   9.12220031E-03   1.22430001E-03
   2.71997992E-02   1.26515003E-03
   2.56843995E-02   1.39372004E-03
   4.19798009E-02   1.40111998E-03
   7.88128003E-03   1.55655004E-03
   1.35019999E-02   1.55762001E-03
   1.95007003E-03   1.51215994E-03
   1.97474007E-03   1.53345999E-03
   3.25377006E-03   1.53877004E-03
   1.47311002E-04   1.56193005E-03
   7.74663000E-04   1.30600005E-03
   2.16031005E-03   1.43456995E-03
   1.72039995E-03   1.44197000E-03
   5.86997997E-03   1.59740006E-03
   1.65717001E-03   1.59847003E-03
   2.08311001E-04   1.55300996E-03
   2.45906995E-03   1.57431001E-03
   1.57064002E-04   1.57961994E-03
   1.46414995E-05   1.60277996E-03
   8.75904982E-04   1.56313996E-03
   2.55621993E-03   1.57054001E-03
   7.23735022E-04   1.72596995E-03
   1.33766001E-03   1.72704004E-03
   5.82165012E-05   1.68157998E-03
   2.25849007E-03   1.70288002E-03
   2.20957998E-04   1.70818996E-03
   4.63087008E-06   1.73134997E-03
   5.97367005E-04   1.57793995E-03
   2.44121999E-03   1.73337001E-03
   5.15351014E-04   1.73443998E-03
   1.81925003E-04   1.68898003E-03
   3.74590000E-03   1.71027996E-03
   1.61418997E-04   1.71559001E-03
   1.32308996E-05   1.73875003E-03
   1.00822002E-03   1.88879995E-03
   6.91524986E-03   1.88987004E-03
   2.65659992E-06   1.84440997E-03
   6.40899001E-04   1.86571002E-03
   6.56859018E-04   1.87101995E-03
   3.44680011E-04   1.89094001E-03
   7.74040964E-05   1.84547994E-03
   1.09221996E-03   1.86677999E-03
   1.66710000E-04   1.87209004E-03
   5.95415986E-06   1.89525005E-03
   1.78234004E-05   1.80001999E-03
   2.10643993E-04   1.82132004E-03
   2.75429993E-05   1.82662997E-03
   2.43048999E-06   1.84978999E-03
   2.14722997E-04   1.84261997E-03
   6.07258989E-04   1.84793002E-03
   2.73528003E-05   1.87109003E-03
   5.26137010E-05   1.85323996E-03
   8.76883041E-06   1.87639997E-03
       -1137       -1137
   1.28335999E-02   0.00000000    
   5.99794015E-02   3.11000003E-05
   1.02637997E-02   1.59670002E-04
   9.38094035E-03   1.67070000E-04
   1.12936003E-02   3.22500011E-04
   1.64577998E-02   3.23570013E-04
   2.06810003E-03   2.78110005E-04
   1.44064997E-03   2.99409992E-04
   5.59137994E-03   3.04719986E-04
   1.51835993E-04   3.27880000E-04
   8.25871974E-02   3.01500004E-05
  0.135643005       7.10000022E-05
   4.56102006E-02   1.99570000E-04
   6.64507970E-02   2.06969999E-04
  0.110280000       3.62399995E-04
  0.131334007       3.63469997E-04
   1.20682996E-02   3.18009988E-04
   9.84722003E-03   3.39310005E-04
   1.44560998E-02   3.44619999E-04
   8.98647006E-04   3.67780012E-04
   6.92324014E-04   8.87800008E-04
   1.06268004E-03   9.65100015E-04
   1.61132999E-02   1.00595003E-03
   9.60654987E-04   1.13452005E-03
   1.05286005E-03   1.14191999E-03
   7.97373999E-04   1.29735004E-03
   1.22214004E-03   1.29842001E-03
   1.72323998E-04   1.25295995E-03
   1.09594999E-04   1.27425999E-03
   1.34610001E-03   1.27957005E-03
   1.28489000E-05   1.30272994E-03
   1.25553997E-04   1.04240002E-03
   1.90749001E-02   1.08325004E-03
   4.55311994E-04   1.21182005E-03
   3.52305011E-03   1.21921999E-03
   9.09114024E-04   1.37465005E-03
   5.29070990E-03   1.37572002E-03
   1.17989999E-04   1.33025995E-03
   2.42026999E-05   1.35156000E-03
   1.61407003E-03   1.35687005E-03
   8.31986017E-06   1.38002995E-03
   2.67364997E-02   1.12409994E-03
   3.69124003E-02   1.25266996E-03
   4.92004007E-02   1.26007001E-03
   1.61185004E-02   1.41549995E-03
   1.82866994E-02   1.41657004E-03
   2.51155999E-03   1.37110997E-03
   2.38607009E-03   1.39241002E-03
   5.44018997E-03   1.39771996E-03
   1.88952996E-04   1.42087997E-03
   2.42616006E-04   1.38123997E-03
   4.77362983E-03   1.38864003E-03
   3.76384007E-04   1.54406996E-03
   4.62643988E-03   1.54514005E-03
   9.90121989E-05   1.49967999E-03
   3.32564996E-05   1.52098003E-03
   3.09597002E-03   1.52628997E-03
   6.80239009E-06   1.54944998E-03
   2.29981006E-03   1.39603997E-03
   3.70490993E-03   1.55147002E-03
   3.20593012E-03   1.55253999E-03
   1.10342997E-04   1.50708004E-03
   2.78130989E-04   1.52837997E-03
   4.08568000E-03   1.53369003E-03
   8.31361012E-06   1.55685004E-03
   2.99675012E-04   1.70689996E-03
   8.66459962E-03   1.70797005E-03
   7.96565000E-05   1.66250998E-03
   9.63498023E-05   1.68381003E-03
   1.29273999E-03   1.68911996E-03
   6.06920003E-06   1.71227998E-03
   3.18833999E-03   1.70904002E-03
   9.79660981E-05   1.66357995E-03
   5.62173023E-04   1.68488000E-03
   1.49738998E-03   1.69019005E-03
   6.78236984E-06   1.71334995E-03
   1.72278997E-05   1.61812000E-03
   1.95249995E-05   1.63942005E-03
   3.19293002E-04   1.64472999E-03
   2.29704006E-06   1.66789000E-03
   2.85348005E-06   1.66071998E-03
   3.82372993E-04   1.66603003E-03
   1.42676004E-06   1.68919004E-03
   1.22146006E-03   1.67133997E-03
   7.24530983E-05   1.69449998E-03
       -1137       -1137
  0.104547001       2.90999997E-05
   1.49728004E-02   3.01700002E-05
   6.56304008E-04   6.01000011E-06
   1.89809001E-03   1.13200003E-05
   1.36147006E-04   3.44799992E-05
   3.68770015E-05   5.54499973E-04
   2.44904007E-03   6.31799980E-04
   1.67895004E-03   6.72650000E-04
   5.85874990E-02   8.01220012E-04
   7.14317011E-03   8.08620011E-04
   1.23341000E-02   9.64050007E-04
   4.01732977E-03   9.65119980E-04
   2.38620996E-05   9.19659971E-04
   2.45111005E-04   9.40960017E-04
   1.34492002E-04   9.46270011E-04
   2.16915009E-06   9.69430024E-04
   1.36663998E-03   7.09099986E-04
   8.86324979E-03   7.49950006E-04
   5.04631996E-02   8.78520019E-04
   4.20618989E-03   8.85920017E-04
   7.73761980E-03   1.04134995E-03
   4.03899979E-03   1.04242004E-03
   2.60314991E-04   9.96959978E-04
   2.79828004E-04   1.01826002E-03
   8.06915981E-04   1.02356996E-03
   1.95240009E-05   1.04672997E-03
   3.21903010E-03   7.90800026E-04
  0.107331000       9.19369981E-04
   4.01940988E-03   9.26769979E-04
   4.65718005E-03   1.08219997E-03
   2.35127006E-03   1.08326995E-03
   1.99558999E-04   1.03781000E-03
   7.74378015E-04   1.05911004E-03
   5.63974027E-04   1.06441998E-03
   1.51836002E-05   1.08757999E-03
   9.05191973E-02   1.04793999E-03
  0.183318004       1.05534005E-03
   4.81741019E-02   1.21076999E-03
   6.08725995E-02   1.21183996E-03
   8.47079046E-03   1.16638001E-03
   6.34934986E-03   1.18768006E-03
   1.25054996E-02   1.19298999E-03
   6.33404008E-04   1.21615001E-03
   3.00221005E-03   1.06273999E-03
   4.94282991E-02   1.21817004E-03
   2.80252006E-03   1.21924002E-03
   5.92202996E-04   1.17377995E-03
   3.55761003E-04   1.19508000E-03
   3.86119995E-04   1.20039005E-03
   4.12137997E-05   1.22354995E-03
   2.54826993E-02   1.37359998E-03
   7.82969967E-02   1.37466996E-03
   1.82203006E-03   1.32921000E-03
   8.01651971E-04   1.35051005E-03
   5.30806021E-04   1.35581999E-03
   1.36499002E-04   1.37898000E-03
   1.80784997E-03   1.37574004E-03
   4.86394012E-04   1.33027998E-03
   2.80044012E-04   1.35158002E-03
   2.80044012E-04   1.35688996E-03
   3.43922002E-05   1.38004997E-03
   1.54864993E-05   1.28482003E-03
   2.01324001E-04   1.30611996E-03
   1.23902006E-04   1.31143001E-03
   1.07478998E-04   1.32742000E-03
   5.22051007E-04   1.33273005E-03
   1.53542005E-05   1.35588995E-03
   7.21031975E-04   1.33803999E-03
   6.00827007E-05   1.36120000E-03
       -1137       -1137
   4.82057021E-06   5.14600019E-04
   6.41136023E-04   5.91900025E-04
   4.25418001E-03   6.32749987E-04
   6.28119987E-03   7.61320000E-04
   6.96528032E-02   7.68719998E-04
   4.35779989E-03   9.24149994E-04
   1.44934002E-02   9.25220025E-04
   1.68720999E-05   8.79760017E-04
   3.37433994E-05   9.01060004E-04
   3.71183996E-04   9.06369998E-04
   2.41033990E-06   9.29530011E-04
   1.20509003E-05   6.69199973E-04
   1.03809005E-02   7.10049993E-04
   5.95298014E-04   8.38620006E-04
   6.98627979E-02   8.46020004E-04
   1.98116992E-03   1.00145000E-03
   7.12912017E-03   1.00251997E-03
   6.50736984E-05   9.57060023E-04
   4.82025007E-06   9.78359953E-04
   8.96534999E-04   9.83670005E-04
   4.82025007E-06   1.00683002E-03
   7.89130013E-03   7.50900013E-04
   6.55596005E-03   8.79470026E-04
  0.111073002       8.86870024E-04
   2.94047990E-03   1.04230002E-03
   6.73444010E-03   1.04336999E-03
   5.08576981E-04   9.97910043E-04
   8.84579029E-04   1.01920997E-03
   1.40521000E-03   1.02452002E-03
   3.61538005E-05   1.04768004E-03
   1.40752003E-03   1.00804004E-03
  0.144604996       1.01543998E-03
   2.53785006E-03   1.17087003E-03
   3.36382985E-02   1.17194001E-03
   5.06121025E-04   1.12648006E-03
   7.71245032E-05   1.14777999E-03
   5.71202021E-04   1.15309004E-03
   3.61517014E-05   1.17625005E-03
  0.164660007       1.02284004E-03
   5.88788986E-02   1.17826997E-03
   8.87783021E-02   1.17933995E-03
   9.75911971E-03   1.13388000E-03
   8.47186986E-03   1.15518004E-03
   1.30423000E-02   1.16048998E-03
   7.27874984E-04   1.18364999E-03
   2.20313994E-03   1.33370003E-03
   7.44438991E-02   1.33477000E-03
   4.93075000E-04   1.28931005E-03
   2.21280003E-04   1.31060998E-03
   2.62171001E-04   1.31592003E-03
   3.60779013E-05   1.33908004E-03
   4.84229997E-02   1.33583997E-03
   2.06494005E-03   1.29038002E-03
   8.53381993E-04   1.31167995E-03
   7.09152024E-04   1.31699000E-03
   1.56246999E-04   1.34015002E-03
   2.70997007E-05   1.24491996E-03
   2.70997007E-05   1.26622000E-03
   5.14878018E-04   1.27153005E-03
   5.01377974E-04   1.29282998E-03
   7.11022003E-04   1.29814004E-03
   2.63345992E-05   1.32130005E-03
       -1137       -1137
   2.87688002E-02   6.64999970E-05
   4.15324010E-02   6.75699994E-05
   3.98685001E-02   2.21099999E-05
   3.18686999E-02   4.34100002E-05
   6.17461018E-02   4.87200014E-05
   2.87940004E-03   7.18800002E-05
  0.129870996       1.07350003E-04
  0.157141998       1.08419998E-04
   4.90184017E-02   6.29600036E-05
   5.00606000E-02   8.42599984E-05
   6.21793009E-02   8.95699995E-05
   3.59731005E-03   1.12729998E-04
   4.04663989E-03   7.30899992E-05
   1.72958001E-02   8.04899973E-05
   4.58185980E-03   2.35920001E-04
   1.07421000E-02   2.36990003E-04
   1.66228991E-02   1.91529994E-04
   3.44298012E-03   2.12829997E-04
   9.27469973E-03   2.18140005E-04
   1.02231000E-03   2.41300004E-04
   9.71973035E-03   8.78900028E-05
   1.22953998E-02   2.43319999E-04
   1.08273001E-02   2.44389987E-04
   2.39971001E-02   1.98930007E-04
   9.13381018E-03   2.20229995E-04
   8.83220974E-03   2.25540003E-04
   1.47078000E-03   2.48700002E-04
   3.42522003E-03   3.98750009E-04
   8.49433988E-03   3.99820012E-04
   1.15924003E-02   3.54360003E-04
   1.38353999E-03   3.75659991E-04
   3.51849990E-03   3.80970014E-04
   6.54538977E-04   4.04129998E-04
   5.79679012E-03   4.00890014E-04
   1.49558000E-02   3.55430006E-04
   8.97579012E-04   3.76729993E-04
   4.39970009E-03   3.82039987E-04
   8.43631977E-04   4.05200000E-04
   2.07509007E-02   3.09969997E-04
   2.51867007E-02   3.31270014E-04
   4.23501991E-02   3.36580008E-04
   2.75295996E-03   3.59739992E-04
   4.82818019E-03   3.52570001E-04
   2.01024003E-02   3.57879995E-04
   3.60989990E-03   3.81040009E-04
   1.60814002E-02   3.63189989E-04
   6.30101981E-03   3.86350002E-04
       -1137       -1137
   6.14137985E-02   3.00499996E-05
   4.71116006E-02   3.11199983E-05
   1.03944996E-02   6.96000006E-06
   1.02364998E-02   1.22700003E-05
   1.12289004E-03   3.54299991E-05
   1.92508996E-02   0.00000000    
  0.263949007       3.18999992E-06
   9.88072976E-02   1.58619994E-04
  0.205267996       1.59689997E-04
   2.64321007E-02   1.14230003E-04
   1.85697991E-02   1.35530005E-04
   3.20454985E-02   1.40839998E-04
   1.96418003E-03   1.63999997E-04
   1.62821002E-02   1.05899999E-05
   3.22350003E-02   1.66020007E-04
   8.48248042E-03   1.67089995E-04
   5.52516989E-03   1.21630001E-04
   2.29055006E-02   1.42930003E-04
   4.78813006E-03   1.48239997E-04
   3.61181999E-04   1.71399995E-04
   1.97196007E-03   3.21450003E-04
   1.42457997E-02   3.22520005E-04
   2.97855004E-03   2.77059997E-04
   1.12285996E-02   2.98360013E-04
   3.45046003E-03   3.03670007E-04
   2.17442997E-04   3.26829992E-04
   6.73423987E-04   3.23590008E-04
   1.92670000E-03   2.78129999E-04
   2.22367998E-02   2.99429987E-04
   1.58601999E-03   3.04740010E-04
   1.19869997E-04   3.27899994E-04
   3.36809986E-04   2.32670005E-04
   5.26827993E-03   2.53970007E-04
   8.51174991E-04   2.59280001E-04
   4.37937997E-05   2.82440014E-04
   1.10667003E-02   2.75269995E-04
   3.06626000E-02   2.80579989E-04
   1.49944006E-03   3.03740002E-04
   1.70358003E-03   2.85890012E-04
   2.86808994E-04   3.09049996E-04
       -1137       -1137
   1.91977993E-02   1.17770003E-04
   5.56768999E-02   1.18839998E-04
   1.31807001E-02   7.33799970E-05
   9.77788027E-03   9.46799992E-05
   3.66050005E-02   9.99900003E-05
   9.50903981E-04   1.23150006E-04
  0.252709001       1.25170001E-04
  0.261617988       1.26240004E-04
   6.80797994E-02   8.07800025E-05
   6.57766983E-02   1.02079997E-04
   9.48764011E-02   1.07389998E-04
   5.08532021E-03   1.30550005E-04
   5.68273012E-04   2.80600012E-04
   1.66845992E-02   2.81670014E-04
   3.86246992E-03   2.36210006E-04
   1.65986002E-03   2.57509993E-04
   2.39877999E-02   2.62819987E-04
   2.21762995E-04   2.85980001E-04
   6.56733010E-03   2.82739988E-04
   8.15491006E-03   2.37279994E-04
   6.60340022E-03   2.58579996E-04
   2.89730001E-02   2.63889990E-04
   5.17030014E-04   2.87050003E-04
   1.86225006E-05   1.91820000E-04
   2.76448991E-04   2.13120002E-04
   5.27941016E-03   2.18429996E-04
   3.58105990E-06   2.41589994E-04
   2.43179002E-05   2.34420004E-04
   3.10890004E-03   2.39729998E-04
   1.12578000E-05   2.62890011E-04
   9.19917040E-03   2.45039992E-04
   5.66363975E-04   2.68200005E-04
       -1137       -1137
   4.13278006E-02   0.00000000    
   4.65377001E-03   0.00000000    
   1.58424999E-04   1.97999998E-06
  0.154437006       1.52029999E-04
  0.502170980       1.53100002E-04
   6.50682002E-02   1.07640000E-04
   5.31102009E-02   1.28939995E-04
   8.18466023E-02   1.34250004E-04
   4.90530021E-03   1.57410002E-04
   4.19498980E-03   1.54170004E-04
   5.21908980E-03   1.08710003E-04
   1.35837002E-02   1.30009998E-04
   4.49449988E-03   1.35320006E-04
   3.34698998E-04   1.58480005E-04
   4.36706003E-03   6.32500014E-05
   4.12257016E-03   8.45500035E-05
   4.80422005E-03   8.98599974E-05
   3.69135989E-04   1.13020003E-04
   8.52394011E-03   1.05849998E-04
   2.62176003E-02   1.11160000E-04
   1.03637995E-03   1.34319998E-04
   1.38640003E-02   1.16470001E-04
   1.14894996E-03   1.39630007E-04
       -1137       -1137
   1.05667999E-02   1.44630001E-04
  0.416444004       1.45700003E-04
   9.74478014E-03   1.00240002E-04
   5.37603023E-03   1.21539997E-04
   1.81744993E-02   1.26850005E-04
   6.67541986E-04   1.50010004E-04
  0.286713004       1.46770006E-04
   7.22509027E-02   1.01309997E-04
   7.00996965E-02   1.22609999E-04
   8.83082002E-02   1.27919993E-04
   5.45204012E-03   1.51080007E-04
   3.59642995E-03   5.58499996E-05
   1.87031995E-03   7.71499981E-05
   4.78476984E-03   8.24599992E-05
   2.96545011E-04   1.05619998E-04
   3.48959002E-04   9.84500002E-05
   3.22597008E-03   1.03760001E-04
   7.30980973E-05   1.26920000E-04
   1.78739999E-03   1.09070003E-04
   1.78610004E-04   1.32229994E-04
       -1137       -1137
  0.413949996       1.58799994E-05
  0.578369975       2.11900006E-05
   7.67999981E-03   4.43499994E-05
       -1137       -1137
          -1          -1
