   5.10403980E-03   3.93260010E-02
   6.95843995E-03   3.97775993E-02
   5.66454977E-03   4.07688990E-02
   1.97776989E-03   4.71296012E-02
   1.45568000E-03   4.73317988E-02
   1.23827998E-03   4.75419015E-02
   9.57212033E-05   4.78909984E-02
   8.59451975E-05   4.79371995E-02
   4.68454993E-04   4.89532985E-02
   3.32716998E-04   4.90356013E-02
   2.80247012E-04   4.90830988E-02
   2.17627003E-05   4.92199995E-02
   1.92727002E-05   4.92287017E-02
   7.42373013E-05   4.93487008E-02
   4.20506003E-05   4.93713990E-02
   3.32896998E-05   4.93775010E-02
   5.44055001E-06   4.94013987E-02
   5.67860028E-04   4.02292013E-02
   1.09957997E-02   4.12205011E-02
   1.14247994E-03   4.75811996E-02
   2.09235994E-04   4.77834009E-02
   1.99716003E-03   4.79934998E-02
   1.04118000E-04   4.83426005E-02
   3.11595009E-04   4.83888015E-02
   2.60875997E-04   4.94049005E-02
   4.65671001E-05   4.94871996E-02
   4.34532005E-04   4.95347008E-02
   2.30536007E-05   4.96716015E-02
   6.86989006E-05   4.96803001E-02
   3.68852994E-07   4.98475991E-02
   5.53280984E-07   4.98488992E-02
   4.10362991E-05   4.98002991E-02
   5.80969981E-06   4.98230010E-02
   5.12711013E-05   4.98290993E-02
   2.95094992E-06   4.98530008E-02
   5.07545983E-03   4.22118008E-02
   8.73512006E-04   4.85724993E-02
   1.88821997E-03   4.87747006E-02
   1.90151995E-03   4.89847995E-02
   3.58254998E-04   4.93339002E-02
   3.13263998E-04   4.93801013E-02
   1.96602006E-04   5.03962003E-02
   4.14515001E-04   5.04784994E-02
   4.17014991E-04   5.05260006E-02
   7.96750974E-05   5.06629013E-02
   6.92570029E-05   5.06715998E-02
   7.37751009E-07   5.08388989E-02
   7.37751009E-07   5.08401990E-02
   3.08013987E-05   5.07915989E-02
   5.19196983E-05   5.08143008E-02
   4.92465988E-05   5.08203991E-02
   2.21321989E-06   5.08443005E-02
   1.88577003E-04   5.49332015E-02
   2.40508001E-04   5.51353991E-02
   1.92827007E-04   5.53455018E-02
   1.43857997E-05   5.56945987E-02
   1.22647998E-05   5.57407998E-02
   8.90821029E-05   5.67568988E-02
   5.50533987E-05   5.68392016E-02
   4.37105009E-05   5.68866991E-02
   3.22756000E-06   5.70235997E-02
   2.76647006E-06   5.70322983E-02
   1.41088003E-05   5.71523011E-02
   6.91633022E-06   5.71749993E-02
   5.16414002E-06   5.71811013E-02
   1.01439002E-06   5.72049990E-02
   1.87195001E-05   5.53376004E-02
   3.50791001E-04   5.55476993E-02
   1.47545998E-05   5.58968000E-02
   4.10360008E-05   5.59430011E-02
   5.49606993E-05   5.69591001E-02
   8.29970031E-06   5.70413992E-02
   7.66271987E-05   5.70889004E-02
   3.31982005E-06   5.72258011E-02
   9.12937958E-06   5.72344996E-02
   9.22167018E-08   5.74017987E-02
   9.22167018E-08   5.74030988E-02
   8.66839036E-06   5.73544987E-02
   1.01437001E-06   5.73772006E-02
   9.03708042E-06   5.73832989E-02
   6.45474017E-07   5.74072003E-02
   1.79355004E-04   5.57577983E-02
   5.33917009E-05   5.61068989E-02
   4.52757995E-05   5.61531000E-02
   4.35239017E-05   5.71691990E-02
   7.73670981E-05   5.72515018E-02
   7.87491008E-05   5.72989993E-02
   1.19877004E-05   5.74359000E-02
   1.00517000E-05   5.74445985E-02
   9.22167018E-08   5.76119013E-02
   9.22167018E-08   5.76132014E-02
   6.82394011E-06   5.75646013E-02
   9.68266977E-06   5.75872995E-02
   9.31396971E-06   5.75934015E-02
   4.61057994E-07   5.76172993E-02
   9.36394002E-08   5.64559996E-02
   6.55431995E-06   5.65022007E-02
   3.27731004E-06   5.75182997E-02
   3.18369007E-06   5.76005988E-02
   1.13298001E-05   5.76481000E-02
   1.40450004E-06   5.77936992E-02
   4.68171010E-07   5.79136983E-02
   3.74541003E-07   5.79364002E-02
   1.31087995E-06   5.79424985E-02
   1.56770000E-06   5.65484017E-02
   2.76651008E-06   5.75645007E-02
   8.48402033E-06   5.76467998E-02
   9.40591963E-06   5.76943010E-02
   1.38320001E-06   5.78312017E-02
   6.45491014E-07   5.78399003E-02
   4.61069988E-07   5.79598993E-02
   1.01440003E-06   5.79826012E-02
   1.10660005E-06   5.79886995E-02
   1.06767002E-05   5.85804991E-02
   1.28307001E-05   5.86628988E-02
   1.00205998E-05   5.87104000E-02
   7.49229002E-07   5.88473007E-02
   6.55542010E-07   5.88558987E-02
   3.37160009E-06   5.89759983E-02
   1.59211004E-06   5.89987002E-02
   1.21745995E-06   5.90047017E-02
   2.80958005E-07   5.90287000E-02
   9.22203981E-07   5.87452985E-02
   1.68761999E-05   5.87927997E-02
   7.37751975E-07   5.89297004E-02
   1.93651999E-06   5.89382984E-02
   1.93651999E-06   5.90583012E-02
   1.84431997E-07   5.90809993E-02
   2.02883007E-06   5.90871014E-02
   1.84431997E-07   5.91110997E-02
   8.47638967E-06   5.88403009E-02
   2.43469003E-06   5.89772016E-02
   2.07396010E-06   5.89857996E-02
   1.53293001E-06   5.91057986E-02
   2.07396010E-06   5.91285005E-02
   1.98381008E-06   5.91345988E-02
   9.01741970E-08   5.91586009E-02
   2.91702008E-07   5.91227002E-02
   9.72364020E-08   5.92426993E-02
   9.72364020E-08   5.92655018E-02
   2.91702008E-07   5.92714995E-02
   9.52126982E-08   5.91312982E-02
   9.52126982E-08   5.92514016E-02
   2.85630989E-07   5.92740998E-02
   2.85630989E-07   5.92801012E-02
   3.75338004E-07   5.93714006E-02
   3.75338004E-07   5.93940988E-02
   2.50220012E-07   5.94002008E-02
   2.93439001E-07   5.94228990E-02
   9.44765972E-08   5.94289005E-02
       -1137       -1137
   3.98105010E-02   0.00000000    
   3.10514998E-02   8.02299983E-05
   3.38889994E-02   1.27730003E-04
   9.11492016E-03   2.64650007E-04
   1.33868000E-02   2.73270009E-04
   2.27635000E-02   4.40570002E-04
   2.58869994E-02   4.41860000E-04
   6.15428993E-03   3.93299997E-04
   3.71307996E-03   4.16019990E-04
   3.86307994E-03   4.22059995E-04
   4.46838007E-04   4.46049991E-04
  0.149011001       0.00000000    
   4.21557985E-02   9.89170047E-04
   1.75030995E-02   1.07153005E-03
   2.92704999E-02   1.11903006E-03
   5.25677018E-02   1.25594996E-03
   6.47009984E-02   1.26457005E-03
   3.27012986E-02   1.43187004E-03
   3.57248001E-02   1.43316004E-03
   6.41601998E-03   1.38459995E-03
   2.14988994E-03   1.40732003E-03
   3.42418998E-03   1.41336001E-03
   4.66025987E-04   1.43734994E-03
   9.48613975E-03   5.52619994E-03
   1.91690996E-02   5.72839985E-03
   3.31285000E-02   5.93850017E-03
   2.56524999E-02   6.28759991E-03
   3.47043984E-02   6.33380003E-03
   3.81148001E-03   7.34987017E-03
   4.29899991E-03   7.43222982E-03
   7.30093010E-03   7.47973006E-03
   4.87527018E-03   7.61664985E-03
   6.52673980E-03   7.62527017E-03
   2.49965000E-04   7.79257016E-03
   2.50854995E-04   7.79386004E-03
   5.89215022E-04   7.74529995E-03
   5.40554000E-04   7.76802003E-03
   8.62836023E-04   7.77406013E-03
   4.28505009E-05   7.79805006E-03
   6.29389033E-05   5.93060022E-03
   5.04844007E-04   6.14070008E-03
   1.03599997E-03   6.48979982E-03
   1.03406999E-02   6.53599994E-03
   3.04511003E-03   7.55207008E-03
   1.11595000E-05   7.63443019E-03
   1.01769998E-04   7.68192997E-03
   1.86588004E-04   7.81884976E-03
   1.25028996E-03   7.82747008E-03
   8.79357976E-05   7.99477007E-03
   2.67372990E-04   7.99605995E-03
   4.46822989E-04   7.94749986E-03
   1.33914000E-06   7.97022041E-03
   1.20520999E-05   7.97626004E-03
   3.21400985E-05   8.00024997E-03
   8.44991999E-04   6.35079993E-03
   4.93317004E-03   6.69990014E-03
   3.15981009E-03   6.74609980E-03
   5.23378002E-03   7.76216993E-03
   1.07571002E-04   7.84453005E-03
   2.75850995E-04   7.89203029E-03
   4.41460987E-04   8.02894961E-03
   2.79428990E-04   8.03756993E-03
   2.13373001E-04   8.20486993E-03
   1.51764005E-04   8.20615981E-03
   7.67308986E-04   8.15759972E-03
   1.33912999E-05   8.18032026E-03
   3.07984992E-05   8.18635989E-03
   5.53489990E-05   8.21034983E-03
   1.51365995E-03   7.04899989E-03
   4.89059985E-02   7.09520001E-03
   3.77865997E-03   8.11127014E-03
   2.90155003E-04   8.19362979E-03
   1.16773997E-03   8.24113004E-03
   5.63782000E-04   8.37805029E-03
   6.50695013E-03   8.38666968E-03
   2.86577008E-04   8.55396967E-03
   6.95466006E-04   8.55525956E-03
   5.47264004E-04   8.50670040E-03
   3.79433004E-05   8.52942001E-03
   1.39266005E-04   8.53545964E-03
   3.97295007E-05   8.55944958E-03
   1.36919003E-02   7.14140013E-03
   5.16683003E-03   8.15747026E-03
   2.07799999E-03   8.23982991E-03
   7.84285017E-04   8.28733016E-03
   6.39097020E-03   8.42425041E-03
   3.83806997E-03   8.43286980E-03
   8.92771990E-04   8.60016979E-03
   5.93688979E-04   8.60145967E-03
   7.50806008E-04   8.55289958E-03
   2.56673986E-04   8.57562013E-03
   9.46346991E-05   8.58165976E-03
   5.44581999E-05   8.60564969E-03
   3.62013001E-04   9.17354040E-03
   6.85187988E-04   9.25590005E-03
   1.15740998E-03   9.30340029E-03
   7.17343006E-04   9.44031961E-03
   9.66902997E-04   9.44893993E-03
   3.03535999E-05   9.61623993E-03
   2.94608999E-05   9.61752981E-03
   1.10706998E-04   9.56896972E-03
   8.61532972E-05   9.59169026E-03
   1.37039999E-04   9.59772989E-03
   8.03488001E-06   9.62171983E-03
   4.46385002E-07   9.33825970E-03
   2.18714995E-05   9.38575994E-03
   4.46384984E-05   9.52268019E-03
   2.60239991E-04   9.53129958E-03
   1.16053998E-05   9.69859958E-03
   4.01746001E-05   9.69989039E-03
   1.00434998E-04   9.65133030E-03
   2.67820997E-06   9.68008954E-03
   7.14206999E-06   9.70408041E-03
   2.18716996E-05   9.43326019E-03
   1.16055002E-04   9.57018044E-03
   7.81181006E-05   9.57879983E-03
   3.79429985E-05   9.74609982E-03
   2.63365000E-05   9.74738970E-03
   1.69630002E-04   9.69882961E-03
   2.67822998E-06   9.72155016E-03
   4.91027004E-06   9.72758979E-03
   1.24991002E-05   9.75157972E-03
   4.91036990E-05   9.70709976E-03
   9.24427004E-04   9.71572008E-03
   3.70501002E-05   9.88302007E-03
   6.96373972E-05   9.88430995E-03
   1.04008002E-04   9.83574986E-03
   5.80306005E-06   9.85847041E-03
   1.42845001E-05   9.86451004E-03
   7.58866008E-06   9.88849998E-03
   2.87019007E-04   9.72434040E-03
   9.24046035E-05   9.89164039E-03
   6.87424981E-05   9.89293028E-03
   1.40164004E-04   9.84437019E-03
   3.21408006E-05   9.86708980E-03
   9.37450022E-06   9.87313036E-03
   1.02660997E-05   9.89712030E-03
   5.80719984E-07   1.00589003E-02
   1.27758003E-05   1.00601995E-02
   5.22647997E-06   1.00117000E-02
   1.74216996E-06   1.00344000E-02
   5.80720007E-06   1.00403996E-02
   5.80719984E-07   1.00643998E-02
   2.37358995E-06   1.00614997E-02
   4.27264013E-06   1.00130001E-02
   5.22211985E-06   1.00357002E-02
   3.32295008E-06   1.00416997E-02
   4.74737988E-07   1.00656999E-02
   2.25714994E-05   9.96439997E-03
   3.32646014E-05   9.98711959E-03
   5.34602004E-05   9.99316014E-03
   3.56401006E-06   1.00170998E-02
   2.33414994E-06   1.00159002E-02
   4.66826987E-06   1.00399004E-02
   9.11649011E-07   1.00218998E-02
   2.73495993E-06   1.00459000E-02
       -1137       -1137
   7.73363002E-03   5.37569984E-04
   4.51440997E-02   6.19929982E-04
   1.41850002E-02   6.67429995E-04
   5.28376997E-02   8.04350013E-04
   1.87451001E-02   8.12969985E-04
   1.31305004E-03   9.80269979E-04
   1.73778995E-03   9.81559977E-04
   1.12190004E-03   9.33000003E-04
   5.32459980E-03   9.55720025E-04
   1.65592995E-03   9.61760001E-04
   8.12349026E-05   9.85749997E-04
   7.87694007E-04   5.07460022E-03
   2.29225997E-02   5.27680013E-03
   2.21796008E-03   5.48689999E-03
   2.60752998E-03   5.83600020E-03
   2.64209998E-03   5.88219985E-03
   2.90313008E-04   6.89826999E-03
   3.43052996E-03   6.98063010E-03
   4.35474998E-04   7.02812988E-03
   3.52228002E-04   7.16505013E-03
   3.03621986E-04   7.17366999E-03
   7.39109018E-05   7.34096998E-03
   4.19495009E-05   7.34225987E-03
   4.39467985E-05   7.29369977E-03
   4.02173988E-04   7.31641985E-03
   5.06049983E-05   7.32245995E-03
   3.32919990E-06   7.34644989E-03
   2.33092997E-02   5.47900004E-03
   6.63459003E-02   5.68909990E-03
   3.53111997E-02   6.03820011E-03
   5.55636995E-02   6.08440023E-03
   5.54468017E-03   7.10046990E-03
   8.85611959E-03   7.18283001E-03
   1.43692996E-02   7.23032979E-03
   6.70677982E-03   7.36725004E-03
   1.04967002E-02   7.37586990E-03
   3.31607007E-04   7.54316989E-03
   2.67685013E-04   7.54445978E-03
   8.81608983E-04   7.49590015E-03
   1.08737999E-03   7.51862023E-03
   1.69333001E-03   7.52465986E-03
   6.45885011E-05   7.54864980E-03
   1.64932001E-03   5.89920022E-03
   3.74566987E-02   6.24829996E-03
   5.18770982E-03   6.29450008E-03
   4.55434987E-04   7.31057022E-03
   1.02393003E-02   7.39292987E-03
   6.07262016E-04   7.44043011E-03
   6.00012019E-03   7.57734990E-03
   7.87073979E-04   7.58597022E-03
   1.77120994E-04   7.75327021E-03
   8.52283993E-05   7.75456009E-03
   6.99138982E-05   7.70600000E-03
   1.20651000E-03   7.72872008E-03
   6.99138982E-05   7.73476018E-03
   5.32695003E-06   7.75875011E-03
   3.50100994E-02   6.59740018E-03
  0.144557998       6.64359983E-03
   6.32563024E-04   7.65966997E-03
   5.37469005E-03   7.74203008E-03
   7.59153021E-03   7.78952986E-03
   1.11407004E-02   7.92645011E-03
   2.46900003E-02   7.93507043E-03
   1.28779002E-03   8.10237043E-03
   2.28592008E-03   8.10366031E-03
   1.01204998E-04   8.05510022E-03
   6.35889999E-04   8.07781983E-03
   8.84281995E-04   8.08386039E-03
   7.32447006E-06   8.10785033E-03
   6.95363013E-03   6.68979995E-03
   5.22694027E-04   7.70587008E-03
   7.48758018E-03   7.78823020E-03
   9.63500002E-04   7.83572998E-03
   1.90725997E-02   7.97265023E-03
   2.15608999E-03   7.98126962E-03
   5.20717993E-04   8.14856961E-03
   1.74462999E-04   8.14986043E-03
   7.99007030E-05   8.10130034E-03
   8.60297005E-04   8.12401995E-03
   1.10531997E-04   8.13005958E-03
   5.99288978E-06   8.15405045E-03
   2.59673998E-05   8.72194022E-03
   8.34988023E-04   8.80429987E-03
   8.98888029E-05   8.85180011E-03
   8.25682000E-05   8.98872036E-03
   6.05934001E-05   8.99733976E-03
   1.59812007E-05   9.16463975E-03
   7.32444005E-06   9.16592963E-03
   7.98995006E-06   9.11736954E-03
   9.78792013E-05   9.14009009E-03
   1.06537000E-05   9.14612971E-03
   6.65861023E-07   9.17011965E-03
   8.00987997E-04   8.88666045E-03
   2.22128001E-03   8.93415976E-03
   1.00408006E-03   9.07108001E-03
   1.42631005E-03   9.07970034E-03
   4.06174986E-05   9.24700033E-03
   2.72991001E-05   9.24829021E-03
   1.33163994E-04   9.19973012E-03
   1.95097993E-04   9.22244973E-03
   2.61679001E-04   9.22849029E-03
   9.98780979E-06   9.25248023E-03
   5.59317996E-05   8.98166001E-03
   1.22586999E-03   9.11858026E-03
   1.49143001E-04   9.12719965E-03
   2.92981003E-05   9.29449964E-03
   1.33163003E-05   9.29579046E-03
   1.39826998E-05   9.24723037E-03
   2.61676993E-04   9.26994998E-03
   1.26509003E-05   9.27598961E-03
   1.33162996E-06   9.29997955E-03
   8.75602011E-04   9.25549958E-03
   3.38178012E-03   9.26411990E-03
   1.41826997E-04   9.43141989E-03
   2.55040010E-04   9.43270978E-03
   1.33166996E-05   9.38414969E-03
   1.18516997E-04   9.40687023E-03
   1.43158002E-04   9.41290986E-03
   6.65871028E-07   9.43689980E-03
   2.59746012E-04   9.27274022E-03
   9.44529966E-05   9.44004022E-03
   3.18275015E-05   9.44133010E-03
   1.43731004E-05   9.39277001E-03
   2.53589009E-04   9.41548962E-03
   2.66944007E-05   9.42153018E-03
   1.02667002E-06   9.44552012E-03
   2.93602989E-06   9.60734021E-03
   1.76164995E-05   9.60863009E-03
   3.91464982E-06   9.56007000E-03
   6.85053010E-06   9.58278961E-03
   4.89327022E-06   9.58883017E-03
   1.55027999E-06   9.60991997E-03
   3.10037990E-06   9.56135988E-03
   6.20096989E-06   9.58408043E-03
   3.10037990E-06   9.59012005E-03
   1.30789999E-06   9.51279979E-03
   3.00815009E-05   9.53552034E-03
   2.61564992E-06   9.54155996E-03
   2.76223000E-05   9.55823995E-03
   7.05888015E-05   9.56427958E-03
   3.06893003E-06   9.58827045E-03
       -1137       -1137
   1.04598003E-03   4.08330001E-03
   6.26772991E-04   4.28549992E-03
   2.50371005E-02   4.49559977E-03
   2.68338993E-03   4.84469999E-03
   3.61243007E-03   4.89090011E-03
   3.86433996E-04   5.90696977E-03
   1.10608999E-04   5.98932989E-03
   3.69023997E-03   6.03683013E-03
   2.49208999E-04   6.17374992E-03
   3.01107997E-04   6.18236978E-03
   1.16066003E-04   6.34966977E-03
   1.82304997E-04   6.35096012E-03
   5.87169998E-05   6.30240003E-03
   1.29727996E-05   6.32512011E-03
   4.07613989E-04   6.33116020E-03
   4.09645008E-06   6.35515014E-03
   1.48159001E-04   4.48769983E-03
   4.19829004E-02   4.69780015E-03
   2.36778008E-03   5.04689990E-03
   2.10678000E-02   5.09310002E-03
   1.24947997E-04   6.10917015E-03
   5.59863984E-05   6.19152980E-03
   6.42473018E-03   6.23903004E-03
   4.08966996E-04   6.37594983E-03
   3.05463001E-03   6.38457015E-03
   1.25634993E-04   6.55187014E-03
   2.86071998E-04   6.55316003E-03
   1.91176005E-05   6.50459994E-03
   6.82770997E-06   6.52732002E-03
   7.14157009E-04   6.53336011E-03
   1.36547999E-06   6.55735005E-03
   5.60447015E-02   4.90790000E-03
   5.82081005E-02   5.25700022E-03
   8.35720003E-02   5.30319987E-03
   5.98170003E-03   6.31927000E-03
   8.93692020E-03   6.40163012E-03
   2.06163991E-02   6.44912990E-03
   1.05184000E-02   6.58605015E-03
   1.48282005E-02   6.59467001E-03
   5.44845010E-04   6.76197000E-03
   6.03566004E-04   6.76325988E-03
   9.49057983E-04   6.71469979E-03
   1.11488998E-03   6.73741987E-03
   2.37196009E-03   6.74345996E-03
   6.96420975E-05   6.76744990E-03
   8.37827008E-03   5.60609996E-03
  0.158352003       5.65230008E-03
   6.11743017E-04   6.66837022E-03
   5.10008016E-04   6.75072987E-03
   8.21810961E-03   6.79823011E-03
   2.62452010E-03   6.93514990E-03
   2.08653007E-02   6.94377022E-03
   3.07923008E-04   7.11107021E-03
   9.14876000E-04   7.11236009E-03
   9.62671984E-05   7.06380000E-03
   6.34953030E-05   7.08652008E-03
   9.01233987E-04   7.09256018E-03
   6.82758991E-06   7.11655011E-03
  0.106490001       5.69850020E-03
   8.58929008E-04   6.71456987E-03
   4.12588008E-03   6.79692999E-03
   1.33117000E-02   6.84443023E-03
   2.51024999E-02   6.98135002E-03
   3.18043008E-02   6.98996987E-03
   3.28006991E-03   7.15726987E-03
   2.60554999E-03   7.15856021E-03
   1.36553004E-04   7.11000012E-03
   5.07316028E-04   7.13272020E-03
   1.49729999E-03   7.13875983E-03
   1.02417998E-05   7.16274977E-03
   3.55041011E-05   7.73064001E-03
   2.25305994E-05   7.81300012E-03
   8.83491011E-04   7.86050037E-03
   6.21302970E-05   7.99741969E-03
   7.78320973E-05   8.00604001E-03
   1.63859004E-05   8.17334000E-03
   2.93584999E-05   8.17462988E-03
   1.09243001E-05   8.12606979E-03
   2.73091996E-06   8.14879034E-03
   9.76313968E-05   8.15482996E-03
   6.82760003E-07   8.17881990E-03
   4.77912999E-06   7.89535977E-03
   1.36343006E-03   7.94286001E-03
   8.46573967E-05   8.07978027E-03
   6.24715001E-04   8.08839966E-03
   1.77519996E-05   8.25569965E-03
   3.89162997E-05   8.25699046E-03
   3.41367991E-06   8.20843037E-03
   1.36544998E-06   8.23114999E-03
   1.51571003E-04   8.23718961E-03
   1.80425995E-03   7.99036026E-03
   1.47300004E-03   8.12727958E-03
   2.30307993E-03   8.13589990E-03
   6.28666967E-05   8.30319989E-03
   7.30074971E-05   8.30448978E-03
   1.38575997E-04   8.25592969E-03
   1.68319995E-04   8.27865023E-03
   4.12365014E-04   8.28468986E-03
   1.01398000E-05   8.30867980E-03
   1.98684007E-04   8.26419983E-03
   3.43156001E-03   8.27282015E-03
   3.27726011E-05   8.44012015E-03
   9.42191982E-05   8.44141003E-03
   9.55834003E-06   8.39284994E-03
   1.02414997E-05   8.41556955E-03
   1.63186007E-04   8.42161011E-03
   6.82775010E-07   8.44560005E-03
   2.80473009E-03   8.28143954E-03
   4.03899001E-04   8.44873954E-03
   3.16374993E-04   8.45003035E-03
   1.44532996E-05   8.40147026E-03
   9.07340000E-05   8.42418987E-03
   3.06712987E-04   8.43023043E-03
   8.02974000E-07   8.45422037E-03
   1.17564002E-06   8.61604046E-03
   3.29178984E-05   8.61733034E-03
   4.70235000E-06   8.56877025E-03
   3.52684992E-06   8.59148987E-03
   1.17564005E-05   8.59753042E-03
   7.53619997E-06   8.61862022E-03
   4.52151016E-06   8.57006013E-03
   5.27517022E-06   8.59277975E-03
   9.04316039E-06   8.59882031E-03
   1.38589996E-06   8.52150004E-03
   1.38589996E-06   8.54421966E-03
   3.18763014E-05   8.55026022E-03
   6.03160988E-05   8.57297983E-03
   1.22358993E-04   8.57902039E-03
   6.99156999E-06   8.60301033E-03
       -1137       -1137
   5.77964000E-02   1.52499997E-05
   8.85279998E-02   2.38699995E-05
   3.35557982E-02   1.91169995E-04
   4.45579998E-02   1.92459993E-04
   7.85383955E-03   1.43900004E-04
   6.56876992E-03   1.66619997E-04
   9.46830958E-03   1.72660002E-04
   5.60212997E-04   1.96649999E-04
   6.25689998E-02   4.09300010E-05
   7.93246031E-02   8.84300025E-05
   3.30848992E-02   2.25349999E-04
   4.78400998E-02   2.33970000E-04
  0.107060999       4.01269994E-04
  0.133114994       4.02559992E-04
   8.74677021E-03   3.53999989E-04
   7.31820986E-03   3.76720011E-04
   9.15993005E-03   3.82759987E-04
   6.29033020E-04   4.06750012E-04
   2.40741000E-02   3.07670009E-04
   5.33769000E-03   3.90030007E-04
   5.02473023E-03   4.37529990E-04
   7.89950043E-03   5.74450009E-04
   9.88989044E-03   5.83069981E-04
   5.46729006E-03   7.50369974E-04
   5.08183986E-03   7.51659973E-04
   2.55880994E-03   7.03099999E-04
   5.27596974E-04   7.25820020E-04
   4.60951997E-04   7.31859996E-04
   1.78471004E-04   7.55849993E-04
   3.43932994E-02   3.53870011E-04
   1.06516003E-03   4.36230010E-04
   1.02158999E-02   4.83729993E-04
   1.08038001E-02   6.20650011E-04
   1.60278007E-02   6.29269984E-04
   6.24158978E-03   7.96569977E-04
   9.65510961E-03   7.97859975E-04
   3.63101996E-03   7.49300001E-04
   1.08337998E-04   7.72020023E-04
   9.34918004E-04   7.78059999E-04
   2.52800994E-04   8.02049995E-04
   4.03650012E-03   1.36994000E-03
   6.84602978E-03   1.45230000E-03
   1.19271995E-02   1.49980001E-03
   1.30621996E-02   1.63672003E-03
   1.86787006E-02   1.64534000E-03
   5.91045991E-03   1.81264000E-03
   7.40591995E-03   1.81392999E-03
   1.06067001E-03   1.76537002E-03
   8.56125029E-04   1.78808998E-03
   1.40188006E-03   1.79412996E-03
   7.61064002E-05   1.81812001E-03
   3.33742995E-04   1.53466000E-03
   8.77094979E-04   1.58216001E-03
   4.95742017E-04   1.71908003E-03
   2.73937010E-04   1.72770000E-03
   7.99581976E-05   1.89499999E-03
   4.20980999E-04   1.89628999E-03
   7.18571013E-04   1.84773002E-03
   6.60516016E-05   1.87044998E-03
   8.06509997E-05   1.87648996E-03
   5.00616989E-05   1.90048001E-03
   1.12287002E-03   1.62966002E-03
   7.80094007E-04   1.76658004E-03
   1.87687995E-03   1.77520001E-03
   4.51930013E-04   1.94250001E-03
   8.43028014E-04   1.94379000E-03
   1.25738000E-03   1.89523003E-03
   9.31664981E-05   1.91794999E-03
   2.23523006E-04   1.92398997E-03
   8.76057020E-05   1.94798002E-03
   1.49215994E-04   1.90349994E-03
   7.18515017E-04   1.91212003E-03
   4.12161986E-04   2.07942002E-03
   3.03369993E-03   2.08070991E-03
   1.34018005E-03   2.03215005E-03
   4.41113007E-05   2.05486990E-03
   7.30585016E-05   2.06090999E-03
   9.30460010E-05   2.08489993E-03
   3.99412005E-04   1.92074000E-03
   2.98312004E-03   2.08804011E-03
   1.69188005E-03   2.08933000E-03
   1.90339005E-03   2.04076990E-03
   2.60561992E-05   2.06348998E-03
   1.73131004E-04   2.06953008E-03
   1.31993002E-04   2.09352002E-03
   3.55647004E-04   2.25534011E-03
   2.64280010E-03   2.25662999E-03
   5.67354029E-04   2.20806990E-03
   7.30047987E-06   2.23078998E-03
   3.58073012E-05   2.23683007E-03
   3.92828988E-05   2.26082001E-03
   8.48950003E-04   2.25792010E-03
   7.10603024E-04   2.20936001E-03
   4.76294990E-05   2.23208009E-03
   6.70950976E-05   2.23811995E-03
   4.90173989E-05   2.26210989E-03
   1.20165998E-04   2.16079992E-03
   1.64433994E-04   2.18352000E-03
   2.69432989E-04   2.18956009E-03
   1.70760995E-05   2.21355003E-03
   6.83623011E-06   2.20624008E-03
   1.82292006E-05   2.21227994E-03
   1.36714998E-05   2.23627011E-03
   3.15698016E-05   2.21832003E-03
   3.05510002E-05   2.24230997E-03
       -1137       -1137
   8.88010021E-03   2.31499998E-05
   2.16048006E-02   3.17699996E-05
   2.48387009E-02   1.99069997E-04
   2.58654002E-02   2.00359995E-04
   3.66949011E-03   1.51800006E-04
   3.81936994E-03   1.74519999E-04
   3.49244010E-03   1.80560004E-04
   2.53584003E-04   2.04550000E-04
   6.35994971E-02   1.05469997E-04
   6.36634007E-02   1.87829995E-04
   7.64824972E-02   2.35329993E-04
   2.66328007E-02   3.72250011E-04
   3.06321997E-02   3.80870013E-04
  0.119290002       5.48170006E-04
  0.178798005       5.49460005E-04
   1.00288000E-02   5.00899972E-04
   6.91002980E-03   5.23619994E-04
   8.66912026E-03   5.29660028E-04
   7.27606995E-04   5.53650025E-04
   1.06544001E-02   1.51669999E-04
   7.28347003E-02   2.34029998E-04
   6.78035989E-03   2.81529996E-04
   1.14198006E-03   4.18450014E-04
   3.56943998E-03   4.27069986E-04
   3.85286007E-03   5.94370009E-04
   2.98460992E-03   5.95660007E-04
   1.12035999E-03   5.47099975E-04
   6.40397985E-03   5.69819997E-04
   7.03411992E-04   5.75859973E-04
   7.83672003E-05   5.99850027E-04
   8.95972014E-04   1.16773997E-03
   1.24736996E-02   1.25009997E-03
   1.90866005E-03   1.29759999E-03
   4.00369987E-04   1.43452000E-03
   1.43783004E-03   1.44313998E-03
   5.34715982E-05   1.61043997E-03
   6.89261011E-04   1.61172997E-03
   2.22358998E-04   1.56316999E-03
   1.05703995E-03   1.58588996E-03
   2.03447999E-04   1.59193005E-03
   1.56499991E-05   1.61591999E-03
   9.28699039E-03   1.33245997E-03
   2.74365004E-02   1.37995998E-03
   2.60112006E-02   1.51688000E-03
   4.23416011E-02   1.52549997E-03
   9.74470004E-03   1.69279997E-03
   1.65855009E-02   1.69408997E-03
   1.95024000E-03   1.64552999E-03
   1.97491003E-03   1.66824996E-03
   3.20183998E-03   1.67429005E-03
   1.42176999E-04   1.69827999E-03
   7.66681973E-04   1.42746000E-03
   2.09178007E-03   1.56438001E-03
   1.68590003E-03   1.57299999E-03
   7.09953997E-03   1.74029998E-03
   1.98312011E-03   1.74158998E-03
   2.01649993E-04   1.69303000E-03
   2.39568995E-03   1.71574997E-03
   1.52547000E-04   1.72178994E-03
   1.37489997E-05   1.74578000E-03
   8.88745999E-04   1.70130003E-03
   2.57048989E-03   1.70992000E-03
   8.84754001E-04   1.87722000E-03
   1.63360999E-03   1.87851000E-03
   5.86282003E-05   1.82995002E-03
   2.26255995E-03   1.85266999E-03
   2.15861000E-04   1.85870996E-03
   3.99739019E-06   1.88270002E-03
   6.02953020E-04   1.71853998E-03
   2.93433992E-03   1.88583997E-03
   6.20914972E-04   1.88712997E-03
   1.83882003E-04   1.83857000E-03
   3.73575999E-03   1.86128996E-03
   1.58561001E-04   1.86733005E-03
   1.33246003E-05   1.89131999E-03
   1.58100994E-03   2.05313996E-03
   1.03559000E-02   2.05443008E-03
   2.66494999E-06   2.00586999E-03
   7.82835006E-04   2.02859007E-03
   7.92181992E-04   2.03462993E-03
   5.31647005E-04   2.05571996E-03
   9.46063010E-05   2.00716010E-03
   1.32779998E-03   2.02987995E-03
   1.99873000E-04   2.03592004E-03
   6.66256983E-06   2.05990998E-03
   1.85788995E-05   1.95860001E-03
   2.26482996E-04   1.98132009E-03
   2.91952001E-05   1.98735995E-03
   2.65413996E-06   2.01134989E-03
   2.41624002E-04   2.00403994E-03
   6.73113973E-04   2.01008003E-03
   2.98108007E-05   2.03406997E-03
   6.17167971E-05   2.01611989E-03
   1.02861004E-05   2.04011006E-03
       -1137       -1137
   5.48092015E-02   2.52299997E-05
   9.71559994E-03   1.62149998E-04
   9.10825003E-03   1.70769999E-04
   1.24473004E-02   3.38070007E-04
   1.80203002E-02   3.39360005E-04
   1.90909998E-03   2.90800002E-04
   1.33812998E-03   3.13519995E-04
   5.02511999E-03   3.19560000E-04
   1.35486000E-04   3.43549997E-04
   7.79756010E-02   2.39300007E-05
  0.123934999       7.14299968E-05
   4.33860011E-02   2.08350000E-04
   6.22695014E-02   2.16970002E-04
  0.122689001       3.84270010E-04
  0.145799994       3.85560008E-04
   1.11683998E-02   3.37000005E-04
   9.13888030E-03   3.59719998E-04
   1.29687004E-02   3.65760003E-04
   8.00743001E-04   3.89749999E-04
   6.58289006E-04   9.57640004E-04
   1.02969003E-03   1.04000000E-03
   1.58961006E-02   1.08750002E-03
   9.40678990E-04   1.22442003E-03
   1.03854004E-03   1.23304001E-03
   9.81161953E-04   1.40034000E-03
   1.52101996E-03   1.40163000E-03
   1.62547003E-04   1.35307002E-03
   1.04441002E-04   1.37578999E-03
   1.29815994E-03   1.38182996E-03
   1.10322999E-05   1.40582002E-03
   1.12512003E-04   1.12236000E-03
   1.88976005E-02   1.16986001E-03
   4.40484000E-04   1.30678003E-03
   3.53389001E-03   1.31540000E-03
   1.11922005E-03   1.48270000E-03
   6.44055009E-03   1.48399000E-03
   1.13244001E-04   1.43543002E-03
   2.13258008E-05   1.45814999E-03
   1.56266999E-03   1.46418996E-03
   8.08917957E-06   1.48818002E-03
   2.62614992E-02   1.21736003E-03
   3.64448018E-02   1.35428004E-03
   4.84043993E-02   1.36290002E-03
   1.94924008E-02   1.53020001E-03
   2.20513996E-02   1.53149001E-03
   2.44561001E-03   1.48293003E-03
   2.32271990E-03   1.50565000E-03
   5.21697989E-03   1.51168997E-03
   1.77994007E-04   1.53568003E-03
   2.36106993E-04   1.49119995E-03
   4.86180000E-03   1.49982003E-03
   4.66317986E-04   1.66712003E-03
   5.67881018E-03   1.66841003E-03
   9.48856978E-05   1.61985005E-03
   3.08929011E-05   1.64257002E-03
   2.98537011E-03   1.64860999E-03
   6.61991999E-06   1.67260005E-03
   2.29923008E-03   1.50844001E-03
   4.58690990E-03   1.67574000E-03
   3.93015984E-03   1.67703000E-03
   1.06649997E-04   1.62847003E-03
   2.72141013E-04   1.65118999E-03
   3.92634980E-03   1.65722996E-03
   7.35512003E-06   1.68122002E-03
   4.61905001E-04   1.84303999E-03
   1.27133997E-02   1.84432999E-03
   9.56185031E-05   1.79577002E-03
   1.16210998E-04   1.81848998E-03
   1.52400997E-03   1.82452996E-03
   6.61980994E-06   1.84852001E-03
   4.84168017E-03   1.84561999E-03
   1.19885000E-04   1.79706002E-03
   6.73706993E-04   1.81977998E-03
   1.77254004E-03   1.82581996E-03
   8.09054018E-06   1.84981001E-03
   1.72012005E-05   1.74850004E-03
   1.96585006E-05   1.77122001E-03
   3.34198005E-04   1.77725998E-03
   2.45730007E-06   1.80125004E-03
   1.51614995E-06   1.79393997E-03
   3.97232012E-04   1.79997995E-03
   1.51614995E-06   1.82397000E-03
   1.36869994E-03   1.80602004E-03
   8.02759969E-05   1.83000998E-03
       -1137       -1137
  0.110679999       3.51700000E-05
   1.52027998E-02   3.64599982E-05
   5.91637974E-04   1.06199996E-05
   1.59560004E-03   1.66600003E-05
   1.09157998E-04   4.06500003E-05
   3.83022998E-05   6.08540024E-04
   2.14301003E-03   6.90900022E-04
   1.47459004E-03   7.38399976E-04
   5.20153008E-02   8.75319995E-04
   6.24511996E-03   8.83940025E-04
   1.34918001E-02   1.05124002E-03
   4.30127978E-03   1.05253002E-03
   2.29814996E-05   1.00397004E-03
   2.12573999E-04   1.02669001E-03
   1.16823998E-04   1.03272998E-03
   1.91511003E-06   1.05672004E-03
   1.22175994E-03   7.73260021E-04
   7.77669018E-03   8.20759975E-04
   4.51079011E-02   9.57679993E-04
   3.69034009E-03   9.66300024E-04
   8.41295999E-03   1.13360002E-03
   4.29160008E-03   1.13489002E-03
   2.27886994E-04   1.08633004E-03
   2.45125993E-04   1.10905000E-03
   6.95165014E-04   1.11508998E-03
   1.53208002E-05   1.13908004E-03
   2.80935992E-03   8.68259987E-04
   9.50606987E-02   1.00517995E-03
   3.56394006E-03   1.01380004E-03
   4.74173017E-03   1.18110003E-03
   2.45905994E-03   1.18239003E-03
   1.74285000E-04   1.13383005E-03
   6.66430977E-04   1.15655002E-03
   4.82592994E-04   1.16258999E-03
   1.14901004E-05   1.18658005E-03
   8.06993023E-02   1.14209997E-03
  0.162856996       1.15072005E-03
   5.27944006E-02   1.31802005E-03
   6.59177974E-02   1.31931005E-03
   7.43228011E-03   1.27074996E-03
   5.57290995E-03   1.29347004E-03
   1.08169001E-02   1.29951001E-03
   5.38139022E-04   1.32349995E-03
   2.65620998E-03   1.15934003E-03
   5.49767017E-02   1.32664002E-03
   3.05069005E-03   1.32793002E-03
   5.15148975E-04   1.27937004E-03
   3.06397997E-04   1.30209001E-03
   3.35132994E-04   1.30812998E-03
   3.44699984E-05   1.33212004E-03
   3.53867002E-02   1.49394001E-03
  0.103903003       1.49523001E-03
   1.97246997E-03   1.44667004E-03
   8.61798995E-04   1.46939000E-03
   5.30479010E-04   1.47542998E-03
   1.45547005E-04   1.49942003E-03
   2.59495992E-03   1.49652001E-03
   5.46089024E-04   1.44796004E-03
   3.12049990E-04   1.47068000E-03
   3.05185997E-04   1.47671998E-03
   3.90064015E-05   1.50071003E-03
   1.78308001E-05   1.39939995E-03
   2.31800994E-04   1.42212003E-03
   1.42646997E-04   1.42816000E-03
   1.19630997E-04   1.44483999E-03
   5.63994981E-04   1.45087996E-03
   1.70911007E-05   1.47487002E-03
   8.54577986E-04   1.45692006E-03
   7.76886009E-05   1.48091000E-03
       -1137       -1137
   4.27396981E-06   5.62340021E-04
   5.40659006E-04   6.44700020E-04
   3.76747991E-03   6.92199974E-04
   5.57975005E-03   8.29119992E-04
   6.20938987E-02   8.37740023E-04
   4.73775016E-03   1.00504002E-03
   1.58652999E-02   1.00633001E-03
   1.49591997E-05   9.57769982E-04
   2.77804993E-05   9.80490004E-04
   3.20549007E-04   9.86529980E-04
   2.13702992E-06   1.01052003E-03
   8.54779955E-06   7.27060018E-04
   9.30249970E-03   7.74559972E-04
   5.21433016E-04   9.11479990E-04
   6.26823977E-02   9.20100021E-04
   2.17117998E-03   1.08740001E-03
   7.84919970E-03   1.08869001E-03
   5.55625011E-05   1.04013004E-03
   4.27400983E-06   1.06285000E-03
   7.84281001E-04   1.06888998E-03
   4.27400983E-06   1.09288003E-03
   6.98608998E-03   8.22059985E-04
   5.87905990E-03   9.58980003E-04
   9.87970978E-02   9.67599975E-04
   3.06028989E-03   1.13490003E-03
   6.86004013E-03   1.13619003E-03
   4.50925989E-04   1.08763005E-03
   7.77882989E-04   1.11035001E-03
   1.21600996E-03   1.11638999E-03
   3.20559993E-05   1.14038005E-03
   1.25868001E-03   1.09589996E-03
  0.129361004       1.10452005E-03
   2.82294000E-03   1.27182005E-03
   3.74119990E-02   1.27311004E-03
   4.44489997E-04   1.22454995E-03
   6.83828985E-05   1.24727003E-03
   5.02182986E-04   1.25331001E-03
   2.99170006E-05   1.27729995E-03
  0.146798998       1.11314002E-03
   6.45359978E-02   1.28044002E-03
   9.77220982E-02   1.28173002E-03
   8.59734043E-03   1.23317004E-03
   7.46248988E-03   1.25589001E-03
   1.13215996E-02   1.26192998E-03
   6.19740982E-04   1.28592004E-03
   3.09008011E-03   1.44774001E-03
   9.97959971E-02   1.44903001E-03
   5.32108010E-04   1.40047004E-03
   2.39347006E-04   1.42319000E-03
   2.73529004E-04   1.42922997E-03
   3.84646009E-05   1.45322003E-03
   6.66489974E-02   1.45032001E-03
   2.24591000E-03   1.40176003E-03
   9.25304019E-04   1.42448000E-03
   7.13766029E-04   1.43051997E-03
   1.66686994E-04   1.45451003E-03
   2.90819007E-05   1.35319994E-03
   2.90819007E-05   1.37592002E-03
   5.52534009E-04   1.38196000E-03
   5.37388027E-04   1.40467996E-03
   8.10851983E-04   1.41072005E-03
   3.24344001E-05   1.43470999E-03
       -1137       -1137
   2.92929001E-02   7.13300033E-05
   4.14002985E-02   7.26200014E-05
   3.71107012E-02   2.40600002E-05
   2.97145993E-02   4.67799982E-05
   5.61719984E-02   5.28199998E-05
   2.58405996E-03   7.68099999E-05
  0.140873000       1.18830001E-04
  0.170629993       1.20119999E-04
   4.45742011E-02   7.15600036E-05
   4.55002002E-02   9.42800034E-05
   5.48789017E-02   1.00320001E-04
   3.14438995E-03   1.24309998E-04
   3.78905004E-03   7.98300025E-05
   1.53905004E-02   8.84499968E-05
   4.87837987E-03   2.55749997E-04
   1.13289002E-02   2.57039996E-04
   1.51538001E-02   2.08480007E-04
   3.18487990E-03   2.31200000E-04
   8.14122986E-03   2.37240005E-04
   9.03718988E-04   2.61229987E-04
   8.84259026E-03   9.70699984E-05
   1.29928002E-02   2.64369999E-04
   1.14447996E-02   2.65659997E-04
   2.18173005E-02   2.17099994E-04
   8.22213013E-03   2.39820001E-04
   7.74007011E-03   2.45859992E-04
   1.29695004E-03   2.69849988E-04
   4.70528984E-03   4.31669992E-04
   1.10462001E-02   4.32959991E-04
   1.26692001E-02   3.84399988E-04
   1.50227000E-03   4.07120009E-04
   3.88920004E-03   4.13160014E-04
   6.96608971E-04   4.37150011E-04
   7.82511011E-03   4.34249989E-04
   1.63014997E-02   3.85689986E-04
   9.27629997E-04   4.08410007E-04
   4.83638002E-03   4.14450013E-04
   8.95104022E-04   4.38440009E-04
   2.23274007E-02   3.37130012E-04
   2.70623993E-02   3.59850004E-04
   4.48254012E-02   3.65890010E-04
   2.87897000E-03   3.89880006E-04
   4.35918989E-03   3.82569997E-04
   1.80693995E-02   3.88610002E-04
   3.20102996E-03   4.12599999E-04
   1.49146002E-02   3.94650007E-04
   5.79089997E-03   4.18640004E-04
       -1137       -1137
   6.37829974E-02   3.64699990E-05
   4.87481989E-02   3.77600009E-05
   9.80310980E-03   1.19200004E-05
   9.23051964E-03   1.79599992E-05
   9.75002011E-04   4.19499993E-05
   2.13369001E-02   0.00000000    
  0.245169997       6.09000017E-06
   9.96607989E-02   1.73389999E-04
  0.207595006       1.74679997E-04
   2.27055997E-02   1.26119994E-04
   1.59204993E-02   1.48840001E-04
   2.65647005E-02   1.54880006E-04
   1.64620997E-03   1.78870003E-04
   1.52411005E-02   1.47100000E-05
   3.51025015E-02   1.82010001E-04
   9.19197034E-03   1.83299999E-04
   5.10379998E-03   1.34739996E-04
   2.08962001E-02   1.57460003E-04
   4.26365994E-03   1.63499994E-04
   3.22604988E-04   1.87490004E-04
   2.59295991E-03   3.49309994E-04
   1.80255007E-02   3.50599992E-04
   3.20672989E-03   3.02039989E-04
   1.22702997E-02   3.24760011E-04
   3.52172996E-03   3.30799987E-04
   2.27659999E-04   3.54790012E-04
   9.77911055E-04   3.51889990E-04
   2.35502003E-03   3.03329987E-04
   2.71699000E-02   3.26050009E-04
   1.86029996E-03   3.32090014E-04
   1.42841993E-04   3.56080011E-04
   4.17213014E-04   2.54770013E-04
   6.34300010E-03   2.77490006E-04
   1.03070005E-03   2.83530011E-04
   5.22767004E-05   3.07520007E-04
   1.37940003E-02   3.00209998E-04
   3.76611985E-02   3.06250004E-04
   1.81078003E-03   3.30240000E-04
   2.31339992E-03   3.12290009E-04
   3.82495986E-04   3.36280005E-04
       -1137       -1137
   1.95754003E-02   1.25890001E-04
   5.60568012E-02   1.27179999E-04
   1.20422002E-02   7.86200035E-05
   8.94073956E-03   1.01340003E-04
   3.27350013E-02   1.07380001E-04
   8.39693006E-04   1.31370005E-04
  0.258148015       1.34510003E-04
  0.268801987       1.35800001E-04
   6.22604005E-02   8.72399978E-05
   6.02182001E-02   1.09959998E-04
   8.47036988E-02   1.16000003E-04
   4.49573016E-03   1.39990007E-04
   7.26962986E-04   3.01810011E-04
   2.04980001E-02   3.03100009E-04
   4.25540982E-03   2.54540006E-04
   1.80819002E-03   2.77259998E-04
   2.57718991E-02   2.83300004E-04
   2.37390996E-04   3.07290000E-04
   8.28773994E-03   3.04390007E-04
   8.91926046E-03   2.55830004E-04
   7.10909022E-03   2.78549996E-04
   3.09624001E-02   2.84590002E-04
   5.48415992E-04   3.08579998E-04
   1.44240003E-05   2.07270001E-04
   3.02903994E-04   2.29989993E-04
   5.74966008E-03   2.36029999E-04
   2.40398003E-06   2.60019995E-04
   2.50572994E-05   2.52709986E-04
   3.66721000E-03   2.58749991E-04
   1.25289998E-05   2.82739988E-04
   1.13818003E-02   2.64789996E-04
   6.89144013E-04   2.88779993E-04
       -1137       -1137
   3.80269997E-02   0.00000000    
   4.19681985E-03   0.00000000    
   1.03377999E-04   3.07000005E-06
  0.170858994       1.64890007E-04
  0.534958005       1.66180005E-04
   6.01685010E-02   1.17620002E-04
   4.86072004E-02   1.40339995E-04
   7.29833990E-02   1.46380000E-04
   4.41901013E-03   1.70369996E-04
   5.58598991E-03   1.67470003E-04
   5.86128002E-03   1.18910000E-04
   1.48214996E-02   1.41629993E-04
   4.84217983E-03   1.47669998E-04
   3.64198000E-04   1.71659995E-04
   2.58994009E-03   7.03499973E-05
   2.54688994E-03   9.30699971E-05
   2.90599000E-03   9.91100023E-05
   2.13320003E-04   1.23100006E-04
   4.33483999E-03   1.15789997E-04
   1.28306001E-02   1.21830002E-04
   5.16602013E-04   1.45819999E-04
   7.57066999E-03   1.27869993E-04
   6.36067998E-04   1.51860004E-04
       -1137       -1137
   1.13858003E-02   1.56270005E-04
  0.430101007       1.57560004E-04
   8.80903006E-03   1.09000001E-04
   4.82913991E-03   1.31719993E-04
   1.55921001E-02   1.37759998E-04
   5.85802016E-04   1.61749995E-04
  0.306100011       1.58850002E-04
   6.54603019E-02   1.10289999E-04
   6.33302033E-02   1.33010006E-04
   7.68750980E-02   1.39049997E-04
   4.80750995E-03   1.63039993E-04
   2.69652996E-03   6.17300029E-05
   1.44501997E-03   8.44500028E-05
   3.63562000E-03   9.04900007E-05
   2.16269007E-04   1.14479997E-04
   2.67174997E-04   1.07170003E-04
   2.36423011E-03   1.13210001E-04
   5.51140984E-05   1.37199997E-04
   1.25494006E-03   1.19249999E-04
   1.30164000E-04   1.43240002E-04
       -1137       -1137
  0.416520000       1.71699994E-05
  0.575971007       2.32099992E-05
   7.50791002E-03   4.71999992E-05
       -1137       -1137
          -1          -1
