   4.96726995E-03   4.05329987E-02
   6.85425987E-03   4.09943983E-02
   5.41677000E-03   4.20532003E-02
   1.93319004E-03   4.86189015E-02
   1.43929000E-03   4.88262996E-02
   1.19198998E-03   4.90517989E-02
   9.29644011E-05   4.94089015E-02
   8.22575021E-05   4.94585000E-02
   4.59078001E-04   5.05159982E-02
   3.29998002E-04   5.06010018E-02
   2.70357996E-04   5.06521016E-02
   2.12388004E-05   5.07933013E-02
   1.85399003E-05   5.08025996E-02
   8.70465016E-08   5.09773009E-02
   7.23346020E-05   5.09270988E-02
   4.13458001E-05   5.09506017E-02
   3.17708000E-05   5.09570017E-02
   5.22247001E-06   5.09813987E-02
   5.42036025E-04   4.14558016E-02
   1.04357004E-02   4.25145999E-02
   1.13206997E-03   4.90803011E-02
   2.00373994E-04   4.92876992E-02
   1.90735003E-03   4.95131984E-02
   1.00627003E-04   4.98703010E-02
   2.98291998E-04   4.99198996E-02
   2.59122986E-04   5.09774014E-02
   4.47388011E-05   5.10624014E-02
   4.15879011E-04   5.11135012E-02
   2.23703992E-05   5.12547009E-02
   6.60631995E-05   5.12639992E-02
   3.48160000E-07   5.14372997E-02
   6.09254016E-07   5.14387004E-02
   4.04749990E-05   5.13884984E-02
   5.57095018E-06   5.14120013E-02
   4.84806988E-05   5.14184013E-02
   2.87242005E-06   5.14427982E-02
   4.79025021E-03   4.35733981E-02
   8.37871979E-04   5.01390994E-02
   1.79854000E-03   5.03465012E-02
   1.80663995E-03   5.05720004E-02
   3.42168001E-04   5.09290993E-02
   2.98119994E-04   5.09787016E-02
   1.88963997E-04   5.20361997E-02
   3.95946990E-04   5.21211997E-02
   3.97096999E-04   5.21722995E-02
   7.65095028E-05   5.23134992E-02
   6.62387974E-05   5.23228012E-02
   6.96367010E-07   5.24961017E-02
   7.83383996E-07   5.24974987E-02
   2.94199999E-05   5.24473004E-02
   4.92643994E-05   5.24707995E-02
   4.63914985E-05   5.24771996E-02
   2.08902998E-06   5.25016002E-02
   1.85135999E-04   5.67048006E-02
   2.39104003E-04   5.69121987E-02
   1.86185993E-04   5.71377017E-02
   1.40136999E-05   5.74948005E-02
   1.17506997E-05   5.75443991E-02
   8.76530030E-05   5.86019009E-02
   5.49258002E-05   5.86869009E-02
   4.23011006E-05   5.87380007E-02
   3.22052006E-06   5.88792004E-02
   2.61124001E-06   5.88884987E-02
   1.37527004E-05   5.90130016E-02
   6.87595002E-06   5.90365008E-02
   4.96139000E-06   5.90429008E-02
   9.57468046E-07   5.90673015E-02
   1.80176994E-05   5.71196005E-02
   3.36524012E-04   5.73450997E-02
   1.43627003E-05   5.77021986E-02
   3.93424016E-05   5.77518009E-02
   5.47490999E-05   5.88092990E-02
   8.00795988E-06   5.88942990E-02
   7.37256996E-05   5.89453988E-02
   3.22054007E-06   5.90865985E-02
   8.79134041E-06   5.90959005E-02
   8.70454997E-08   5.92692010E-02
   8.70454997E-08   5.92706017E-02
   8.53004985E-06   5.92203997E-02
   9.57473048E-07   5.92438988E-02
   8.61735043E-06   5.92502989E-02
   6.09259985E-07   5.92746995E-02
   1.71647000E-04   5.75705990E-02
   5.13541017E-05   5.79277016E-02
   4.34342983E-05   5.79773001E-02
   4.20422984E-05   5.90347983E-02
   7.44227000E-05   5.91197982E-02
   7.55547007E-05   5.91709018E-02
   1.15767998E-05   5.93121015E-02
   9.66202970E-06   5.93213998E-02
   8.70454002E-08   5.94947003E-02
   8.70454002E-08   5.94961010E-02
   6.52848985E-06   5.94458990E-02
   9.22663003E-06   5.94694018E-02
   8.79134041E-06   5.94757982E-02
   4.35202992E-07   5.95001988E-02
   8.92848036E-08   5.82848005E-02
   6.33938998E-06   5.83343990E-02
   3.21415996E-06   5.93919009E-02
   3.12492011E-06   5.94769008E-02
   1.09811999E-05   5.95280007E-02
   1.33927006E-06   5.96784987E-02
   5.35676975E-07   5.98030016E-02
   3.57120001E-07   5.98265007E-02
   1.24993005E-06   5.98329008E-02
   1.47961998E-06   5.83840013E-02
   2.61115997E-06   5.94414994E-02
   8.18168974E-06   5.95264994E-02
   9.05233992E-06   5.95775992E-02
   1.30563001E-06   5.97187988E-02
   6.09239009E-07   5.97281009E-02
   4.35188014E-07   5.98526001E-02
   1.04455000E-06   5.98760992E-02
   1.04455000E-06   5.98824993E-02
   1.06191001E-05   6.04990013E-02
   1.29400996E-05   6.05840012E-02
   9.81624999E-06   6.06351011E-02
   7.13944019E-07   6.07763007E-02
   6.24628001E-07   6.07855991E-02
   3.30178000E-06   6.09100983E-02
   1.60628997E-06   6.09336011E-02
   1.16011995E-06   6.09400012E-02
   2.67712011E-07   6.09644018E-02
   8.70471013E-07   6.06689006E-02
   1.62769993E-05   6.07200004E-02
   6.96390998E-07   6.08612001E-02
   1.82789995E-06   6.08704984E-02
   2.00199997E-06   6.09950982E-02
   2.61129998E-07   6.10185005E-02
   1.91499998E-06   6.10249005E-02
   1.74090005E-07   6.10493012E-02
   8.27476015E-06   6.07712008E-02
   2.41343992E-06   6.09122999E-02
   1.98248995E-06   6.09215982E-02
   1.46527998E-06   6.10462017E-02
   1.98248995E-06   6.10696003E-02
   1.89632999E-06   6.10761009E-02
   8.61985967E-08   6.11005016E-02
   2.87268989E-07   6.10628016E-02
   9.57604982E-08   6.11874014E-02
   9.57604982E-08   6.12108000E-02
   2.87268989E-07   6.12173006E-02
   9.27478965E-08   6.10721000E-02
   9.27478965E-08   6.11966997E-02
   2.78231994E-07   6.12200983E-02
   2.78231994E-07   6.12264983E-02
   3.77248000E-07   6.13211989E-02
   3.77248000E-07   6.13447018E-02
   2.51502996E-07   6.13511018E-02
   2.87669991E-07   6.13745004E-02
   9.41869018E-08   6.13810010E-02
       -1137       -1137
   3.06560993E-02   0.00000000    
   2.40439009E-02   7.53600034E-05
   2.60610003E-02   1.26479994E-04
   6.98821992E-03   2.67669995E-04
   1.01426002E-02   2.76959996E-04
   1.75361000E-02   4.50310006E-04
   2.27678008E-02   4.51730011E-04
   4.72491002E-03   4.01500001E-04
   2.85677006E-03   4.24959988E-04
   2.92515010E-03   4.31390014E-04
   3.37873003E-04   4.55789996E-04
  0.331580997       0.00000000    
   3.20561007E-02   1.04919996E-03
   1.32502001E-02   1.13415997E-03
   2.19572000E-02   1.18528004E-03
   4.07841988E-02   1.32647005E-03
   5.00071011E-02   1.33576000E-03
   2.52586007E-02   1.50910998E-03
   3.14837992E-02   1.51053001E-03
   4.84676985E-03   1.46029994E-03
   1.61671999E-03   1.48375996E-03
   2.54213996E-03   1.49019004E-03
   3.47077003E-04   1.51459000E-03
   7.35088997E-03   5.71780000E-03
   1.48828002E-02   5.92519995E-03
   2.55612992E-02   6.15070015E-03
   1.97518002E-02   6.50779996E-03
   2.66271997E-02   6.55739987E-03
   2.96358997E-03   7.61489989E-03
   3.34974006E-03   7.69985979E-03
   5.64971985E-03   7.75098009E-03
   3.76865990E-03   7.89216999E-03
   5.02535002E-03   7.90145993E-03
   1.97699002E-04   8.07480980E-03
   2.25262993E-04   8.07623006E-03
   4.55633999E-04   8.02600011E-03
   4.17873991E-04   8.04946013E-03
   6.60152000E-04   8.05588998E-03
   3.26666996E-05   8.08028970E-03
   4.72969004E-05   6.13259990E-03
   3.82794009E-04   6.35810010E-03
   8.14242987E-04   6.71519991E-03
   7.98488036E-03   6.76479982E-03
   2.36932002E-03   7.82230031E-03
   8.16627016E-06   7.90726021E-03
   7.68984974E-05   7.95837957E-03
   1.46656006E-04   8.09956994E-03
   9.69024026E-04   8.10885988E-03
   6.97533033E-05   8.28220975E-03
   2.42612994E-04   8.28363001E-03
   3.45367996E-04   8.23340006E-03
   6.80519008E-07   8.25686008E-03
   8.84679957E-06   8.26328993E-03
   2.44987004E-05   8.28768965E-03
   6.62209000E-04   6.58359984E-03
   3.70710995E-03   6.94070011E-03
   2.36370997E-03   6.99030003E-03
   4.04619984E-03   8.04779958E-03
   8.16703032E-05   8.13276041E-03
   2.16760993E-04   8.18387978E-03
   3.29069007E-04   8.32507014E-03
   2.05536999E-04   8.33436009E-03
   1.65734993E-04   8.50770995E-03
   1.34421003E-04   8.50913022E-03
   5.89383009E-04   8.45890027E-03
   1.02089998E-05   8.48236028E-03
   2.41621001E-05   8.48879013E-03
   4.18558011E-05   8.51318985E-03
   1.16642995E-03   7.29779992E-03
   3.74546982E-02   7.34739983E-03
   2.90633994E-03   8.40490032E-03
   2.28660996E-04   8.48986022E-03
   8.84016976E-04   8.54097959E-03
   4.36227012E-04   8.68216995E-03
   4.99253999E-03   8.69145989E-03
   2.26278004E-04   8.86480976E-03
   6.26104011E-04   8.86623003E-03
   4.18197014E-04   8.81600007E-03
   2.96033995E-05   8.83946009E-03
   1.04455998E-04   8.84588994E-03
   2.96033995E-05   8.87028966E-03
   1.04780998E-02   7.39700021E-03
   3.96125019E-03   8.45449977E-03
   1.60981005E-03   8.53945967E-03
   5.90723008E-04   8.59057996E-03
   4.90124989E-03   8.73177033E-03
   2.94370996E-03   8.74106027E-03
   7.04032020E-04   8.91441014E-03
   5.33555984E-04   8.91583040E-03
   5.72009012E-04   8.86560045E-03
   1.97353002E-04   8.88905954E-03
   7.04374033E-05   8.89549032E-03
   4.08332016E-05   8.91989004E-03
   2.82090012E-04   9.51199979E-03
   5.34564024E-04   9.59695969E-03
   8.96614976E-04   9.64807998E-03
   5.53961028E-04   9.78927035E-03
   7.43840996E-04   9.79856029E-03
   2.38186003E-05   9.97191016E-03
   2.65406998E-05   9.97333042E-03
   8.57488994E-05   9.92309954E-03
   6.66936030E-05   9.94655956E-03
   1.04808998E-04   9.95299034E-03
   6.12485019E-06   9.97739006E-03
   3.40267007E-07   9.68191959E-03
   1.66730006E-05   9.73303989E-03
   3.53883006E-05   9.87423025E-03
   2.02455994E-04   9.88352019E-03
   9.52775008E-06   1.00568999E-02
   3.64078005E-05   1.00582996E-02
   7.79218026E-05   1.00081004E-02
   2.04156004E-06   1.00378999E-02
   5.44432987E-06   1.00622997E-02
   1.73528006E-05   9.78416018E-03
   8.74499019E-05   9.92534962E-03
   5.81852000E-05   9.93463956E-03
   2.92625991E-05   1.01079997E-02
   2.34776999E-05   1.01094004E-02
   1.30661007E-04   1.00592002E-02
   2.04157004E-06   1.00825997E-02
   3.74296997E-06   1.00891003E-02
   9.18732985E-06   1.01135001E-02
   3.81106001E-05   1.00664999E-02
   7.10827007E-04   1.00758001E-02
   2.92626992E-05   1.02492003E-02
   6.26109031E-05   1.02506001E-02
   7.96239983E-05   1.02003999E-02
   4.42353985E-06   1.02238003E-02
   1.05483005E-05   1.02303000E-02
   5.78465006E-06   1.02546997E-02
   2.20841001E-04   1.00851003E-02
   7.31585023E-05   1.02585005E-02
   6.19283019E-05   1.02599002E-02
   1.07182001E-04   1.02097001E-02
   2.48394008E-05   1.02330996E-02
   7.14570979E-06   1.02394996E-02
   7.48609000E-06   1.02639003E-02
   5.55960014E-07   1.04318000E-02
   1.50110000E-05   1.04331998E-02
   5.55960014E-06   1.03829997E-02
   1.66791995E-06   1.04064997E-02
   5.55960014E-06   1.04128998E-02
   5.55960014E-07   1.04373004E-02
   2.89068998E-06   1.04347002E-02
   5.29973022E-06   1.03844004E-02
   5.78152003E-06   1.04079004E-02
   3.85430985E-06   1.04142996E-02
   4.81791972E-07   1.04387002E-02
   2.27501005E-05   1.03342002E-02
   3.47245004E-05   1.03577003E-02
   5.38833992E-05   1.03641003E-02
   3.59222008E-06   1.03885001E-02
   2.41734006E-06   1.03874998E-02
   4.83468011E-06   1.04118995E-02
   9.46785974E-07   1.03940004E-02
   2.84041994E-06   1.04184002E-02
       -1137       -1137
   7.52254995E-03   5.87799994E-04
   4.46013995E-02   6.72760012E-04
   1.39049999E-02   7.23880017E-04
   5.16528003E-02   8.65069975E-04
   1.82603002E-02   8.74359976E-04
   1.31136004E-03   1.04770996E-03
   1.97676010E-03   1.04912999E-03
   1.08674006E-03   9.98900039E-04
   5.22202998E-03   1.02236005E-03
   1.60433003E-03   1.02879002E-03
   7.74838991E-05   1.05318998E-03
   7.72255997E-04   5.25639998E-03
   2.27888003E-02   5.46379993E-03
   2.20206007E-03   5.68930013E-03
   2.66037998E-03   6.04639994E-03
   2.58758990E-03   6.09599985E-03
   2.84537993E-04   7.15349987E-03
   3.41701997E-03   7.23845977E-03
   4.32981993E-04   7.28958007E-03
   3.61360988E-04   7.43076997E-03
   2.98864004E-04   7.44005991E-03
   7.42261982E-05   7.61340978E-03
   4.81817988E-05   7.61483004E-03
   4.29725987E-05   7.56460009E-03
   3.97191005E-04   7.58806011E-03
   4.94833985E-05   7.59448996E-03
   3.25549991E-06   7.61889014E-03
   2.32155006E-02   5.67119988E-03
   6.55902997E-02   5.89670008E-03
   3.48590016E-02   6.25379989E-03
   5.44852987E-02   6.30339980E-03
   5.52463997E-03   7.36089982E-03
   8.84561986E-03   7.44586019E-03
   1.42355002E-02   7.49698002E-03
   6.65572006E-03   7.63816992E-03
   1.03420001E-02   7.64745986E-03
   3.36633006E-04   7.82081019E-03
   3.08624993E-04   7.82223046E-03
   8.73129000E-04   7.77200004E-03
   1.07765000E-03   7.79546006E-03
   1.65835000E-03   7.80188991E-03
   6.31565999E-05   7.82629009E-03
   1.62254996E-03   6.12219982E-03
   3.66077013E-02   6.47930009E-03
   5.08311018E-03   6.52890000E-03
   4.52509004E-04   7.58640002E-03
   1.01362001E-02   7.67135993E-03
   5.99661027E-04   7.72248022E-03
   5.89186000E-03   7.86366966E-03
   7.75500026E-04   7.87295960E-03
   1.76450994E-04   8.04631040E-03
   9.57122975E-05   8.04772973E-03
   6.96669013E-05   7.99749978E-03
   1.18440005E-03   8.02095979E-03
   6.77150965E-05   8.02738965E-03
   5.20892991E-06   8.05179030E-03
   3.43006998E-02   6.83639990E-03
  0.141264006       6.88599981E-03
   6.47179026E-04   7.94349983E-03
   5.31039014E-03   8.02845974E-03
   7.43420003E-03   8.07958003E-03
   1.09516997E-02   8.22077040E-03
   2.42008995E-02   8.23006034E-03
   1.29829999E-03   8.40341020E-03
   2.62474990E-03   8.40482954E-03
   1.02872997E-04   8.35459959E-03
   6.23114989E-04   8.37805960E-03
   8.56162980E-04   8.38449039E-03
   7.16218983E-06   8.40889011E-03
   6.79834001E-03   6.93560019E-03
   5.12426021E-04   7.99310021E-03
   7.34770996E-03   8.07806011E-03
   9.46075015E-04   8.12918041E-03
   1.86803993E-02   8.27036984E-03
   2.11474998E-03   8.27965979E-03
   5.24151023E-04   8.45300965E-03
   2.00545997E-04   8.45442992E-03
   7.81328999E-05   8.40419997E-03
   8.37331987E-04   8.42765998E-03
   1.07432003E-04   8.43408983E-03
   5.86012993E-06   8.45848955E-03
   2.53920007E-05   9.05060023E-03
   8.34043021E-04   9.13556013E-03
   8.98513972E-05   9.18668043E-03
   8.46382027E-05   9.32786986E-03
   5.99004015E-05   9.33715980E-03
   1.56259994E-05   9.51050967E-03
   8.46382045E-06   9.51192994E-03
   7.81297967E-06   9.46169998E-03
   9.70101974E-05   9.48516000E-03
   1.04171004E-05   9.49158985E-03
   6.51094979E-07   9.51598957E-03
   8.02823983E-04   9.22052003E-03
   2.20528990E-03   9.27164033E-03
   9.97534953E-04   9.41282976E-03
   1.40640000E-03   9.42211971E-03
   4.16709991E-05   9.59546957E-03
   3.12535994E-05   9.59688984E-03
   1.32182002E-04   9.54665989E-03
   1.94022999E-04   9.57011990E-03
   2.57186010E-04   9.57654975E-03
   9.76644969E-06   9.60095041E-03
   5.59947002E-05   9.32275970E-03
   1.20586995E-03   9.46395006E-03
   1.47797997E-04   9.47324000E-03
   2.92993991E-05   9.64658987E-03
   1.49752996E-05   9.64801013E-03
   1.36737999E-05   9.59778018E-03
   2.57829000E-04   9.62124020E-03
   1.23711998E-05   9.62767005E-03
   1.30215005E-06   9.65206977E-03
   8.64043017E-04   9.60514043E-03
   3.32387001E-03   9.61443037E-03
   1.43241996E-04   9.78778023E-03
   2.93652993E-04   9.78919957E-03
   1.36739000E-05   9.73896962E-03
   1.16545998E-04   9.76242963E-03
   1.39340002E-04   9.76886041E-03
   6.51123003E-07   9.79326013E-03
   2.62610993E-04   9.62372031E-03
   9.78324024E-05   9.79707018E-03
   3.81042009E-05   9.79849044E-03
   1.44178002E-05   9.74825956E-03
   2.53331003E-04   9.77171957E-03
   2.67762007E-05   9.77815036E-03
   1.02984995E-06   9.80255008E-03
   2.96621010E-06   9.97042004E-03
   2.17527995E-05   9.97184031E-03
   3.95510006E-06   9.92161036E-03
   6.92129015E-06   9.94507037E-03
   4.94381993E-06   9.95150022E-03
   1.84368002E-06   9.97325964E-03
   3.68712995E-06   9.92302969E-03
   9.21812989E-06   9.94648971E-03
   3.68712995E-06   9.95291956E-03
   1.26228997E-06   9.87279974E-03
   3.02945009E-05   9.89625975E-03
   2.52442010E-06   9.90268961E-03
   2.80258992E-05   9.91971977E-03
   7.16208015E-05   9.92614962E-03
   3.11380995E-06   9.95055027E-03
   6.51123003E-07   9.93258040E-03
       -1137       -1137
   1.02367997E-03   4.19759983E-03
   6.05936977E-04   4.40499978E-03
   2.47732997E-02   4.63049999E-03
   2.68176990E-03   4.98759979E-03
   3.66757996E-03   5.03720017E-03
   3.78455006E-04   6.09470019E-03
   1.06419000E-04   6.17966009E-03
   3.65424994E-03   6.23077992E-03
   2.49420991E-04   6.37196982E-03
   3.05952999E-04   6.38126023E-03
   1.19720004E-04   6.55461010E-03
   2.14836007E-04   6.55602990E-03
   5.71999008E-05   6.50579995E-03
   1.26376999E-05   6.52925996E-03
   3.99059005E-04   6.53568981E-03
   3.99058990E-06   6.56009000E-03
   1.38343996E-04   4.61240020E-03
   4.15316001E-02   4.83789993E-03
   2.31256010E-03   5.19500021E-03
   2.05440000E-02   5.24460012E-03
   1.21051999E-04   6.30210014E-03
   5.25428986E-05   6.38706004E-03
   6.36381982E-03   6.43817987E-03
   4.00407007E-04   6.57936977E-03
   2.98232003E-03   6.58866018E-03
   1.29031003E-04   6.76201005E-03
   3.35219986E-04   6.76342985E-03
   1.86239995E-05   6.71319989E-03
   6.65126981E-06   6.73665991E-03
   6.99023018E-04   6.74309023E-03
   1.33021001E-06   6.76748995E-03
   5.52355014E-02   5.06340014E-03
   5.74304983E-02   5.42049995E-03
   8.21138993E-02   5.47009986E-03
   5.92898997E-03   6.52759988E-03
   8.86458997E-03   6.61255978E-03
   2.03443002E-02   6.66368008E-03
   1.04286997E-02   6.80486998E-03
   1.46345999E-02   6.81415992E-03
   5.56699000E-04   6.98750978E-03
   7.01044977E-04   6.98893005E-03
   9.35119984E-04   6.93870010E-03
   1.09670998E-03   6.96216011E-03
   2.31392006E-03   6.96858997E-03
   6.71784001E-05   6.99299015E-03
   8.26121960E-03   5.77760022E-03
  0.156092003       5.82720013E-03
   6.13236974E-04   6.88470015E-03
   5.00840019E-04   6.96966005E-03
   8.11477005E-03   7.02077989E-03
   2.59317993E-03   7.16196978E-03
   2.05764994E-02   7.17126019E-03
   3.13930999E-04   7.34461006E-03
   1.06216001E-03   7.34602986E-03
   9.57769007E-05   7.29579991E-03
   6.18569975E-05   7.31925992E-03
   8.79290979E-04   7.32568977E-03
   6.65132984E-06   7.35008996E-03
  0.104883000       5.87680005E-03
   8.73301004E-04   6.93430007E-03
   4.03199019E-03   7.01925997E-03
   1.30920997E-02   7.07037980E-03
   2.47802995E-02   7.21157016E-03
   3.13628018E-02   7.22086011E-03
   3.33900005E-03   7.39420997E-03
   3.02365003E-03   7.39562977E-03
   1.38345000E-04   7.34539982E-03
   4.91527026E-04   7.36885983E-03
   1.45525998E-03   7.37529015E-03
   9.97705956E-06   7.39968987E-03
   3.52515999E-05   7.99180008E-03
   2.19491994E-05   8.07675999E-03
   8.76644976E-04   8.12788028E-03
   6.25216999E-05   8.26906972E-03
   7.98164983E-05   8.27835966E-03
   1.72928994E-05   8.45171046E-03
   3.45869012E-05   8.45312979E-03
   1.06418001E-05   8.40289984E-03
   2.66033999E-06   8.42635985E-03
   9.57769007E-05   8.43278971E-03
   6.65132973E-07   8.45719036E-03
   3.99052988E-06   8.16171989E-03
   1.35415001E-03   8.21284018E-03
   8.31404031E-05   8.35402962E-03
   6.11906988E-04   8.36331956E-03
   1.86239995E-05   8.53667036E-03
   4.58916984E-05   8.53808969E-03
   3.32542004E-06   8.48785974E-03
   6.65125015E-07   8.51131976E-03
   1.48323001E-04   8.51774961E-03
   1.80411001E-03   8.26395955E-03
   1.47775002E-03   8.40514991E-03
   2.30025989E-03   8.41443986E-03
   6.45984983E-05   8.58778972E-03
   8.59130014E-05   8.58920999E-03
   1.38521005E-04   8.53898004E-03
   1.67828999E-04   8.56244005E-03
   4.07574989E-04   8.56886990E-03
   9.98974974E-06   8.59326962E-03
   1.96210007E-04   8.54634028E-03
   3.39201000E-03   8.55563022E-03
   3.39200997E-05   8.72898009E-03
   1.09740002E-04   8.73040035E-03
   9.97700045E-06   8.68017040E-03
   9.97700045E-06   8.70363042E-03
   1.59625997E-04   8.71006027E-03
   6.65128994E-07   8.73445999E-03
   2.80316989E-03   8.56492016E-03
   4.16400988E-04   8.73827003E-03
   3.72064998E-04   8.73969030E-03
   1.50412998E-05   8.68946034E-03
   8.94543991E-05   8.71292036E-03
   3.03206994E-04   8.71935021E-03
   7.91641014E-07   8.74374993E-03
   1.19041999E-06   8.91161989E-03
   4.16643015E-05   8.91304016E-03
   4.76134983E-06   8.86281021E-03
   3.57115005E-06   8.88627023E-03
   1.19041997E-05   8.89270008E-03
   9.18300975E-06   8.91446043E-03
   6.12200984E-06   8.86422954E-03
   6.12200984E-06   8.88768956E-03
   1.07128999E-05   8.89412034E-03
   7.65244977E-07   8.91852006E-03
   1.41977000E-06   8.81399959E-03
   1.41977000E-06   8.83745961E-03
   3.26547015E-05   8.84389039E-03
   6.24484019E-05   8.86735041E-03
   1.27316001E-04   8.87378026E-03
   7.27503993E-06   8.89817998E-03
       -1137       -1137
   5.41938990E-02   1.36700000E-05
   8.65155980E-02   2.29599991E-05
   3.48269008E-02   1.96309993E-04
   4.61255014E-02   1.97729998E-04
   7.75563018E-03   1.47500003E-04
   6.48570014E-03   1.70960004E-04
   9.23142955E-03   1.77390000E-04
   5.44152979E-04   2.01789997E-04
   6.13101013E-02   4.68600010E-05
   7.61488974E-02   9.79800025E-05
   3.12662981E-02   2.39169996E-04
   4.53705005E-02   2.48460012E-04
  0.114191003       4.21809993E-04
  0.141559005       4.23229998E-04
   8.46210960E-03   3.72999988E-04
   7.07487017E-03   3.96460004E-04
   8.68523028E-03   4.02890000E-04
   5.99897001E-04   4.27290011E-04
   2.36536991E-02   3.19000013E-04
   5.24091022E-03   4.03960003E-04
   5.01760980E-03   4.55080008E-04
   7.76640000E-03   5.96270023E-04
   9.71162040E-03   6.05560024E-04
   5.83432987E-03   7.78910005E-04
   5.39657986E-03   7.80329981E-04
   2.49506999E-03   7.30099971E-04
   5.13411011E-04   7.53559987E-04
   4.54625988E-04   7.59990013E-04
   1.71470005E-04   7.84390024E-04
   3.37779000E-02   3.68600013E-04
   1.03209005E-03   4.53560002E-04
   1.00290002E-02   5.04679978E-04
   1.06421001E-02   6.45869994E-04
   1.57379992E-02   6.55159994E-04
   6.65026996E-03   8.28509976E-04
   1.02767004E-02   8.29930010E-04
   3.53185995E-03   7.79700000E-04
   1.04847997E-04   8.03160015E-04
   9.06246016E-04   8.09589983E-04
   2.42601993E-04   8.33989994E-04
   3.84554989E-03   1.42610003E-03
   6.53961999E-03   1.51106005E-03
   1.13319997E-02   1.56218000E-03
   1.24514997E-02   1.70337001E-03
   1.77712999E-02   1.71265996E-03
   6.17187982E-03   1.88601005E-03
   7.71198003E-03   1.88742997E-03
   1.00669998E-03   1.83720002E-03
   8.12101003E-04   1.86066004E-03
   1.31789001E-03   1.86709000E-03
   7.11828034E-05   1.89148996E-03
   3.12138000E-04   1.59601995E-03
   8.25122988E-04   1.64714002E-03
   4.62525990E-04   1.78833003E-03
   2.58773012E-04   1.79761997E-03
   7.87706012E-05   1.97097007E-03
   4.35821014E-04   1.97239011E-03
   6.74757990E-04   1.92216004E-03
   6.11931973E-05   1.94562005E-03
   7.48633029E-05   1.95205002E-03
   4.62190001E-05   1.97644997E-03
   1.04845001E-03   1.69825996E-03
   7.46392994E-04   1.83944998E-03
   1.78671000E-03   1.84874004E-03
   4.72962012E-04   2.02208990E-03
   8.79183004E-04   2.02350994E-03
   1.17442000E-03   1.97327998E-03
   8.69095966E-05   1.99674000E-03
   2.07022007E-04   2.00317008E-03
   8.07252000E-05   2.02757004E-03
   1.42118995E-04   1.98063999E-03
   6.80811994E-04   1.98992994E-03
   4.33584006E-04   2.16328003E-03
   3.17362999E-03   2.16470007E-03
   1.27554999E-03   2.11446988E-03
   4.12613008E-05   2.13792990E-03
   7.00793025E-05   2.14435998E-03
   8.74348989E-05   2.16875994E-03
   3.76662996E-04   1.99922011E-03
   3.08489008E-03   2.17256998E-03
   1.74964999E-03   2.17399001E-03
   1.79093005E-03   2.12376006E-03
   2.45284009E-05   2.14722008E-03
   1.63956996E-04   2.15364993E-03
   1.22644007E-04   2.17805011E-03
   4.06889012E-04   2.34592007E-03
   2.95370002E-03   2.34734011E-03
   5.81660017E-04   2.29710992E-03
   7.16106979E-06   2.32056994E-03
   3.67836983E-05   2.32700002E-03
   3.93849987E-05   2.35139998E-03
   9.60037985E-04   2.34875991E-03
   7.26378988E-04   2.29852996E-03
   4.88156984E-05   2.32198997E-03
   6.89929002E-05   2.32842006E-03
   4.94665001E-05   2.35282001E-03
   1.22764002E-04   2.24830001E-03
   1.67346996E-04   2.27176002E-03
   2.71361001E-04   2.27819011E-03
   1.74450997E-05   2.30259006E-03
   6.99410020E-06   2.29522004E-03
   1.86510006E-05   2.30164989E-03
   1.39877002E-05   2.32605007E-03
   3.34087017E-05   2.30807997E-03
   3.12529992E-05   2.33247993E-03
       -1137       -1137
   8.33331980E-03   3.17699996E-05
   2.05054004E-02   4.10600005E-05
   2.59211008E-02   2.14410000E-04
   2.66389996E-02   2.15830005E-04
   3.45162000E-03   1.65599995E-04
   3.61819007E-03   1.89059996E-04
   3.21549992E-03   1.95490007E-04
   2.35571002E-04   2.19890004E-04
   6.11101016E-02   1.11599998E-04
   6.10757992E-02   1.96559995E-04
   7.21075013E-02   2.47680000E-04
   2.52465997E-02   3.88869987E-04
   2.91208997E-02   3.98159988E-04
  0.124240004       5.71509998E-04
  0.186011001       5.72929974E-04
   9.54375975E-03   5.22700022E-04
   6.56234007E-03   5.46159979E-04
   8.06546025E-03   5.52590005E-04
   6.81167003E-04   5.76990016E-04
   1.02177002E-02   1.61200005E-04
   6.98344037E-02   2.46159994E-04
   6.43194979E-03   2.97279999E-04
   1.08902005E-03   4.38469986E-04
   3.39947990E-03   4.47759987E-04
   4.05819993E-03   6.21110026E-04
   3.11635993E-03   6.22530002E-04
   1.06474000E-03   5.72299992E-04
   6.06665993E-03   5.95760008E-04
   6.58779987E-04   6.02189975E-04
   7.34736022E-05   6.26589986E-04
   9.02832020E-04   1.21869997E-03
   1.25815002E-02   1.30365998E-03
   1.91234995E-03   1.35478005E-03
   4.03301994E-04   1.49596995E-03
   1.45015004E-03   1.50526001E-03
   5.43392016E-05   1.67860999E-03
   7.57476024E-04   1.68003002E-03
   2.23248993E-04   1.62979995E-03
   1.05864997E-03   1.65325997E-03
   2.01646006E-04   1.65969005E-03
   1.57128998E-05   1.68409001E-03
   9.32869036E-03   1.38862000E-03
   2.74103992E-02   1.43973995E-03
   2.60784999E-02   1.58092997E-03
   4.23635989E-02   1.59022002E-03
   1.06896004E-02   1.76357001E-03
   1.81287993E-02   1.76499004E-03
   1.94515998E-03   1.71475997E-03
   1.97105994E-03   1.73821999E-03
   3.16542992E-03   1.74464996E-03
   1.39908996E-04   1.76905002E-03
   7.60185998E-04   1.49086001E-03
   2.05462007E-03   1.63205003E-03
   1.66349998E-03   1.64133997E-03
   7.70823006E-03   1.81468995E-03
   2.14266009E-03   1.81610999E-03
   1.98144000E-04   1.76588004E-03
   2.35762005E-03   1.78934005E-03
   1.49578002E-04   1.79577002E-03
   1.35977998E-05   1.82016997E-03
   8.79222993E-04   1.77324004E-03
   2.52573006E-03   1.78252999E-03
   9.44024010E-04   1.95588009E-03
   1.73617003E-03   1.95729989E-03
   5.76105995E-05   1.90707005E-03
   2.21803994E-03   1.93052995E-03
   2.08839003E-04   1.93696003E-03
   3.92781021E-06   1.96135999E-03
   5.93764998E-04   1.79182005E-03
   3.09973001E-03   1.96517003E-03
   6.56628981E-04   1.96659006E-03
   1.81342999E-04   1.91635999E-03
   3.65435006E-03   1.93982001E-03
   1.54502006E-04   1.94624998E-03
   1.24385997E-05   1.97064993E-03
   1.89203001E-03   2.13851989E-03
   1.21662999E-02   2.13993993E-03
   2.61866990E-06   2.08970997E-03
   8.39944987E-04   2.11316999E-03
   8.45186005E-04   2.11960007E-03
   6.29756018E-04   2.14135996E-03
   1.00814999E-04   2.09113001E-03
   1.41928997E-03   2.11459002E-03
   2.12761006E-04   2.12102011E-03
   7.20111984E-06   2.14542006E-03
   1.92746993E-05   2.04090006E-03
   2.33134997E-04   2.06436007E-03
   3.02892004E-05   2.07078992E-03
   2.75356001E-06   2.09519011E-03
   2.55841005E-04   2.08782009E-03
   7.05657993E-04   2.09424994E-03
   3.00991996E-05   2.11864989E-03
   6.48269997E-05   2.10068002E-03
   1.17866002E-05   2.12507998E-03
       -1137       -1137
   5.24317995E-02   2.21800001E-05
   9.40117985E-03   1.63370001E-04
   8.93756002E-03   1.72660002E-04
   1.27197001E-02   3.46009998E-04
   1.83506999E-02   3.47430003E-04
   1.81782001E-03   2.97199993E-04
   1.27849996E-03   3.20660009E-04
   4.72406019E-03   3.27090005E-04
   1.27307998E-04   3.51489987E-04
   7.60132000E-02   2.06599998E-05
  0.118312001       7.17799994E-05
   4.21283990E-02   2.12970001E-04
   6.00052997E-02   2.22260001E-04
  0.126025006       3.95609997E-04
  0.149788007       3.97030002E-04
   1.06533999E-02   3.46799992E-04
   8.73596966E-03   3.70260008E-04
   1.21889999E-02   3.76690004E-04
   7.51122017E-04   4.01089987E-04
   6.39185018E-04   9.93199996E-04
   1.01210002E-03   1.07816001E-03
   1.57446992E-02   1.12927996E-03
   9.32307972E-04   1.27046998E-03
   1.03386003E-03   1.27976004E-03
   1.08247995E-03   1.45311002E-03
   1.68907002E-03   1.45453005E-03
   1.56715003E-04   1.40429998E-03
   1.00848003E-04   1.42776000E-03
   1.27260003E-03   1.43418997E-03
   1.08831000E-05   1.45859004E-03
   1.05926003E-04   1.16312003E-03
   1.87730994E-02   1.21423998E-03
   4.34579008E-04   1.35542999E-03
   3.55347991E-03   1.36472005E-03
   1.22973998E-03   1.53807004E-03
   7.03107985E-03   1.53948995E-03
   1.11002002E-04   1.48926000E-03
   1.95890007E-05   1.51272002E-03
   1.53809995E-03   1.51914998E-03
   7.98075962E-06   1.54355005E-03
   2.59616002E-02   1.26536004E-03
   3.61228995E-02   1.40655006E-03
   4.78744991E-02   1.41584000E-03
   2.11948995E-02   1.58918998E-03
   2.39345003E-02   1.59061002E-03
   2.41234992E-03   1.54037995E-03
   2.29115994E-03   1.56383996E-03
   5.10337017E-03   1.57027005E-03
   1.72668995E-04   1.59467000E-03
   2.34338004E-04   1.54773996E-03
   4.90724016E-03   1.55703002E-03
   5.12933009E-04   1.73038000E-03
   6.20672991E-03   1.73180003E-03
   9.35908974E-05   1.68156996E-03
   2.97423994E-05   1.70502998E-03
   2.92972010E-03   1.71145995E-03
   6.52935978E-06   1.73586002E-03
   2.30426993E-03   1.56631996E-03
   5.03065996E-03   1.73967006E-03
   4.29069996E-03   1.74108997E-03
   1.05200997E-04   1.69086002E-03
   2.69162992E-04   1.71432004E-03
   3.84455011E-03   1.72075001E-03
   7.25528980E-06   1.74514996E-03
   5.59362001E-04   1.91302004E-03
   1.51012996E-02   1.91443996E-03
   1.03751001E-04   1.86421000E-03
   1.26968007E-04   1.88767002E-03
   1.64113997E-03   1.89409999E-03
   7.25529981E-06   1.91850006E-03
   5.80865005E-03   1.91585999E-03
   1.31319001E-04   1.86563004E-03
   7.29163003E-04   1.88909005E-03
   1.90596003E-03   1.89552002E-03
   8.70623990E-06   1.91991997E-03
   1.77292004E-05   1.81539997E-03
   2.02617994E-05   1.83885999E-03
   3.40652012E-04   1.84528995E-03
   2.53267990E-06   1.86969002E-03
   1.55383998E-06   1.86232000E-03
   4.03996994E-04   1.86874997E-03
   1.55383998E-06   1.89315004E-03
   1.43546995E-03   1.87518005E-03
   8.14148007E-05   1.89958001E-03
       -1137       -1137
  0.109879002       3.85099993E-05
   1.49972001E-02   3.99300006E-05
   5.54071972E-04   1.31600000E-05
   1.43244001E-03   1.95899993E-05
   9.63444982E-05   4.39899995E-05
   3.79683006E-05   6.36100012E-04
   2.01247004E-03   7.21059972E-04
   1.38677005E-03   7.72179978E-04
   4.91572991E-02   9.13369993E-04
   5.89584000E-03   9.22659994E-04
   1.39833996E-02   1.09600998E-03
   4.41693002E-03   1.09743001E-03
   2.16963999E-05   1.04720006E-03
   1.97068002E-04   1.07065996E-03
   1.10292000E-04   1.07709004E-03
   1.80806001E-06   1.10148999E-03
   1.15534000E-03   8.06019991E-04
   7.32222991E-03   8.57139996E-04
   4.27254997E-02   9.98329953E-04
   3.46597005E-03   1.00762001E-03
   8.73425975E-03   1.18096999E-03
   4.43862006E-03   1.18239003E-03
   2.13345993E-04   1.13215996E-03
   2.29608995E-04   1.15561998E-03
   6.47260982E-04   1.16204994E-03
   1.44644000E-05   1.18645001E-03
   2.63784011E-03   9.08260001E-04
   8.96740034E-02   1.04945002E-03
   3.36645008E-03   1.05873996E-03
   4.74963011E-03   1.23209006E-03
   2.50765006E-03   1.23350997E-03
   1.64526005E-04   1.18328002E-03
   6.20152976E-04   1.20674004E-03
   4.48376988E-04   1.21317001E-03
   1.08475997E-05   1.23756996E-03
   7.63065964E-02   1.19064003E-03
  0.153748006       1.19992997E-03
   5.48347011E-02   1.37327996E-03
   6.80397004E-02   1.37469999E-03
   6.99139014E-03   1.32447004E-03
   5.23961009E-03   1.34793005E-03
   1.00889998E-02   1.35436002E-03
   4.99013986E-04   1.37875997E-03
   2.51309993E-03   1.20922003E-03
   5.75623997E-02   1.38257002E-03
   3.15861008E-03   1.38399005E-03
   4.82726988E-04   1.33375998E-03
   2.85659014E-04   1.35722000E-03
   3.14597011E-04   1.36364996E-03
   3.25434012E-05   1.38805003E-03
   4.07701991E-02   1.55592000E-03
  0.117585003       1.55734003E-03
   2.03952007E-03   1.50710996E-03
   8.89595016E-04   1.53056998E-03
   5.26144984E-04   1.53699995E-03
   1.48261999E-04   1.56140001E-03
   3.03209992E-03   1.55875995E-03
   5.75333019E-04   1.50853000E-03
   3.26523994E-04   1.53199001E-03
   3.15432990E-04   1.53841998E-03
   3.99837008E-05   1.56282005E-03
   1.97697009E-05   1.45830004E-03
   2.37232001E-04   1.48175994E-03
   1.58156006E-04   1.48819003E-03
   1.27706997E-04   1.50521996E-03
   5.83824003E-04   1.51165004E-03
   1.82451004E-05   1.53605000E-03
   9.17940983E-04   1.51808001E-03
   8.34535967E-05   1.54247996E-03
       -1137       -1137
   4.02369005E-06   5.86499984E-04
   4.96923982E-04   6.71460002E-04
   3.54081998E-03   7.22580007E-04
   5.28312987E-03   8.63770023E-04
   5.85692003E-02   8.73060024E-04
   4.87671979E-03   1.04640995E-03
   1.63662992E-02   1.04782998E-03
   1.40826996E-05   9.97600029E-04
   2.41421003E-05   1.02106004E-03
   2.97760998E-04   1.02749001E-03
   2.01190005E-06   1.05188997E-03
   8.04708998E-06   7.56420020E-04
   8.80570989E-03   8.07540026E-04
   4.84843011E-04   9.48729983E-04
   5.91655001E-02   9.58019984E-04
   2.25131004E-03   1.13136997E-03
   8.13801028E-03   1.13279000E-03
   5.02957992E-05   1.08256005E-03
   4.02365004E-06   1.10601995E-03
   7.34316010E-04   1.11245003E-03
   4.02365004E-06   1.13684998E-03
   6.56830985E-03   8.58659972E-04
   5.55033004E-03   9.99849988E-04
   9.28798988E-02   1.00914005E-03
   3.10411002E-03   1.18249003E-03
   6.85204007E-03   1.18390995E-03
   4.24474012E-04   1.13367999E-03
   7.30253989E-04   1.15714001E-03
   1.13055005E-03   1.16356998E-03
   3.01757991E-05   1.18797005E-03
   1.19297998E-03   1.14104000E-03
  0.122002997       1.15032995E-03
   2.93728011E-03   1.32368004E-03
   3.89671996E-02   1.32509996E-03
   4.18465992E-04   1.27487001E-03
   6.23665983E-05   1.29833003E-03
   4.70763014E-04   1.30475999E-03
   2.81661996E-05   1.32915995E-03
  0.138181001       1.15962001E-03
   6.67157024E-02   1.33296999E-03
  0.101203002       1.33439002E-03
   8.06334987E-03   1.28415995E-03
   6.99514011E-03   1.30761997E-03
   1.05295004E-02   1.31405005E-03
   5.73379977E-04   1.33845001E-03
   3.55903991E-03   1.50631997E-03
  0.112962998       1.50774000E-03
   5.47225005E-04   1.45751005E-03
   2.47463002E-04   1.48096995E-03
   2.75628001E-04   1.48740003E-03
   3.82252983E-05   1.51179999E-03
   7.61236995E-02   1.50916004E-03
   2.31160992E-03   1.45892997E-03
   9.53622977E-04   1.48238998E-03
   7.08170002E-04   1.48881995E-03
   1.68990999E-04   1.51322002E-03
   2.97875995E-05   1.40870002E-03
   2.97875995E-05   1.43216003E-03
   5.65944996E-04   1.43859000E-03
   5.56010986E-04   1.46205002E-03
   8.58057989E-04   1.46847998E-03
   3.43231004E-05   1.49288005E-03
       -1137       -1137
   2.96155997E-02   7.38699964E-05
   4.12833989E-02   7.52900014E-05
   3.57905999E-02   2.50600006E-05
   2.87513006E-02   4.85199998E-05
   5.37838005E-02   5.49500000E-05
   2.46051000E-03   7.93500003E-05
  0.145221993       1.24989994E-04
  0.175846994       1.26409999E-04
   4.23157997E-02   7.61799965E-05
   4.32244986E-02   9.96399976E-05
   5.12722991E-02   1.06070001E-04
   2.94060004E-03   1.30469998E-04
   3.67933000E-03   8.35399987E-05
   1.46701001E-02   9.28299996E-05
   5.01048984E-03   2.66179995E-04
   1.16010001E-02   2.67600000E-04
   1.45079996E-02   2.17370005E-04
   3.07514006E-03   2.40830006E-04
   7.64568010E-03   2.47260003E-04
   8.54899990E-04   2.71660014E-04
   8.47024005E-03   1.02120001E-04
   1.33173000E-02   2.75469996E-04
   1.17236003E-02   2.76890001E-04
   2.08637994E-02   2.26660006E-04
   7.82595016E-03   2.50120007E-04
   7.26601994E-03   2.56550004E-04
   1.22504996E-03   2.80949986E-04
   5.39783016E-03   4.48820007E-04
   1.23971002E-02   4.50240012E-04
   1.31566003E-02   4.00010002E-04
   1.55647995E-03   4.23469988E-04
   4.07064985E-03   4.29900014E-04
   7.14413007E-04   4.54299996E-04
   8.90863035E-03   4.51659987E-04
   1.69025008E-02   4.01430007E-04
   9.38159006E-04   4.24889993E-04
   5.04318019E-03   4.31319990E-04
   9.16444988E-04   4.55720001E-04
   2.32596006E-02   3.51199997E-04
   2.81630997E-02   3.74660012E-04
   4.62640002E-02   3.81090009E-04
   2.95609003E-03   4.05489991E-04
   4.20776010E-03   3.98119999E-04
   1.73982009E-02   4.04549995E-04
   3.05272010E-03   4.28950007E-04
   1.45269996E-02   4.10979992E-04
   5.63057978E-03   4.35380003E-04
       -1137       -1137
   6.37622997E-02   4.00300014E-05
   4.87834997E-02   4.14499991E-05
   9.37766023E-03   1.46800003E-05
   8.76265019E-03   2.11099996E-05
   9.04385990E-04   4.55100017E-05
   2.04607006E-02   0.00000000    
  0.239713997       7.87000045E-06
   9.99960974E-02   1.81220006E-04
  0.208286002       1.82639997E-04
   2.12561004E-02   1.32410001E-04
   1.48812002E-02   1.55870002E-04
   2.44194996E-02   1.62299999E-04
   1.51903997E-03   1.86699996E-04
   1.48240002E-02   1.71600004E-05
   3.63623984E-02   1.90510007E-04
   9.50265955E-03   1.91929998E-04
   4.91377991E-03   1.41700002E-04
   2.00308003E-02   1.65160003E-04
   4.03277995E-03   1.71590000E-04
   3.06053989E-04   1.95989996E-04
   2.90097995E-03   3.63859988E-04
   1.98698994E-02   3.65279993E-04
   3.29096010E-03   3.15050012E-04
   1.26652000E-02   3.38509999E-04
   3.51613993E-03   3.44939996E-04
   2.30926002E-04   3.69340007E-04
   1.13873999E-03   3.66699998E-04
   2.54338002E-03   3.16469988E-04
   2.93102004E-02   3.39930004E-04
   1.96801010E-03   3.46360001E-04
   1.52837994E-04   3.70760012E-04
   4.64334007E-04   2.66240007E-04
   6.95989002E-03   2.89699994E-04
   1.13283005E-03   2.96129991E-04
   5.70849988E-05   3.20530002E-04
   1.51079996E-02   3.13160010E-04
   4.09099013E-02   3.19590006E-04
   1.95832993E-03   3.43989988E-04
   2.65816995E-03   3.26020003E-04
   4.43044002E-04   3.50420014E-04
       -1137       -1137
   1.96994003E-02   1.30100001E-04
   5.61229996E-02   1.31520006E-04
   1.15373004E-02   8.12900034E-05
   8.58666003E-03   1.04749997E-04
   3.10479999E-02   1.11180001E-04
   7.95248023E-04   1.35580005E-04
  0.260100991       1.39390002E-04
  0.271993995       1.40810007E-04
   5.97415008E-02   9.05799970E-05
   5.78396991E-02   1.14039998E-04
   8.02099034E-02   1.20470002E-04
   4.26304992E-03   1.44870006E-04
   8.06318014E-04   3.12740012E-04
   2.23587006E-02   3.14159988E-04
   4.44342010E-03   2.63930007E-04
   1.87594001E-03   2.87389994E-04
   2.65330002E-02   2.93819990E-04
   2.44472991E-04   3.18220002E-04
   9.14346986E-03   3.15579993E-04
   9.29384958E-03   2.65350012E-04
   7.34756002E-03   2.88809999E-04
   3.18179987E-02   2.95239995E-04
   5.62959001E-04   3.19640007E-04
   1.09287002E-05   2.15120002E-04
   3.14406003E-04   2.38580003E-04
   5.95872989E-03   2.45009986E-04
   2.52197992E-06   2.69409997E-04
   2.46033997E-05   2.62040005E-04
   3.89740989E-03   2.68470001E-04
   1.34739003E-05   2.92870012E-04
   1.24345003E-02   2.74899998E-04
   7.48426013E-04   2.99300009E-04
       -1137       -1137
   3.71626988E-02   0.00000000    
   3.95858986E-03   0.00000000    
   8.16340034E-05   3.67999996E-06
  0.176772997       1.71549997E-04
  0.544377029       1.72970002E-04
   5.78133985E-02   1.22740006E-04
   4.64905016E-02   1.46199993E-04
   6.88674971E-02   1.52630004E-04
   4.18714993E-03   1.77030000E-04
   6.43234001E-03   1.74390007E-04
   6.29284978E-03   1.24159997E-04
   1.57366004E-02   1.47619998E-04
   5.09632006E-03   1.54049994E-04
   3.84791987E-04   1.78450005E-04
   2.16970011E-03   7.39300012E-05
   2.16235989E-03   9.73900023E-05
   2.44743004E-03   1.03819999E-04
   1.76599002E-04   1.28219996E-04
   3.19355004E-03   1.20850003E-04
   9.25100967E-03   1.27280000E-04
   3.77418008E-04   1.51679997E-04
   5.99319022E-03   1.33709997E-04
   5.05495991E-04   1.58109993E-04
       -1137       -1137
   1.16723999E-02   1.62259996E-04
  0.433584005       1.63680001E-04
   8.38948041E-03   1.13449998E-04
   4.58888011E-03   1.36910006E-04
   1.44972997E-02   1.43340003E-04
   5.50098019E-04   1.67740000E-04
  0.314889997       1.65100006E-04
   6.29519001E-02   1.14870003E-04
   6.08116984E-02   1.38329997E-04
   7.25656003E-02   1.44759993E-04
   4.56279982E-03   1.69160005E-04
   2.37571006E-03   6.46400003E-05
   1.28944998E-03   8.81000014E-05
   3.21248011E-03   9.45299980E-05
   1.88392994E-04   1.18930002E-04
   2.52797006E-04   1.11560003E-04
   2.18366995E-03   1.17989999E-04
   5.18417000E-05   1.42389996E-04
   1.18670997E-03   1.24419996E-04
   1.24996004E-04   1.48820007E-04
       -1137       -1137
  0.416752994       1.78499995E-05
  0.575873971       2.42799997E-05
   7.37165008E-03   4.86800018E-05
       -1137       -1137
  0.997475982       8.20000025E-07
   2.52359011E-03   2.52200007E-05
       -1137       -1137
   1.00000000       1.87900005E-05
       -1137       -1137
          -1          -1
