   4.83935000E-03   4.17519994E-02
   6.75047981E-03   4.22240011E-02
   5.17904013E-03   4.33537997E-02
   1.88984000E-03   5.01265004E-02
   1.42235996E-03   5.03389984E-02
   1.14646996E-03   5.05809002E-02
   9.02419997E-05   5.09461984E-02
   7.87363970E-05   5.09992018E-02
   4.50466992E-04   5.20991012E-02
   3.27690010E-04   5.21867983E-02
   2.61361012E-04   5.22418991E-02
   2.08753008E-05   5.23875989E-02
   1.79175004E-05   5.23976982E-02
   8.21894020E-08   5.25779985E-02
   8.21894020E-08   5.25797009E-02
   7.29005988E-05   5.25306985E-02
   4.29026004E-05   5.25555015E-02
   3.23009990E-05   5.25627993E-02
   1.64374995E-07   5.25925010E-02
   5.91771004E-06   5.25907017E-02
   5.17677981E-04   4.26959991E-02
   9.90709011E-03   4.38258015E-02
   1.12121005E-03   5.05984984E-02
   1.91904997E-04   5.08110002E-02
   1.82294997E-03   5.10528982E-02
   9.70589026E-05   5.14182001E-02
   2.85096990E-04   5.14711998E-02
   2.57728010E-04   5.25710993E-02
   4.30633991E-05   5.26588000E-02
   3.99346987E-04   5.27139008E-02
   2.17792003E-05   5.28596006E-02
   6.36936966E-05   5.28696999E-02
   4.10915987E-07   5.30500002E-02
   6.57504984E-07   5.30516990E-02
   4.13386006E-05   5.30027002E-02
   5.58863985E-06   5.30274995E-02
   4.89830018E-05   5.30348010E-02
   1.64366995E-07   5.30644991E-02
   3.36942003E-06   5.30626997E-02
   4.52282000E-03   4.49556001E-02
   8.03170027E-04   5.17283008E-02
   1.71454996E-03   5.19407988E-02
   1.71754998E-03   5.21827005E-02
   3.26139008E-04   5.25479987E-02
   2.83077999E-04   5.26009984E-02
   1.81734998E-04   5.37009016E-02
   3.79239005E-04   5.37885986E-02
   3.79328994E-04   5.38436994E-02
   7.36458023E-05   5.39893992E-02
   6.34544995E-05   5.39994985E-02
   7.39757013E-07   5.41797988E-02
   8.21941001E-07   5.41815013E-02
   2.90968001E-05   5.41324988E-02
   4.92332983E-05   5.41573018E-02
   4.65203011E-05   5.41645996E-02
   5.75334980E-07   5.41943014E-02
   2.38356006E-06   5.41924983E-02
   1.81554002E-04   5.85010014E-02
   2.37611996E-04   5.87134995E-02
   1.79584007E-04   5.89554012E-02
   1.36436001E-05   5.93206994E-02
   1.12596999E-05   5.93736991E-02
   8.62981033E-05   6.04735985E-02
   5.48231983E-05   6.05612993E-02
   4.10116008E-05   6.06164001E-02
   3.12320003E-06   6.07620999E-02
   2.54781003E-06   6.07721992E-02
   1.39716003E-05   6.09051995E-02
   7.15036003E-06   6.09299988E-02
   5.09593019E-06   6.09373003E-02
   1.15065995E-06   6.09651990E-02
   1.72594991E-05   5.89260012E-02
   3.23009997E-04   5.91678992E-02
   1.39716003E-05   5.95332012E-02
   3.77256983E-05   5.95862009E-02
   5.46531992E-05   6.06861003E-02
   7.72592011E-06   6.07738011E-02
   7.10934983E-05   6.08289018E-02
   3.12320003E-06   6.09746017E-02
   8.46571038E-06   6.09847009E-02
   8.21892030E-08   6.11650012E-02
   8.21892030E-08   6.11667000E-02
   8.79398976E-06   6.11177012E-02
   9.86246960E-07   6.11425005E-02
   8.71189968E-06   6.11497983E-02
   7.39713016E-07   6.11777008E-02
   1.64294004E-04   5.94098009E-02
   4.92299987E-05   5.97750992E-02
   4.15032991E-05   5.98280989E-02
   4.07672997E-05   6.09279983E-02
   7.17489966E-05   6.10156991E-02
   7.26549988E-05   6.10707998E-02
   1.11775998E-05   6.12164997E-02
   9.36950983E-06   6.12265989E-02
   8.21885990E-08   6.14068992E-02
   8.21885990E-08   6.14086017E-02
   6.49272988E-06   6.13595992E-02
   9.28740974E-06   6.13843985E-02
   8.95852008E-06   6.13917001E-02
   8.21885990E-08   6.14214018E-02
   4.93120012E-07   6.14195988E-02
   8.38554968E-08   6.01404011E-02
   6.12144004E-06   6.01934008E-02
   3.18651996E-06   6.12933002E-02
   3.01879004E-06   6.13810010E-02
   1.05656000E-05   6.14361018E-02
   1.34172001E-06   6.15919009E-02
   5.03120987E-07   6.17249012E-02
   4.19266996E-07   6.17497005E-02
   1.25786005E-06   6.17569983E-02
   1.39716997E-06   6.02464005E-02
   2.54784004E-06   6.13462999E-02
   7.89021033E-06   6.14340007E-02
   8.62990964E-06   6.14891015E-02
   1.31506999E-06   6.16348013E-02
   5.75307013E-07   6.16449006E-02
   4.10940999E-07   6.17779009E-02
   9.86257987E-07   6.18027002E-02
   1.06847995E-06   6.18100017E-02
   1.04934998E-05   6.24462999E-02
   1.29275004E-05   6.25339970E-02
   9.48623983E-06   6.25891015E-02
   7.55544022E-07   6.27347976E-02
   5.87612988E-07   6.27447963E-02
   3.35784989E-06   6.28777966E-02
   1.67892995E-06   6.29025996E-02
   1.17528998E-06   6.29099011E-02
   2.51848007E-07   6.29378036E-02
   8.21888023E-07   6.26216009E-02
   1.57804006E-05   6.26768023E-02
   6.57533974E-07   6.28224015E-02
   1.80813004E-06   6.28324971E-02
   2.05471997E-06   6.29654974E-02
   2.46570011E-07   6.29903004E-02
   1.97253007E-06   6.29976019E-02
   1.64374001E-07   6.30254969E-02
   7.94241987E-06   6.27318993E-02
   2.35033008E-06   6.28776029E-02
   1.94515997E-06   6.28876016E-02
   1.45881995E-06   6.30206019E-02
   2.02620004E-06   6.30453974E-02
   1.94515997E-06   6.30526990E-02
   8.10482987E-08   6.30806014E-02
   2.90087996E-07   6.30332977E-02
   9.66946985E-08   6.31662980E-02
   9.66946985E-08   6.31911010E-02
   2.90087996E-07   6.31984025E-02
   9.03746979E-08   6.30434006E-02
   9.03746979E-08   6.31762967E-02
   2.71127988E-07   6.32011965E-02
   2.71127988E-07   6.32084981E-02
   3.37006014E-07   6.33092970E-02
   3.37006014E-07   6.33340999E-02
   2.24662003E-07   6.33414015E-02
   1.12334000E-07   6.33692965E-02
   2.87272002E-07   6.33663014E-02
   9.63516982E-08   6.33736029E-02
       -1137       -1137
   2.27738004E-02   6.18100021E-05
   2.42903009E-02   1.16950003E-04
   6.57268008E-03   2.62619986E-04
   9.45989043E-03   2.72679987E-04
   1.72795001E-02   4.53040004E-04
   2.24799998E-02   4.54680005E-04
   4.57763998E-03   4.05659986E-04
   2.82481010E-03   4.30479995E-04
   2.87938002E-03   4.37779992E-04
   5.37209999E-05   4.67550009E-04
   3.67203000E-04   4.65669989E-04
  0.388680011       3.99999999E-06
   2.97647994E-02   1.10394997E-03
   1.22616002E-02   1.19161000E-03
   2.01331005E-02   1.24675001E-03
   3.87667008E-02   1.39242003E-03
   4.74164002E-02   1.40247995E-03
   2.49704998E-02   1.58283999E-03
   3.12421992E-02   1.58448005E-03
   4.61748010E-03   1.53546000E-03
   1.56175997E-03   1.56027998E-03
   2.45322008E-03   1.56758004E-03
   2.94839992E-04   1.59735000E-03
   3.71950009E-04   1.59547001E-03
   6.93786982E-03   5.90399979E-03
   1.40576996E-02   6.11650012E-03
   2.40008999E-02   6.35839999E-03
   1.84911005E-02   6.72370009E-03
   2.48364005E-02   6.77669980E-03
   2.80673010E-03   7.87665043E-03
   3.18055996E-03   7.96431024E-03
   5.32949017E-03   8.01945012E-03
   3.56192002E-03   8.16512015E-03
   4.73167002E-03   8.17518029E-03
   2.00358001E-04   8.35554022E-03
   2.28803998E-04   8.35718028E-03
   4.42755001E-04   8.30816012E-03
   4.14309005E-04   8.33297987E-03
   6.54486998E-04   8.34027957E-03
   2.81274006E-05   8.37005023E-03
   3.57114986E-05   8.36816989E-03
   4.29768006E-05   6.32900000E-03
   3.52356990E-04   6.57089986E-03
   7.78955000E-04   6.93619996E-03
   7.52437022E-03   6.98920013E-03
   2.24557007E-03   8.08915030E-03
   7.26820008E-06   8.17681011E-03
   7.07853978E-05   8.23194999E-03
   1.40628006E-04   8.37762002E-03
   9.20225983E-04   8.38768017E-03
   7.11012981E-05   8.56804010E-03
   2.47435004E-04   8.56968015E-03
   3.35918012E-04   8.52065999E-03
   6.32009005E-07   8.54547974E-03
   8.53226993E-06   8.55278037E-03
   1.26396003E-06   8.58255010E-03
   2.68597996E-05   8.58066976E-03
   6.31418021E-04   6.81280019E-03
   3.39846010E-03   7.17809983E-03
   2.15681992E-03   7.23110000E-03
   3.80900991E-03   8.33105016E-03
   7.58461028E-05   8.41870997E-03
   2.07617995E-04   8.47384986E-03
   3.00537999E-04   8.61951988E-03
   1.84867997E-04   8.62958003E-03
   1.64005003E-04   8.80993996E-03
   1.33984999E-04   8.81158002E-03
   5.69469994E-04   8.76255985E-03
   9.79690958E-06   8.78737960E-03
   2.43335999E-05   8.79468024E-03
   2.21208006E-06   8.82444996E-03
   4.55064983E-05   8.82256962E-03
   1.09333999E-03   7.54339993E-03
   3.48373018E-02   7.59640010E-03
   2.72587012E-03   8.69635027E-03
   2.19309994E-04   8.78401008E-03
   8.17192020E-04   8.83914996E-03
   4.12702997E-04   8.98481999E-03
   4.68127010E-03   8.99488013E-03
   2.27846002E-04   9.17524006E-03
   6.32955984E-04   9.17688012E-03
   4.02272010E-04   9.12785996E-03
   2.97040006E-05   9.15267970E-03
   1.01441001E-04   9.15998034E-03
   3.16006003E-06   9.18975007E-03
   3.22324995E-05   9.18786973E-03
   9.73885972E-03   7.64939981E-03
   3.70301004E-03   8.74934997E-03
   1.52252999E-03   8.83700978E-03
   5.42904017E-04   8.89214966E-03
   4.59225010E-03   9.03781969E-03
   2.75929994E-03   9.04787984E-03
   7.07542989E-04   9.22823977E-03
   5.38470980E-04   9.22987983E-03
   5.48591022E-04   9.18085966E-03
   1.94669003E-04   9.20568034E-03
   6.79410005E-05   9.21298005E-03
   3.47612986E-05   9.24274977E-03
   4.39245996E-05   9.24087036E-03
   2.67978001E-04   9.84929968E-03
   5.09727979E-04   9.93696041E-03
   8.48488009E-04   9.99210030E-03
   5.24892996E-04   1.01378001E-02
   7.01850979E-04   1.01477997E-02
   2.43324994E-05   1.03281997E-02
   2.68599997E-05   1.03297997E-02
   8.37424013E-05   1.02808001E-02
   6.63617029E-05   1.03056002E-02
   1.04291001E-04   1.03128999E-02
   4.10813982E-06   1.03427004E-02
   6.63616993E-06   1.03407996E-02
   3.16007004E-07   1.00245997E-02
   1.54840000E-05   1.00798002E-02
   3.41293016E-05   1.02254003E-02
   1.93083004E-04   1.02354996E-02
   9.48023990E-06   1.04157999E-02
   3.72897011E-05   1.04174996E-02
   7.61580013E-05   1.03684999E-02
   1.89593004E-06   1.04005998E-02
   3.16007004E-07   1.04304003E-02
   6.00401017E-06   1.04285004E-02
   1.67488997E-05   1.01349000E-02
   8.08980985E-05   1.02805998E-02
   5.34050996E-05   1.02906004E-02
   2.93895991E-05   1.04710003E-02
   2.33847004E-05   1.04726003E-02
   1.26718005E-04   1.04235997E-02
   1.89595005E-06   1.04483999E-02
   3.79209996E-06   1.04556996E-02
   6.32014007E-07   1.04855001E-02
   1.01121004E-05   1.04836002E-02
   3.63397994E-05   1.04262000E-02
   6.71823975E-04   1.04363002E-02
   2.97041006E-05   1.06167002E-02
   6.38334968E-05   1.06183002E-02
   7.74217988E-05   1.05692996E-02
   4.42403007E-06   1.05940998E-02
   1.01120004E-05   1.06014004E-02
   6.32007016E-07   1.06311999E-02
   6.32007004E-06   1.06293000E-02
   2.08882004E-04   1.04464004E-02
   7.39461975E-05   1.06266998E-02
   6.28853013E-05   1.06284004E-02
   1.03648999E-04   1.05793001E-02
   2.49642999E-05   1.06042000E-02
   6.63615992E-06   1.06114997E-02
   5.05605021E-06   1.06411995E-02
   8.21625963E-06   1.06392996E-02
   1.00141006E-06   1.08070998E-02
   1.60224008E-05   1.08086998E-02
   5.50786990E-06   1.07597001E-02
   2.00273007E-06   1.07845003E-02
   5.50786990E-06   1.07918000E-02
   5.00710996E-07   1.08216004E-02
   5.00710996E-07   1.08196996E-02
   3.31247998E-06   1.08104004E-02
   5.67871984E-06   1.07613001E-02
   6.62511002E-06   1.07861999E-02
   4.25902999E-06   1.07934996E-02
   4.73229989E-07   1.08232005E-02
   4.73229989E-07   1.08212996E-02
   2.29433008E-05   1.07123004E-02
   3.38694990E-05   1.07370997E-02
   5.35334002E-05   1.07444003E-02
   2.18506011E-06   1.07741999E-02
   3.27764997E-06   1.07723000E-02
   1.87588000E-06   1.07693002E-02
   5.62764990E-06   1.07971001E-02
   7.81028973E-07   1.07765999E-02
   3.12392990E-06   1.08043998E-02
       -1137       -1137
   7.29771005E-03   6.31949981E-04
   4.39535007E-02   7.19610020E-04
   1.35955000E-02   7.74750020E-04
   5.03050014E-02   9.20419989E-04
   1.77446008E-02   9.30480019E-04
   1.36931997E-03   1.11084001E-03
   2.07587006E-03   1.11247995E-03
   1.08138996E-03   1.06346002E-03
   5.35942009E-03   1.08828000E-03
   1.64395000E-03   1.09558005E-03
   3.87531007E-04   1.12535001E-03
   8.68907009E-05   1.12347002E-03
   7.55441026E-04   5.43199992E-03
   2.25759000E-02   5.64449979E-03
   2.17935001E-03   5.88640012E-03
   2.70133000E-03   6.25170022E-03
   2.51803990E-03   6.30469993E-03
   2.79086002E-04   7.40465010E-03
   3.40145989E-03   7.49230990E-03
   4.31288005E-04   7.54744979E-03
   3.69774003E-04   7.69311981E-03
   2.93023011E-04   7.70317996E-03
   7.73810971E-05   7.88354035E-03
   5.13759005E-05   7.88518041E-03
   4.31287990E-05   7.83616025E-03
   4.12899011E-04   7.86098000E-03
   5.20104004E-05   7.86827970E-03
   2.53696999E-06   7.89805036E-03
   3.17124000E-06   7.89617002E-03
   2.30656005E-02   5.85700013E-03
   6.46418035E-02   6.09889999E-03
   3.43068987E-02   6.46420009E-03
   5.32687008E-02   6.51719980E-03
   5.49968984E-03   7.61714997E-03
   8.83067027E-03   7.70480977E-03
   1.41046001E-02   7.75995012E-03
   6.60659000E-03   7.90562015E-03
   1.01969996E-02   7.91568030E-03
   3.55819997E-04   8.09604023E-03
   3.26662994E-04   8.09768029E-03
   8.92443000E-04   8.04866012E-03
   1.12271996E-03   8.07347987E-03
   1.72707997E-03   8.08077957E-03
   5.26443000E-05   8.11055023E-03
   7.23058984E-05   8.10866989E-03
   1.59132003E-03   6.34079985E-03
   3.56702991E-02   6.70609996E-03
   4.96739987E-03   6.75910013E-03
   4.49677987E-04   7.85905030E-03
   1.00280000E-02   7.94671010E-03
   5.91124000E-04   8.00184999E-03
   5.78586012E-03   8.14752001E-03
   7.64293014E-04   8.15758016E-03
   1.83301003E-04   8.33794009E-03
   1.00213998E-04   8.33958015E-03
   7.04027989E-05   8.29055998E-03
   1.22232002E-03   8.31537973E-03
   7.04027989E-05   8.32268037E-03
   4.50332991E-05   8.35245010E-03
   5.70840984E-06   8.35056975E-03
   3.33889015E-02   7.07140006E-03
  0.137098998       7.12440023E-03
   6.60926977E-04   8.22435040E-03
   5.23396023E-03   8.31201021E-03
   7.26681016E-03   8.36715009E-03
   1.07580004E-02   8.51282012E-03
   2.37083994E-02   8.52288026E-03
   1.36747002E-03   8.70324019E-03
   2.77760997E-03   8.70488025E-03
   1.07822001E-04   8.65586009E-03
   6.40625018E-04   8.68067984E-03
   8.79138999E-04   8.68797954E-03
   8.37262996E-05   8.71775020E-03
   8.87990973E-06   8.71586986E-03
   6.60463981E-03   7.17739994E-03
   5.00430993E-04   8.27735011E-03
   7.18997000E-03   8.36500991E-03
   9.27895017E-04   8.42014980E-03
   1.82705000E-02   8.56581982E-03
   2.07337993E-03   8.57587997E-03
   5.51167992E-04   8.75623990E-03
   2.11840001E-04   8.75787996E-03
   7.80127011E-05   8.70885979E-03
   8.54348997E-04   8.73367954E-03
   1.10367000E-04   8.74098018E-03
   1.38263000E-04   8.77074990E-03
   6.34271009E-06   8.76886956E-03
   2.47360003E-05   9.37729981E-03
   8.33456987E-04   9.46495961E-03
   8.94284021E-05   9.52010043E-03
   8.75250989E-05   9.66577046E-03
   5.89861993E-05   9.67582967E-03
   1.64911999E-05   9.85618960E-03
   8.87969964E-06   9.85782966E-03
   7.61096999E-06   9.80881043E-03
   1.00841004E-04   9.83363017E-03
   1.07819997E-05   9.84092988E-03
   6.34275011E-07   9.87069961E-03
   6.34275011E-07   9.86882020E-03
   8.04223993E-04   9.55262035E-03
   2.19130004E-03   9.60776024E-03
   9.91326990E-04   9.75343026E-03
   1.38836994E-03   9.76349041E-03
   4.37626986E-05   9.94385034E-03
   3.36164012E-05   9.94549040E-03
   1.35099996E-04   9.89647023E-03
   2.02957002E-04   9.92128998E-03
   2.68286007E-04   9.92858969E-03
   7.61089996E-06   9.95836034E-03
   1.07818996E-05   9.95648000E-03
   5.51789999E-05   9.66290012E-03
   1.18796004E-03   9.80857015E-03
   1.45886996E-04   9.81863029E-03
   3.04440000E-05   9.99899022E-03
   1.58565999E-05   1.00005995E-02
   1.39540998E-05   9.95161012E-03
   2.67027004E-04   9.97642986E-03
   1.33197000E-05   9.98372957E-03
   9.51398033E-06   1.00135002E-02
   1.26852001E-06   1.00116003E-02
   8.56216007E-04   9.95424017E-03
   3.28295003E-03   9.96430032E-03
   1.51589993E-04   1.01447003E-02
   3.12694989E-04   1.01463003E-02
   1.39543999E-05   1.00972997E-02
   1.21145000E-04   1.01220999E-02
   1.43986006E-04   1.01293996E-02
   1.33200001E-05   1.01592001E-02
   1.26855002E-06   1.01573002E-02
   2.44985014E-04   9.97435953E-03
   9.83702994E-05   1.01546999E-02
   3.87795008E-05   1.01563996E-02
   1.41882001E-05   1.01073002E-02
   2.45931995E-04   1.01322001E-02
   2.64839000E-05   1.01394998E-02
   3.68885994E-05   1.01691997E-02
   9.45886995E-07   1.01672998E-02
   3.61626007E-06   1.03350999E-02
   2.35071002E-05   1.03366999E-02
   3.61626007E-06   1.02877002E-02
   7.23294988E-06   1.03125004E-02
   5.42446014E-06   1.03198001E-02
   1.80820996E-06   1.03495996E-02
   2.73736009E-06   1.03383996E-02
   2.73736009E-06   1.02893002E-02
   8.21186040E-06   1.03142001E-02
   4.10604980E-06   1.03214998E-02
   5.47449008E-06   1.03511997E-02
   1.13863996E-06   1.02402996E-02
   2.96047001E-05   1.02650998E-02
   3.41585996E-06   1.02724005E-02
   2.74335998E-05   1.02899997E-02
   7.13301997E-05   1.02973003E-02
   2.74336003E-06   1.03270002E-02
   2.74336003E-06   1.03251003E-02
   6.34275011E-07   1.03046000E-02
   1.26853001E-06   1.03342999E-02
       -1137       -1137
   1.00060005E-03   4.30219993E-03
   5.84685011E-04   4.51469980E-03
   2.44855005E-02   4.75660013E-03
   2.67319009E-03   5.12189977E-03
   3.71784996E-03   5.17489994E-03
   3.71261005E-04   6.27485011E-03
   1.02842001E-04   6.36250991E-03
   3.62537010E-03   6.41764980E-03
   2.50326993E-04   6.56331982E-03
   3.12409014E-04   6.57337997E-03
   1.30009998E-04   6.75373990E-03
   2.34788997E-04   6.75537996E-03
   5.75658996E-05   6.70635980E-03
   1.29353002E-05   6.73118001E-03
   4.15874994E-04   6.73848018E-03
   1.94039990E-06   6.76824991E-03
   4.52747008E-06   6.76637003E-03
   1.28070998E-04   4.72720014E-03
   4.10785004E-02   4.96910000E-03
   2.25671008E-03   5.33440011E-03
   2.00238004E-02   5.38739981E-03
   1.17076001E-04   6.48734998E-03
   4.91555002E-05   6.57500979E-03
   6.31396985E-03   6.63015014E-03
   3.93247989E-04   6.77582016E-03
   2.91892001E-03   6.78587984E-03
   1.39066004E-04   6.96623977E-03
   3.62847990E-04   6.96787983E-03
   1.87578007E-05   6.91886013E-03
   6.46794979E-06   6.94367988E-03
   7.28280982E-04   6.95098005E-03
   3.23392010E-06   6.98074978E-03
   1.29352998E-06   6.97886990E-03
   5.44047989E-02   5.21099987E-03
   5.66249005E-02   5.57629997E-03
   8.06369036E-02   5.62930014E-03
   5.88592980E-03   6.72924984E-03
   8.80516972E-03   6.81691011E-03
   2.01209001E-02   6.87205000E-03
   1.03599001E-02   7.01772003E-03
   1.44801000E-02   7.02778017E-03
   5.94417972E-04   7.20814010E-03
   7.50940992E-04   7.20978016E-03
   9.52735019E-04   7.16076000E-03
   1.13774999E-03   7.18558021E-03
   2.40482995E-03   7.19287992E-03
   8.14970990E-05   7.22265011E-03
   7.69719991E-05   7.22077023E-03
   8.11661035E-03   5.94160007E-03
  0.153148994       5.99459978E-03
   6.14452991E-04   7.09454995E-03
   4.91552986E-04   7.18221022E-03
   8.01211968E-03   7.23735010E-03
   2.56633991E-03   7.38302013E-03
   2.03236006E-02   7.39307981E-03
   3.34395998E-04   7.57344021E-03
   1.13833998E-03   7.57507980E-03
   9.89605978E-05   7.52606010E-03
   6.33836971E-05   7.55087985E-03
   9.11311014E-04   7.55818002E-03
   2.00499999E-05   7.58795021E-03
   7.76162960E-06   7.58606987E-03
  0.102830000       6.04759995E-03
   8.88731971E-04   7.14755012E-03
   3.93883977E-03   7.23520992E-03
   1.28768003E-02   7.29034981E-03
   2.45025009E-02   7.43601983E-03
   3.09864003E-02   7.44607998E-03
   3.56265996E-03   7.62643991E-03
   3.24180000E-03   7.62807997E-03
   1.44235004E-04   7.57905981E-03
   5.01258997E-04   7.60388002E-03
   1.50312996E-03   7.61118019E-03
   1.90153005E-04   7.64094992E-03
   1.16430001E-05   7.63907004E-03
   3.49268994E-05   8.24750029E-03
   2.13438998E-05   8.33516009E-03
   8.72491975E-04   8.39029998E-03
   6.27361005E-05   8.53597000E-03
   8.14943996E-05   8.54603015E-03
   1.87573005E-05   8.72639008E-03
   3.75124982E-05   8.72803014E-03
   1.09954999E-05   8.67900997E-03
   2.58707996E-06   8.70382972E-03
   1.00249999E-04   8.71113036E-03
   6.46776982E-07   8.74090008E-03
   6.46776982E-07   8.73901974E-03
   3.88061017E-06   8.42281990E-03
   1.34856999E-03   8.47795978E-03
   8.21434005E-05   8.62362981E-03
   6.01526990E-04   8.63368995E-03
   2.00502000E-05   8.81404988E-03
   4.91559003E-05   8.81568994E-03
   3.23395011E-06   8.76666978E-03
   6.46800004E-07   8.79149046E-03
   1.55230999E-04   8.79879016E-03
   6.46800004E-07   8.82855989E-03
   1.79022003E-03   8.53309967E-03
   1.47081004E-03   8.67876969E-03
   2.28076009E-03   8.68882984E-03
   6.93289985E-05   8.86918977E-03
   9.26564026E-05   8.87082983E-03
   1.41903001E-04   8.82180966E-03
   1.74297995E-04   8.84663034E-03
   4.25050006E-04   8.85393005E-03
   1.16638003E-05   8.88369977E-03
   1.16638003E-05   8.88182037E-03
   1.95978006E-04   8.82443972E-03
   3.37811001E-03   8.83449987E-03
   3.62214014E-05   9.01485980E-03
   1.17713003E-04   9.01649985E-03
   1.03487000E-05   8.96747969E-03
   1.03487000E-05   8.99230037E-03
   1.66871003E-04   8.99960008E-03
   3.23393010E-06   9.02936980E-03
   6.46796991E-07   9.02749039E-03
   2.77023995E-03   8.84456001E-03
   4.42466000E-04   9.02491994E-03
   3.97399010E-04   9.02656000E-03
   1.60478994E-05   8.97753984E-03
   9.09434020E-05   9.00235958E-03
   3.13311990E-04   9.00966022E-03
   3.13312012E-05   9.03942995E-03
   1.52833002E-06   9.03754961E-03
   1.16601996E-06   9.20527987E-03
   4.89718987E-05   9.20691993E-03
   4.66401980E-06   9.15789977E-03
   4.66401980E-06   9.18272045E-03
   1.39924005E-05   9.19002015E-03
   1.17303998E-05   9.20855999E-03
   7.03836986E-06   9.15953983E-03
   7.03836986E-06   9.18435957E-03
   1.25124998E-05   9.19166021E-03
   7.82038001E-07   9.22142994E-03
   7.82038001E-07   9.21954960E-03
   1.34648997E-06   9.11051966E-03
   1.34648997E-06   9.13534034E-03
   3.36607009E-05   9.14264005E-03
   6.37794001E-05   9.16745979E-03
   1.26394996E-04   9.17476043E-03
   6.48166997E-06   9.20453016E-03
   6.48166997E-06   9.20264982E-03
       -1137       -1137
   4.00386006E-02   3.11999997E-06
   7.48073980E-02   1.31799998E-05
   3.60470004E-02   1.93540007E-04
   4.80385013E-02   1.95179993E-04
   8.13314971E-03   1.46160004E-04
   6.93779998E-03   1.70979998E-04
   9.85240005E-03   1.78279995E-04
   1.73651002E-04   2.08049998E-04
   2.20072994E-04   2.08469995E-04
   6.45547989E-04   2.06170007E-04
   6.16514012E-02   4.42099990E-05
   7.54024014E-02   9.93499998E-05
   3.03607006E-02   2.45019997E-04
   4.42790985E-02   2.55079998E-04
  0.122419000       4.35439986E-04
  0.152456000       4.37079987E-04
   8.72952957E-03   3.88059998E-04
   7.42916996E-03   4.12880006E-04
   9.04778019E-03   4.20180004E-04
   8.61997978E-05   4.49949992E-04
   1.18636002E-04   4.50369989E-04
   7.03296973E-04   4.48070001E-04
   2.40327995E-02   3.21850006E-04
   5.32631017E-03   4.09509987E-04
   5.19802980E-03   4.64649987E-04
   7.93194026E-03   6.10320014E-04
   9.91475023E-03   6.20379986E-04
   6.28475985E-03   8.00739974E-04
   5.82649000E-03   8.02379975E-04
   2.59940000E-03   7.53359986E-04
   5.44911018E-04   7.78180023E-04
   4.95309010E-04   7.85480021E-04
   2.20345992E-05   8.15249979E-04
   2.63315997E-05   8.15670006E-04
   2.02049006E-04   8.13369988E-04
   3.41318995E-02   3.74850002E-04
   1.03488995E-03   4.62510012E-04
   1.01881996E-02   5.17649984E-04
   1.08786998E-02   6.63320010E-04
   1.60233993E-02   6.73379982E-04
   7.14256987E-03   8.53740028E-04
   1.11068003E-02   8.55380029E-04
   3.67203006E-03   8.06359982E-04
   1.10868001E-04   8.31180019E-04
   9.67445027E-04   8.38480017E-04
   3.21519001E-05   8.68249976E-04
   4.14374990E-05   8.68670002E-04
   2.84792011E-04   8.66369985E-04
   3.65845999E-03   1.47480005E-03
   6.23538019E-03   1.56245998E-03
   1.07631003E-02   1.61759998E-03
   1.18735004E-02   1.76327000E-03
   1.69242993E-02   1.77333003E-03
   6.24587992E-03   1.95369008E-03
   7.84340035E-03   1.95532991E-03
   9.83058009E-04   1.90630998E-03
   8.09727993E-04   1.93112995E-03
   1.31712004E-03   1.93843001E-03
   3.78687000E-05   1.96820009E-03
   4.86440986E-05   1.96862011E-03
   7.88165999E-05   1.96631998E-03
   2.87280011E-04   1.65012002E-03
   7.64126016E-04   1.70526002E-03
   4.25398990E-04   1.85093004E-03
   2.39750007E-04   1.86098996E-03
   7.41390031E-05   2.04134989E-03
   4.33784007E-04   2.04298995E-03
   6.42148021E-04   1.99397001E-03
   5.85946982E-05   2.01878999E-03
   7.26453000E-05   2.02608993E-03
   1.19573997E-06   2.05585989E-03
   8.96838003E-07   2.05627992E-03
   4.99253983E-05   2.05398002E-03
   9.63817001E-04   1.76040002E-03
   7.04005011E-04   1.90607004E-03
   1.67827995E-03   1.91612996E-03
   4.74417990E-04   2.09649000E-03
   8.84287991E-04   2.09813006E-03
   1.11268996E-03   2.04910990E-03
   8.43024027E-05   2.07393011E-03
   1.99995993E-04   2.08123005E-03
   2.39158999E-06   2.11100001E-03
   4.78315997E-06   2.11142004E-03
   8.66943010E-05   2.10911990E-03
   1.36294999E-04   2.05173995E-03
   6.47976995E-04   2.06180010E-03
   4.43675992E-04   2.24216003E-03
   3.24475998E-03   2.24380009E-03
   1.25251000E-03   2.19477993E-03
   4.09847999E-05   2.21959990E-03
   7.17220973E-05   2.22690008E-03
   6.20955007E-07   2.25667004E-03
   1.55237001E-06   2.25709006E-03
   9.71816989E-05   2.25478993E-03
   3.57315992E-04   2.07186001E-03
   3.10253003E-03   2.25221994E-03
   1.77563005E-03   2.25386000E-03
   1.74404995E-03   2.20484007E-03
   2.43072009E-05   2.22966005E-03
   1.65895995E-04   2.23695999E-03
   1.82301005E-06   2.26672995E-03
   1.82301005E-06   2.26714998E-03
   1.35209993E-04   2.26485007E-03
   4.33609006E-04   2.43258011E-03
   3.13308998E-03   2.43421993E-03
   5.95094985E-04   2.38520000E-03
   6.96902998E-06   2.41001998E-03
   3.87836008E-05   2.41731992E-03
   1.21197002E-06   2.44709011E-03
   8.78702031E-06   2.44750991E-03
   4.57540991E-05   2.44521000E-03
   1.03759998E-03   2.43585999E-03
   7.52918015E-04   2.38684006E-03
   5.19239002E-05   2.41166004E-03
   7.42242992E-05   2.41895998E-03
   9.77424043E-06   2.44872994E-03
   4.88711021E-06   2.44914996E-03
   5.80353008E-05   2.44685006E-03
   1.18835000E-04   2.33781990E-03
   1.65543999E-04   2.36264011E-03
   2.69593991E-04   2.36994005E-03
   7.68570044E-06   2.39971001E-03
   1.00504003E-05   2.40013003E-03
   1.89189996E-05   2.39782990E-03
   6.98072017E-06   2.38746009E-03
   1.81496998E-05   2.39476003E-03
   1.53577002E-05   2.42265011E-03
   3.17259983E-05   2.40205997E-03
   9.33132981E-07   2.43182993E-03
   1.86621003E-06   2.43224995E-03
   3.26588997E-05   2.42995005E-03
   2.98959009E-07   2.45972001E-03
   2.98959009E-07   2.46014004E-03
       -1137       -1137
   7.95010012E-03   3.25200017E-05
   1.96592994E-02   4.25799990E-05
   2.63723005E-02   2.22939998E-04
   2.69240998E-02   2.24579999E-04
   3.35903000E-03   1.75559995E-04
   3.61911999E-03   2.00380004E-04
   3.14389006E-03   2.07680001E-04
   2.56679996E-05   2.37450004E-04
   5.72091012E-05   2.37870001E-04
   2.60589004E-04   2.35569998E-04
   5.88406995E-02   1.09350003E-04
   5.90434000E-02   1.97009998E-04
   6.82398975E-02   2.52149999E-04
   2.42285002E-02   3.97819997E-04
   2.80262008E-02   4.07879998E-04
  0.126781002       5.88239986E-04
  0.191150993       5.89879986E-04
   9.46382992E-03   5.40859997E-04
   6.62468979E-03   5.65679977E-04
   8.06360971E-03   5.72979974E-04
   7.67864985E-05   6.02749991E-04
   8.50467986E-05   6.03170018E-04
   7.66986981E-04   6.00870000E-04
   9.83112957E-03   1.62349999E-04
   6.71480969E-02   2.50009994E-04
   6.16993010E-03   3.05149995E-04
   1.05319999E-03   4.50819993E-04
   3.27637000E-03   4.60879994E-04
   4.23147017E-03   6.41239982E-04
   3.23097990E-03   6.42879982E-04
   1.05363003E-03   5.93859993E-04
   6.10726001E-03   6.18679973E-04
   6.64932013E-04   6.25980028E-04
   2.17514003E-06   6.55749987E-04
   8.91737000E-06   6.56170014E-04
   8.22219008E-05   6.53869996E-04
   8.91457021E-04   1.26229995E-03
   1.24749998E-02   1.34995999E-03
   1.88253995E-03   1.40509999E-03
   3.99112003E-04   1.55077002E-03
   1.43905997E-03   1.56083005E-03
   5.27045995E-05   1.74118998E-03
   7.97617016E-04   1.74283003E-03
   2.26239994E-04   1.69380999E-03
   1.09326001E-03   1.71862997E-03
   2.08883997E-04   1.72593002E-03
   1.28543002E-06   1.75569998E-03
   3.85622980E-06   1.75612001E-03
   1.79962008E-05   1.75381999E-03
   9.37223993E-03   1.43762003E-03
   2.74090003E-02   1.49276003E-03
   2.61888001E-02   1.63843005E-03
   4.24625985E-02   1.64848997E-03
   1.13695003E-02   1.82885001E-03
   1.93546992E-02   1.83048996E-03
   2.00014003E-03   1.78147003E-03
   2.06503994E-03   1.80629001E-03
   3.33000999E-03   1.81358994E-03
   8.35534011E-05   1.84336002E-03
   1.21473997E-04   1.84378005E-03
   1.63249002E-04   1.84148003E-03
   7.59112998E-04   1.54790003E-03
   2.03561992E-03   1.69357006E-03
   1.65832997E-03   1.70362997E-03
   8.16943031E-03   1.88399001E-03
   2.27662991E-03   1.88562996E-03
   2.01828007E-04   1.83661003E-03
   2.45590997E-03   1.86143001E-03
   1.57475006E-04   1.86872995E-03
   5.78494019E-06   1.89850002E-03
   4.49921981E-06   1.89892005E-03
   1.54262998E-05   1.89662003E-03
   8.74127029E-04   1.83923997E-03
   2.48940010E-03   1.84930000E-03
   9.82108992E-04   2.02965993E-03
   1.81575003E-03   2.03129998E-03
   5.84898989E-05   1.98228005E-03
   2.29396997E-03   2.00710003E-03
   2.15961001E-04   2.01439997E-03
   5.14208023E-06   2.04416993E-03
   7.07003983E-06   2.04458996E-03
   4.49912022E-06   2.04229006E-03
   5.87487011E-04   1.85936003E-03
   3.19248997E-03   2.03972007E-03
   6.83218008E-04   2.04135990E-03
   1.85109995E-04   1.99233997E-03
   3.77230998E-03   2.01715995E-03
   1.60042997E-04   2.02445989E-03
   7.06999981E-06   2.05423008E-03
   3.21361995E-06   2.05465010E-03
   1.47831997E-05   2.05234997E-03
   2.10437994E-03   2.22008000E-03
   1.35899000E-02   2.22172006E-03
   2.57095007E-06   2.17269990E-03
   9.21701023E-04   2.19752011E-03
   9.32649011E-04   2.20482005E-03
   3.21367997E-06   2.23459001E-03
   9.64128958E-06   2.23501003E-03
   7.07000028E-04   2.22335989E-03
   1.09266002E-04   2.17433996E-03
   1.56057999E-03   2.19915994E-03
   2.35244006E-04   2.20646011E-03
   5.78478011E-06   2.23623007E-03
   1.92822995E-06   2.23665009E-03
   8.99841962E-06   2.23434996E-03
   1.92791995E-05   2.12532002E-03
   2.40109002E-04   2.15014000E-03
   3.06709007E-05   2.15743994E-03
   8.76329977E-07   2.18762993E-03
   3.50517007E-06   2.18533003E-03
   2.56906002E-04   2.17495998E-03
   7.08390027E-04   2.18225992E-03
   1.67212002E-05   2.21203011E-03
   2.58426007E-05   2.21244991E-03
   3.34436991E-05   2.21015001E-03
   5.81368004E-05   2.18956009E-03
   4.47212005E-06   2.21933005E-03
   4.47212005E-06   2.21975008E-03
   1.34162001E-05   2.21744995E-03
       -1137       -1137
   5.13993017E-02   1.02499998E-05
   9.12555028E-03   1.55920003E-04
   8.74300022E-03   1.65980004E-04
   1.27740996E-02   3.46340006E-04
   1.85132008E-02   3.47980007E-04
   1.79889996E-03   2.98959989E-04
   1.29433000E-03   3.23779997E-04
   4.75163013E-03   3.31079995E-04
   2.51325000E-05   3.60850012E-04
   2.17949000E-05   3.61270009E-04
   1.42546996E-04   3.58969992E-04
   7.49574006E-02   8.10999973E-06
  0.112631999       6.32500014E-05
   4.08324003E-02   2.08919999E-04
   5.78024015E-02   2.18980000E-04
  0.127045006       3.99340002E-04
  0.151768997       4.00980003E-04
   1.05272001E-02   3.51960014E-04
   8.81993026E-03   3.76779994E-04
   1.22228004E-02   3.84079991E-04
   1.13490998E-04   4.13850008E-04
   1.51581000E-04   4.14270005E-04
   8.43266025E-04   4.11969988E-04
   6.19284983E-04   1.02039997E-03
   9.93006979E-04   1.10806001E-03
   1.56230005E-02   1.16320001E-03
   9.22549982E-04   1.30887004E-03
   1.02788000E-03   1.31892995E-03
   1.15387002E-03   1.49929000E-03
   1.82583998E-03   1.50093006E-03
   1.55891001E-04   1.45191001E-03
   1.03216000E-04   1.47672999E-03
   1.32255000E-03   1.48403004E-03
   2.84725002E-06   1.51380000E-03
   2.84725002E-06   1.51422003E-03
   1.21011999E-05   1.51192001E-03
   9.96559029E-05   1.19572005E-03
   1.86560992E-02   1.25086005E-03
   4.28533007E-04   1.39652996E-03
   3.56337009E-03   1.40658999E-03
   1.30620995E-03   1.58695003E-03
   7.47975009E-03   1.58858998E-03
   1.11754998E-04   1.53957005E-03
   1.92189000E-05   1.56439003E-03
   1.60373002E-03   1.57168997E-03
   1.42364001E-06   1.60146004E-03
   8.54188966E-06   1.60187995E-03
   8.54188966E-06   1.59958005E-03
   2.56884992E-02   1.30600005E-03
   3.59289981E-02   1.45166996E-03
   4.75430004E-02   1.46172999E-03
   2.23682001E-02   1.64209004E-03
   2.54056994E-02   1.64372998E-03
   2.45636003E-03   1.59471005E-03
   2.38094991E-03   1.61953003E-03
   5.30987978E-03   1.62682997E-03
   1.12460999E-04   1.65660004E-03
   1.35238995E-04   1.65701995E-03
   2.00012000E-04   1.65472005E-03
   2.32053004E-04   1.59733999E-03
   4.95286984E-03   1.60740002E-03
   5.46679017E-04   1.78775995E-03
   6.62625022E-03   1.78940000E-03
   9.46709988E-05   1.74037996E-03
   2.98953000E-05   1.76520005E-03
   3.05314991E-03   1.77249999E-03
   1.42365002E-06   1.80226995E-03
   1.28128004E-05   1.80268998E-03
   7.11822986E-06   1.80038996E-03
   2.30846996E-03   1.61746005E-03
   5.35788992E-03   1.79781998E-03
   4.57938993E-03   1.79946003E-03
   1.06776002E-04   1.75043999E-03
   2.78318010E-04   1.77525997E-03
   3.99920996E-03   1.78256002E-03
   1.42366998E-05   1.81232998E-03
   1.21011999E-05   1.81275001E-03
   8.54206974E-06   1.81044999E-03
   6.27126021E-04   1.97817991E-03
   1.69668999E-02   1.97981996E-03
   1.12465998E-04   1.93080003E-03
   1.40939999E-04   1.95562001E-03
   1.81586004E-03   1.96291995E-03
   2.13543990E-06   1.99268991E-03
   1.49481002E-05   1.99310994E-03
   8.54192967E-06   1.99081004E-03
   6.57083979E-03   1.98146002E-03
   1.45211001E-04   1.93243998E-03
   8.09353020E-04   1.95726007E-03
   2.12261011E-03   1.96456001E-03
   2.06427994E-05   1.99432997E-03
   1.35243999E-05   1.99475000E-03
   1.06773005E-05   1.99245010E-03
   1.78405007E-05   1.88342005E-03
   2.02192005E-05   1.90824002E-03
   3.48480011E-04   1.91553996E-03
   2.37873996E-06   1.94343005E-03
   1.41780004E-06   1.93306000E-03
   4.09745000E-04   1.94035994E-03
   1.41780004E-06   1.97055005E-03
   1.41780004E-06   1.96824991E-03
   1.38333999E-03   1.94766000E-03
   4.82110991E-05   1.97742996E-03
   5.93369004E-05   1.97784998E-03
   8.90051015E-05   1.97555008E-03
       -1137       -1137
  0.110220999       3.40400002E-05
   1.51123004E-02   3.56800010E-05
   5.29529992E-04   1.14799996E-05
   1.46572001E-03   1.87799997E-05
   3.72818991E-04   4.85499986E-05
   4.79615010E-05   4.89699996E-05
   1.10702997E-04   4.66700003E-05
   3.75226009E-05   6.55099982E-04
   1.89653004E-03   7.42760021E-04
   1.31322001E-03   7.97900022E-04
   4.68303002E-02   9.43569990E-04
   5.57884993E-03   9.53630020E-04
   1.41749000E-02   1.13399001E-03
   4.44980990E-03   1.13562995E-03
   2.04663993E-05   1.08661002E-03
   1.94437001E-04   1.11143000E-03
   1.09155000E-04   1.11873006E-03
   1.14269002E-04   1.14850001E-03
   1.19384003E-05   1.14892004E-03
   1.70546002E-06   1.14662002E-03
   1.09663000E-03   8.30420002E-04
   6.90404000E-03   8.85560003E-04
   4.07642014E-02   1.03122997E-03
   3.27460002E-03   1.04129000E-03
   8.84839986E-03   1.22165005E-03
   4.48552985E-03   1.22328999E-03
   2.06366996E-04   1.17426994E-03
   2.28539997E-04   1.19909004E-03
   6.42960018E-04   1.20638998E-03
   9.89203982E-05   1.23616005E-03
   8.52730955E-06   1.23657996E-03
   1.53509991E-05   1.23427995E-03
   2.48489995E-03   9.40700003E-04
   8.52117017E-02   1.08636997E-03
   3.20299994E-03   1.09643000E-03
   4.63382993E-03   1.27679005E-03
   2.49517011E-03   1.27842999E-03
   1.60317999E-04   1.22940994E-03
   6.08872971E-04   1.25423004E-03
   4.43447992E-04   1.26152998E-03
   2.08084006E-04   1.29130005E-03
   6.82184009E-06   1.29171996E-03
   1.19384003E-05   1.28941995E-03
   7.29439035E-02   1.23204000E-03
  0.146729007       1.24210003E-03
   5.57298996E-02   1.42245996E-03
   6.92714974E-02   1.42410002E-03
   6.83881994E-03   1.37507997E-03
   5.23241982E-03   1.39989995E-03
   1.01017002E-02   1.40720000E-03
   4.07624000E-04   1.43696996E-03
   4.12728987E-04   1.43738999E-03
   5.52575977E-04   1.43508997E-03
   2.39104009E-03   1.25215994E-03
   5.88859990E-02   1.43251999E-03
   3.21646989E-03   1.43416005E-03
   4.69007995E-04   1.38514000E-03
   2.81410001E-04   1.40995998E-03
   3.13828001E-04   1.41726003E-03
   3.61562998E-04   1.44702999E-03
   1.19383003E-05   1.44745002E-03
   3.58157995E-05   1.44515000E-03
   4.37714010E-02   1.61288003E-03
  0.126829997       1.61451998E-03
   2.12517008E-03   1.56550005E-03
   9.41428996E-04   1.59032003E-03
   5.42355003E-04   1.59761996E-03
   1.43263998E-04   1.62739004E-03
   1.60319003E-04   1.62780995E-03
   1.75669004E-04   1.62551005E-03
   3.24017997E-03   1.61616004E-03
   5.86875016E-04   1.56713999E-03
   3.38899001E-04   1.59195997E-03
   3.26507987E-04   1.59926002E-03
   1.94243999E-04   1.62902998E-03
   1.03317998E-05   1.62945001E-03
   4.54629007E-05   1.62714999E-03
   1.33065996E-05   1.51812006E-03
   1.72991000E-04   1.54294004E-03
   1.06460000E-04   1.55023998E-03
   1.33066002E-04   1.58001005E-03
   1.33065996E-05   1.58042996E-03
   1.05355997E-04   1.56776002E-03
   5.26788004E-04   1.57505996E-03
   1.05355997E-04   1.60483003E-03
   1.50507003E-05   1.60295004E-03
   4.57366987E-04   1.58236001E-03
   5.71721001E-04   1.61212997E-03
   3.81124009E-05   1.61024998E-03
   1.70545002E-06   1.64231996E-03
   1.70545002E-06   1.64002005E-03
       -1137       -1137
   5.68476980E-06   6.02099986E-04
   4.60468000E-04   6.89760025E-04
   3.35024996E-03   7.44900026E-04
   5.01012010E-03   8.90569994E-04
   5.56962006E-02   9.00630024E-04
   4.89265984E-03   1.08098995E-03
   1.66266002E-02   1.08263001E-03
   1.51595996E-05   1.03360997E-03
   2.27394994E-05   1.05842995E-03
   2.95609992E-04   1.06573000E-03
   1.13696997E-05   1.09549996E-03
   1.23177000E-04   1.09591999E-03
   1.89495995E-06   1.09361997E-03
   7.57951011E-06   7.77420006E-04
   8.37191008E-03   8.32560007E-04
   4.58569993E-04   9.78230033E-04
   5.64293005E-02   9.88289947E-04
   2.27194000E-03   1.16864999E-03
   8.30714963E-03   1.17029005E-03
   4.73727996E-05   1.12127000E-03
   3.78979007E-06   1.14608998E-03
   7.33364024E-04   1.15339004E-03
   1.25061997E-04   1.18358003E-03
   3.78979007E-06   1.18128001E-03
   6.20021019E-03   8.87700007E-04
   5.28495992E-03   1.03337003E-03
   8.81496966E-02   1.04342995E-03
   3.06028989E-03   1.22378999E-03
   6.72519999E-03   1.22543005E-03
   4.13091999E-04   1.17641001E-03
   7.21956021E-04   1.20122998E-03
   1.12181006E-03   1.20853004E-03
   1.51597997E-05   1.23830000E-03
   1.95175002E-04   1.23872003E-03
   3.22146007E-05   1.23642001E-03
   1.13698002E-03   1.17903994E-03
  0.116481997       1.18909997E-03
   2.99025001E-03   1.36946002E-03
   3.99631001E-02   1.37109996E-03
   4.07415006E-04   1.32208003E-03
   6.25332032E-05   1.34690001E-03
   4.71848005E-04   1.35419995E-03
   5.68481983E-06   1.38397003E-03
   2.59608991E-04   1.38439005E-03
   3.03187007E-05   1.38209003E-03
  0.131739005       1.19916000E-03
   6.75707981E-02   1.37952005E-03
  0.103440002       1.38115999E-03
   7.86991045E-03   1.33213995E-03
   6.96604000E-03   1.35696004E-03
   1.05245998E-02   1.36425998E-03
   3.60031001E-04   1.39403006E-03
   6.65121013E-04   1.39444997E-03
   6.34805008E-04   1.39214995E-03
   3.82221001E-03   1.55987998E-03
  0.121904001       1.56152004E-03
   5.66606002E-04   1.51249999E-03
   2.59616994E-04   1.53731997E-03
   2.88037991E-04   1.54462003E-03
   9.47480021E-06   1.57438999E-03
   1.44018995E-04   1.57481001E-03
   4.54799992E-05   1.57250999E-03
   8.26193020E-02   1.56315998E-03
   2.41603004E-03   1.51414005E-03
   1.01761997E-03   1.53896003E-03
   7.35247973E-04   1.54625997E-03
   1.19384000E-04   1.57603004E-03
   2.44436989E-04   1.57644995E-03
   2.00859999E-04   1.57415005E-03
   2.00161994E-05   1.46512000E-03
   2.00161994E-05   1.48993998E-03
   4.00313991E-04   1.49724004E-03
   2.00161994E-05   1.52701000E-03
   1.80146002E-04   1.52743002E-03
   4.68053011E-04   1.52206002E-03
   1.06986001E-04   1.55225000E-03
   6.03971013E-04   1.52935996E-03
   2.23692005E-05   1.55913003E-03
   2.68431002E-04   1.55954994E-03
   4.47372986E-05   1.55725004E-03
   1.89499997E-06   1.58744003E-03
       -1137       -1137
   2.63895001E-02   6.86999992E-05
   3.57106999E-02   7.03400001E-05
   3.57354991E-02   2.13200001E-05
   2.95452997E-02   4.61400014E-05
   5.49762994E-02   5.34399987E-05
   1.22305006E-03   8.32099977E-05
   2.06847000E-03   8.36300023E-05
   2.80543999E-03   8.13299994E-05
  0.141485006       1.23840000E-04
  0.172563002       1.25480001E-04
   4.20094989E-02   7.64599972E-05
   4.36656997E-02   1.01279998E-04
   5.16282991E-02   1.08580003E-04
   1.75977999E-03   1.38350006E-04
   1.95921003E-03   1.38770003E-04
   3.28964996E-03   1.36470000E-04
   3.65088996E-03   7.90900012E-05
   1.37087004E-02   8.91500022E-05
   4.94172983E-03   2.69509997E-04
   1.13548003E-02   2.71149998E-04
   1.45132998E-02   2.22129995E-04
   3.18466988E-03   2.46949989E-04
   7.68045988E-03   2.54249986E-04
   4.87028010E-05   2.84020003E-04
   4.20547003E-05   2.84440001E-04
   9.57107986E-04   2.82140012E-04
   8.19602981E-03   9.92100031E-05
   1.29888002E-02   2.79569998E-04
   1.15190996E-02   2.81209999E-04
   2.08110996E-02   2.32189996E-04
   7.91750010E-03   2.57009990E-04
   7.33840000E-03   2.64309987E-04
   4.18882992E-05   2.94080004E-04
   6.91505993E-05   2.94500001E-04
   1.37163000E-03   2.92200013E-04
   5.77139016E-03   4.59929986E-04
   1.31181004E-02   4.61569987E-04
   1.37334997E-02   4.12549998E-04
   1.65007997E-03   4.37370007E-04
   4.41208994E-03   4.44670004E-04
   1.76194008E-05   4.74439992E-04
   1.21336998E-05   4.74859989E-04
   8.36951018E-04   4.72560001E-04
   9.60681960E-03   4.63209988E-04
   1.77414007E-02   4.14189999E-04
   9.83617036E-04   4.39010008E-04
   5.46476012E-03   4.46310005E-04
   1.13023998E-05   4.76079993E-04
   2.50989997E-05   4.76499990E-04
   1.07974000E-03   4.74200002E-04
   2.29163002E-02   3.65170010E-04
   2.83087008E-02   3.89989989E-04
   4.66252007E-02   3.97289987E-04
   1.31818000E-03   4.27060004E-04
   1.70618005E-03   4.27480001E-04
   3.29779997E-03   4.25180013E-04
   3.95306991E-03   4.14809998E-04
   1.63688008E-02   4.22109995E-04
   2.06634999E-04   4.51880012E-04
   2.33590006E-04   4.52300010E-04
   3.17139993E-03   4.49999992E-04
   1.31837996E-02   4.29409993E-04
   3.25761997E-04   4.59180010E-04
   4.50313004E-04   4.59600007E-04
   5.65251987E-03   4.57299990E-04
   8.98379039E-06   4.89370024E-04
   1.52719993E-04   4.87070007E-04
   1.88663995E-04   4.87490004E-04
       -1137       -1137
   6.04820997E-02   3.61800012E-05
   4.69378009E-02   3.78199984E-05
   9.55106039E-03   1.36199997E-05
   9.14281979E-03   2.09200007E-05
   2.11399994E-04   5.06899996E-05
   2.99700012E-04   5.11100006E-05
   1.02408999E-03   4.88100013E-05
   2.97995005E-03   0.00000000    
  0.165756002       1.49000005E-06
  0.121307999       1.81850002E-04
  0.255192012       1.83490003E-04
   2.57696994E-02   1.34469999E-04
   1.83442999E-02   1.59289993E-04
   2.99027003E-02   1.66590005E-04
   5.67612995E-04   1.96359993E-04
   1.00220996E-03   1.96780005E-04
   2.10229005E-03   1.94480002E-04
   1.19690998E-02   1.15499997E-05
   3.78478989E-02   1.91910003E-04
   9.86848027E-03   1.93550004E-04
   5.04874997E-03   1.44530000E-04
   2.06441004E-02   1.69349994E-04
   4.19967016E-03   1.76650006E-04
   1.28194006E-04   2.06419994E-04
   6.68318025E-05   2.06840006E-04
   3.52219009E-04   2.04540003E-04
   2.98754009E-03   3.72270006E-04
   2.05515008E-02   3.73910007E-04
   3.43530998E-03   3.24889988E-04
   1.35839004E-02   3.49709997E-04
   3.64830997E-03   3.57009994E-04
   1.31056004E-04   3.86780011E-04
   4.22644007E-05   3.87200009E-04
   2.72767007E-04   3.84899991E-04
   1.17968000E-03   3.75550007E-04
   2.68589007E-03   3.26529989E-04
   3.14902999E-02   3.51349998E-04
   2.09126994E-03   3.58649995E-04
   3.68101988E-04   3.88420012E-04
   2.30543992E-05   3.88840010E-04
   1.81354000E-04   3.86539992E-04
   5.00079012E-04   2.77510000E-04
   7.45968986E-03   3.02330009E-04
   1.23626995E-03   3.09630006E-04
   7.01648969E-05   3.39399994E-04
   4.00940007E-05   3.39819991E-04
   6.79350997E-05   3.37520003E-04
   1.56731997E-02   3.27149988E-04
   4.25993018E-02   3.34449986E-04
   9.84682003E-04   3.64220003E-04
   1.56070001E-03   3.64640000E-04
   2.26357998E-03   3.62340012E-04
   2.45228992E-03   3.41750012E-04
   4.62113007E-04   3.71520000E-04
   1.29389999E-04   3.71939997E-04
   4.49776009E-04   3.69640009E-04
   2.90603992E-07   4.01709985E-04
   7.26487997E-07   3.99409997E-04
   2.90608000E-07   3.99829994E-04
       -1137       -1137
   1.89094003E-02   1.26710001E-04
   5.41241989E-02   1.28350002E-04
   1.17412005E-02   7.93299987E-05
   8.85786954E-03   1.04150000E-04
   3.19005996E-02   1.11449997E-04
   2.67179013E-04   1.41220007E-04
   5.48497017E-04   1.41640005E-04
   9.10278002E-04   1.39340002E-04
  0.250487000       1.36770002E-04
  0.264243007       1.38410003E-04
   6.06380999E-02   8.93899996E-05
   5.97083010E-02   1.14210001E-04
   8.24228004E-02   1.21509998E-04
   2.33606994E-03   1.51279994E-04
   2.44035991E-03   1.51700006E-04
   4.90023987E-03   1.49400003E-04
   8.12401006E-04   3.17130005E-04
   2.25239005E-02   3.18770006E-04
   4.61525982E-03   2.69749988E-04
   1.99524011E-03   2.94569996E-04
   2.82161999E-02   3.01869994E-04
   2.77231993E-05   3.31640011E-04
   1.72589993E-04   3.32060008E-04
   2.85382004E-04   3.29759991E-04
   9.28017031E-03   3.20410007E-04
   9.70149972E-03   2.71389988E-04
   7.75791984E-03   2.96209997E-04
   3.40292007E-02   3.03509994E-04
   3.45191984E-05   3.33280012E-04
   2.02490002E-04   3.33700009E-04
   6.64816005E-04   3.31399991E-04
   9.59525005E-06   2.22369999E-04
   3.14230012E-04   2.47190008E-04
   6.02976978E-03   2.54490005E-04
   2.15886994E-05   2.84259993E-04
   4.23794991E-05   2.84679991E-04
   2.39876999E-06   2.82380002E-04
   2.38846005E-05   2.72009987E-04
   4.10545990E-03   2.79310014E-04
   8.53066012E-06   3.09080002E-04
   3.01429009E-05   3.09499999E-04
   1.53551991E-05   3.07200011E-04
   1.25620002E-02   2.86610011E-04
   4.42686985E-04   3.16379999E-04
   5.50322991E-04   3.16799997E-04
   8.36928026E-04   3.14500008E-04
   5.43597025E-07   3.46570014E-04
   5.43597025E-07   3.44269996E-04
   1.08718996E-06   3.44689994E-04
       -1137       -1137
   2.69307010E-03   5.60999979E-06
   4.31402004E-04   6.02999989E-06
   4.56928014E-04   3.72999989E-06
  0.181485996       1.71459993E-04
  0.563162982       1.73099994E-04
   5.99488989E-02   1.24080005E-04
   4.85066995E-02   1.48899999E-04
   7.18925968E-02   1.56199996E-04
   2.73493002E-03   1.85969999E-04
   2.56420998E-03   1.86389996E-04
   4.97480016E-03   1.84089993E-04
   6.82308013E-03   1.74739995E-04
   6.55686995E-03   1.25720006E-04
   1.61511991E-02   1.50540000E-04
   5.38400980E-03   1.57839997E-04
   3.20357992E-03   1.87610000E-04
   1.11715999E-04   1.88029997E-04
   4.53571993E-04   1.85729994E-04
   1.76937995E-03   7.67000020E-05
   1.93516002E-03   1.01520003E-04
   2.16201995E-03   1.08820001E-04
   3.49582988E-04   1.38589996E-04
   1.23966005E-04   1.39009993E-04
   1.63397999E-04   1.36710005E-04
   2.27029994E-03   1.26340004E-04
   6.86147017E-03   1.33640002E-04
   6.07235008E-04   1.63410004E-04
   1.88438004E-04   1.63830002E-04
   3.12571006E-04   1.61529999E-04
   3.63843003E-03   1.40939999E-04
   1.49717997E-03   1.70710002E-04
   1.37259995E-04   1.71129999E-04
   3.31537012E-04   1.68829996E-04
   1.00432999E-05   2.00900002E-04
   1.84117998E-05   1.98599999E-04
   2.92899995E-06   1.99019996E-04
       -1137       -1137
   1.14526004E-02   1.61400007E-04
  0.427453011       1.63039993E-04
   8.29872955E-03   1.14019997E-04
   4.64414014E-03   1.38839998E-04
   1.41327996E-02   1.46139995E-04
   1.40548000E-04   1.75909998E-04
   2.54252995E-03   1.76329995E-04
   6.19272003E-04   1.74030007E-04
  0.310618013       1.64679994E-04
   6.27586022E-02   1.15659997E-04
   6.15726002E-02   1.40479999E-04
   7.23202974E-02   1.47779996E-04
   2.33782991E-03   1.77549999E-04
   4.30735992E-03   1.77969996E-04
   5.20939985E-03   1.75669993E-04
   2.20876001E-03   6.66400010E-05
   1.31227996E-03   9.14600023E-05
   3.24003003E-03   9.87599997E-05
   1.14187998E-04   1.28529995E-04
   3.63655010E-04   1.28950007E-04
   1.97643996E-04   1.26650004E-04
   2.30132006E-04   1.16280004E-04
   2.07340997E-03   1.23580001E-04
   1.27366002E-05   1.53350004E-04
   1.92799998E-04   1.53770001E-04
   5.31436999E-05   1.51469998E-04
   1.02516997E-03   1.30879998E-04
   4.74357003E-05   1.60650001E-04
   2.88122013E-04   1.61069998E-04
   1.20778997E-04   1.58769995E-04
   8.34473030E-06   1.90840001E-04
   3.07435994E-06   1.88539998E-04
   1.97642003E-05   1.88959995E-04
       -1137       -1137
  0.414869994       1.84900000E-05
  0.577899992       2.57899992E-05
   7.22810021E-03   5.36799998E-05
       -1137       -1137
  0.997475982       9.69999974E-07
   2.52359011E-03   2.88600004E-05
       -1137       -1137
   1.00000000       2.15599994E-05
       -1137       -1137
          -1          -1
