   4.53410018E-03   4.68400009E-02
   6.63636997E-03   4.73549999E-02
   4.50256001E-03   4.88100015E-02
   1.79508002E-03   5.64364009E-02
   1.41442998E-03   5.66705987E-02
   1.01995002E-03   5.69875017E-02
   8.27656986E-05   5.73862009E-02
   6.80443991E-05   5.74553013E-02
   4.35963011E-04   5.87322004E-02
   3.33512988E-04   5.88312000E-02
   2.38391003E-04   5.89054003E-02
   2.00809009E-05   5.90697005E-02
   1.62146007E-05   5.90834990E-02
   6.78424001E-08   5.92923984E-02
   6.78424001E-08   5.92949986E-02
   7.91735001E-05   5.92564009E-02
   5.15618995E-05   5.92870004E-02
   3.52093011E-05   5.92986010E-02
   1.35683001E-06   5.93384989E-02
   2.03528998E-07   5.93395010E-02
   4.47422004E-04   4.78699990E-02
   8.35673045E-03   4.93250005E-02
   1.12623000E-03   5.69513999E-02
   1.67507998E-04   5.71856014E-02
   1.57635997E-03   5.75025007E-02
   8.73832978E-05   5.79011999E-02
   2.46340991E-04   5.79703003E-02
   2.64189992E-04   5.92471994E-02
   3.83984989E-05   5.93461990E-02
   3.53792013E-04   5.94203994E-02
   2.04884000E-05   5.95846996E-02
   5.75997983E-05   5.95985018E-02
   4.74905988E-07   5.98074012E-02
   7.46267006E-07   5.98100014E-02
   4.76245987E-05   5.97713999E-02
   5.90250011E-06   5.98019995E-02
   5.19001005E-05   5.98136000E-02
   1.35686003E-06   5.98535016E-02
   6.10612005E-07   5.98545000E-02
   3.73042002E-03   5.07799983E-02
   7.05318002E-04   5.84064014E-02
   1.46516995E-03   5.86405993E-02
   1.45353004E-03   5.89574985E-02
   2.78772000E-04   5.93562014E-02
   2.38334993E-04   5.94253018E-02
   1.62344993E-04   6.07022010E-02
   3.31482996E-04   6.08012006E-02
   3.29039991E-04   6.08754009E-02
   6.58080025E-05   6.10397011E-02
   5.59729015E-05   6.10534996E-02
   8.81976973E-07   6.12623990E-02
   9.49804985E-07   6.12649992E-02
   2.91735996E-05   6.12264015E-02
   5.08162011E-05   6.12570010E-02
   4.83039003E-05   6.12686016E-02
   4.40983013E-06   6.13084994E-02
   6.10613995E-07   6.13095015E-02
   1.74835994E-04   6.60327971E-02
   2.41119007E-04   6.62669986E-02
   1.61335993E-04   6.65839016E-02
   1.26865998E-05   6.69825971E-02
   9.83755035E-06   6.70517012E-02
   8.46016992E-05   6.83285967E-02
   5.69211988E-05   6.84276000E-02
   3.77887991E-05   6.85018003E-02
   3.05299000E-06   6.86661005E-02
   2.37448990E-06   6.86798990E-02
   1.53330002E-05   6.88527972E-02
   8.81982032E-06   6.88833967E-02
   5.56309988E-06   6.88949972E-02
   2.03536004E-07   6.89349025E-02
   1.52648008E-05   6.65012002E-02
   2.83461006E-04   6.68181032E-02
   1.28895999E-05   6.72167987E-02
   3.28360002E-05   6.72859028E-02
   5.65841001E-05   6.85627982E-02
   6.92015010E-06   6.86618015E-02
   6.39779028E-05   6.87360018E-02
   3.05297999E-06   6.89003021E-02
   7.73425018E-06   6.89141005E-02
   6.78442973E-08   6.91229999E-02
   6.78442973E-08   6.91256002E-02
   1.01763999E-05   6.90869987E-02
   1.08554002E-06   6.91175982E-02
   9.36235028E-06   6.91291988E-02
   2.03534995E-07   6.91690966E-02
   6.78442973E-08   6.91701025E-02
   1.42820994E-04   6.71349987E-02
   4.32839988E-05   6.75337017E-02
   3.58221005E-05   6.76027983E-02
   3.72471986E-05   6.88797012E-02
   6.44510001E-05   6.89786971E-02
   6.47260968E-05   6.90528974E-02
   1.03124003E-05   6.92171976E-02
   8.48057971E-06   6.92310035E-02
   1.35689007E-07   6.94399029E-02
   1.35689007E-07   6.94425032E-02
   6.71664020E-06   6.94039017E-02
   9.90548961E-06   6.94345012E-02
   9.49822970E-06   6.94461018E-02
   6.78455024E-07   6.94859996E-02
   6.78454981E-08   6.94869980E-02
   6.78442973E-08   6.79323971E-02
   5.22373011E-06   6.80015013E-02
   2.91736001E-06   6.92783967E-02
   2.84934004E-06   6.93774000E-02
   9.29494036E-06   6.94516003E-02
   6.78442973E-08   6.96159005E-02
   1.15334001E-06   6.96296990E-02
   5.42777002E-07   6.98025972E-02
   4.07060014E-07   6.98331967E-02
   1.35687003E-06   6.98447973E-02
   1.22112999E-06   6.80705979E-02
   2.23882989E-06   6.93475008E-02
   6.98793019E-06   6.94464967E-02
   7.66619996E-06   6.95206970E-02
   1.15332000E-06   6.96849972E-02
   5.42766998E-07   6.96988031E-02
   4.07051999E-07   6.98717013E-02
   1.08552001E-06   6.99023008E-02
   1.08552001E-06   6.99139014E-02
   6.78429970E-08   6.99537992E-02
   1.02825998E-05   7.06242993E-02
   1.34157999E-05   7.07233027E-02
   8.78466017E-06   7.07975999E-02
   6.80985011E-07   7.09619001E-02
   5.44810973E-07   7.09756017E-02
   3.74543993E-06   7.11485967E-02
   2.04297999E-06   7.11792037E-02
   1.29378998E-06   7.11907968E-02
   6.80985011E-08   7.12305978E-02
   8.14136001E-07   7.08222985E-02
   1.45186004E-05   7.08966032E-02
   6.78432002E-07   7.10609034E-02
   1.62827996E-06   7.10745975E-02
   2.44236003E-06   7.12476000E-02
   2.71358005E-07   7.12781996E-02
   2.10313010E-06   7.12898001E-02
   6.78432031E-08   7.13296011E-02
   7.06788978E-06   7.09708035E-02
   2.15957994E-06   7.11351037E-02
   1.76695005E-06   7.11489022E-02
   1.50512994E-06   7.13218004E-02
   2.15957994E-06   7.13523999E-02
   2.09406994E-06   7.13640004E-02
   1.30881006E-07   7.14038983E-02
   2.71362012E-07   7.13132024E-02
   1.35685994E-07   7.14861974E-02
   1.35685994E-07   7.15167969E-02
   3.39209009E-07   7.15283006E-02
   6.78440983E-08   7.13268965E-02
   6.78440983E-08   7.14998990E-02
   2.71362012E-07   7.15304986E-02
   2.71362012E-07   7.15420991E-02
   3.96459995E-07   7.16729015E-02
   3.96459995E-07   7.17035010E-02
   2.37885999E-07   7.17149973E-02
   3.15910995E-07   7.17455968E-02
   1.35681006E-07   7.17571974E-02
       -1137       -1137
   1.69111006E-02   0.00000000    
   1.70898996E-02   7.24100028E-05
   4.70818998E-03   2.36740001E-04
   6.54739980E-03   2.50459998E-04
   1.36903003E-02   4.59359988E-04
   1.80053003E-02   4.62010008E-04
   3.68720992E-03   4.23430000E-04
   2.44317995E-03   4.54030000E-04
   2.40720995E-03   4.65599995E-04
   3.19465005E-04   5.05479984E-04
   7.12779001E-05   5.06500015E-04
  0.212874994       8.19999968E-06
  0.322701007       7.72999992E-05
   2.02491991E-02   1.35417003E-03
   8.23249016E-03   1.45316997E-03
   1.30981002E-02   1.52741000E-03
   2.89092995E-02   1.69174001E-03
   3.50091010E-02   1.70546002E-03
   2.02332009E-02   1.91435998E-03
   2.53647007E-02   1.91701006E-03
   3.52009991E-03   1.87843002E-03
   1.24114996E-03   1.90903002E-03
   1.91359001E-03   1.92059996E-03
   1.81746006E-03   1.96047989E-03
   3.42865998E-04   1.96149992E-03
   5.03036985E-03   6.68480014E-03
   1.02487998E-02   6.91899983E-03
   1.70300007E-02   7.23590003E-03
   1.29418997E-02   7.63460016E-03
   1.71099007E-02   7.70370010E-03
   2.07393989E-03   8.98057036E-03
   2.37642997E-03   9.07956995E-03
   3.87868006E-03   9.15381033E-03
   2.60706991E-03   9.31814034E-03
   3.41079989E-03   9.33185965E-03
   1.79473995E-04   9.54075996E-03
   2.02887997E-04   9.54340957E-03
   3.67111992E-04   9.50483046E-03
   3.65832995E-04   9.53543000E-03
   5.70219010E-04   9.54699982E-03
   1.71759006E-04   9.58687998E-03
   3.54240983E-05   9.58789978E-03
   2.61926998E-05   7.15319999E-03
   2.31868005E-04   7.47010019E-03
   5.97052975E-04   7.86880031E-03
   5.38572995E-03   7.93789979E-03
   1.66564004E-03   9.21477005E-03
   4.07914013E-06   9.31376964E-03
   4.70170999E-05   9.38801002E-03
   1.09922999E-04   9.55234002E-03
   6.87868975E-04   9.56606027E-03
   6.39782011E-05   9.77495965E-03
   2.24563002E-04   9.77761019E-03
   2.78885011E-04   9.73903015E-03
   4.29380009E-07   9.76962969E-03
   6.87010015E-06   9.78120044E-03
   7.29948988E-06   9.82107967E-03
   6.65544985E-06   9.82210040E-03
   4.80694987E-04   7.78699992E-03
   2.17888993E-03   8.18569958E-03
   1.35985005E-03   8.25479999E-03
   2.74177990E-03   9.53167025E-03
   5.19558016E-05   9.63066984E-03
   1.62955999E-04   9.70491022E-03
   1.92156003E-04   9.86924022E-03
   1.10783003E-04   9.88295954E-03
   1.32888003E-04   1.00918999E-02
   1.09703004E-04   1.00945001E-02
   4.58360999E-04   1.00558996E-02
   7.94366042E-06   1.00865001E-02
   2.27560995E-05   1.00980997E-02
   1.11642003E-05   1.01380004E-02
   1.07346000E-06   1.01389997E-02
   7.68184022E-04   8.58439971E-03
   2.37707999E-02   8.65350012E-03
   1.92478998E-03   9.93037038E-03
   1.70034007E-04   1.00293998E-02
   5.45756018E-04   1.01036001E-02
   3.02072993E-04   1.02679003E-02
   3.32581997E-03   1.02816997E-02
   1.99882998E-04   1.04906000E-02
   5.55199978E-04   1.04932003E-02
   3.17102997E-04   1.04545997E-02
   2.72663001E-05   1.04852002E-02
   8.13703009E-05   1.04967998E-02
   1.99663991E-05   1.05366996E-02
   3.26336994E-05   1.05376998E-02
   6.62312983E-03   8.72259960E-03
   2.57676002E-03   9.99946985E-03
   1.11384003E-03   1.00985002E-02
   3.54680000E-04   1.01726996E-02
   3.24900006E-03   1.03369998E-02
   1.95497996E-03   1.03508001E-02
   6.15314988E-04   1.05597004E-02
   4.68902988E-04   1.05622998E-02
   4.26382001E-04   1.05237002E-02
   1.68105995E-04   1.05542997E-02
   5.34598003E-05   1.05659002E-02
   2.02023002E-04   1.06058000E-02
   1.93229007E-05   1.06068002E-02
   2.01813004E-04   1.12763001E-02
   3.87306995E-04   1.13752997E-02
   6.26484980E-04   1.14495996E-02
   3.88176006E-04   1.16138998E-02
   5.11622988E-04   1.16275996E-02
   2.18991008E-05   1.18364999E-02
   2.40456993E-05   1.18391998E-02
   7.06349965E-05   1.18006002E-02
   5.96854989E-05   1.18311998E-02
   9.21015017E-05   1.18428003E-02
   2.55496998E-05   1.18826004E-02
   5.36744983E-06   1.18837003E-02
   1.05196004E-05   1.15486002E-02
   2.70500004E-05   1.17129004E-02
   1.47496001E-04   1.17266001E-02
   8.80202970E-06   1.19355004E-02
   3.43508982E-05   1.19382003E-02
   6.48365021E-05   1.18995998E-02
   1.50275002E-06   1.19417999E-02
   1.71759996E-06   1.19816000E-02
   1.50275002E-06   1.19826999E-02
   1.33113999E-05   1.16227996E-02
   5.43161987E-05   1.17870998E-02
   3.41355008E-05   1.18009001E-02
   2.49031000E-05   1.20098004E-02
   2.01804996E-05   1.20123997E-02
   1.04774997E-04   1.19738001E-02
   1.71756994E-06   1.20043997E-02
   3.64968992E-06   1.20160002E-02
   3.22029996E-06   1.20558999E-02
   4.29372989E-07   1.20569002E-02
   2.74812992E-05   1.19514996E-02
   4.96161985E-04   1.19652003E-02
   2.72664001E-05   1.21740997E-02
   5.79674015E-05   1.21766999E-02
   6.39792997E-05   1.21382000E-02
   4.29388001E-06   1.21688005E-02
   8.15834028E-06   1.21803004E-02
   3.64980997E-06   1.22202002E-02
   4.93803009E-06   1.22212004E-02
   1.54584006E-04   1.19789001E-02
   6.69837027E-05   1.21878004E-02
   5.68936011E-05   1.21905003E-02
   8.45894974E-05   1.21518997E-02
   2.23286006E-05   1.21825002E-02
   5.15263991E-06   1.21940998E-02
   3.11305012E-05   1.22338999E-02
   3.00571992E-06   1.22349998E-02
   1.11297004E-06   1.23966997E-02
   1.92919997E-05   1.23993997E-02
   5.93594996E-06   1.23608001E-02
   2.22588005E-06   1.23913996E-02
   5.93594996E-06   1.24030001E-02
   2.96806002E-06   1.24428002E-02
   1.11297004E-06   1.24439001E-02
   4.17428009E-06   1.24019999E-02
   6.83043982E-06   1.23634003E-02
   8.72797045E-06   1.23939998E-02
   4.93309017E-06   1.24056004E-02
   6.07164020E-06   1.24455001E-02
   1.13840997E-06   1.24465004E-02
   2.00971008E-05   1.23249004E-02
   3.25725996E-05   1.23554999E-02
   4.98978006E-05   1.23669999E-02
   1.38599999E-05   1.24068996E-02
   2.77192999E-06   1.24078998E-02
   2.76339006E-06   1.23976003E-02
   2.76339006E-06   1.24375001E-02
   2.76339006E-06   1.24385003E-02
   1.38066002E-06   1.24092000E-02
   2.76132005E-06   1.24490997E-02
   2.38565008E-07   1.24890003E-02
   4.77130982E-07   1.24899996E-02
   2.14688995E-07   1.24909999E-02
       -1137       -1137
   6.44476991E-03   8.39170010E-04
   4.14304994E-02   9.38170007E-04
   1.23479003E-02   1.01241004E-03
   4.55432013E-02   1.17674004E-03
   1.58993993E-02   1.19046005E-03
   1.51783996E-03   1.39936002E-03
   2.29970994E-03   1.40200998E-03
   1.07353996E-03   1.36343006E-03
   5.93349990E-03   1.39403006E-03
   1.78170996E-03   1.40559999E-03
   2.90586008E-03   1.44548004E-03
   1.60580006E-04   1.44649995E-03
   6.84332976E-04   6.16980018E-03
   2.16112006E-02   6.40399987E-03
   2.06883997E-03   6.72090007E-03
   2.85524991E-03   7.11960020E-03
   2.23975000E-03   7.18870014E-03
   2.56475993E-04   8.46557040E-03
   3.32576991E-03   8.56456999E-03
   4.20464989E-04   8.63881037E-03
   4.07985004E-04   8.80314037E-03
   2.72372010E-04   8.81685968E-03
   8.73847021E-05   9.02575999E-03
   5.84463996E-05   9.02840961E-03
   4.42595992E-05   8.98982957E-03
   4.74937988E-04   9.02043004E-03
   6.07157017E-05   9.03199986E-03
   2.55352006E-05   9.07188002E-03
   2.83718009E-06   9.07289982E-03
   2.22804006E-02   6.63820002E-03
   6.03822991E-02   6.95510022E-03
   3.17984000E-02   7.35379988E-03
   4.79704998E-02   7.42289983E-03
   5.37029980E-03   8.69977009E-03
   8.72404035E-03   8.79876968E-03
   1.35132996E-02   8.87301005E-03
   6.40323013E-03   9.03734006E-03
   9.60487034E-03   9.05106030E-03
   4.14807990E-04   9.25995968E-03
   3.75639996E-04   9.26261023E-03
   9.78822005E-04   9.22403019E-03
   1.30856002E-03   9.25462972E-03
   1.98040996E-03   9.26619954E-03
   4.22189012E-04   9.30607971E-03
   9.98753967E-05   9.30710044E-03
   1.45320001E-03   7.27199996E-03
   3.16073000E-02   7.67070008E-03
   4.46111010E-03   7.73980003E-03
   4.33520006E-04   9.01667029E-03
   9.53602977E-03   9.11566988E-03
   5.54942992E-04   9.18991026E-03
   5.35264006E-03   9.35424026E-03
   7.20646989E-04   9.36795957E-03
   1.98034002E-04   9.57685988E-03
   1.07246000E-04   9.57951043E-03
   7.66040030E-05   9.54093039E-03
   1.36694999E-03   9.57152992E-03
   7.88731995E-05   9.58309975E-03
   3.43877007E-04   9.62297991E-03
   7.37666005E-06   9.62399971E-03
   2.96774004E-02   8.06939974E-03
  0.120433003       8.13850015E-03
   7.13820977E-04   9.41537041E-03
   4.91070002E-03   9.51437000E-03
   6.57439977E-03   9.58861038E-03
   9.97433998E-03   9.75294039E-03
   2.17570998E-02   9.76665970E-03
   1.55366003E-03   9.97556001E-03
   3.16023990E-03   9.97820962E-03
   1.30514003E-04   9.93962958E-03
   7.06491992E-04   9.97023005E-03
   9.51073016E-04   9.98179987E-03
   6.42921019E-04   1.00216996E-02
   2.22450995E-04   1.00226998E-02
   5.82090020E-03   8.20759963E-03
   4.52259002E-04   9.48446989E-03
   6.54557021E-03   9.58347041E-03
   8.52265977E-04   9.65770986E-03
   1.66772008E-02   9.82203986E-03
   1.90951000E-03   9.83576011E-03
   6.23047992E-04   1.00446995E-02
   2.39460001E-04   1.00472998E-02
   7.88756006E-05   1.00087002E-02
   9.11910029E-04   1.00392997E-02
   1.21436002E-04   1.00509003E-02
   1.04184996E-03   1.00908000E-02
   1.92930002E-05   1.00918002E-02
   2.32644998E-05   1.07613001E-02
   8.30724020E-04   1.08602997E-02
   8.85174013E-05   1.09345997E-02
   9.87371022E-05   1.10988999E-02
   5.50404984E-05   1.11125996E-02
   1.92923999E-05   1.13214999E-02
   1.02145004E-05   1.13241998E-02
   7.94405969E-06   1.12856003E-02
   1.18591001E-04   1.13161998E-02
   1.30508997E-05   1.13278003E-02
   6.24184986E-06   1.13676004E-02
   5.67433972E-07   1.13687003E-02
   8.11428996E-04   1.09593002E-02
   2.13638996E-03   1.10336002E-02
   9.73118993E-04   1.11979004E-02
   1.32268004E-03   1.12116002E-02
   5.22041992E-05   1.14205005E-02
   3.85849999E-05   1.14232004E-02
   1.51505999E-04   1.13845998E-02
   2.41172005E-04   1.14152003E-02
   3.13213997E-04   1.14267999E-02
   6.41196966E-05   1.14666000E-02
   1.36183999E-05   1.14676999E-02
   5.33374987E-05   1.11077996E-02
   1.12292997E-03   1.12720998E-02
   1.40717995E-04   1.12859001E-02
   3.40436018E-05   1.14948004E-02
   1.70227995E-05   1.14973998E-02
   1.58881994E-05   1.14588002E-02
   3.06417991E-04   1.14893997E-02
   1.53209003E-05   1.15010003E-02
   7.20632015E-05   1.15409000E-02
   1.13487999E-06   1.15419002E-02
   8.28450022E-04   1.14364997E-02
   3.13504995E-03   1.14502003E-02
   1.78748000E-04   1.16590997E-02
   3.68268986E-04   1.16617000E-02
   1.81578998E-05   1.16232000E-02
   1.39587006E-04   1.16537996E-02
   1.62851997E-04   1.16652995E-02
   1.06683998E-04   1.17052002E-02
   3.23435997E-05   1.17062004E-02
   1.75524998E-04   1.14639001E-02
   8.64979011E-05   1.16728004E-02
   3.40951010E-05   1.16755003E-02
   1.07329997E-05   1.16368998E-02
   2.05199001E-04   1.16675003E-02
   2.20973998E-05   1.16790999E-02
   2.19085996E-04   1.17188999E-02
   3.78802997E-06   1.17199998E-02
   4.03125978E-06   1.18816998E-02
   2.82196997E-05   1.18843997E-02
   4.03125978E-06   1.18458001E-02
   8.73485988E-06   1.18763996E-02
   5.37534015E-06   1.18880002E-02
   1.27669000E-05   1.19278003E-02
   6.71910982E-07   1.19289001E-02
   2.09519999E-06   1.18869999E-02
   2.09519999E-06   1.18484003E-02
   6.28557018E-06   1.18789999E-02
   2.79356004E-06   1.18906004E-02
   2.79356009E-05   1.19305002E-02
   6.98393990E-07   1.19315004E-02
   7.65853997E-07   1.18099004E-02
   2.91026008E-05   1.18404999E-02
   3.06340007E-06   1.18519999E-02
   1.53174994E-06   1.18918996E-02
   2.71362005E-05   1.18711004E-02
   6.69907968E-05   1.18826004E-02
   1.35678001E-05   1.19225001E-02
   2.54404995E-06   1.19235003E-02
   1.32853995E-06   1.18942000E-02
   1.19572996E-05   1.19340997E-02
   3.40446991E-06   1.19740004E-02
   2.83716008E-06   1.19749997E-02
       -1137       -1137
   8.98224011E-04   4.71480004E-03
   4.97972011E-04   4.94900020E-03
   2.31995992E-02   5.26589993E-03
   2.64697010E-03   5.66460006E-03
   3.94885987E-03   5.73370000E-03
   3.38131009E-04   7.01056980E-03
   8.79794025E-05   7.10956985E-03
   3.50027997E-03   7.18381023E-03
   2.57036998E-04   7.34813977E-03
   3.46171990E-04   7.36186001E-03
   1.69634004E-04   7.57075986E-03
   3.04193003E-04   7.57340994E-03
   5.86542992E-05   7.53482990E-03
   1.26515997E-05   7.56542990E-03
   4.77850990E-04   7.57700019E-03
   1.55262005E-05   7.61687988E-03
   3.45014996E-06   7.61790015E-03
   8.97061036E-05   5.18319989E-03
   3.89540009E-02   5.50010009E-03
   2.02132994E-03   5.89880021E-03
   1.77726001E-02   5.96790016E-03
   1.00628997E-04   7.24476995E-03
   3.62274004E-05   7.34377000E-03
   6.09991001E-03   7.41800992E-03
   3.65153013E-04   7.58233992E-03
   2.66647991E-03   7.59606017E-03
   1.75964000E-04   7.80496001E-03
   4.54266992E-04   7.80761009E-03
   1.78258997E-05   7.76903005E-03
   5.75045988E-06   7.79963005E-03
   8.38421984E-04   7.81119987E-03
   2.35758998E-05   7.85108004E-03
   2.64514001E-05   7.85209984E-03
   5.07007018E-02   5.81699982E-03
   5.29550985E-02   6.21569995E-03
   7.40638003E-02   6.28479989E-03
   5.68420999E-03   7.56167015E-03
   8.52696039E-03   7.66067021E-03
   1.91590004E-02   7.73491012E-03
   1.00958999E-02   7.89923966E-03
   1.38721997E-02   7.91295990E-03
   7.18203024E-04   8.12186021E-03
   9.02194995E-04   8.12450983E-03
   1.03334000E-03   8.08592979E-03
   1.30074995E-03   8.11653025E-03
   2.73476006E-03   8.12810007E-03
   6.61267026E-04   8.16798024E-03
   1.42606004E-04   8.16900004E-03
   7.50117982E-03   6.61440007E-03
  0.141084000       6.68350002E-03
   6.20478007E-04   7.96036981E-03
   4.54282010E-04   8.05937033E-03
   7.60202995E-03   8.13360978E-03
   2.45841988E-03   8.29793978E-03
   1.93574000E-02   8.31166003E-03
   4.02525999E-04   8.52056034E-03
   1.37157994E-03   8.52320995E-03
   1.12137001E-04   8.48462991E-03
   6.95816998E-05   8.51523038E-03
   1.02877000E-03   8.52680020E-03
   1.58134004E-04   8.56668036E-03
   1.90342995E-04   8.56770016E-03
   9.44378003E-02   6.75259996E-03
   9.55117983E-04   8.02947022E-03
   3.55257001E-03   8.12846981E-03
   1.19992001E-02   8.20271019E-03
   2.33855005E-02   8.36704019E-03
   2.95160003E-02   8.38076044E-03
   4.27471008E-03   8.58965982E-03
   3.90381995E-03   8.59231036E-03
   1.74230998E-04   8.55373032E-03
   5.33050974E-04   8.58432986E-03
   1.66934996E-03   8.59589968E-03
   1.50257000E-03   8.63577984E-03
   2.96720013E-04   8.63679964E-03
   3.22037013E-05   9.30633955E-03
   1.84022992E-05   9.40534007E-03
   8.57968000E-04   9.47958045E-03
   6.55557014E-05   9.64391045E-03
   9.08556976E-05   9.65762977E-03
   2.35767002E-05   9.86653008E-03
   4.77301983E-05   9.86917969E-03
   1.09258999E-05   9.83059965E-03
   2.87521993E-06   9.86120012E-03
   1.17310999E-04   9.87276994E-03
   4.02527985E-06   9.91265010E-03
   5.75065997E-07   9.91366990E-03
   2.87514990E-06   9.50433966E-03
   1.32887997E-03   9.57858004E-03
   7.82037969E-05   9.74291004E-03
   5.61826979E-04   9.75663029E-03
   2.53024009E-05   9.96552967E-03
   6.26805995E-05   9.96818021E-03
   3.45017997E-06   9.92960017E-03
   5.75052013E-07   9.96019971E-03
   1.82286996E-04   9.97177046E-03
   5.17541002E-06   1.00116003E-02
   5.75051990E-06   1.00127002E-02
   1.73488003E-03   9.65282042E-03
   1.45195995E-03   9.81715042E-03
   2.21325993E-03   9.83086973E-03
   8.51044024E-05   1.00397998E-02
   1.12706999E-04   1.00424001E-02
   1.55834001E-04   1.00037996E-02
   2.02415002E-04   1.00344000E-02
   4.91658982E-04   1.00459997E-02
   9.48813977E-05   1.00859003E-02
   2.24255000E-05   1.00868996E-02
   1.93789005E-04   9.98148043E-03
   3.34095000E-03   9.99519974E-03
   4.42773999E-05   1.02041001E-02
   1.45477999E-04   1.02067003E-02
   1.20758996E-05   1.01682004E-02
   1.20758996E-05   1.01987999E-02
   1.96667999E-04   1.02102999E-02
   2.47274002E-05   1.02501996E-02
   3.27773014E-05   1.02511998E-02
   2.57447991E-03   1.00089004E-02
   5.12960018E-04   1.02177998E-02
   4.61861986E-04   1.02204997E-02
   1.85261997E-05   1.01819001E-02
   9.45439970E-05   1.02124996E-02
   3.41139996E-04   1.02241002E-02
   2.39557994E-04   1.02639003E-02
   5.17455010E-05   1.02650002E-02
   1.89114996E-06   1.04267001E-02
   6.99705997E-05   1.04294000E-02
   6.61856984E-06   1.03908004E-02
   5.67309007E-06   1.04214000E-02
   1.79648996E-05   1.04329996E-02
   4.72758984E-06   1.04727997E-02
   7.56454983E-06   1.04738995E-02
   1.83199008E-05   1.04320003E-02
   9.86409032E-06   1.03933997E-02
   1.05691997E-05   1.04240002E-02
   1.83199008E-05   1.04355998E-02
   1.05691997E-05   1.04754996E-02
   4.93198013E-06   1.04764998E-02
   1.94581003E-06   1.03548998E-02
   9.72882958E-07   1.03855003E-02
   3.59955993E-05   1.03970002E-02
   9.72882958E-07   1.04369000E-02
   6.63832034E-05   1.04275998E-02
   1.38304995E-06   1.04675004E-02
   1.38304995E-06   1.04684997E-02
   1.06633001E-04   1.04392003E-02
   3.91018002E-05   1.04791000E-02
   8.88606974E-06   1.04801003E-02
   5.75037006E-07   1.05189998E-02
   2.87508010E-06   1.05200000E-02
   1.72521004E-06   1.05210003E-02
       -1137       -1137
   3.88917997E-02   1.78560003E-04
   5.21444008E-02   1.81209994E-04
   1.01835998E-02   1.42630000E-04
   9.21163987E-03   1.73230001E-04
   1.27419997E-02   1.84799996E-04
   1.95653993E-03   2.24680000E-04
   2.57469993E-03   2.25700001E-04
   8.98990023E-04   2.26139993E-04
   6.39796034E-02   3.42700005E-05
   7.36147985E-02   1.08510001E-04
   2.72126999E-02   2.72840000E-04
   4.11812998E-02   2.86560011E-04
  0.156829000       4.95460001E-04
  0.195585996       4.98110021E-04
   1.01913000E-02   4.59530012E-04
   9.16527957E-03   4.90129984E-04
   1.05940001E-02   5.01699978E-04
   8.20455025E-04   5.41580026E-04
   1.22929004E-03   5.42599999E-04
   9.17346973E-04   5.43039991E-04
   2.60853004E-02   3.33970005E-04
   5.77876018E-03   4.32970002E-04
   6.13924023E-03   5.07209974E-04
   8.82166997E-03   6.71539980E-04
   1.09853996E-02   6.85259991E-04
   8.06783978E-03   8.94160010E-04
   7.46172015E-03   8.96809972E-04
   3.13717010E-03   8.58229992E-04
   6.97750016E-04   8.88829993E-04
   6.96390984E-04   9.00399988E-04
   2.49723991E-04   9.40279977E-04
   3.14189005E-04   9.41300008E-04
   2.68986012E-04   9.41740000E-04
   3.70237008E-02   4.03070007E-04
   1.06570998E-03   5.02070005E-04
   1.11852000E-02   5.76309976E-04
   1.21614002E-02   7.40639982E-04
   1.76928006E-02   7.54359993E-04
   9.15099960E-03   9.63260012E-04
   1.43227996E-02   9.65909974E-04
   4.39380016E-03   9.27329995E-04
   1.41687007E-04   9.57929995E-04
   1.26096001E-03   9.69499990E-04
   3.69187008E-04   1.00937998E-03
   4.89817990E-04   1.01040001E-03
   3.76443000E-04   1.01083994E-03
   3.05940001E-03   1.67994003E-03
   5.26351016E-03   1.77893997E-03
   8.93239956E-03   1.85318000E-03
   1.00446995E-02   2.01750989E-03
   1.42502999E-02   2.03122990E-03
   6.20727986E-03   2.24012998E-03
   7.82028027E-03   2.24278006E-03
   9.16458026E-04   2.20420002E-03
   8.06478027E-04   2.23480002E-03
   1.30881998E-03   2.24637007E-03
   3.30759009E-04   2.28625000E-03
   4.43972007E-04   2.28727004E-03
   8.17071996E-05   2.28771009E-03
   2.32499006E-04   1.87794003E-03
   6.36419980E-04   1.95218006E-03
   3.45742010E-04   2.11650995E-03
   1.97765999E-04   2.13022996E-03
   5.98590013E-05   2.33913003E-03
   4.44867997E-04   2.34178011E-03
   5.99307008E-04   2.30320008E-03
   5.50715995E-05   2.33380008E-03
   7.11133980E-05   2.34536990E-03
   1.02961003E-05   2.38525006E-03
   7.18312003E-06   2.38627009E-03
   5.12404004E-05   2.38670991E-03
   7.80072005E-04   2.02642009E-03
   6.34727010E-04   2.19075009E-03
   1.49261998E-03   2.20447010E-03
   5.21251990E-04   2.41336995E-03
   9.52692004E-04   2.41602003E-03
   1.02194003E-03   2.37743999E-03
   8.26059986E-05   2.40803999E-03
   1.92981999E-04   2.41961004E-03
   2.13111998E-05   2.45948997E-03
   4.47739003E-05   2.46051000E-03
   8.76330014E-05   2.46095005E-03
   1.16618998E-04   2.35508010E-03
   5.26297023E-04   2.36880011E-03
   4.57466987E-04   2.57769995E-03
   3.27064004E-03   2.58035003E-03
   1.17794995E-03   2.54176999E-03
   3.82891994E-05   2.57236999E-03
   7.73287029E-05   2.58394005E-03
   6.25636994E-06   2.62381998E-03
   1.42645004E-05   2.62484001E-03
   1.00607002E-04   2.62528006E-03
   2.97493010E-04   2.38251989E-03
   3.02595994E-03   2.59141997E-03
   1.76887005E-03   2.59407004E-03
   1.61404000E-03   2.55549001E-03
   2.32565999E-05   2.58609001E-03
   1.74178000E-04   2.59766006E-03
   1.38081004E-05   2.63753999E-03
   1.57465001E-05   2.63856002E-03
   1.37601004E-04   2.63900007E-03
   5.16447995E-04   2.80032004E-03
   3.61371995E-03   2.80296989E-03
   6.45274005E-04   2.76439008E-03
   6.46473018E-06   2.79499008E-03
   4.71689018E-05   2.80655990E-03
   1.31691004E-05   2.84644007E-03
   9.24195992E-05   2.84746010E-03
   5.45902985E-05   2.84789992E-03
   1.22202002E-03   2.80561997E-03
   8.15531006E-04   2.76703993E-03
   6.15683020E-05   2.79763993E-03
   9.06650021E-05   2.80920998E-03
   1.00767000E-04   2.84908991E-03
   5.29097015E-05   2.85010994E-03
   6.90243978E-05   2.85054999E-03
   9.98270989E-05   2.72845989E-03
   1.47629005E-04   2.75905989E-03
   2.39429006E-04   2.77062994E-03
   5.96645004E-05   2.81051011E-03
   7.99347035E-05   2.81152991E-03
   1.75937002E-05   2.81196996E-03
   6.20342007E-06   2.78965989E-03
   1.81323994E-05   2.80122994E-03
   2.38583993E-06   2.84111011E-03
   1.90864989E-06   2.84212991E-03
   1.57465001E-05   2.84256996E-03
   2.85363003E-05   2.81280000E-03
   5.82392022E-06   2.85267993E-03
   1.28122001E-05   2.85369996E-03
   3.14487006E-05   2.85414001E-03
   4.78883010E-07   2.89357989E-03
   3.11273993E-06   2.89401994E-03
   2.39435991E-07   2.89459992E-03
   4.30983982E-06   2.89503997E-03
       -1137       -1137
   6.91305008E-03   3.86399988E-05
   1.70920007E-02   5.23599992E-05
   2.75650993E-02   2.61259993E-04
   2.69706994E-02   2.63910013E-04
   3.20055010E-03   2.25330004E-04
   3.72158992E-03   2.55930005E-04
   2.91677006E-03   2.67500000E-04
   2.44432013E-04   3.07379989E-04
   5.51839999E-04   3.08399991E-04
   2.75633996E-04   3.08840012E-04
   5.30999005E-02   9.97699972E-05
   5.35177998E-02   1.98769994E-04
   5.74637987E-02   2.73009995E-04
   2.12196000E-02   4.37340001E-04
   2.50049997E-02   4.51060012E-04
  0.134320006       6.59959973E-04
  0.205050007       6.62609993E-04
   9.59372986E-03   6.24030014E-04
   7.07015023E-03   6.54630014E-04
   8.12789984E-03   6.66200009E-04
   7.06720981E-04   7.06079998E-04
   8.38948006E-04   7.07100029E-04
   8.64860020E-04   7.07540021E-04
   8.70322995E-03   1.68869999E-04
   6.09266013E-02   2.67869997E-04
   5.44650014E-03   3.42109997E-04
   9.82739963E-04   5.06440003E-04
   2.96689011E-03   5.20160014E-04
   4.86752996E-03   7.29059975E-04
   3.57175991E-03   7.31709995E-04
   1.05135003E-03   6.93130016E-04
   6.40679011E-03   7.23730016E-04
   6.98964985E-04   7.35300011E-04
   1.99642000E-05   7.75180000E-04
   8.66451010E-05   7.76199973E-04
   9.07235008E-05   7.76640023E-04
   8.44397000E-04   1.44574000E-03
   1.19941002E-02   1.54474005E-03
   1.75067002E-03   1.61897996E-03
   3.88905988E-04   1.78330997E-03
   1.39418000E-03   1.79702998E-03
   4.65484991E-05   2.00593006E-03
   8.97435006E-04   2.00857990E-03
   2.38056993E-04   1.97000010E-03
   1.21857994E-03   2.00060010E-03
   2.32167004E-04   2.01216992E-03
   1.00172001E-05   2.05205008E-03
   4.06594991E-05   2.05307011E-03
   2.12133000E-05   2.05350993E-03
   9.09285992E-03   1.64373999E-03
   2.61976998E-02   1.71798002E-03
   2.54452992E-02   1.88231003E-03
   4.09770012E-02   1.89603004E-03
   1.29674003E-02   2.10493011E-03
   2.20343992E-02   2.10757996E-03
   2.15790002E-03   2.06899992E-03
   2.35288008E-03   2.09959992E-03
   3.81244998E-03   2.11116998E-03
   8.39120010E-04   2.15104991E-03
   1.26632000E-03   2.15206994E-03
   1.96227003E-04   2.15250999E-03
   7.19478994E-04   1.79222005E-03
   1.86327996E-03   1.95654994E-03
   1.55922002E-03   1.97026995E-03
   9.15537961E-03   2.17917003E-03
   2.54393998E-03   2.18182011E-03
   2.08013997E-04   2.14324007E-03
   2.72229989E-03   2.17384007E-03
   1.77958995E-04   2.18540989E-03
   5.06782999E-05   2.22529005E-03
   4.30174987E-05   2.22631008E-03
   1.76783997E-05   2.22674990E-03
   8.55597027E-04   2.12087994E-03
   2.32338998E-03   2.13459996E-03
   1.06537004E-03   2.34350003E-03
   1.94809004E-03   2.34615011E-03
   6.48194982E-05   2.30757007E-03
   2.57984991E-03   2.33817007E-03
   2.39248999E-04   2.34973989E-03
   4.77296016E-05   2.38962006E-03
   6.71738017E-05   2.39064009E-03
   5.89253023E-06   2.39107991E-03
   5.60373010E-04   2.14831997E-03
   3.30939004E-03   2.35722004E-03
   7.25983002E-04   2.35986989E-03
   2.00936993E-04   2.32129009E-03
   4.21372987E-03   2.35189009E-03
   1.78546004E-04   2.36345991E-03
   6.65863990E-05   2.40334007E-03
   3.00522006E-05   2.40436010E-03
   1.76779995E-05   2.40479992E-03
   2.80834991E-03   2.56611989E-03
   1.81342997E-02   2.56876997E-03
   2.94637994E-06   2.53018993E-03
   1.21679006E-03   2.56078993E-03
   1.25334004E-03   2.57235998E-03
   3.82998987E-05   2.61223991E-03
   1.11957997E-04   2.61325995E-03
   9.49910027E-04   2.57142005E-03
   1.36709001E-04   2.53284001E-03
   2.04770989E-03   2.56344001E-03
   3.14095989E-04   2.57501006E-03
   6.54086980E-05   2.61488999E-03
   2.29811994E-05   2.61591002E-03
   1.23745003E-05   2.61635007E-03
   2.00327995E-05   2.49425997E-03
   2.67583993E-04   2.52485997E-03
   3.36234007E-05   2.53643002E-03
   2.14638999E-06   2.57630995E-03
   7.15452006E-06   2.57732999E-03
   3.57742010E-06   2.57777004E-03
   2.35315005E-04   2.55545997E-03
   6.48325018E-04   2.56703002E-03
   1.39272001E-04   2.60690995E-03
   2.13228006E-04   2.60792999E-03
   3.26556001E-05   2.60837004E-03
   4.43776007E-05   2.57860008E-03
   2.56927997E-05   2.61848001E-03
   1.86857997E-05   2.61950004E-03
   9.34246964E-06   2.61994009E-03
   5.89240983E-07   2.65835994E-03
   1.76774995E-06   2.65937997E-03
   5.32447984E-07   2.66040000E-03
   5.32447984E-07   2.66084005E-03
       -1137       -1137
   1.02840001E-02   1.20440003E-04
   1.01076998E-02   1.34160000E-04
   1.54141998E-02   3.43060005E-04
   2.24654004E-02   3.45709996E-04
   2.20368989E-03   3.07129987E-04
   1.71564997E-03   3.37729987E-04
   6.03369996E-03   3.49300011E-04
   2.89182004E-04   3.89180001E-04
   2.75322003E-04   3.90200003E-04
   1.95268003E-04   3.90639994E-04
  0.119108997       2.52099999E-05
   4.58861999E-02   1.89540006E-04
   6.37399033E-02   2.03260002E-04
  0.157104999       4.12160007E-04
  0.189154997       4.14809998E-04
   1.30684003E-02   3.76229989E-04
   1.16983000E-02   4.06829990E-04
   1.55381002E-02   4.18400014E-04
   1.29814004E-03   4.58280003E-04
   1.79430004E-03   4.59300005E-04
   1.16769003E-03   4.59739997E-04
   5.16570988E-04   1.12884003E-03
   8.79729982E-04   1.22783997E-03
   1.46006998E-02   1.30208000E-03
   8.59504973E-04   1.46641000E-03
   9.79488017E-04   1.48013001E-03
   1.36723998E-03   1.68902997E-03
   2.25579995E-03   1.69168005E-03
   1.44620004E-04   1.65310001E-03
   1.04835002E-04   1.68370001E-03
   1.45185995E-03   1.69526995E-03
   2.58913005E-05   1.73515000E-03
   2.71560002E-05   1.73617003E-03
   1.26304003E-05   1.73660996E-03
   7.07280997E-05   1.32684002E-03
   1.76488999E-02   1.40108005E-03
   3.92185990E-04   1.56541006E-03
   3.47581995E-03   1.57912995E-03
   1.49857998E-03   1.78803003E-03
   8.48472957E-03   1.79067999E-03
   1.10514004E-04   1.75209995E-03
   1.51560998E-05   1.78269995E-03
   1.78335002E-03   1.79427001E-03
   1.19984998E-05   1.83415005E-03
   9.15693017E-05   1.83516997E-03
   9.47262015E-06   1.83561002E-03
   2.39362996E-02   1.47531996E-03
   3.39924991E-02   1.63964997E-03
   4.47885990E-02   1.65336998E-03
   2.50141993E-02   1.86226994E-03
   2.86030006E-02   1.86492002E-03
   2.57645990E-03   1.82633998E-03
   2.65467004E-03   1.85693998E-03
   5.87410014E-03   1.86851004E-03
   1.09311996E-03   1.90838997E-03
   1.37414003E-03   1.90941000E-03
   2.33029001E-04   1.90985005E-03
   2.19135996E-04   1.80397998E-03
   4.94599994E-03   1.81769999E-03
   6.34684984E-04   2.02660006E-03
   7.62995007E-03   2.02924991E-03
   9.47273002E-05   1.99067011E-03
   2.90502994E-05   2.02127011E-03
   3.38921999E-03   2.03283993E-03
   1.19985998E-05   2.07272009E-03
   1.37038005E-04   2.07373989E-03
   8.20970035E-06   2.07417994E-03
   2.25143996E-03   1.83142000E-03
   6.18271017E-03   2.04032008E-03
   5.25319017E-03   2.04296992E-03
   1.09888999E-04   2.00438988E-03
   3.05671012E-04   2.03498988E-03
   4.41686995E-03   2.04655994E-03
   1.43359997E-04   2.08644010E-03
   1.24412007E-04   2.08745990E-03
   9.47308035E-06   2.08789995E-03
   8.39270011E-04   2.24921992E-03
   2.25214008E-02   2.25187000E-03
   1.42089993E-04   2.21328996E-03
   1.90085993E-04   2.24388996E-03
   2.37955991E-03   2.25546001E-03
   2.33661995E-05   2.29533995E-03
   1.81245006E-04   2.29635998E-03
   1.19986998E-05   2.29680003E-03
   8.82043038E-03   2.25452008E-03
   1.94513996E-04   2.21594004E-03
   1.07422005E-03   2.24654004E-03
   2.80980999E-03   2.25811009E-03
   2.44411989E-04   2.29799002E-03
   1.64829995E-04   2.29901006E-03
   1.57885006E-05   2.29945011E-03
   1.56039005E-05   2.17736000E-03
   2.01938001E-05   2.20796000E-03
   3.72670009E-04   2.21953006E-03
   4.58931981E-06   2.25940999E-03
   4.58931981E-06   2.26043002E-03
   2.75364005E-06   2.26087007E-03
   9.97168968E-07   2.23856000E-03
   4.24838014E-04   2.25013006E-03
   9.97168968E-07   2.29000999E-03
   1.29635000E-05   2.29103002E-03
   1.99438000E-06   2.29147007E-03
   1.02853996E-03   2.26170011E-03
   3.23512999E-04   2.30158004E-03
   4.02053993E-04   2.30260007E-03
   6.91906025E-05   2.30303989E-03
   4.42059991E-06   2.34248000E-03
   1.26299994E-06   2.34350003E-03
       -1137       -1137
   8.86427015E-02   1.34600004E-05
   1.33897997E-02   1.61099997E-05
   6.40664017E-04   8.13000042E-06
   2.02185009E-03   1.97000008E-05
   4.65872977E-03   5.95800011E-05
   6.28286973E-04   6.05999994E-05
   1.68158993E-04   6.10400020E-05
   3.64420994E-05   7.30140018E-04
   1.55726005E-03   8.29140015E-04
   1.10723998E-03   9.03379987E-04
   4.04133983E-02   1.06770999E-03
   4.72065993E-03   1.08143000E-03
   1.47179998E-02   1.29032996E-03
   4.41225991E-03   1.29298004E-03
   2.10235994E-05   1.25440001E-03
   1.87811995E-04   1.28500001E-03
   1.09323999E-04   1.29656994E-03
   9.86707979E-04   1.33644999E-03
   1.13529997E-04   1.33747002E-03
   1.40165002E-06   1.33790995E-03
   9.16644989E-04   9.28140013E-04
   5.74945007E-03   1.00238004E-03
   3.56626995E-02   1.16671005E-03
   2.74000992E-03   1.18042994E-03
   9.26182047E-03   1.38933002E-03
   4.61544003E-03   1.39197998E-03
   1.87811005E-04   1.35339994E-03
   2.22853007E-04   1.38399994E-03
   6.33516000E-04   1.39557000E-03
   8.64772999E-04   1.43545005E-03
   7.42854027E-05   1.43646996E-03
   1.68188999E-05   1.43691001E-03
   2.05190992E-03   1.07661996E-03
   7.34615028E-02   1.24094996E-03
   2.76675005E-03   1.25466997E-03
   4.13335999E-03   1.46357005E-03
   2.37572007E-03   1.46622001E-03
   1.51369997E-04   1.42763997E-03
   5.84468013E-04   1.45823997E-03
   4.34499991E-04   1.46981003E-03
   1.79827004E-03   1.50968996E-03
   6.86764979E-05   1.51070999E-03
   1.26139003E-05   1.51115004E-03
   6.40053004E-02   1.40527997E-03
  0.128120005       1.41899998E-03
   5.81951998E-02   1.62790006E-03
   7.17531964E-02   1.63055002E-03
   6.61851978E-03   1.59196998E-03
   5.39920991E-03   1.62256998E-03
   1.04125999E-02   1.63414003E-03
   3.64562008E-03   1.67401996E-03
   3.88525007E-03   1.67504000E-03
   5.95704012E-04   1.67548005E-03
   2.07013008E-03   1.43271999E-03
   6.30154982E-02   1.64161995E-03
   3.34140006E-03   1.64427003E-03
   4.35888011E-04   1.60568999E-03
   2.71913013E-04   1.63628999E-03
   3.22373991E-04   1.64786004E-03
   3.15498002E-03   1.68773998E-03
   1.06521002E-04   1.68876001E-03
   3.64418993E-05   1.68920006E-03
   5.33588007E-02   1.85052003E-03
  0.154984996       1.85316999E-03
   2.50050006E-03   1.81458995E-03
   1.17172999E-03   1.84518995E-03
   5.90084994E-04   1.85676001E-03
   1.50948996E-03   1.89664005E-03
   1.83889002E-03   1.89765997E-03
   2.25652999E-04   1.89810002E-03
   3.51598999E-03   1.85581995E-03
   5.80977998E-04   1.81724003E-03
   3.55222001E-04   1.84784003E-03
   3.29625007E-04   1.85940997E-03
   1.77158997E-03   1.89929001E-03
   9.93408976E-05   1.90031005E-03
   4.96704997E-05   1.90074998E-03
   3.51388007E-06   1.77865999E-03
   5.97307007E-05   1.80925999E-03
   3.86532010E-05   1.82083005E-03
   4.07601998E-04   1.86070998E-03
   2.81109005E-05   1.86173001E-03
   5.02051007E-05   1.83985999E-03
   2.45989999E-04   1.85143005E-03
   4.71904001E-04   1.89130998E-03
   3.01212003E-05   1.89233001E-03
   1.00404995E-05   1.89276994E-03
   1.07307998E-04   1.86299998E-03
   1.15520996E-03   1.90288003E-03
   3.78744007E-05   1.90389995E-03
   6.31280000E-06   1.90434000E-03
   3.38294994E-05   1.94275996E-03
   9.72549969E-05   1.94377999E-03
   1.40957000E-05   1.94422004E-03
   1.40160000E-06   1.94480002E-03
   1.40160000E-06   1.94523996E-03
       -1137       -1137
   3.02705007E-06   6.61040016E-04
   3.51146009E-04   7.60040013E-04
   2.74408003E-03   8.34279985E-04
   4.21534991E-03   9.98610049E-04
   4.69039008E-02   1.01232994E-03
   4.77073016E-03   1.22123002E-03
   1.68216992E-02   1.22387998E-03
   1.36221997E-05   1.18529995E-03
   1.96762994E-05   1.21589995E-03
   2.86060007E-04   1.22747000E-03
   1.01407000E-04   1.26735005E-03
   1.08982006E-03   1.26836996E-03
   1.51361996E-06   1.26881001E-03
   4.54064002E-06   8.59040010E-04
   7.02416012E-03   9.33279982E-04
   3.69302987E-04   1.09760999E-03
   4.79280986E-02   1.11133000E-03
   2.27639009E-03   1.32022996E-03
   8.58153962E-03   1.32288004E-03
   4.08663982E-05   1.28430000E-03
   3.02702006E-06   1.31490000E-03
   7.24991027E-04   1.32647005E-03
   4.54064002E-06   1.36634998E-03
   1.11542002E-03   1.36737002E-03
   3.02702006E-06   1.36780995E-03
   5.07494994E-03   1.00752001E-03
   4.48019011E-03   1.17185002E-03
   7.39412978E-02   1.18557003E-03
   2.80309003E-03   1.39446999E-03
   5.92395989E-03   1.39711995E-03
   3.84448009E-04   1.35854003E-03
   6.96244009E-04   1.38914003E-03
   1.08065002E-03   1.40070997E-03
   1.27132007E-04   1.44059001E-03
   1.71496999E-03   1.44161005E-03
   3.32985983E-05   1.44204998E-03
   9.64091974E-04   1.33618002E-03
   9.93712991E-02   1.34990003E-03
   3.07100010E-03   1.55880000E-03
   4.16418016E-02   1.56144996E-03
   3.73838993E-04   1.52287004E-03
   6.05380992E-05   1.55347004E-03
   4.73738008E-04   1.56503997E-03
   5.14593012E-05   1.60492002E-03
   2.33236002E-03   1.60594005E-03
   3.17833983E-05   1.60637998E-03
  0.111910999       1.36362005E-03
   6.83777034E-02   1.57252001E-03
  0.106647998       1.57516997E-03
   7.41347019E-03   1.53659005E-03
   6.97741006E-03   1.56719005E-03
   1.05700996E-02   1.57875998E-03
   3.16027994E-03   1.61864003E-03
   6.02226006E-03   1.61965995E-03
   6.64410007E-04   1.62010000E-03
   4.57380991E-03   1.78141997E-03
  0.146342993       1.78407005E-03
   6.25074026E-04   1.74549001E-03
   3.08754010E-04   1.77609001E-03
   3.23893008E-04   1.78765994E-03
   9.53523995E-05   1.82753999E-03
   1.52722001E-03   1.82856002E-03
   5.44860995E-05   1.82899996E-03
   9.98871028E-02   1.78672001E-03
   2.77574989E-03   1.74813997E-03
   1.25312002E-03   1.77873997E-03
   7.94605992E-04   1.79031002E-03
   1.25771004E-03   1.83018995E-03
   2.68187001E-03   1.83120999E-03
   2.51232996E-04   1.83165004E-03
   4.58966997E-06   1.70956005E-03
   9.17876969E-06   1.74016005E-03
   1.28505999E-04   1.75172999E-03
   3.21273001E-05   1.79161003E-03
   5.27787022E-04   1.79262995E-03
   2.06030003E-04   1.78232999E-03
   4.12085001E-06   1.82221003E-03
   4.45028010E-04   1.82322995E-03
   2.07199002E-04   1.79390004E-03
   4.78170987E-05   1.83377997E-03
   8.65973008E-04   1.83480000E-03
   1.06257003E-05   1.83524005E-03
   7.41633994E-05   1.87468005E-03
   1.51361996E-06   1.87511998E-03
   6.35667020E-05   1.87569996E-03
   1.51363001E-05   1.87614001E-03
       -1137       -1137
   1.32144000E-02   4.33599998E-05
   1.07922005E-02   4.60099982E-05
   3.41725983E-02   7.43000010E-06
   3.13551985E-02   3.80300007E-05
   5.66436015E-02   4.95999993E-05
   1.18490998E-02   8.94800032E-05
   2.00066008E-02   9.04999979E-05
   3.13057005E-03   9.09399969E-05
  0.116576999       1.17600001E-04
  0.146631002       1.20249999E-04
   4.13186997E-02   8.16699976E-05
   4.55922000E-02   1.12269998E-04
   5.19150011E-02   1.23840000E-04
   1.51807005E-02   1.63720004E-04
   1.78669002E-02   1.64740006E-04
   3.66918999E-03   1.65179998E-04
   3.87473009E-03   5.93100012E-05
   9.61222034E-03   7.30300017E-05
   4.72299987E-03   2.81929999E-04
   1.01009002E-02   2.84579990E-04
   1.52848000E-02   2.46000011E-04
   3.85830994E-03   2.76600011E-04
   7.84571003E-03   2.88170006E-04
   4.93725995E-04   3.28049995E-04
   4.40509000E-04   3.29069997E-04
   1.09047000E-03   3.29509989E-04
   7.12986011E-03   8.67499984E-05
   1.14361998E-02   2.95650010E-04
   1.04957996E-02   2.98300001E-04
   2.15914994E-02   2.59719993E-04
   8.44249967E-03   2.90319993E-04
   7.70520000E-03   3.01889988E-04
   4.03498008E-04   3.41770006E-04
   7.00264995E-04   3.42790008E-04
   1.53278001E-03   3.43230000E-04
   7.05760997E-03   5.04550000E-04
   1.51880002E-02   5.07200020E-04
   1.62317995E-02   4.68620012E-04
   2.04167003E-03   4.99219983E-04
   5.98928006E-03   5.10789978E-04
   1.94995999E-04   5.50670025E-04
   1.33912006E-04   5.51689998E-04
   1.04882999E-03   5.52129990E-04
   1.17672998E-02   5.09849982E-04
   2.10784003E-02   4.71270003E-04
   1.17299997E-03   5.01870003E-04
   7.22922012E-03   5.13439998E-04
   1.22368001E-04   5.53319987E-04
   2.85960996E-04   5.54340018E-04
   1.35973003E-03   5.54780010E-04
   2.01440994E-02   4.32689994E-04
   2.63810009E-02   4.63289995E-04
   4.31725010E-02   4.74859989E-04
   1.08313002E-02   5.14740008E-04
   1.45950997E-02   5.15759981E-04
   3.17882001E-03   5.16199972E-04
   3.13990004E-03   4.93890024E-04
   1.29813002E-02   5.05460019E-04
   1.49341999E-03   5.45340008E-04
   1.46059995E-03   5.46359981E-04
   2.62032007E-03   5.46799973E-04
   9.69425030E-03   5.17030014E-04
   1.87398004E-03   5.56910003E-04
   2.92361993E-03   5.57929976E-04
   4.37458977E-03   5.58370026E-04
   7.21796023E-05   5.96789992E-04
   3.33120988E-04   5.97810023E-04
   1.09382998E-03   5.98250015E-04
   1.61709002E-04   5.98829996E-04
   1.48323004E-03   5.99269988E-04
       -1137       -1137
   3.83707993E-02   1.85999997E-05
   3.31339017E-02   2.12499999E-05
   1.12969000E-02   1.32699997E-05
   1.21037997E-02   2.48399992E-05
   1.99260004E-03   6.47199995E-05
   2.99733994E-03   6.57400014E-05
   1.22348999E-03   6.61800004E-05
  0.153155997       1.82930002E-04
  0.329282999       1.85579993E-04
   3.58369015E-02   1.46999999E-04
   2.66699009E-02   1.77599999E-04
   4.17513996E-02   1.89169994E-04
   6.91328011E-03   2.29049998E-04
   1.20422998E-02   2.30070000E-04
   3.20990989E-03   2.30510006E-04
   4.38092984E-02   1.96649999E-04
   1.12757003E-02   1.99300004E-04
   5.93021978E-03   1.60719996E-04
   2.44255997E-02   1.91319996E-04
   5.09771006E-03   2.02890005E-04
   1.07076997E-03   2.42769995E-04
   7.14585010E-04   2.43789997E-04
   4.44069010E-04   2.44230003E-04
   3.04730004E-03   4.05550003E-04
   2.08480004E-02   4.08199994E-04
   3.96921998E-03   3.69619986E-04
   1.67791005E-02   4.00219986E-04
   3.91216995E-03   4.11790010E-04
   1.35180005E-03   4.51669999E-04
   5.31061029E-04   4.52690001E-04
   3.55778990E-04   4.53129993E-04
   1.13383995E-03   4.10850014E-04
   3.01918993E-03   3.72270006E-04
   3.64134014E-02   4.02870006E-04
   2.32070009E-03   4.14440001E-04
   3.60181998E-03   4.54319990E-04
   2.60211003E-04   4.55339992E-04
   2.23322000E-04   4.55780013E-04
   6.32064999E-04   3.33689997E-04
   9.18115955E-03   3.64289997E-04
   1.60673005E-03   3.75859992E-04
   7.09888991E-04   4.15740011E-04
   4.48423991E-04   4.16760013E-04
   9.45803986E-05   4.17200004E-04
   1.51156997E-02   3.94889998E-04
   4.09337990E-02   4.06459993E-04
   8.41331016E-03   4.46340011E-04
   1.38224997E-02   4.47360013E-04
   2.30781990E-03   4.47800005E-04
   1.71352003E-03   4.18029987E-04
   2.44001998E-03   4.57910006E-04
   7.98117020E-04   4.58930008E-04
   3.32277006E-04   4.59370000E-04
   8.02244995E-06   4.97789995E-04
   2.47651005E-05   4.98810026E-04
   9.94091988E-06   4.99250018E-04
   2.44159992E-06   4.99829999E-04
   4.88320984E-06   5.00269991E-04
       -1137       -1137
   1.46252997E-02   1.08690001E-04
   4.08717990E-02   1.11339999E-04
   1.32852998E-02   7.27599981E-05
   1.04393000E-02   1.03359998E-04
   3.58121991E-02   1.14930001E-04
   2.79557006E-03   1.54809997E-04
   5.37585001E-03   1.55829999E-04
   1.14495005E-03   1.56270005E-04
  0.200274006       1.22409998E-04
  0.218995005       1.25060003E-04
   6.72070980E-02   8.64800022E-05
   6.96554035E-02   1.17080002E-04
   9.30273011E-02   1.28650005E-04
   2.29007006E-02   1.68529994E-04
   2.54698005E-02   1.69549996E-04
   6.17263000E-03   1.69990002E-04
   7.78697024E-04   3.31310002E-04
   2.03316007E-02   3.33959993E-04
   5.33425994E-03   2.95380014E-04
   2.52291001E-03   3.25980014E-04
   3.49314995E-02   3.37550009E-04
   3.05002992E-04   3.77429998E-04
   1.71500002E-03   3.78450000E-04
   3.54193005E-04   3.78889992E-04
   8.59262981E-03   3.36610014E-04
   1.13596004E-02   2.98030005E-04
   9.47014987E-03   3.28630005E-04
   4.23998013E-02   3.40200000E-04
   3.30178998E-04   3.80079990E-04
   2.10231007E-03   3.81099992E-04
   8.52424011E-04   3.81540012E-04
   4.97886003E-06   2.59449997E-04
   2.90622993E-04   2.90049997E-04
   5.81722986E-03   3.01619992E-04
   1.74881003E-04   3.41500010E-04
   3.34214012E-04   3.42520012E-04
   2.48943002E-06   3.42960004E-04
   1.98143007E-05   3.20649997E-04
   4.67815017E-03   3.32219992E-04
   7.47977974E-05   3.72100010E-04
   2.64019996E-04   3.73120012E-04
   1.83285993E-05   3.73560004E-04
   1.03575997E-02   3.43789987E-04
   3.21189989E-03   3.83670005E-04
   4.16086987E-03   3.84690007E-04
   7.32691027E-04   3.85129999E-04
   4.36044002E-06   4.23549995E-04
   4.30600994E-05   4.24569997E-04
   5.45057992E-06   4.25009988E-04
   2.95234004E-05   4.25589998E-04
   1.28826996E-05   4.26029990E-04
       -1137       -1137
   1.85984001E-02   4.20000015E-06
   2.80192005E-03   5.21999982E-06
   5.24820993E-04   5.66000017E-06
  0.159618005       1.66979997E-04
  0.500492990       1.69630002E-04
   6.21867999E-02   1.31049994E-04
   5.09073995E-02   1.61649994E-04
   7.43793026E-02   1.73220003E-04
   2.38175001E-02   2.13099993E-04
   2.31785998E-02   2.14119995E-04
   5.68465004E-03   2.14560001E-04
   6.01718994E-03   1.72279993E-04
   6.16087997E-03   1.33699999E-04
   1.37705002E-02   1.64300000E-04
   5.15912008E-03   1.75869995E-04
   2.70358995E-02   2.15749998E-04
   1.00146001E-03   2.16770000E-04
   4.58250986E-04   2.17210007E-04
   1.04479003E-03   9.51199982E-05
   1.57934998E-03   1.25720006E-04
   1.65981997E-03   1.37290001E-04
   2.28910008E-03   1.77170004E-04
   7.86327990E-04   1.78190006E-04
   1.07442000E-04   1.78629998E-04
   5.85465983E-04   1.56320006E-04
   2.30135000E-03   1.67890001E-04
   1.76676002E-03   2.07770005E-04
   4.32517991E-04   2.08790007E-04
   1.03539001E-04   2.09229998E-04
   8.24573974E-04   1.79459996E-04
   2.98498990E-03   2.19340000E-04
   2.68664007E-04   2.20360002E-04
   6.56964985E-05   2.20799993E-04
   2.75873987E-04   2.59219989E-04
   7.93283980E-04   2.60239991E-04
   1.57948001E-04   2.60680012E-04
   1.38117002E-05   2.61259993E-04
   1.91244999E-05   2.61700014E-04
       -1137       -1137
   9.97848995E-03   1.53260000E-04
  0.368128985       1.55910006E-04
   8.37404002E-03   1.17329997E-04
   4.98678023E-03   1.47929997E-04
   1.30610000E-02   1.59500007E-04
   1.29359995E-03   1.99379996E-04
   2.31839009E-02   2.00399998E-04
   6.83256018E-04   2.00840004E-04
  0.274576008       1.58559997E-04
   6.62062988E-02   1.19980003E-04
   6.73492029E-02   1.50580003E-04
   7.45742992E-02   1.62149998E-04
   2.09053997E-02   2.02030002E-04
   3.99367996E-02   2.03050004E-04
   6.10222016E-03   2.03489995E-04
   1.73489004E-03   8.14000014E-05
   1.44289003E-03   1.12000002E-04
   3.33479000E-03   1.23570004E-04
   9.22501029E-04   1.63449993E-04
   3.15999007E-03   1.64469995E-04
   1.72939006E-04   1.64910001E-04
   2.02031995E-04   1.42599994E-04
   2.26691994E-03   1.54170004E-04
   1.05471001E-04   1.94049993E-04
   1.78962003E-03   1.95069995E-04
   5.50645018E-05   1.95510002E-04
   9.21736995E-04   1.65739999E-04
   3.41640989E-04   2.05620003E-04
   2.53679999E-03   2.06640005E-04
   1.07020998E-04   2.07079996E-04
   6.59223997E-06   2.45500007E-04
   6.56523975E-04   2.46520009E-04
   2.21034006E-05   2.46960000E-04
   5.57627995E-04   2.47540011E-04
   1.82251999E-04   2.47980002E-04
       -1137       -1137
  0.124135002       2.10800008E-05
  0.189091995       2.20999991E-05
   4.34221998E-02   2.25399999E-05
  0.335074991       3.26500012E-05
  0.219488993       3.36699995E-05
   4.88854013E-02   3.41099985E-05
   6.43522013E-04   7.25299979E-05
   2.27033999E-02   7.35499998E-05
   6.91701006E-03   7.39899988E-05
   2.75909994E-03   7.45700017E-05
   6.87428983E-03   7.54499997E-05
       -1137       -1137
  0.573155999       2.04999992E-06
   8.46330002E-02   3.07000005E-06
   1.01199998E-02   3.50999994E-06
   5.42414002E-02   4.19300013E-05
  0.235835001       4.29499996E-05
   3.45428996E-02   4.33899986E-05
   3.55677004E-03   4.39700016E-05
   3.91221978E-03   4.44100006E-05
   2.36960000E-06   4.48499995E-05
       -1137       -1137
   3.14070992E-02   3.03600009E-05
  0.645803988       3.13800010E-05
   5.70723005E-02   3.18200000E-05
  0.153330997       3.23999993E-05
  0.109530002       3.28399983E-05
   2.85570999E-03   3.32800009E-05
       -1137       -1137
          -1          -1
