   4.46688989E-03   4.81659994E-02
   6.62377989E-03   4.86919992E-02
   4.35370998E-03   5.02390005E-02
   1.77472003E-03   5.80860004E-02
   1.41507003E-03   5.83258010E-02
   9.91825946E-04   5.86642995E-02
   8.09713965E-05   5.90714999E-02
   6.56288976E-05   5.91451004E-02
   4.33192996E-04   6.04679994E-02
   3.35710996E-04   6.05699010E-02
   2.33387007E-04   6.06498010E-02
   1.98696998E-05   6.08188994E-02
   1.58572002E-05   6.08337000E-02
   6.47252989E-08   6.10498004E-02
   6.47252989E-08   6.10526986E-02
   8.07744000E-05   6.10179007E-02
   5.37851993E-05   6.10500015E-02
   3.58575016E-05   6.10628016E-02
   1.48862000E-06   6.11051992E-02
   3.88325986E-07   6.11063987E-02
   4.31780994E-04   4.92179990E-02
   8.01638979E-03   5.07650003E-02
   1.12985005E-03   5.86120002E-02
   1.62074997E-04   5.88518009E-02
   1.52063998E-03   5.91902994E-02
   8.51809018E-05   5.95974997E-02
   2.37546003E-04   5.96711002E-02
   2.66490009E-04   6.09939992E-02
   3.73477997E-05   6.10959008E-02
   3.43621999E-04   6.11758009E-02
   2.01944003E-05   6.13448992E-02
   5.62474997E-05   6.13596998E-02
   5.17835019E-07   6.15758002E-02
   7.76732008E-07   6.15786985E-02
   4.93238003E-05   6.15439005E-02
   5.95496022E-06   6.15760013E-02
   5.22970004E-05   6.15888014E-02
   1.48869003E-06   6.16311990E-02
   1.29447994E-06   6.16323985E-02
   3.55824991E-03   5.23120016E-02
   6.83756021E-04   6.01590015E-02
   1.40909001E-03   6.03987984E-02
   1.39478000E-03   6.07373007E-02
   2.68144009E-04   6.11445010E-02
   2.28350997E-04   6.12181015E-02
   1.58191993E-04   6.25410005E-02
   3.20719992E-04   6.26429021E-02
   3.17928992E-04   6.27228022E-02
   6.40786966E-05   6.28919005E-02
   5.42421003E-05   6.29066974E-02
   8.41438975E-07   6.31228015E-02
   9.06161006E-07   6.31256998E-02
   2.91268007E-05   6.30908981E-02
   5.09411002E-05   6.31230026E-02
   4.84804004E-05   6.31358027E-02
   4.78974016E-06   6.31781965E-02
   1.29446005E-06   6.31794035E-02
   1.73399996E-04   6.80060014E-02
   2.42271999E-04   6.82457983E-02
   1.57217000E-04   6.85843006E-02
   1.24270000E-05   6.89914972E-02
   9.51455968E-06   6.90651014E-02
   8.44021997E-05   7.03879967E-02
   5.75400991E-05   7.04898983E-02
   3.70878006E-05   7.05697984E-02
   3.04204991E-06   7.07388967E-02
   2.26536008E-06   7.07537010E-02
   1.57278992E-05   7.09379017E-02
   9.25541008E-06   7.09699988E-02
   5.69571012E-06   7.09827989E-02
   2.58890992E-07   7.10252002E-02
   6.47270966E-08   7.10263997E-02
   1.48224999E-05   6.84856027E-02
   2.74382997E-04   6.88240975E-02
   1.26863997E-05   6.92313015E-02
   3.17146005E-05   6.93048984E-02
   5.71507990E-05   7.06278011E-02
   6.79595996E-06   7.07297027E-02
   6.23294982E-05   7.08096027E-02
   3.04208993E-06   7.09787011E-02
   7.57306998E-06   7.09934980E-02
   6.47279990E-08   7.12096021E-02
   6.47279990E-08   7.12125003E-02
   1.06148000E-05   7.11776987E-02
   1.10038002E-06   7.12098032E-02
   9.51468974E-06   7.12226033E-02
   2.58895000E-07   7.12649971E-02
   1.94172003E-07   7.12661967E-02
   1.37930998E-04   6.91625997E-02
   4.18763011E-05   6.95697963E-02
   3.45648004E-05   6.96434006E-02
   3.64404004E-05   7.09663033E-02
   6.27797999E-05   7.10681975E-02
   6.29779024E-05   7.11480975E-02
   1.00969000E-05   7.13172033E-02
   8.28501015E-06   7.13320002E-02
   1.29444999E-07   7.15480968E-02
   1.29444999E-07   7.15510026E-02
   6.73141994E-06   7.15162009E-02
   9.96756989E-06   7.15482980E-02
   9.57947032E-06   7.15610981E-02
   7.76713989E-07   7.16034994E-02
   1.94169004E-07   7.16046989E-02
   6.47252989E-08   6.99770004E-02
   4.98339023E-06   7.00505972E-02
   2.91259994E-06   7.13734999E-02
   2.78313996E-06   7.14754015E-02
   9.06137029E-06   7.15553015E-02
   6.47252989E-08   7.17243999E-02
   1.16505998E-06   7.17391968E-02
   5.17810975E-07   7.19233975E-02
   4.53047988E-07   7.19555020E-02
   1.35916002E-06   7.19683021E-02
   1.16505998E-06   7.01242015E-02
   2.20056995E-06   7.14470968E-02
   6.79567984E-06   7.15489984E-02
   7.44287991E-06   7.16288984E-02
   1.16505998E-06   7.17979968E-02
   5.17810975E-07   7.18128011E-02
   3.88327010E-07   7.19970018E-02
   1.03558000E-06   7.20290989E-02
   1.10034000E-06   7.20418990E-02
   6.47252989E-08   7.20843002E-02
   1.02433996E-05   7.27699026E-02
   1.36140998E-05   7.28719011E-02
   8.62220986E-06   7.29516968E-02
   7.13154009E-07   7.31208995E-02
   5.18669026E-07   7.31356964E-02
   3.82486996E-06   7.33198002E-02
   2.20421998E-06   7.33520016E-02
   1.29656996E-06   7.33648017E-02
   6.48325980E-08   7.34072030E-02
   7.76722004E-07   7.29738995E-02
   1.43047000E-05   7.30537027E-02
   6.47274987E-07   7.32228011E-02
   1.61814000E-06   7.32375979E-02
   2.52420000E-06   7.34217986E-02
   2.58893010E-07   7.34539032E-02
   2.20064999E-06   7.34668002E-02
   6.47275016E-08   7.35090971E-02
   6.47275016E-08   7.35102966E-02
   6.91471996E-06   7.31334984E-02
   2.11803990E-06   7.33027011E-02
   1.74431000E-06   7.33174980E-02
   1.55739997E-06   7.35016018E-02
   2.18034006E-06   7.35338032E-02
   2.11803990E-06   7.35466033E-02
   1.86882005E-07   7.35889971E-02
   6.22978007E-08   7.35901967E-02
   2.75154008E-07   7.34865963E-02
   1.37577004E-07   7.36707970E-02
   1.37577004E-07   7.37029016E-02
   3.43942986E-07   7.37157986E-02
   6.90517012E-08   7.35014006E-02
   6.90517012E-08   7.36856014E-02
   2.76189013E-07   7.37176985E-02
   2.76189013E-07   7.37306029E-02
   3.88350998E-07   7.38698021E-02
   3.88350998E-07   7.39018992E-02
   2.58900002E-07   7.39146993E-02
   3.33071000E-07   7.39467964E-02
   1.56279995E-07   7.39597008E-02
       -1137       -1137
   1.55937001E-02   0.00000000    
   1.65724996E-02   5.97699982E-05
   4.60884022E-03   2.28920006E-04
   6.38055988E-03   2.43710005E-04
   1.35792000E-02   4.59789997E-04
   1.79322008E-02   4.62739990E-04
   3.71073000E-03   4.27880004E-04
   2.49427999E-03   4.59989998E-04
   2.43239012E-03   4.72849992E-04
   3.46627989E-04   5.15209977E-04
   1.54547000E-04   5.16399974E-04
  0.226824000       2.85000006E-05
  0.314424992       1.02099999E-04
   1.96010005E-02   1.42496999E-03
   7.93677010E-03   1.52693002E-03
   1.25404000E-02   1.60676998E-03
   2.85900999E-02   1.77592004E-03
   3.45449001E-02   1.79071003E-03
   2.01878995E-02   2.00678990E-03
   2.52937991E-02   2.00974010E-03
   3.49738006E-03   1.97488000E-03
   1.24154997E-03   2.00698990E-03
   1.90280995E-03   2.01985007E-03
   1.98928989E-03   2.06221011E-03
   7.51546002E-04   2.06340011E-03
   4.94094007E-03   6.88999984E-03
   1.00728003E-02   7.12980004E-03
   1.66223999E-02   7.46829994E-03
   1.25773000E-02   7.87550025E-03
   1.65583994E-02   7.94909988E-03
   2.04595993E-03   9.27197002E-03
   2.35030008E-03   9.37393028E-03
   3.80948000E-03   9.45376977E-03
   2.56605004E-03   9.62292030E-03
   3.34348995E-03   9.63770971E-03
   1.83790995E-04   9.85378958E-03
   2.06804994E-04   9.85674001E-03
   3.71940987E-04   9.82187968E-03
   3.75248987E-04   9.85398982E-03
   5.81235974E-04   9.86685045E-03
   1.87519996E-04   9.90920980E-03
   7.69574981E-05   9.91040003E-03
   2.48927008E-05   7.36959977E-03
   2.22582006E-04   7.70810014E-03
   5.93063014E-04   8.11529998E-03
   5.27227018E-03   8.18889961E-03
   1.64554000E-03   9.51176975E-03
   3.73390003E-06   9.61373001E-03
   4.50133994E-05   9.69357044E-03
   1.09727000E-04   9.86272004E-03
   6.81223988E-04   9.87751037E-03
   6.55499971E-05   1.00935996E-02
   2.29840996E-04   1.00964997E-02
   2.82738998E-04   1.00616999E-02
   4.14871010E-07   1.00937998E-02
   6.63796982E-06   1.01065999E-02
   8.08995992E-06   1.01490002E-02
   1.47289002E-05   1.01501998E-02
   4.79179987E-04   8.04660004E-03
   2.07446003E-03   8.45380034E-03
   1.28962996E-03   8.52739997E-03
   2.68733990E-03   9.85027011E-03
   5.04074997E-05   9.95223038E-03
   1.63666002E-04   1.00320997E-02
   1.82962001E-04   1.02011999E-02
   1.03708000E-04   1.02159996E-02
   1.32342000E-04   1.04320999E-02
   1.09316999E-04   1.04350001E-02
   4.60923999E-04   1.04002003E-02
   7.88254965E-06   1.04323002E-02
   2.36479991E-05   1.04451003E-02
   1.16166002E-05   1.04874996E-02
   2.07446010E-06   1.04887001E-02
   7.46790029E-04   8.86099972E-03
   2.29343995E-02   8.93460028E-03
   1.87733001E-03   1.02575002E-02
   1.69475999E-04   1.03594000E-02
   5.24825009E-04   1.04393000E-02
   2.97260005E-04   1.06084002E-02
   3.24704009E-03   1.06231999E-02
   2.02669995E-04   1.08393002E-02
   5.62997011E-04   1.08422004E-02
   3.17175989E-04   1.08073996E-02
   2.80044005E-05   1.08395005E-02
   8.13196966E-05   1.08522996E-02
   2.15737000E-05   1.08947000E-02
   7.09446977E-05   1.08959004E-02
   6.38432009E-03   9.00819991E-03
   2.50364002E-03   1.03310999E-02
   1.09609996E-03   1.04329996E-02
   3.38957994E-04   1.05128996E-02
   3.16821993E-03   1.06819998E-02
   1.90724002E-03   1.06968004E-02
   6.23365981E-04   1.09128999E-02
   4.74422995E-04   1.09158000E-02
   4.25052014E-04   1.08810002E-02
   1.71349006E-04   1.09131001E-02
   5.31053010E-05   1.09259002E-02
   2.18019995E-04   1.09682996E-02
   4.21113000E-05   1.09695001E-02
   2.00178998E-04   1.16539001E-02
   3.85421008E-04   1.17559005E-02
   6.18582999E-04   1.18356999E-02
   3.83561011E-04   1.20048998E-02
   5.03447023E-04   1.20197004E-02
   2.26114007E-05   1.22357998E-02
   2.46848995E-05   1.22386999E-02
   7.19812015E-05   1.22037996E-02
   6.16093021E-05   1.22360000E-02
   9.43885971E-05   1.22488001E-02
   2.80043005E-05   1.22912005E-02
   1.16166002E-05   1.22924000E-02
   1.01637997E-05   1.19377002E-02
   2.73820006E-05   1.21068005E-02
   1.46867998E-04   1.21216001E-02
   8.92006028E-06   1.23377005E-02
   3.54713011E-05   1.23407003E-02
   6.61727026E-05   1.23057999E-02
   1.45198999E-06   1.23508004E-02
   1.86689999E-06   1.23931002E-02
   3.11152007E-06   1.23942997E-02
   1.34843003E-05   1.20174997E-02
   5.22756018E-05   1.21866995E-02
   3.25684996E-05   1.22015001E-02
   2.51000001E-05   1.24175996E-02
   2.03290001E-05   1.24204997E-02
   1.06218999E-04   1.23856002E-02
   1.65956999E-06   1.24177998E-02
   3.94131985E-06   1.24305999E-02
   3.31903993E-06   1.24730002E-02
   6.22316975E-07   1.24741998E-02
   2.73824007E-05   1.23557998E-02
   4.89760016E-04   1.23706004E-02
   2.80043005E-05   1.25866998E-02
   5.93277982E-05   1.25896996E-02
   6.47206980E-05   1.25548001E-02
   4.35620996E-06   1.25869000E-02
   8.29730016E-06   1.25997998E-02
   3.94128983E-06   1.26421005E-02
   1.07868000E-05   1.26433000E-02
   1.52465000E-04   1.23854000E-02
   6.86605999E-05   1.26015004E-02
   5.82899011E-05   1.26043996E-02
   8.52587982E-05   1.25695998E-02
   2.30257992E-05   1.26016997E-02
   5.18594015E-06   1.26146004E-02
   3.42263011E-05   1.26569001E-02
   6.84536008E-06   1.26580996E-02
   1.02797003E-06   1.28175998E-02
   1.95324992E-05   1.28204999E-02
   6.16794978E-06   1.27857001E-02
   2.05599008E-06   1.28178000E-02
   6.16794978E-06   1.28306001E-02
   3.08389008E-06   1.28730005E-02
   2.39851011E-06   1.28742000E-02
   4.32606021E-06   1.28234997E-02
   6.84946008E-06   1.27886003E-02
   9.01266958E-06   1.28207002E-02
   5.04713989E-06   1.28335999E-02
   6.84946008E-06   1.28758997E-02
   2.16304011E-06   1.28771001E-02
   1.93527994E-05   1.27537996E-02
   3.18368984E-05   1.27859004E-02
   4.86926983E-05   1.27986996E-02
   1.43586003E-05   1.28410999E-02
   5.61846991E-06   1.28423003E-02
   1.69854002E-06   1.28308004E-02
   3.39690996E-06   1.28731998E-02
   3.39690996E-06   1.28744002E-02
   8.37238986E-07   1.28437001E-02
   2.51160009E-06   1.28861004E-02
   8.37238986E-07   1.28872003E-02
   2.23932005E-07   1.29284002E-02
   8.95662993E-07   1.29295997E-02
   3.10338010E-07   1.29308002E-02
       -1137       -1137
   6.24825014E-03   8.98970000E-04
   4.07851003E-02   1.00092997E-03
   1.20449001E-02   1.08077005E-03
   4.44377996E-02   1.24991999E-03
   1.54691003E-02   1.26470998E-03
   1.53377000E-03   1.48078997E-03
   2.32154992E-03   1.48374005E-03
   1.06934004E-03   1.44887995E-03
   6.05233992E-03   1.48098997E-03
   1.80307997E-03   1.49385002E-03
   3.13731004E-03   1.53620995E-03
   3.46527988E-04   1.53739995E-03
   6.63819024E-04   6.36400003E-03
   2.13345997E-02   6.60380023E-03
   2.03539990E-03   6.94230013E-03
   2.90595996E-03   7.34949997E-03
   2.17105006E-03   7.42310006E-03
   2.50101002E-04   8.74597020E-03
   3.29918996E-03   8.84792954E-03
   4.16455005E-04   8.92776996E-03
   4.19783988E-04   9.09691956E-03
   2.66633986E-04   9.11170989E-03
   8.81447995E-05   9.32778977E-03
   5.94970006E-05   9.33074020E-03
   4.46222984E-05   9.29587986E-03
   4.87521000E-04   9.32799000E-03
   6.22492007E-05   9.34084971E-03
   2.91979995E-05   9.38320998E-03
   5.50895993E-06   9.38440021E-03
   2.20266003E-02   6.84359996E-03
   5.91890998E-02   7.18209986E-03
   3.11008003E-02   7.58930016E-03
   4.65194993E-02   7.66289979E-03
   5.32627990E-03   8.98576993E-03
   8.67849030E-03   9.08773020E-03
   1.33341998E-02   9.16756969E-03
   6.34258986E-03   9.33672022E-03
   9.43654031E-03   9.35150962E-03
   4.25823004E-04   9.56759043E-03
   3.83406004E-04   9.57053993E-03
   9.97022027E-04   9.53567959E-03
   1.34906999E-03   9.56778973E-03
   2.02829996E-03   9.58065037E-03
   4.63270000E-04   9.62300971E-03
   2.17579000E-04   9.62419994E-03
   1.41420995E-03   7.52060022E-03
   3.05238999E-02   7.92779960E-03
   4.32622992E-03   8.00140016E-03
   4.28592990E-04   9.32427030E-03
   9.38889012E-03   9.42622963E-03
   5.44277020E-04   9.50607006E-03
   5.23953000E-03   9.67521966E-03
   7.09017972E-04   9.69000999E-03
   1.98320005E-04   9.90608986E-03
   1.06869004E-04   9.90904029E-03
   7.76754969E-05   9.87417996E-03
   1.39374996E-03   9.90629010E-03
   8.04286974E-05   9.91914980E-03
   3.72957002E-04   9.96151008E-03
   1.59759002E-05   9.96270031E-03
   2.87766997E-02   8.33499990E-03
  0.116423003       8.40860046E-03
   7.25475024E-04   9.73146968E-03
   4.82233008E-03   9.83342994E-03
   6.40443992E-03   9.91327036E-03
   9.76909976E-03   1.00824004E-02
   2.12572999E-02   1.00972001E-02
   1.57388998E-03   1.03133004E-02
   3.20011005E-03   1.03161996E-02
   1.36064002E-04   1.02813998E-02
   7.18356983E-04   1.03134997E-02
   9.61860991E-04   1.03262998E-02
   6.97401993E-04   1.03687001E-02
   4.83126001E-04   1.03698997E-02
   5.62772993E-03   8.48220009E-03
   4.39058989E-04   9.80507024E-03
   6.37707999E-03   9.90702957E-03
   8.33511003E-04   9.98686999E-03
   1.62907001E-02   1.01560000E-02
   1.86639000E-03   1.01707997E-02
   6.31871982E-04   1.03869000E-02
   2.42933995E-04   1.03898002E-02
   7.87739991E-05   1.03550004E-02
   9.19424987E-04   1.03871003E-02
   1.23403006E-04   1.03999004E-02
   1.12604001E-03   1.04422998E-02
   4.18675008E-05   1.04435002E-02
   2.25862004E-05   1.11279003E-02
   8.28558987E-04   1.12298997E-02
   8.81458982E-05   1.13097001E-02
   1.01365004E-04   1.14789000E-02
   5.45389012E-05   1.14936996E-02
   1.92805001E-05   1.17098000E-02
   1.04674000E-05   1.17127001E-02
   8.26323958E-06   1.16777997E-02
   1.22300000E-04   1.17100002E-02
   1.32216001E-05   1.17228003E-02
   7.16134991E-06   1.17651997E-02
   1.10178996E-06   1.17664002E-02
   8.13096995E-04   1.13319000E-02
   2.11984990E-03   1.14117004E-02
   9.67912027E-04   1.15807997E-02
   1.30561995E-03   1.15956003E-02
   5.34358987E-05   1.18116997E-02
   3.91134017E-05   1.18147004E-02
   1.55347007E-04   1.17798001E-02
   2.50654994E-04   1.18119000E-02
   3.22814012E-04   1.18247997E-02
   7.05144994E-05   1.18671004E-02
   3.02991994E-05   1.18682999E-02
   5.28835008E-05   1.14914998E-02
   1.10787002E-03   1.16606997E-02
   1.39372001E-04   1.16755003E-02
   3.47062014E-05   1.18915997E-02
   1.76278008E-05   1.18944999E-02
   1.59755000E-05   1.18596004E-02
   3.14547011E-04   1.18918000E-02
   1.54241006E-05   1.19046001E-02
   7.87726021E-05   1.19470004E-02
   3.30518992E-06   1.19481999E-02
   8.19722016E-04   1.18298000E-02
   3.09380004E-03   1.18445996E-02
   1.83434997E-04   1.20607000E-02
   3.77337012E-04   1.20636998E-02
   1.87295009E-05   1.20288003E-02
   1.43782003E-04   1.20609002E-02
   1.66359998E-04   1.20738000E-02
   1.16782001E-04   1.21160997E-02
   7.05124985E-05   1.21173002E-02
   1.69385996E-04   1.18594002E-02
   8.67897033E-05   1.20754996E-02
   3.41166997E-05   1.20783998E-02
   1.07735996E-05   1.20436000E-02
   2.04714001E-04   1.20756999E-02
   2.27447999E-05   1.20885996E-02
   2.33429004E-04   1.21309003E-02
   7.78089998E-06   1.21320998E-02
   3.88455010E-06   1.22916000E-02
   2.91357992E-05   1.22945001E-02
   3.88455010E-06   1.22597003E-02
   9.06444984E-06   1.22918002E-02
   5.82705979E-06   1.23046003E-02
   1.42439003E-05   1.23469997E-02
   1.94228005E-06   1.23482002E-02
   2.00330010E-06   1.22974999E-02
   2.00330010E-06   1.22625995E-02
   6.67799986E-06   1.22947004E-02
   3.33875005E-06   1.23076001E-02
   3.07185001E-05   1.23498999E-02
   6.67800009E-07   1.23511003E-02
   7.04869024E-07   1.22277997E-02
   2.96027993E-05   1.22598996E-02
   2.81941993E-06   1.22726997E-02
   1.40970997E-06   1.23151001E-02
   2.62443009E-05   1.22920005E-02
   6.52379022E-05   1.23047996E-02
   1.42480003E-05   1.23472000E-02
   5.99904979E-06   1.23484004E-02
   1.33047001E-06   1.23177003E-02
   1.46352004E-05   1.23600997E-02
   6.65243988E-07   1.23611996E-02
   4.40719987E-06   1.24024004E-02
   4.95802988E-06   1.24035999E-02
       -1137       -1137
   8.70395976E-04   4.81700012E-03
   4.76185000E-04   5.05679986E-03
   2.28502993E-02   5.39530022E-03
   2.64298008E-03   5.80250006E-03
   4.01407015E-03   5.87610016E-03
   3.28974013E-04   7.19896983E-03
   8.41947985E-05   7.30093010E-03
   3.46434000E-03   7.38077005E-03
   2.59282009E-04   7.54992012E-03
   3.56303994E-04   7.56470999E-03
   1.78987000E-04   7.78078986E-03
   3.20057006E-04   7.78373983E-03
   5.85470989E-05   7.74887996E-03
   1.28244001E-05   7.78099010E-03
   4.90669976E-04   7.79384980E-03
   1.72854998E-05   7.83620961E-03
   7.24862002E-06   7.83739984E-03
   8.02907016E-05   5.29660005E-03
   3.83539982E-02   5.63509995E-03
   1.96153997E-03   6.04229979E-03
   1.71827003E-02   6.11589989E-03
   9.64662977E-05   7.43877003E-03
   3.34547985E-05   7.54072983E-03
   6.04020013E-03   7.62056978E-03
   3.57406010E-04   7.78971985E-03
   2.59991991E-03   7.80451018E-03
   1.84010001E-04   8.02059006E-03
   4.73396009E-04   8.02353956E-03
   1.72852997E-05   7.98868015E-03
   5.57590010E-06   8.02079029E-03
   8.60876986E-04   8.03365000E-03
   2.56494004E-05   8.07601027E-03
   5.74305996E-05   8.07719957E-03
   4.97023016E-02   5.97359985E-03
   5.19470014E-02   6.38080016E-03
   7.22934008E-02   6.45439979E-03
   5.62492991E-03   7.77726993E-03
   8.44664965E-03   7.87923019E-03
   1.88928992E-02   7.95906968E-03
   1.00220004E-02   8.12822022E-03
   1.37099996E-02   8.14300962E-03
   7.42736971E-04   8.35909043E-03
   9.30659997E-04   8.36203992E-03
   1.04994001E-03   8.32717959E-03
   1.33541995E-03   8.35928973E-03
   2.79848999E-03   8.37215036E-03
   7.27658975E-04   8.41450971E-03
   3.13352997E-04   8.41569994E-03
   7.34158978E-03   6.78800000E-03
  0.138063997       6.86160009E-03
   6.22269989E-04   8.18447024E-03
   4.44951991E-04   8.28642957E-03
   7.49599002E-03   8.36626999E-03
   2.42785993E-03   8.53541959E-03
   1.91038009E-02   8.55020992E-03
   4.15409013E-04   8.76628980E-03
   1.41461997E-03   8.76924023E-03
   1.15426999E-04   8.73437990E-03
   7.02554971E-05   8.76649003E-03
   1.05104002E-03   8.77934974E-03
   1.72853994E-04   8.82171001E-03
   4.17640986E-04   8.82290024E-03
   9.23302025E-02   6.93520019E-03
   9.73552989E-04   8.25806987E-03
   3.45271989E-03   8.36003013E-03
   1.17731001E-02   8.43986962E-03
   2.30818000E-02   8.60902015E-03
   2.91230995E-02   8.62380955E-03
   4.40848013E-03   8.83989036E-03
   4.02519014E-03   8.84283986E-03
   1.82336007E-04   8.80798046E-03
   5.36966021E-04   8.84008966E-03
   1.69841002E-03   8.85295030E-03
   1.64222997E-03   8.89530964E-03
   6.50163973E-04   8.89649987E-03
   3.12261000E-05   9.58094001E-03
   1.78437003E-05   9.68290027E-03
   8.53681995E-04   9.76273976E-03
   6.69122965E-05   9.93189029E-03
   9.42320985E-05   9.94667970E-03
   2.45343999E-05   1.01627996E-02
   5.01844006E-05   1.01656998E-02
   1.11519003E-05   1.01308003E-02
   2.78797006E-06   1.01629999E-02
   1.20997996E-04   1.01758000E-02
   4.46096010E-06   1.02182003E-02
   1.67277994E-06   1.02193998E-02
   2.23023994E-06   9.78485961E-03
   1.32425001E-03   9.86470003E-03
   7.69473991E-05   1.00338003E-02
   5.52028010E-04   1.00485999E-02
   2.67644991E-05   1.02647003E-02
   6.52396993E-05   1.02677001E-02
   3.34552010E-06   1.02327997E-02
   5.57596991E-07   1.02648996E-02
   1.88466001E-04   1.02778003E-02
   5.57597014E-06   1.03201000E-02
   1.22675001E-05   1.03212995E-02
   1.72180997E-03   9.94454045E-03
   1.44859997E-03   1.01137003E-02
   2.19755992E-03   1.01284999E-02
   8.80969019E-05   1.03446003E-02
   1.16543000E-04   1.03475004E-02
   1.59464995E-04   1.03126001E-02
   2.09092002E-04   1.03447996E-02
   5.06290002E-04   1.03575997E-02
   1.05384999E-04   1.04000000E-02
   5.01836985E-05   1.04011996E-02
   1.93479005E-04   1.02827996E-02
   3.32817994E-03   1.02976002E-02
   4.62798016E-05   1.05136996E-02
   1.51100001E-04   1.05167003E-02
   1.22673000E-05   1.04818000E-02
   1.22673000E-05   1.05138998E-02
   2.03520001E-04   1.05267996E-02
   2.73210007E-05   1.05691003E-02
   7.30429019E-05   1.05702998E-02
   2.52007996E-03   1.03123998E-02
   5.24713018E-04   1.05285002E-02
   4.72368993E-04   1.05314003E-02
   1.94792992E-05   1.04965996E-02
   9.43487030E-05   1.05287004E-02
   3.45131004E-04   1.05416002E-02
   2.59919994E-04   1.05838999E-02
   1.12611000E-04   1.05851004E-02
   2.53042003E-06   1.07445996E-02
   7.00095989E-05   1.07474998E-02
   5.90415993E-06   1.07127000E-02
   5.90415993E-06   1.07447999E-02
   1.85573008E-05   1.07576000E-02
   5.06084007E-06   1.08000003E-02
   1.51820996E-05   1.08011998E-02
   1.88721006E-05   1.07504996E-02
   1.04122000E-05   1.07156001E-02
   1.10628998E-05   1.07477000E-02
   1.88721006E-05   1.07605997E-02
   1.17135996E-05   1.08029004E-02
   1.04122000E-05   1.08041000E-02
   1.81306996E-06   1.06808003E-02
   9.06554021E-07   1.07129002E-02
   3.62598003E-05   1.07257003E-02
   9.06554021E-07   1.07680997E-02
   9.06554021E-07   1.07693002E-02
   6.40892977E-05   1.07578002E-02
   2.41839007E-06   1.08001996E-02
   3.62759010E-06   1.08014001E-02
   9.97725001E-05   1.07706999E-02
   3.87170003E-05   1.08131003E-02
   1.93588003E-05   1.08142002E-02
   1.55197995E-06   1.08554000E-02
   6.98402982E-06   1.08565995E-02
   3.34546007E-06   1.08578000E-02
       -1137       -1137
   3.78320999E-02   1.73590000E-04
   5.07778004E-02   1.76539994E-04
   1.04462001E-02   1.41679993E-04
   9.54484008E-03   1.73790002E-04
   1.31174996E-02   1.86649995E-04
   2.57191993E-03   2.29009995E-04
   3.38282995E-03   2.30200007E-04
   9.16331017E-04   2.31409998E-04
   6.32738024E-02   3.22300002E-05
   7.12582022E-02   1.12070004E-04
   2.56973002E-02   2.81220011E-04
   3.94161008E-02   2.96009996E-04
  0.159776002       5.12089988E-04
  0.199061006       5.15040010E-04
   1.02549000E-02   4.80179995E-04
   9.31654032E-03   5.12289989E-04
   1.05940998E-02   5.25149982E-04
   1.03042996E-03   5.67510026E-04
   1.56925002E-03   5.68700023E-04
   9.19991988E-04   5.69909986E-04
   2.59284005E-02   3.37470003E-04
   5.73363015E-03   4.39430005E-04
   6.22688001E-03   5.19270019E-04
   8.78253020E-03   6.88420027E-04
   1.09265000E-02   7.03210011E-04
   8.21673032E-03   9.19290003E-04
   7.58802984E-03   9.22240026E-04
   3.18000000E-03   8.87379982E-04
   7.14417023E-04   9.19490005E-04
   7.29189022E-04   9.32349998E-04
   3.27526999E-04   9.74709983E-04
   4.13797999E-04   9.75899980E-04
   2.71093013E-04   9.77110001E-04
   3.66719998E-02   4.11070010E-04
   1.04241003E-03   5.13029983E-04
   1.11109000E-02   5.92869997E-04
   1.21157998E-02   7.62020005E-04
   1.75659005E-02   7.76809989E-04
   9.31224972E-03   9.92889982E-04
   1.45736998E-02   9.95839946E-04
   4.43954999E-03   9.60980018E-04
   1.45051003E-04   9.93089983E-04
   1.29359995E-03   1.00595003E-03
   4.86311998E-04   1.04830996E-03
   6.43478998E-04   1.04949996E-03
   3.78710014E-04   1.05070998E-03
   2.93259998E-03   1.73393998E-03
   5.05828019E-03   1.83590001E-03
   8.54776986E-03   1.91573997E-03
   9.66679025E-03   2.08488991E-03
   1.36962002E-02   2.09968002E-03
   6.16418989E-03   2.31575989E-03
   7.76322978E-03   2.31871009E-03
   9.02546977E-04   2.28384999E-03
   8.04690993E-04   2.31595989E-03
   1.30060001E-03   2.32882006E-03
   4.21384990E-04   2.37118010E-03
   5.66441973E-04   2.37237010E-03
   8.01187998E-05   2.37357989E-03
   2.26107994E-04   1.93786004E-03
   6.24076987E-04   2.01770011E-03
   3.37192003E-04   2.18684995E-03
   1.93190994E-04   2.20164005E-03
   5.75146005E-05   2.41771992E-03
   4.53151006E-04   2.42066989E-03
   6.02026004E-04   2.38581002E-03
   5.51931007E-05   2.41791992E-03
   7.18918018E-05   2.43078009E-03
   1.32187997E-05   2.47313990E-03
   9.27617020E-06   2.47432990E-03
   5.12516999E-05   2.47553992E-03
   7.57872011E-04   2.09754007E-03
   6.34944008E-04   2.26668990E-03
   1.48812996E-03   2.28148000E-03
   5.41959016E-04   2.49756011E-03
   9.82824946E-04   2.50051008E-03
   1.02150999E-03   2.46564997E-03
   8.39502027E-05   2.49776011E-03
   1.94567998E-04   2.51062005E-03
   2.82922992E-05   2.55298009E-03
   5.91364005E-05   2.55417009E-03
   8.71941011E-05   2.55538011E-03
   1.12738999E-04   2.43583997E-03
   4.98673995E-04   2.45063007E-03
   4.57613991E-04   2.66670994E-03
   3.24524008E-03   2.66965991E-03
   1.16018998E-03   2.63480004E-03
   3.77377000E-05   2.66690995E-03
   7.83252035E-05   2.67977011E-03
   8.06981006E-06   2.72212992E-03
   1.78006994E-05   2.72331992E-03
   9.84940998E-05   2.72452994E-03
   2.87203002E-04   2.46541994E-03
   3.00084008E-03   2.68150005E-03
   1.76267000E-03   2.68445001E-03
   1.59348000E-03   2.64958991E-03
   2.30667993E-05   2.68170005E-03
   1.76465997E-04   2.69455998E-03
   1.70704006E-05   2.73692003E-03
   2.00685008E-05   2.73811002E-03
   1.35410999E-04   2.73932004E-03
   5.28566015E-04   2.89757992E-03
   3.67312995E-03   2.90052989E-03
   6.53602008E-04   2.86567002E-03
   6.35442984E-06   2.89777992E-03
   4.92471008E-05   2.91064009E-03
   1.74748002E-05   2.95299990E-03
   1.21192003E-04   2.95418990E-03
   5.49200995E-05   2.95539992E-03
   1.24762999E-03   2.90348008E-03
   8.26373987E-04   2.86861998E-03
   6.34086973E-05   2.90072989E-03
   9.42019979E-05   2.91359005E-03
   1.32065004E-04   2.95595010E-03
   6.93394977E-05   2.95714010E-03
   6.95686977E-05   2.95835012E-03
   9.56810036E-05   2.83376011E-03
   1.42827004E-04   2.86587002E-03
   2.30928999E-04   2.87872995E-03
   7.36549991E-05   2.92109000E-03
   9.87809981E-05   2.92227999E-03
   1.68645001E-05   2.92349001E-03
   6.29895021E-06   2.89797992E-03
   1.84465007E-05   2.91084009E-03
   2.69948009E-06   2.95319990E-03
   2.24957989E-06   2.95438990E-03
   1.57473005E-05   2.95559992E-03
   2.74405993E-05   2.92370003E-03
   7.91554976E-06   2.96606007E-03
   1.63584009E-05   2.96725007E-03
   3.00781994E-05   2.96846009E-03
   6.95725987E-07   3.00961011E-03
   4.17426008E-06   3.01081990E-03
   2.31898994E-07   3.01080011E-03
   5.56588020E-06   3.01200990E-03
       -1137       -1137
   6.76416978E-03   4.14200003E-05
   1.66480001E-02   5.62099995E-05
   2.77904999E-02   2.72289995E-04
   2.69074999E-02   2.75239989E-04
   3.17766005E-03   2.40380003E-04
   3.74984997E-03   2.72489997E-04
   2.85088993E-03   2.85349990E-04
   3.21350002E-04   3.27710004E-04
   7.18585972E-04   3.28900001E-04
   2.72876990E-04   3.30109993E-04
   5.21122999E-02   9.76700030E-05
   5.27479015E-02   1.99629998E-04
   5.54109998E-02   2.79469998E-04
   2.06615999E-02   4.48620005E-04
   2.45487001E-02   4.63409990E-04
  0.135438994       6.79489982E-04
  0.207111999       6.82440004E-04
   9.65430960E-03   6.47580018E-04
   7.17617990E-03   6.79689983E-04
   8.10862985E-03   6.92549977E-04
   9.11380979E-04   7.34910020E-04
   1.09277002E-03   7.36100017E-04
   8.66719987E-04   7.37309980E-04
   8.52959044E-03   1.71270003E-04
   5.99346012E-02   2.73229991E-04
   5.31810010E-03   3.53070005E-04
   9.78274969E-04   5.22219983E-04
   2.90788990E-03   5.37010026E-04
   5.00955991E-03   7.53090018E-04
   3.63552989E-03   7.56039983E-04
   1.05223001E-03   7.21179997E-04
   6.47540996E-03   7.53290020E-04
   7.04812002E-04   7.66150013E-04
   2.57531992E-05   8.08509998E-04
   1.12289003E-04   8.09699995E-04
   9.03320033E-05   8.10910016E-04
   8.30591016E-04   1.49414001E-03
   1.18449004E-02   1.59610005E-03
   1.71639002E-03   1.67594000E-03
   3.86224012E-04   1.84508995E-03
   1.37970003E-03   1.85988005E-03
   4.54701985E-05   2.07595993E-03
   9.11186973E-04   2.07890989E-03
   2.40595007E-04   2.04405002E-03
   1.24153995E-03   2.07615993E-03
   2.36576001E-04   2.08902010E-03
   1.26631003E-05   2.13137991E-03
   5.29530007E-05   2.13256991E-03
   2.12969007E-05   2.13377993E-03
   9.00276005E-03   1.69805996E-03
   2.58124005E-02   1.77790003E-03
   2.52126008E-02   1.94704998E-03
   4.05336991E-02   1.96184008E-03
   1.32414000E-02   2.17791996E-03
   2.24665999E-02   2.18086992E-03
   2.18956009E-03   2.14601005E-03
   2.41229008E-03   2.17811996E-03
   3.89952003E-03   2.19097990E-03
   1.10053003E-03   2.23333994E-03
   1.66060997E-03   2.23452994E-03
   1.98577996E-04   2.23573996E-03
   7.08553998E-04   1.85773999E-03
   1.82345998E-03   2.02688994E-03
   1.53509004E-03   2.04168004E-03
   9.32104979E-03   2.25775992E-03
   2.58655008E-03   2.26071011E-03
   2.08362006E-04   2.22585001E-03
   2.77025998E-03   2.25795992E-03
   1.81885000E-04   2.27082008E-03
   6.56176999E-05   2.31317990E-03
   5.64045986E-05   2.31436989E-03
   1.78430000E-05   2.31557991E-03
   8.53025995E-04   2.19604000E-03
   2.28327001E-03   2.21083011E-03
   1.07061001E-03   2.42690998E-03
   1.94668001E-03   2.42985995E-03
   6.67669010E-05   2.39500008E-03
   2.63813999E-03   2.42710998E-03
   2.43475995E-04   2.43996992E-03
   6.33149029E-05   2.48232996E-03
   8.74917969E-05   2.48351996E-03
   5.75588001E-06   2.48472998E-03
   5.54285012E-04   2.22561997E-03
   3.28416005E-03   2.44170008E-03
   7.25254009E-04   2.44465005E-03
   2.04337004E-04   2.40978994E-03
   4.30164021E-03   2.44190008E-03
   1.82464006E-04   2.45476002E-03
   8.63387031E-05   2.49712006E-03
   3.97149997E-05   2.49831006E-03
   1.78433002E-05   2.49952008E-03
   2.95091001E-03   2.65777996E-03
   1.90455001E-02   2.66072992E-03
   3.45327999E-06   2.62587005E-03
   1.28183002E-03   2.65797996E-03
   1.32327003E-03   2.67083989E-03
   5.12289989E-05   2.71319994E-03
   1.47928004E-04   2.71438994E-03
   9.96937975E-04   2.66367989E-03
   1.41594006E-04   2.62882002E-03
   2.15210998E-03   2.66092992E-03
   3.30962008E-04   2.67379009E-03
   8.63375026E-05   2.71614990E-03
   3.05064004E-05   2.71733990E-03
   1.26631003E-05   2.71854992E-03
   2.05066008E-05   2.59395991E-03
   2.74094986E-04   2.62607005E-03
   3.41777013E-05   2.63892999E-03
   2.73416003E-06   2.68129003E-03
   9.57005977E-06   2.68248003E-03
   3.41776990E-06   2.68369005E-03
   2.29830999E-04   2.65817996E-03
   6.31636009E-04   2.67103990E-03
   1.73673005E-04   2.71339994E-03
   2.65259005E-04   2.71458994E-03
   3.11057993E-05   2.71579996E-03
   4.03527993E-05   2.68390006E-03
   3.02646004E-05   2.72626011E-03
   2.42125006E-05   2.72745010E-03
   8.07039032E-06   2.72865989E-03
   1.07028995E-06   2.76861992E-03
   3.21062998E-06   2.76980991E-03
   9.26453026E-07   2.77099991E-03
   9.26453026E-07   2.77220993E-03
       -1137       -1137
   1.01659000E-02   1.10120003E-04
   1.00801000E-02   1.24910002E-04
   1.52088003E-02   3.40989995E-04
   2.21522003E-02   3.43939988E-04
   2.21435004E-03   3.09080002E-04
   1.75002997E-03   3.41189996E-04
   6.08365005E-03   3.54049989E-04
   3.75264004E-04   3.96410003E-04
   3.61657992E-04   3.97600001E-04
   1.95137007E-04   3.98809992E-04
  0.119136997       1.45699996E-05
   4.51131985E-02   1.83719996E-04
   6.25047013E-02   1.98509995E-04
  0.156051993       4.14590002E-04
  0.188135996       4.17539995E-04
   1.31269004E-02   3.82680009E-04
   1.19073996E-02   4.14790004E-04
   1.56250000E-02   4.27649997E-04
   1.68057997E-03   4.70010011E-04
   2.32684007E-03   4.71200008E-04
   1.17064000E-03   4.72410000E-04
   4.89929982E-04   1.15564000E-03
   8.50642973E-04   1.25760003E-03
   1.43253999E-02   1.33743999E-03
   8.45142989E-04   1.50659005E-03
   9.70066001E-04   1.52138004E-03
   1.42261002E-03   1.73746003E-03
   2.37059989E-03   1.74040999E-03
   1.40856995E-04   1.70555001E-03
   1.04111001E-04   1.73766003E-03
   1.46981003E-03   1.75051996E-03
   3.30703988E-05   1.79288001E-03
   3.55211014E-05   1.79407001E-03
   1.22480997E-05   1.79528003E-03
   6.36916011E-05   1.35955994E-03
   1.73579007E-02   1.43940002E-03
   3.85226012E-04   1.60854997E-03
   3.46944993E-03   1.62333995E-03
   1.53533998E-03   1.83941994E-03
   8.65374971E-03   1.84237002E-03
   1.10237001E-04   1.80751004E-03
   1.40860002E-05   1.83961994E-03
   1.81279005E-03   1.85248000E-03
   1.53105993E-05   1.89484004E-03
   1.20035002E-04   1.89603004E-03
   9.18636033E-06   1.89724006E-03
   2.34440994E-02   1.51923997E-03
   3.34818996E-02   1.68839004E-03
   4.40540016E-02   1.70318002E-03
   2.54400000E-02   1.91926002E-03
   2.91114002E-02   1.92220998E-03
   2.59778998E-03   1.88734999E-03
   2.70852004E-03   1.91946002E-03
   5.96213993E-03   1.93231995E-03
   1.42383005E-03   1.97468000E-03
   1.79188000E-03   1.97586999E-03
   2.34555002E-04   1.97708001E-03
   2.16799002E-04   1.85753999E-03
   4.94953990E-03   1.87232997E-03
   6.51624985E-04   2.08841008E-03
   7.80026987E-03   2.09136005E-03
   9.49265013E-05   2.05649994E-03
   2.87821003E-05   2.08861008E-03
   3.44652007E-03   2.10147002E-03
   1.53104993E-05   2.14383006E-03
   1.81277996E-04   2.14502006E-03
   7.96164022E-06   2.14623008E-03
   2.24195002E-03   1.88711996E-03
   6.32731989E-03   2.10319995E-03
   5.36439987E-03   2.10614991E-03
   1.10843997E-04   2.07129004E-03
   3.10478994E-04   2.10339995E-03
   4.48447978E-03   2.11625989E-03
   1.89230006E-04   2.15861993E-03
   1.64120996E-04   2.15980993E-03
   9.18582009E-06   2.16101995E-03
   8.83093977E-04   2.31928006E-03
   2.36364994E-02   2.32223002E-03
   1.48817999E-04   2.28736992E-03
   2.01485993E-04   2.31948006E-03
   2.50043999E-03   2.33233999E-03
   3.18476013E-05   2.37470004E-03
   2.44978990E-04   2.37589004E-03
   1.28605998E-05   2.37710006E-03
   9.27255023E-03   2.32517999E-03
   2.07007004E-04   2.29031988E-03
   1.13302004E-03   2.32243002E-03
   2.95622996E-03   2.33528996E-03
   3.30118986E-04   2.37765000E-03
   2.22931005E-04   2.37884000E-03
   1.71484007E-05   2.38005002E-03
   1.56417009E-05   2.25546001E-03
   1.99867009E-05   2.28756992E-03
   3.78858007E-04   2.30043009E-03
   5.21376978E-06   2.34278990E-03
   6.08278015E-06   2.34397990E-03
   2.60695992E-06   2.34518992E-03
   9.21561025E-07   2.31968006E-03
   4.27605002E-04   2.33254000E-03
   1.84300995E-06   2.37490004E-03
   1.65873007E-05   2.37609004E-03
   1.84300995E-06   2.37730006E-03
   9.48377012E-04   2.34539993E-03
   3.81896010E-04   2.38775997E-03
   4.75770998E-04   2.38894997E-03
   6.20567007E-05   2.39015999E-03
   7.65921959E-06   2.43131001E-03
   6.38289009E-07   2.43252004E-03
   1.86640000E-06   2.43250001E-03
   4.66601989E-07   2.43371003E-03
       -1137       -1137
   7.93695971E-02   7.39000006E-06
   1.17664998E-02   1.03399998E-05
   8.03451985E-04   7.59000022E-06
   2.49299989E-03   2.04499993E-05
   7.34869996E-03   6.28100024E-05
   9.93372058E-04   6.39999998E-05
   2.05605000E-04   6.52099989E-05
   3.49535003E-05   7.48439983E-04
   1.49098004E-03   8.50400014E-04
   1.06876995E-03   9.30240029E-04
   3.92444991E-02   1.09938998E-03
   4.58955998E-03   1.11417996E-03
   1.48114003E-02   1.33025995E-03
   4.38793004E-03   1.33321004E-03
   2.15100008E-05   1.29835005E-03
   1.86863996E-04   1.33045996E-03
   1.10237001E-04   1.34332001E-03
   1.25686999E-03   1.38568005E-03
   1.45198006E-04   1.38687005E-03
   1.34435004E-06   1.38807995E-03
   8.79192026E-04   9.52359987E-04
   5.53478021E-03   1.03219994E-03
   3.46711986E-02   1.20135001E-03
   2.63344008E-03   1.21613999E-03
   9.37938970E-03   1.43221999E-03
   4.68498981E-03   1.43516995E-03
   1.84172997E-04   1.40030996E-03
   2.21820999E-04   1.43241999E-03
   6.31831004E-04   1.44528004E-03
   1.10368000E-03   1.48763997E-03
   9.54487987E-05   1.48882996E-03
   1.61318003E-05   1.49003998E-03
   1.97483995E-03   1.11204002E-03
   7.12070987E-02   1.28118997E-03
   2.68595992E-03   1.29597995E-03
   4.00468986E-03   1.51205994E-03
   2.34587002E-03   1.51501002E-03
   1.50567997E-04   1.48015004E-03
   5.79426996E-04   1.51225994E-03
   4.32878995E-04   1.52511999E-03
   2.28801998E-03   1.56748004E-03
   8.73812023E-05   1.56867004E-03
   1.34435004E-05   1.56988006E-03
   6.23528995E-02   1.45034003E-03
  0.124642998       1.46513002E-03
   5.86320981E-02   1.68121001E-03
   7.20658973E-02   1.68415997E-03
   6.59648981E-03   1.64929999E-03
   5.44583006E-03   1.68141001E-03
   1.04707005E-02   1.69426994E-03
   4.68234019E-03   1.73662999E-03
   5.01008984E-03   1.73781998E-03
   5.91513002E-04   1.73903001E-03
   2.01646006E-03   1.47992000E-03
   6.39493987E-02   1.69599999E-03
   3.35810008E-03   1.69894996E-03
   4.32881992E-04   1.66408997E-03
   2.70210003E-04   1.69619999E-03
   3.23979009E-04   1.70906004E-03
   4.03162977E-03   1.75141997E-03
   1.37126000E-04   1.75260997E-03
   3.62967003E-05   1.75381999E-03
   5.53435013E-02   1.91207998E-03
  0.160726994       1.91502995E-03
   2.59042997E-03   1.88016996E-03
   1.22734997E-03   1.91227999E-03
   5.94199984E-04   1.92514004E-03
   2.00307998E-03   1.96749996E-03
   2.47093989E-03   1.96868996E-03
   2.33914005E-04   1.96989998E-03
   3.51891993E-03   1.91798003E-03
   5.74861013E-04   1.88312004E-03
   3.57195997E-04   1.91522995E-03
   3.26487003E-04   1.92809000E-03
   2.25614011E-03   1.97044993E-03
   1.26968007E-04   1.97163993E-03
   4.88346013E-05   1.97284995E-03
   2.79900996E-06   1.84826006E-03
   5.03800002E-05   1.88036996E-03
   3.35873992E-05   1.89323002E-03
   4.42246004E-04   1.93558994E-03
   3.07886003E-05   1.93678006E-03
   4.42064011E-05   1.91247999E-03
   2.08983998E-04   1.92534004E-03
   5.22433023E-04   1.96769997E-03
   3.21506996E-05   1.96888996E-03
   8.03758030E-06   1.97009998E-03
   8.72882010E-05   1.93819997E-03
   1.22206996E-03   1.98055990E-03
   3.87965993E-05   1.98174990E-03
   4.84954990E-06   1.98295992E-03
   6.97431969E-05   2.02291994E-03
   1.68789004E-04   2.02410994E-03
   1.95282992E-05   2.02531996E-03
   2.52906011E-06   2.02529994E-03
   1.26453995E-06   2.02650996E-03
       -1137       -1137
   2.87512989E-06   6.74840005E-04
   3.32079013E-04   7.76799978E-04
   2.62366002E-03   8.56639992E-04
   4.07552021E-03   1.02579000E-03
   4.51509990E-02   1.04057998E-03
   4.71098023E-03   1.25665998E-03
   1.67474002E-02   1.25961006E-03
   1.29383998E-05   1.22474995E-03
   1.86883008E-05   1.25685998E-03
   2.81763991E-04   1.26972003E-03
   1.29384003E-04   1.31207996E-03
   1.37863006E-03   1.31326995E-03
   1.43761997E-06   1.31447997E-03
   2.87513990E-06   8.78760009E-04
   6.76506991E-03   9.58600023E-04
   3.52206989E-04   1.12775003E-03
   4.61675003E-02   1.14254002E-03
   2.27425992E-03   1.35862001E-03
   8.60940013E-03   1.36156997E-03
   4.02523001E-05   1.32670999E-03
   2.87513990E-06   1.35882001E-03
   7.23105972E-04   1.37167994E-03
   5.75019021E-06   1.41403999E-03
   1.41320995E-03   1.41522998E-03
   2.87513990E-06   1.41644001E-03
   4.84895008E-03   1.03844004E-03
   4.31274017E-03   1.20758999E-03
   7.09837005E-02   1.22237997E-03
   2.74151005E-03   1.43845996E-03
   5.71318017E-03   1.44141004E-03
   3.76643991E-04   1.40655006E-03
   6.90030982E-04   1.43865997E-03
   1.06667005E-03   1.45152002E-03
   1.61007003E-04   1.49387994E-03
   2.16493011E-03   1.49507006E-03
   3.30643015E-05   1.49627996E-03
   9.32961993E-04   1.37674005E-03
   9.59274024E-02   1.39153004E-03
   3.07187997E-03   1.60761003E-03
   4.17895988E-02   1.61055999E-03
   3.69446003E-04   1.57570001E-03
   6.03724984E-05   1.60781003E-03
   4.72940999E-04   1.62066997E-03
   6.46893022E-05   1.66303001E-03
   2.96128006E-03   1.66422001E-03
   3.01877008E-05   1.66543003E-03
  0.107910998       1.40632002E-03
   6.81352019E-02   1.62240001E-03
  0.106665999       1.62534998E-03
   7.31706014E-03   1.59048999E-03
   6.96515990E-03   1.62260002E-03
   1.05320998E-02   1.63545995E-03
   4.03229985E-03   1.67781999E-03
   7.66937993E-03   1.67900999E-03
   6.54092990E-04   1.68022001E-03
   4.70673013E-03   1.83848001E-03
  0.150666997       1.84142997E-03
   6.36833021E-04   1.80656998E-03
   3.19148996E-04   1.83868001E-03
   3.29200993E-04   1.85153994E-03
   1.25071005E-04   1.89389999E-03
   2.00255006E-03   1.89508998E-03
   5.46275005E-05   1.89630000E-03
  0.102923997       1.84438005E-03
   2.84790993E-03   1.80951995E-03
   1.30393996E-03   1.84162997E-03
   7.97879009E-04   1.85449002E-03
   1.66622002E-03   1.89684995E-03
   3.54367006E-03   1.89803995E-03
   2.57340987E-04   1.89924997E-03
   3.62631999E-06   1.77465996E-03
   7.25235986E-06   1.80676999E-03
   1.05159997E-04   1.81963004E-03
   3.26365007E-05   1.86198996E-03
   5.69318014E-04   1.86317996E-03
   1.78118993E-04   1.85173994E-03
   3.29851991E-06   1.89409999E-03
   4.94765991E-04   1.89528998E-03
   1.74592002E-04   1.86460000E-03
   5.40426008E-05   1.90696004E-03
   9.31199989E-04   1.90815004E-03
   1.24715998E-05   1.90936006E-03
   1.43678005E-06   1.94931997E-03
   1.24996994E-04   1.95050996E-03
   1.43678005E-06   1.95171998E-03
   1.16443996E-04   1.95169996E-03
   2.01263992E-05   1.95290998E-03
       -1137       -1137
   1.10176001E-02   3.57499994E-05
   6.69323001E-03   3.87000000E-05
   3.45611982E-02   3.83999986E-06
   3.05086002E-02   3.59500009E-05
   5.42692989E-02   4.88100013E-05
   1.48452995E-02   9.11699972E-05
   2.48463005E-02   9.23600019E-05
   3.00166989E-03   9.35700009E-05
  0.109227002       1.15590003E-04
  0.138858005       1.18540003E-04
   4.13371995E-02   8.36800027E-05
   4.60618995E-02   1.15789997E-04
   5.17881997E-02   1.28650005E-04
   1.92613006E-02   1.71010004E-04
   2.27601994E-02   1.72200002E-04
   3.67448991E-03   1.73409993E-04
   3.92299984E-03   5.38700006E-05
   8.50102026E-03   6.86600033E-05
   4.67720022E-03   2.84740003E-04
   9.74291004E-03   2.87689996E-04
   1.55477999E-02   2.52830010E-04
   4.05067019E-03   2.84940004E-04
   7.85810035E-03   2.97799997E-04
   6.52750023E-04   3.40160012E-04
   5.86103997E-04   3.41350009E-04
   1.10249000E-03   3.42560001E-04
   6.88656000E-03   8.34500024E-05
   1.09978998E-02   2.99529987E-04
   1.02035999E-02   3.02480010E-04
   2.18203999E-02   2.67619995E-04
   8.56493041E-03   2.99729989E-04
   7.76538020E-03   3.12590011E-04
   5.28935983E-04   3.54949996E-04
   9.17589990E-04   3.56139994E-04
   1.53888995E-03   3.57350014E-04
   7.37835001E-03   5.15609980E-04
   1.56755000E-02   5.18560002E-04
   1.68874003E-02   4.83699987E-04
   2.14725989E-03   5.15809981E-04
   6.44124998E-03   5.28669974E-04
   2.64058006E-04   5.71030017E-04
   1.79715003E-04   5.72220015E-04
   1.08038995E-03   5.73429978E-04
   1.22977998E-02   5.21510025E-04
   2.19475999E-02   4.86650009E-04
   1.22282002E-03   5.18760004E-04
   7.71960011E-03   5.31619997E-04
   1.64897996E-04   5.73979982E-04
   3.86102998E-04   5.75169979E-04
   1.40099996E-03   5.76380000E-04
   1.93926003E-02   4.51789994E-04
   2.56769992E-02   4.83899988E-04
   4.18471992E-02   4.96760011E-04
   1.34675996E-02   5.39119996E-04
   1.81721002E-02   5.40309993E-04
   3.04565998E-03   5.41520014E-04
   2.98589002E-03   5.16009983E-04
   1.23329004E-02   5.28869976E-04
   1.81822001E-03   5.71230019E-04
   1.71965000E-03   5.72420016E-04
   2.45870999E-03   5.73629979E-04
   9.01552010E-03   5.41730027E-04
   2.16962001E-03   5.84090012E-04
   3.46424012E-03   5.85280010E-04
   4.04096022E-03   5.86489972E-04
   1.35798997E-04   6.26449997E-04
   5.37968997E-04   6.27639994E-04
   1.37366995E-03   6.28850015E-04
   2.87256989E-04   6.28829992E-04
   1.84887997E-03   6.30040013E-04
       -1137       -1137
   3.09683997E-02   1.36299996E-05
   2.82294005E-02   1.65799993E-05
   1.17170997E-02   1.38300002E-05
   1.30561003E-02   2.66900006E-05
   2.60186009E-03   6.90500019E-05
   3.93072981E-03   7.02399993E-05
   1.23677996E-03   7.14499984E-05
  0.150784999       1.82780001E-04
  0.325589001       1.85729994E-04
   3.62215005E-02   1.50869993E-04
   2.71799006E-02   1.82980002E-04
   4.20023985E-02   1.95839995E-04
   8.88479967E-03   2.38199995E-04
   1.52978003E-02   2.39390007E-04
   3.22957011E-03   2.40599999E-04
   4.40061986E-02   1.97570000E-04
   1.12920003E-02   2.00519993E-04
   6.00495981E-03   1.65660007E-04
   2.47137994E-02   1.97770001E-04
   5.18212980E-03   2.10629994E-04
   1.31783995E-03   2.52989994E-04
   9.22798004E-04   2.54179991E-04
   4.44695994E-04   2.55390012E-04
   3.01433005E-03   4.13650007E-04
   2.05077007E-02   4.16600000E-04
   4.08772007E-03   3.81740014E-04
   1.74039993E-02   4.13850008E-04
   3.91623983E-03   4.26710001E-04
   1.78062997E-03   4.69069986E-04
   7.28490006E-04   4.70260013E-04
   3.66952008E-04   4.71470004E-04
   1.09941000E-03   4.19549993E-04
   3.06722010E-03   3.84690007E-04
   3.69942002E-02   4.16800001E-04
   2.33361009E-03   4.29659995E-04
   4.66825021E-03   4.72020009E-04
   3.45860986E-04   4.73210006E-04
   2.25570999E-04   4.74419998E-04
   6.69080007E-04   3.49829992E-04
   9.63675976E-03   3.81939986E-04
   1.70330994E-03   3.94800009E-04
   9.37141012E-04   4.37159993E-04
   6.02064014E-04   4.38349991E-04
   9.94147995E-05   4.39560012E-04
   1.46981999E-02   4.14050010E-04
   3.96586992E-02   4.26910003E-04
   1.04631996E-02   4.69269988E-04
   1.71792004E-02   4.70460014E-04
   2.21933005E-03   4.71670006E-04
   1.62438001E-03   4.39769996E-04
   2.86239991E-03   4.82130010E-04
   9.62879974E-04   4.83320007E-04
   3.13138007E-04   4.84529999E-04
   1.61890002E-05   5.24490024E-04
   4.22699995E-05   5.25680021E-04
   1.33107997E-05   5.26889984E-04
   4.74065018E-06   5.26870019E-04
   7.01614999E-06   5.28079981E-04
       -1137       -1137
   1.34439003E-02   1.02940001E-04
   3.66674997E-02   1.05890002E-04
   1.39193004E-02   7.10300010E-05
   1.09724002E-02   1.03140002E-04
   3.70869003E-02   1.16000003E-04
   3.76341003E-03   1.58359995E-04
   7.07485992E-03   1.59550007E-04
   1.19066006E-03   1.60759999E-04
  0.183691993       1.17730000E-04
  0.203593001       1.20680001E-04
   6.98549002E-02   8.58200001E-05
   7.30101019E-02   1.17930002E-04
   9.63938981E-02   1.30789995E-04
   3.03141009E-02   1.73149994E-04
   3.39417011E-02   1.74340006E-04
   6.42400002E-03   1.75549998E-04
   7.72135973E-04   3.33809992E-04
   1.95857994E-02   3.36759986E-04
   5.54633979E-03   3.01900000E-04
   2.67003011E-03   3.34009994E-04
   3.65996994E-02   3.46869987E-04
   4.12508991E-04   3.89230001E-04
   2.24713003E-03   3.90419998E-04
   3.64756008E-04   3.91629990E-04
   8.35114997E-03   3.39710008E-04
   1.18604004E-02   3.04849993E-04
   9.94168967E-03   3.36959987E-04
   4.44477014E-02   3.49820009E-04
   4.32408007E-04   3.92179994E-04
   2.78292992E-03   3.93369992E-04
   8.85038986E-04   3.94580013E-04
   4.09908989E-06   2.69990007E-04
   2.83439993E-04   3.02100001E-04
   5.72390994E-03   3.14959994E-04
   2.17245004E-04   3.57320008E-04
   4.10503009E-04   3.58510006E-04
   2.34232994E-06   3.59719998E-04
   1.82873991E-05   3.34209995E-04
   4.79701022E-03   3.47069988E-04
   9.57642987E-05   3.89430003E-04
   3.33501986E-04   3.90620000E-04
   1.82873991E-05   3.91829992E-04
   9.75488033E-03   3.59930011E-04
   3.87469004E-03   4.02289996E-04
   5.02440007E-03   4.03479993E-04
   6.84853003E-04   4.04690014E-04
   8.99820043E-06   4.44650010E-04
   7.47969025E-05   4.45840007E-04
   7.31104001E-06   4.47049999E-04
   5.47843993E-05   4.47030005E-04
   1.68148999E-05   4.48239996E-04
       -1137       -1137
   2.41461005E-02   3.99999999E-06
   3.56238009E-03   5.19000014E-06
   5.89565025E-04   6.40000007E-06
  0.152459994       1.64659999E-04
  0.478765994       1.67609993E-04
   6.25028014E-02   1.32750007E-04
   5.13315015E-02   1.64860001E-04
   7.44509995E-02   1.77719994E-04
   3.02022994E-02   2.20079994E-04
   2.94365007E-02   2.21270006E-04
   5.69096021E-03   2.22479997E-04
   5.88933006E-03   1.70560001E-04
   6.18078001E-03   1.35700000E-04
   1.34766996E-02   1.67809994E-04
   5.17900987E-03   1.80670002E-04
   3.46141011E-02   2.23030002E-04
   1.29262998E-03   2.24219999E-04
   4.54499997E-04   2.25430005E-04
   9.92923044E-04   1.00840000E-04
   1.60510000E-03   1.32949994E-04
   1.65293994E-03   1.45810001E-04
   2.94807996E-03   1.88170001E-04
   9.88897053E-04   1.89359998E-04
   1.02475002E-04   1.90570005E-04
   4.68973012E-04   1.65060002E-04
   1.97216007E-03   1.77919996E-04
   1.93698006E-03   2.20279995E-04
   4.40600998E-04   2.21470007E-04
   8.50868018E-05   2.22679999E-04
   7.03696976E-04   1.90780003E-04
   3.28797009E-03   2.33140003E-04
   2.93443009E-04   2.34330000E-04
   5.30959987E-05   2.35540007E-04
   5.27874974E-04   2.75500002E-04
   1.30253006E-03   2.76690000E-04
   1.98693000E-04   2.77899991E-04
   2.42624992E-05   2.77879997E-04
   2.25046006E-05   2.79089989E-04
       -1137       -1137
   9.53189004E-03   1.49870000E-04
  0.349124014       1.52819994E-04
   8.44135974E-03   1.17960000E-04
   5.08581009E-03   1.50070002E-04
   1.28619000E-02   1.62929995E-04
   1.67727005E-03   2.05289994E-04
   2.96634994E-02   2.06480006E-04
   6.84597995E-04   2.07689998E-04
  0.262975007       1.55770002E-04
   6.73379004E-02   1.20910001E-04
   6.89397976E-02   1.53019995E-04
   7.51836970E-02   1.65880003E-04
   2.69284993E-02   2.08240002E-04
   5.13130985E-02   2.09430000E-04
   6.19230000E-03   2.10640006E-04
   1.65142003E-03   8.60500004E-05
   1.47112005E-03   1.18160002E-04
   3.32773989E-03   1.31020002E-04
   1.16252003E-03   1.73380002E-04
   4.02806001E-03   1.74569999E-04
   1.65142003E-04   1.75780006E-04
   1.97567002E-04   1.50270003E-04
   2.32946011E-03   1.63129997E-04
   1.33868001E-04   2.05489996E-04
   2.31966004E-03   2.06679993E-04
   5.45401017E-05   2.07890000E-04
   9.13058990E-04   1.75990004E-04
   4.25631995E-04   2.18350004E-04
   3.25183989E-03   2.19540001E-04
   1.01069003E-04   2.20749993E-04
   1.27555004E-05   2.60709989E-04
   1.09808997E-03   2.61899986E-04
   2.70573000E-05   2.63110007E-04
   1.00040005E-03   2.63090013E-04
   2.29598998E-04   2.64300004E-04
       -1137       -1137
  0.116985999       2.13200001E-05
  0.178203002       2.25099993E-05
   4.09213006E-02   2.37200002E-05
  0.338712007       3.41800005E-05
  0.221872002       3.53700016E-05
   4.94159982E-02   3.65800006E-05
   9.13142983E-04   7.65399964E-05
   3.22158001E-02   7.77300011E-05
   9.81509034E-03   7.89400001E-05
   4.38879989E-03   7.89199985E-05
   6.55349996E-03   8.13399965E-05
       -1137       -1137
  0.508834004       2.06999994E-06
   7.51354024E-02   3.26000008E-06
   8.98433011E-03   4.47000002E-06
   6.64948002E-02   4.44299985E-05
  0.289112002       4.56199996E-05
   4.23462987E-02   4.68299986E-05
   4.32883017E-03   4.68100006E-05
   4.76144021E-03   4.80199997E-05
   2.61881996E-06   4.92299987E-05
       -1137       -1137
   3.14071998E-02   3.15700017E-05
  0.645803988       3.27599992E-05
   5.70724010E-02   3.39699982E-05
  0.153330997       3.39500002E-05
  0.109530002       3.51599992E-05
   2.85570999E-03   3.63699983E-05
       -1137       -1137
          -1          -1
