   4.40800004E-03   4.95220013E-02
   6.61413977E-03   5.00589982E-02
   4.21206001E-03   5.17040007E-02
   1.75588997E-03   5.97723015E-02
   1.41635002E-03   6.00178018E-02
   9.64465027E-04   6.03789985E-02
   7.92970968E-05   6.07948005E-02
   6.32902011E-05   6.08731993E-02
   4.30868007E-04   6.22427016E-02
   3.38070007E-04   6.23475984E-02
   2.28614997E-04   6.24333993E-02
   1.97157005E-05   6.26074970E-02
   1.54511999E-05   6.26233965E-02
   6.18040019E-08   6.28466979E-02
   6.18040019E-08   6.28499016E-02
   8.20157002E-05   6.28188998E-02
   5.55603001E-05   6.28523007E-02
   3.57850986E-05   6.28663003E-02
   1.42157000E-06   6.29099980E-02
   8.65297011E-07   6.29111975E-02
   4.17155999E-04   5.05959988E-02
   7.69614009E-03   5.22410013E-02
   1.13374996E-03   6.03092983E-02
   1.56851005E-04   6.05547987E-02
   1.46930001E-03   6.09159991E-02
   8.29989003E-05   6.13318011E-02
   2.28984994E-04   6.14101999E-02
   2.68889009E-04   6.27797022E-02
   3.64008010E-05   6.28845990E-02
   3.34412005E-04   6.29703999E-02
   1.99002006E-05   6.31444976E-02
   5.48807002E-05   6.31603971E-02
   4.94427979E-07   6.33836985E-02
   7.41614997E-07   6.33869022E-02
   5.07992991E-05   6.33559003E-02
   5.93286995E-06   6.33893013E-02
   5.19126006E-05   6.34033009E-02
   1.42146996E-06   6.34469986E-02
   3.02819990E-06   6.34481981E-02
   3.39748990E-03   5.38860001E-02
   6.62831008E-04   6.19543009E-02
   1.35702000E-03   6.21998012E-02
   1.34019996E-03   6.25609979E-02
   2.57657986E-04   6.29767999E-02
   2.18544999E-04   6.30552024E-02
   1.54082998E-04   6.44247010E-02
   3.10767005E-04   6.45295978E-02
   3.07654002E-04   6.46153986E-02
   6.23006999E-05   6.47894964E-02
   5.25969008E-05   6.48054034E-02
   8.65292009E-07   6.50286973E-02
   9.27078986E-07   6.50319010E-02
   2.89868003E-05   6.50008991E-02
   5.06188007E-05   6.50343001E-02
   4.78354013E-05   6.50482997E-02
   4.51167989E-06   6.50919974E-02
   2.90483990E-06   6.50931969E-02
   1.72065993E-04   7.00225979E-02
   2.43692994E-04   7.02681020E-02
   1.53278001E-04   7.06292987E-02
   1.22373003E-05   7.10451007E-02
   9.20899038E-06   7.11235031E-02
   8.41169021E-05   7.24930018E-02
   5.82184985E-05   7.25978985E-02
   3.64029002E-05   7.26836994E-02
   3.02836997E-06   7.28577971E-02
   2.22500989E-06   7.28736967E-02
   1.60076997E-05   7.30691999E-02
   9.57985958E-06   7.31026009E-02
   5.68618998E-06   7.31166005E-02
   2.47212000E-07   7.31602982E-02
   1.23606000E-07   7.31614977E-02
   1.43387997E-05   7.05135986E-02
   2.65992014E-04   7.08748028E-02
   1.24222997E-05   7.12905973E-02
   3.05930989E-05   7.13689998E-02
   5.78471008E-05   7.27384984E-02
   6.61284002E-06   7.28434026E-02
   6.08791997E-05   7.29292035E-02
   3.02838998E-06   7.31033012E-02
   7.41662006E-06   7.31192008E-02
   6.18034974E-08   7.33425021E-02
   6.18034974E-08   7.33456984E-02
   1.09392004E-05   7.33146966E-02
   1.05069000E-06   7.33480975E-02
   9.45616011E-06   7.33620971E-02
   2.47212995E-07   7.34058022E-02
   4.32618009E-07   7.34070018E-02
   1.33370995E-04   7.12359995E-02
   4.05428000E-05   7.16518015E-02
   3.33134012E-05   7.17301965E-02
   3.57239005E-05   7.30997026E-02
   6.11865034E-05   7.32045993E-02
   6.13107986E-05   7.32904002E-02
   9.88854026E-06   7.34644979E-02
   8.09655012E-06   7.34803975E-02
   1.23606000E-07   7.37036988E-02
   1.23606000E-07   7.37069026E-02
   6.73651994E-06   7.36759007E-02
   9.95067967E-06   7.37093017E-02
   9.51767015E-06   7.37233013E-02
   7.41653025E-07   7.37669989E-02
   4.32613007E-07   7.37681985E-02
   6.18047977E-08   7.20676035E-02
   4.82092992E-06   7.21459985E-02
   2.84305997E-06   7.35154971E-02
   2.78134007E-06   7.36204013E-02
   8.83806024E-06   7.37062022E-02
   6.18047977E-08   7.38802999E-02
   1.11252996E-06   7.38961995E-02
   5.56257987E-07   7.40917027E-02
   4.32628013E-07   7.41251037E-02
   1.35974994E-06   7.41391033E-02
   6.18047977E-08   7.41840005E-02
   1.11250995E-06   7.22244009E-02
   2.10137000E-06   7.35938996E-02
   6.55123995E-06   7.36989006E-02
   7.23126004E-06   7.37845972E-02
   1.11250995E-06   7.39587024E-02
   5.56247983E-07   7.39746019E-02
   3.70821994E-07   7.41700977E-02
   1.05069000E-06   7.42034987E-02
   1.11250995E-06   7.42174983E-02
   6.18037035E-08   7.42612034E-02
   1.02588001E-05   7.49633983E-02
   1.38436999E-05   7.50683025E-02
   8.46675994E-06   7.51541033E-02
   6.79821994E-07   7.53282011E-02
   4.94420988E-07   7.53441006E-02
   3.89349998E-06   7.55394995E-02
   2.28656995E-06   7.55729973E-02
   1.35962000E-06   7.55869970E-02
   6.17988007E-08   7.56307021E-02
   7.41667009E-07   7.51733035E-02
   1.40297998E-05   7.52590969E-02
   6.79879008E-07   7.54330978E-02
   1.60695004E-06   7.54491016E-02
   2.59569993E-06   7.56445006E-02
   2.47215013E-07   7.56779984E-02
   2.16320996E-06   7.56919980E-02
   6.18039024E-08   7.57357031E-02
   6.18039024E-08   7.57369027E-02
   6.84809993E-06   7.53448978E-02
   2.10251005E-06   7.55188987E-02
   1.68195004E-06   7.55349025E-02
   1.56186002E-06   7.57303014E-02
   2.22259996E-06   7.57637993E-02
   2.16260992E-06   7.57777989E-02
   1.80214002E-07   7.58214965E-02
   1.20140001E-07   7.58227035E-02
   2.78947994E-07   7.57089034E-02
   1.39475006E-07   7.59043023E-02
   1.39475006E-07   7.59378001E-02
   3.48691003E-07   7.59517998E-02
   6.38736992E-08   7.57248029E-02
   1.27747995E-07   7.59202987E-02
   2.55494001E-07   7.59536996E-02
   2.55494001E-07   7.59678036E-02
   3.81249009E-07   7.61156976E-02
   4.44785002E-07   7.61492029E-02
   2.54165997E-07   7.61632025E-02
   3.50930009E-07   7.61967003E-02
   1.79680001E-07   7.62107000E-02
       -1137       -1137
   1.67142991E-02   5.24499992E-05
   4.63490002E-03   2.26479999E-04
   6.37684017E-03   2.42420007E-04
   1.38592003E-02   4.65669989E-04
   1.82182994E-02   4.68940008E-04
   3.82090989E-03   4.37859999E-04
   2.59647006E-03   4.71320003E-04
   2.48810998E-03   4.85339988E-04
   3.38051002E-04   5.29010023E-04
   3.63895990E-04   5.30209974E-04
  0.231105998       5.88000003E-05
  0.314482987       1.37199997E-04
   1.95544008E-02   1.50668004E-03
   7.89099000E-03   1.61164999E-03
   1.23592997E-02   1.69744994E-03
   2.91684009E-02   1.87148002E-03
   3.51313017E-02   1.88741996E-03
   2.06519999E-02   2.11067009E-03
   2.58789007E-02   2.11393996E-03
   3.55607993E-03   2.08286010E-03
   1.26558996E-03   2.11631996E-03
   1.91480003E-03   2.13034009E-03
   1.95633993E-03   2.17401003E-03
   1.79277000E-03   2.17521004E-03
   5.00787003E-03   7.10459985E-03
   1.02300001E-02   7.35010020E-03
   1.67481992E-02   7.71130016E-03
   1.26328003E-02   8.12709983E-03
   1.65585000E-02   8.20550043E-03
   2.08665011E-03   9.57497954E-03
   2.40372005E-03   9.67994984E-03
   3.86813004E-03   9.76574980E-03
   2.60704989E-03   9.93978046E-03
   3.38358991E-03   9.95572004E-03
   1.92496998E-04   1.01790000E-02
   2.15855005E-04   1.01822000E-02
   3.87053005E-04   1.01512000E-02
   3.93254013E-04   1.01846000E-02
   6.01878972E-04   1.01985997E-02
   1.83810000E-04   1.02423001E-02
   1.83191005E-04   1.02434997E-02
   2.41909001E-05   7.59560009E-03
   2.21647002E-04   7.95680005E-03
   6.07658003E-04   8.37260019E-03
   5.31243999E-03   8.45099986E-03
   1.68051000E-03   9.82047990E-03
   3.72161003E-06   9.92545020E-03
   4.48657011E-05   1.00111999E-02
   1.13305003E-04   1.01853004E-02
   6.95118972E-04   1.02011999E-02
   6.90563975E-05   1.04245003E-02
   2.42109003E-04   1.04277004E-02
   2.94627011E-04   1.03967004E-02
   4.13513987E-07   1.04301004E-02
   6.82297014E-06   1.04441000E-02
   8.06336993E-06   1.04878005E-02
   3.53545984E-05   1.04890000E-02
   4.93738975E-04   8.31799954E-03
   2.03434005E-03   8.73379968E-03
   1.25969003E-03   8.81220028E-03
   2.72120000E-03   1.01816999E-02
   5.04493983E-05   1.02866003E-02
   1.70369007E-04   1.03724003E-02
   1.79886003E-04   1.05464999E-02
   9.98738033E-05   1.05624003E-02
   1.35226001E-04   1.07856998E-02
   1.12057998E-04   1.07888998E-02
   4.75962996E-04   1.07578998E-02
   8.27015992E-06   1.07912999E-02
   2.50180001E-05   1.08053004E-02
   1.09581997E-05   1.08490000E-02
   4.75552997E-06   1.08502004E-02
   7.48679973E-04   9.14959982E-03
   2.28678007E-02   9.22800042E-03
   1.88902998E-03   1.05975000E-02
   1.74503002E-04   1.07023995E-02
   5.20200992E-04   1.07882004E-02
   3.01658991E-04   1.09623000E-02
   3.27213993E-03   1.09781995E-02
   2.11720995E-04   1.12015000E-02
   5.87189978E-04   1.12047000E-02
   3.25228000E-04   1.11737000E-02
   2.95655991E-05   1.12071000E-02
   8.22908987E-05   1.12210996E-02
   2.12960003E-05   1.12648001E-02
   1.67681996E-04   1.12659996E-02
   6.35757018E-03   9.30640008E-03
   2.50915997E-03   1.06758997E-02
   1.11148006E-03   1.07808001E-02
   3.34123004E-04   1.08666001E-02
   3.18863010E-03   1.10406997E-02
   1.92017003E-03   1.10566001E-02
   6.49628986E-04   1.12798996E-02
   4.93931992E-04   1.12830997E-02
   4.34184010E-04   1.12520996E-02
   1.78015995E-04   1.12854997E-02
   5.33437997E-05   1.12995002E-02
   2.11520004E-04   1.13431998E-02
   9.92399000E-05   1.13444002E-02
   2.05107994E-04   1.20454002E-02
   3.95935000E-04   1.21502997E-02
   6.30602008E-04   1.22360997E-02
   3.90562986E-04   1.24102002E-02
   5.10687009E-04   1.24260997E-02
   2.37772001E-05   1.26492996E-02
   2.58433993E-05   1.26526002E-02
   7.52595006E-05   1.26214996E-02
   6.47148991E-05   1.26550002E-02
   9.82049023E-05   1.26689998E-02
   2.74990998E-05   1.27127003E-02
   2.77048002E-05   1.27138998E-02
   1.03378998E-05   1.23410998E-02
   2.83263998E-05   1.25150997E-02
   1.50934997E-04   1.25310998E-02
   9.51104994E-06   1.27542997E-02
   3.74230985E-05   1.27576003E-02
   6.94713017E-05   1.27264997E-02
   1.65414997E-06   1.27739999E-02
   1.86077000E-06   1.28177004E-02
   7.65019013E-06   1.28188999E-02
   1.42669996E-05   1.24268997E-02
   5.21043985E-05   1.26008997E-02
   3.18415005E-05   1.26168998E-02
   2.60521992E-05   1.28400996E-02
   2.10897997E-05   1.28434002E-02
   1.10412999E-04   1.28122997E-02
   1.65419999E-06   1.28458003E-02
   4.13528005E-06   1.28597999E-02
   3.30818989E-06   1.29035003E-02
   1.65419999E-06   1.29046999E-02
   2.81187004E-05   1.27750002E-02
   4.98493027E-04   1.27908997E-02
   2.95657992E-05   1.30140996E-02
   6.24411987E-05   1.30174002E-02
   6.71966991E-05   1.29862996E-02
   4.75552997E-06   1.30198002E-02
   8.47678984E-06   1.30337998E-02
   3.92847005E-06   1.30775003E-02
   2.58437994E-05   1.30786998E-02
   1.55275993E-04   1.28068002E-02
   7.23643971E-05   1.30300997E-02
   6.14064993E-05   1.30334003E-02
   8.82855020E-05   1.30022997E-02
   2.43973991E-05   1.30356997E-02
   5.16898990E-06   1.30497999E-02
   3.34940014E-05   1.30933998E-02
   1.61267999E-05   1.30946003E-02
   9.26496000E-07   1.32533005E-02
   1.91483996E-05   1.32566001E-02
   5.86787019E-06   1.32254995E-02
   2.16185003E-06   1.32590001E-02
   5.86787019E-06   1.32729998E-02
   3.08832000E-06   1.33167002E-02
   5.25017003E-06   1.33178998E-02
   4.34470985E-06   1.32598998E-02
   7.01809995E-06   1.32288001E-02
   9.02339980E-06   1.32622998E-02
   5.01296017E-06   1.32763004E-02
   6.34984008E-06   1.33199003E-02
   5.01296017E-06   1.33210998E-02
   1.82774002E-05   1.31976996E-02
   3.04647001E-05   1.32312002E-02
   4.59697003E-05   1.32451998E-02
   1.27390003E-05   1.32889003E-02
   1.27390003E-05   1.32900998E-02
   9.66331982E-07   1.32787004E-02
   1.93266010E-06   1.33223003E-02
   5.79780999E-06   1.33234998E-02
   8.46039995E-07   1.32927001E-02
   2.53812004E-06   1.33362999E-02
   8.46039995E-07   1.33375004E-02
   1.87959003E-07   1.33800004E-02
   1.50374001E-06   1.33811999E-02
   4.46429993E-07   1.33824004E-02
       -1137       -1137
   6.06754003E-03   9.69680026E-04
   4.01916988E-02   1.07464998E-03
   1.17396004E-02   1.16045005E-03
   4.33456004E-02   1.33448001E-03
   1.50519004E-02   1.35041995E-03
   1.54557999E-03   1.57366996E-03
   2.33481009E-03   1.57693995E-03
   1.05981005E-03   1.54585997E-03
   6.10603020E-03   1.57931994E-03
   1.79282005E-03   1.59333996E-03
   2.95314007E-03   1.63701002E-03
   7.92870997E-04   1.63821003E-03
   6.45752007E-04   6.56760018E-03
   2.10778005E-02   6.81310007E-03
   2.00415007E-03   7.17430003E-03
   2.94042006E-03   7.59010017E-03
   2.10327003E-03   7.66849983E-03
   2.44491996E-04   9.03797988E-03
   3.27806990E-03   9.14295018E-03
   4.13577014E-04   9.22875013E-03
   4.29612002E-04   9.40277986E-03
   2.61618989E-04   9.41872038E-03
   8.93503020E-05   9.64196958E-03
   6.04570014E-05   9.64524038E-03
   4.44063990E-05   9.61416028E-03
   4.95949993E-04   9.64761991E-03
   6.31319999E-05   9.66164004E-03
   2.88909996E-05   9.70530976E-03
   1.33757003E-05   9.70651023E-03
   2.17960998E-02   7.05859996E-03
   5.80596998E-02   7.41979992E-03
   3.04263998E-02   7.83559959E-03
   4.51335013E-02   7.91400019E-03
   5.28609985E-03   9.28348023E-03
   8.64167046E-03   9.38844960E-03
   1.31666996E-02   9.47424956E-03
   6.28454983E-03   9.64828022E-03
   9.27689020E-03   9.66421980E-03
   4.34979011E-04   9.88746993E-03
   3.89497000E-04   9.89073981E-03
   1.01016997E-03   9.85965971E-03
   1.37660000E-03   9.89312027E-03
   2.04280997E-03   9.90714040E-03
   4.43547993E-04   9.95081011E-03
   5.02932002E-04   9.95200966E-03
   1.37764995E-03   7.78099988E-03
   2.94853002E-02   8.19680002E-03
   4.19508992E-03   8.27519968E-03
   4.23727994E-04   9.64467973E-03
   9.25533008E-03   9.74965002E-03
   5.34475024E-04   9.83544998E-03
   5.12645999E-03   1.00095002E-02
   6.97686977E-04   1.00253997E-02
   1.97959002E-04   1.02487002E-02
   1.06464999E-04   1.02519002E-02
   7.81142007E-05   1.02209002E-02
   1.40652002E-03   1.02543002E-02
   8.07851029E-05   1.02682998E-02
   3.52050003E-04   1.03120003E-02
   3.69158006E-05   1.03131998E-02
   2.78610997E-02   8.61260016E-03
  0.112411000       8.69099982E-03
   7.37828028E-04   1.00605004E-02
   4.73878020E-03   1.01655005E-02
   6.22921996E-03   1.02511998E-02
   9.56177991E-03   1.04253003E-02
   2.07554996E-02   1.04411999E-02
   1.59164995E-03   1.06645003E-02
   3.23301996E-03   1.06677003E-02
   1.41245997E-04   1.06367003E-02
   7.22284021E-04   1.06701003E-02
   9.53392009E-04   1.06841000E-02
   6.58079982E-04   1.07278004E-02
   1.10697001E-03   1.07290000E-02
   5.43570984E-03   8.76940042E-03
   4.27472987E-04   1.01389000E-02
   6.21531997E-03   1.02437995E-02
   8.14290019E-04   1.03296004E-02
   1.58891995E-02   1.05037000E-02
   1.82383996E-03   1.05195995E-02
   6.38810976E-04   1.07429000E-02
   2.45572010E-04   1.07461000E-02
   7.81135968E-05   1.07151000E-02
   9.17016005E-04   1.07485000E-02
   1.22519996E-04   1.07624996E-02
   1.05823996E-03   1.08062001E-02
   9.62998965E-05   1.08073996E-02
   2.24690993E-05   1.15083996E-02
   8.27629003E-04   1.16133001E-02
   8.82778986E-05   1.16991000E-02
   1.04327002E-04   1.18731996E-02
   5.35008003E-05   1.18891001E-02
   1.97951995E-05   1.21122999E-02
   1.07003998E-05   1.21155996E-02
   8.02513023E-06   1.20844999E-02
   1.25184000E-04   1.21179996E-02
   1.33752001E-05   1.21320002E-02
   6.95468998E-06   1.21756997E-02
   2.67493010E-06   1.21769002E-02
   8.15379026E-04   1.17183002E-02
   2.10523000E-03   1.18041001E-02
   9.63561994E-04   1.19781001E-02
   1.28939003E-03   1.19941002E-02
   5.51074991E-05   1.22173000E-02
   4.01270008E-05   1.22205997E-02
   1.58374998E-04   1.21895000E-02
   2.57345993E-04   1.22229997E-02
   3.26912006E-04   1.22370003E-02
   6.79493023E-05   1.22806998E-02
   7.00891978E-05   1.22819003E-02
   5.18970992E-05   1.18899001E-02
   1.09143998E-03   1.20639000E-02
   1.38039002E-04   1.20799001E-02
   3.47768000E-05   1.23031000E-02
   1.76555004E-05   1.23063996E-02
   1.60510008E-05   1.22753000E-02
   3.19944986E-04   1.23087997E-02
   1.55157995E-05   1.23228002E-02
   7.49066021E-05   1.23664998E-02
   7.49066021E-06   1.23677002E-02
   8.11656006E-04   1.22379996E-02
   3.05181998E-03   1.22539001E-02
   1.87790996E-04   1.24770999E-02
   3.85752995E-04   1.24803996E-02
   1.97963000E-05   1.24492999E-02
   1.46065999E-04   1.24827996E-02
   1.67463993E-04   1.24968002E-02
   1.11289002E-04   1.25404997E-02
   1.63716002E-04   1.25417002E-02
   1.70076994E-04   1.22697996E-02
   8.97596983E-05   1.24931000E-02
   3.54301010E-05   1.24963997E-02
   1.06291000E-05   1.24653000E-02
   2.10232000E-04   1.24987001E-02
   2.30297992E-05   1.25128003E-02
   2.25575001E-04   1.25564002E-02
   1.77156999E-05   1.25575997E-02
   4.25520011E-06   1.27162999E-02
   2.97874994E-05   1.27196005E-02
   4.25520011E-06   1.26884999E-02
   9.11873030E-06   1.27219995E-02
   6.07913989E-06   1.27360001E-02
   1.39817002E-05   1.27796996E-02
   4.86329009E-06   1.27809001E-02
   2.04391995E-06   1.27229001E-02
   2.72517991E-06   1.26917996E-02
   6.81312986E-06   1.27253002E-02
   3.40642009E-06   1.27392998E-02
   3.20209001E-05   1.27828997E-02
   2.04391995E-06   1.27841001E-02
   6.48262017E-07   1.26606999E-02
   2.91721008E-05   1.26941996E-02
   3.24117991E-06   1.27082001E-02
   1.29654995E-06   1.27518997E-02
   6.48262017E-07   1.27531001E-02
   2.57859992E-05   1.27275996E-02
   6.31103976E-05   1.27416998E-02
   1.28924003E-05   1.27852997E-02
   1.28924003E-05   1.27865002E-02
   1.56715998E-06   1.27557004E-02
   1.64538997E-05   1.27993003E-02
   1.56715998E-06   1.28004998E-02
   3.74511001E-06   1.28429998E-02
   1.07010001E-05   1.28442002E-02
   5.35026004E-07   1.28453998E-02
       -1137       -1137
   8.43103975E-04   4.92260000E-03
   4.54736000E-04   5.16809989E-03
   2.25018002E-02   5.52929984E-03
   2.63504009E-03   5.94509998E-03
   4.07664990E-03   6.02350011E-03
   3.20272986E-04   7.39298016E-03
   8.04747979E-05   7.49794999E-03
   3.43215000E-03   7.58374995E-03
   2.61404988E-04   7.75778014E-03
   3.67242988E-04   7.77372019E-03
   1.87949001E-04   7.99696986E-03
   3.35393997E-04   8.00023973E-03
   5.77883002E-05   7.96915963E-03
   1.24220996E-05   8.00262019E-03
   4.94716980E-04   8.01664032E-03
   1.67426006E-05   8.06031004E-03
   1.72828004E-05   8.06150958E-03
   7.18330994E-05   5.41359978E-03
   3.77861001E-02   5.77480020E-03
   1.90441997E-03   6.19059987E-03
   1.66203007E-02   6.26900000E-03
   9.23551997E-05   7.63848005E-03
   3.02446006E-05   7.74344988E-03
   5.98214008E-03   7.82924984E-03
   3.49987997E-04   8.00327957E-03
   2.53306003E-03   8.01922008E-03
   1.91738000E-04   8.24247021E-03
   4.91491985E-04   8.24574009E-03
   1.72830005E-05   8.21465999E-03
   4.86089994E-06   8.24811962E-03
   8.68448988E-04   8.26213975E-03
   2.43044997E-05   8.30581039E-03
   1.31784007E-04   8.30700994E-03
   4.87316996E-02   6.13600016E-03
   5.09555005E-02   6.55179983E-03
   7.05657005E-02   6.63019996E-03
   5.56977000E-03   7.99968001E-03
   8.36555008E-03   8.10465030E-03
   1.86411999E-02   8.19045026E-03
   9.93276015E-03   8.36447999E-03
   1.35284998E-02   8.38041957E-03
   7.63639982E-04   8.60366970E-03
   9.54851974E-04   8.60693958E-03
   1.06178003E-03   8.57586041E-03
   1.35506003E-03   8.60932004E-03
   2.81386008E-03   8.62334017E-03
   6.95616007E-04   8.66700988E-03
   7.25848018E-04   8.66821036E-03
   7.16697006E-03   6.96759997E-03
  0.134611994       7.04600010E-03
   6.23782980E-04   8.41548014E-03
   4.35844995E-04   8.52045044E-03
   7.37952022E-03   8.60625040E-03
   2.39464990E-03   8.78028013E-03
   1.88177992E-02   8.79621971E-03
   4.26657993E-04   9.01946984E-03
   1.45164004E-03   9.02273972E-03
   1.18276999E-04   8.99165962E-03
   7.07479994E-05   9.02512018E-03
   1.05374004E-03   9.03914031E-03
   1.64725003E-04   9.08281002E-03
   9.64556006E-04   9.08400957E-03
   8.99636969E-02   7.12440023E-03
   9.92182991E-04   8.49387981E-03
   3.35281994E-03   8.59885011E-03
   1.15339002E-02   8.68465006E-03
   2.27444991E-02   8.85867979E-03
   2.86896005E-02   8.87462031E-03
   4.52387985E-03   9.09787044E-03
   4.12958022E-03   9.10114031E-03
   1.89580998E-04   9.07006022E-03
   5.33619022E-04   9.10351984E-03
   1.69428997E-03   9.11753997E-03
   1.56034995E-03   9.16120969E-03
   1.50300004E-03   9.16241016E-03
   3.07843984E-05   9.86335985E-03
   1.72828004E-05   9.96833015E-03
   8.49573000E-04   1.00541003E-02
   6.75097981E-05   1.02281999E-02
   9.72167982E-05   1.02441004E-02
   2.59238004E-05   1.04673002E-02
   5.23876988E-05   1.04705999E-02
   1.13418000E-05   1.04395002E-02
   2.70042005E-06   1.04729999E-02
   1.22604994E-04   1.04870005E-02
   4.32075012E-06   1.05307000E-02
   4.86084991E-06   1.05319005E-02
   2.16028002E-06   1.00733005E-02
   1.31785998E-03   1.01591004E-02
   7.61556003E-05   1.03331003E-02
   5.40637993E-04   1.03491005E-02
   2.80862005E-05   1.05723003E-02
   6.80516023E-05   1.05756000E-02
   3.24057009E-06   1.05445003E-02
   5.40105020E-07   1.05780000E-02
   1.91197003E-04   1.05919996E-02
   5.40105020E-06   1.06357001E-02
   2.80862005E-05   1.06368996E-02
   1.70770998E-03   1.02449004E-02
   1.44202996E-03   1.04189003E-02
   2.17710994E-03   1.04349004E-02
   9.12781034E-05   1.06581002E-02
   1.20436998E-04   1.06613999E-02
   1.62026001E-04   1.06303003E-02
   2.13332998E-04   1.06637999E-02
   5.11467981E-04   1.06777996E-02
   1.00997997E-04   1.07215000E-02
   1.16650997E-04   1.07226996E-02
   1.92267995E-04   1.05929999E-02
   3.31510999E-03   1.06089003E-02
   4.80695999E-05   1.08321002E-02
   1.56092006E-04   1.08353999E-02
   1.29612999E-05   1.08043002E-02
   1.24221997E-05   1.08377999E-02
   2.05763004E-04   1.08518004E-02
   2.64630999E-05   1.08955000E-02
   1.70671003E-04   1.08967004E-02
   2.44734995E-03   1.06247999E-02
   5.28873992E-04   1.08481003E-02
   4.75406006E-04   1.08514000E-02
   2.01207004E-05   1.08203003E-02
   9.25557979E-05   1.08537003E-02
   3.39166989E-04   1.08677996E-02
   2.43164002E-04   1.09114004E-02
   2.56383995E-04   1.09126000E-02
   2.14620991E-06   1.10713001E-02
   6.58171994E-05   1.10745998E-02
   5.72333010E-06   1.10435002E-02
   5.72333010E-06   1.10769998E-02
   1.64544999E-05   1.10910004E-02
   4.29240981E-06   1.11346999E-02
   3.21937005E-05   1.11359004E-02
   1.87474998E-05   1.10779004E-02
   9.65740037E-06   1.10467998E-02
   1.07936003E-05   1.10803004E-02
   1.76111007E-05   1.10943001E-02
   1.02259000E-05   1.11378999E-02
   2.32919992E-05   1.11391004E-02
   1.66837003E-06   1.10157002E-02
   8.34199000E-07   1.10491998E-02
   3.58719008E-05   1.10632004E-02
   1.66837003E-06   1.11068999E-02
   1.66837003E-06   1.11081004E-02
   6.03240005E-05   1.10967001E-02
   2.11664997E-06   1.11403000E-02
   8.46678995E-06   1.11415004E-02
   8.76745980E-05   1.11106997E-02
   3.33415992E-05   1.11542996E-02
   3.95146999E-05   1.11555001E-02
   1.08017002E-06   1.11980001E-02
   1.13419001E-05   1.11991996E-02
   7.02113994E-06   1.12004001E-02
       -1137       -1137
   3.67886983E-02   1.74169996E-04
   4.94262017E-02   1.77440001E-04
   1.05787003E-02   1.46360006E-04
   9.75214969E-03   1.79819996E-04
   1.32197998E-02   1.93839995E-04
   3.66597995E-03   2.37510001E-04
   4.68110014E-03   2.38709996E-04
   6.27989024E-02   3.63500003E-05
   6.89724013E-02   1.22149999E-04
   2.42545009E-02   2.96179991E-04
   3.77440006E-02   3.12120013E-04
  0.163039997       5.35370025E-04
  0.202938005       5.38640015E-04
   1.03038996E-02   5.07559977E-04
   9.39546991E-03   5.41020010E-04
   1.04326997E-02   5.55040024E-04
   1.40902004E-03   5.98709972E-04
   2.11667991E-03   5.99909981E-04
   2.58917008E-02   3.47180001E-04
   5.69404988E-03   4.52150009E-04
   6.34056004E-03   5.37950022E-04
   8.78082030E-03   7.11979985E-04
   1.09112002E-02   7.27919978E-04
   8.40036012E-03   9.51169990E-04
   7.75761018E-03   9.54439980E-04
   3.21707991E-03   9.23359999E-04
   7.27434002E-04   9.56819975E-04
   7.54949986E-04   9.70839988E-04
   4.68963990E-04   1.01451005E-03
   5.76700026E-04   1.01570995E-03
   3.63558009E-02   4.25579987E-04
   1.02316996E-03   5.30550024E-04
   1.10881003E-02   6.16349978E-04
   1.21470001E-02   7.90380000E-04
   1.75365992E-02   8.06319993E-04
   9.52860992E-03   1.02957000E-03
   1.49031999E-02   1.03283999E-03
   4.48996993E-03   1.00176001E-03
   1.47968007E-04   1.03521999E-03
   1.31206005E-03   1.04924000E-03
   6.97285985E-04   1.09290995E-03
   8.93743010E-04   1.09410996E-03
   2.81920005E-03   1.79506000E-03
   4.87382989E-03   1.90002995E-03
   8.19924008E-03   1.98583002E-03
   9.31669958E-03   2.15985999E-03
   1.31841004E-02   2.17580004E-03
   6.08851016E-03   2.39904993E-03
   7.66259991E-03   2.40232004E-03
   8.83351022E-04   2.37123994E-03
   7.93077983E-04   2.40470003E-03
   1.26942003E-03   2.41871993E-03
   5.82834997E-04   2.46239011E-03
   7.60919997E-04   2.46358989E-03
   2.12918996E-04   2.00499990E-03
   5.92229015E-04   2.09080009E-03
   3.17967002E-04   2.26483005E-03
   1.82050993E-04   2.28077010E-03
   5.30680991E-05   2.50402000E-03
   4.46080987E-04   2.50729010E-03
   5.81794011E-04   2.47621001E-03
   5.30680991E-05   2.50967010E-03
   6.91629975E-05   2.52369000E-03
   1.76170997E-05   2.56735994E-03
   1.23972004E-05   2.56855995E-03
   7.12714973E-04   2.17660004E-03
   6.13984012E-04   2.35063001E-03
   1.43544003E-03   2.36657006E-03
   5.45262999E-04   2.58981995E-03
   9.79147037E-04   2.59309006E-03
   9.83295031E-04   2.56200996E-03
   8.15594976E-05   2.59547005E-03
   1.85950994E-04   2.60948995E-03
   3.89322013E-05   2.65315990E-03
   7.93837025E-05   2.65435991E-03
   1.11458998E-04   2.52465997E-03
   4.82377014E-04   2.54060002E-03
   4.63986013E-04   2.76384992E-03
   3.26091005E-03   2.76712002E-03
   1.15757994E-03   2.73603993E-03
   3.74593001E-05   2.76950002E-03
   7.95165979E-05   2.78351991E-03
   1.12607004E-05   2.82719010E-03
   2.41295002E-05   2.82839010E-03
   2.83492991E-04   2.55654007E-03
   3.02146003E-03   2.77978997E-03
   1.78400998E-03   2.78306007E-03
   1.59837003E-03   2.75197998E-03
   2.31563008E-05   2.78544007E-03
   1.79631999E-04   2.79945997E-03
   2.38303001E-05   2.84312991E-03
   2.76513001E-05   2.84432992E-03
   5.43522008E-04   3.00304010E-03
   3.75018991E-03   3.00630997E-03
   6.61623024E-04   2.97523011E-03
   6.08983009E-06   3.00868996E-03
   5.06758006E-05   3.02271009E-03
   2.52287991E-05   3.06638004E-03
   1.67673003E-04   3.06758005E-03
   1.29149004E-03   3.00958008E-03
   8.44281982E-04   2.97849998E-03
   6.57778000E-05   3.01196007E-03
   9.75618968E-05   3.02597997E-03
   1.90491002E-04   3.06964992E-03
   9.73432034E-05   3.07084993E-03
   9.06400019E-05   2.94742011E-03
   1.36425006E-04   2.98087997E-03
   2.18367000E-04   2.99490010E-03
   9.84287981E-05   3.03857005E-03
   1.28330998E-04   3.03977006E-03
   9.40022983E-06   3.01434007E-03
   2.69488992E-05   3.02835996E-03
   5.64033007E-06   3.07202991E-03
   4.38682991E-06   3.07322992E-03
   3.81548998E-05   3.04238009E-03
   1.55445996E-05   3.08605004E-03
   3.10897012E-05   3.08725005E-03
   1.06580001E-06   3.12971999E-03
   5.32863987E-06   3.13092000E-03
   7.21608012E-06   3.13212001E-03
       -1137       -1137
   6.65146997E-03   5.06799988E-05
   1.62870008E-02   6.66199994E-05
   2.81718001E-02   2.89869990E-04
   2.69674007E-02   2.93140009E-04
   3.16210999E-03   2.62059999E-04
   3.75837996E-03   2.95520003E-04
   2.75699003E-03   3.09539988E-04
   4.63601988E-04   3.53209995E-04
   9.95403971E-04   3.54410004E-04
   5.13659008E-02   1.01680002E-04
   5.24147004E-02   2.06650002E-04
   5.35643995E-02   2.92449986E-04
   2.03093998E-02   4.66480007E-04
   2.43219007E-02   4.82420000E-04
  0.137215003       7.05669983E-04
  0.210264996       7.08939973E-04
   9.73774027E-03   6.77859993E-04
   7.27157015E-03   7.11320026E-04
   8.01362004E-03   7.25339982E-04
   1.29219994E-03   7.69009988E-04
   1.51893997E-03   7.70209997E-04
   8.41403008E-03   1.80079995E-04
   5.91031983E-02   2.85049988E-04
   5.25052007E-03   3.70850001E-04
   9.88487969E-04   5.44879993E-04
   2.88171996E-03   5.60819986E-04
   5.20867994E-03   7.84069998E-04
   3.73527990E-03   7.87339988E-04
   1.05869002E-03   7.56260008E-04
   6.54587988E-03   7.89719983E-04
   7.06209976E-04   8.03739997E-04
   3.64236985E-05   8.47410003E-04
   1.55032001E-04   8.48610012E-04
   8.08919023E-04   1.54955999E-03
   1.15836002E-02   1.65452994E-03
   1.66339998E-03   1.74033002E-03
   3.80563986E-04   1.91435998E-03
   1.35112996E-03   1.93030003E-03
   4.50012994E-05   2.15355004E-03
   9.09461989E-04   2.15681992E-03
   2.38331995E-04   2.12574005E-03
   1.23725005E-03   2.15919991E-03
   2.33330007E-04   2.17322004E-03
   1.77781003E-05   2.21688999E-03
   7.22245968E-05   2.21809000E-03
   8.82519968E-03   1.75950001E-03
   2.52081007E-02   1.84529996E-03
   2.47173999E-02   2.01932993E-03
   3.96660008E-02   2.03526998E-03
   1.32970000E-02   2.25852011E-03
   2.25163996E-02   2.26178998E-03
   2.18405994E-03   2.23070988E-03
   2.41558999E-03   2.26416998E-03
   3.87450005E-03   2.27819011E-03
   1.54835999E-03   2.32186005E-03
   2.26775999E-03   2.32306006E-03
   6.89996989E-04   1.93110004E-03
   1.76109001E-03   2.10513012E-03
   1.49329996E-03   2.12106993E-03
   9.31280013E-03   2.34432006E-03
   2.58104992E-03   2.34758994E-03
   2.05554999E-04   2.31651007E-03
   2.75503006E-03   2.34996993E-03
   1.79997005E-04   2.36399006E-03
   9.05544002E-05   2.40766001E-03
   7.66653029E-05   2.40886002E-03
   8.39442015E-04   2.27916008E-03
   2.20891996E-03   2.29509990E-03
   1.06054998E-03   2.51835003E-03
   1.91559002E-03   2.52161990E-03
   6.72208989E-05   2.49054004E-03
   2.63218000E-03   2.52399989E-03
   2.40000998E-04   2.53802002E-03
   8.88885988E-05   2.58168997E-03
   1.18333999E-04   2.58288998E-03
   5.39998000E-04   2.31103995E-03
   3.21345008E-03   2.53429008E-03
   7.13885005E-04   2.53755995E-03
   2.03885997E-04   2.50648009E-03
   4.28442983E-03   2.53993995E-03
   1.79997995E-04   2.55396008E-03
   1.18889999E-04   2.59763002E-03
   5.38870008E-05   2.59883003E-03
   3.03174998E-03   2.75753997E-03
   1.95477009E-02   2.76081008E-03
   3.33343996E-06   2.72972998E-03
   1.31114002E-03   2.76319007E-03
   1.34558999E-03   2.77720997E-03
   7.27770021E-05   2.82087992E-03
   2.02782001E-04   2.82207993E-03
   1.02388998E-03   2.76407995E-03
   1.43890007E-04   2.73300009E-03
   2.19440996E-03   2.76645995E-03
   3.35565011E-04   2.78048008E-03
   1.22223995E-04   2.82415003E-03
   4.22236008E-05   2.82535003E-03
   2.13955991E-05   2.70191999E-03
   2.82160006E-04   2.73538008E-03
   3.47696005E-05   2.74939998E-03
   3.34288006E-06   2.79306993E-03
   1.33723997E-05   2.79426994E-03
   2.20135000E-04   2.76883994E-03
   5.97934995E-04   2.78286007E-03
   2.32627004E-04   2.82653002E-03
   3.45804991E-04   2.82773003E-03
   3.77543984E-05   2.79687997E-03
   3.95530005E-05   2.84054992E-03
   3.05627982E-05   2.84174993E-03
   1.80594998E-06   2.88422010E-03
   5.41807003E-06   2.88542011E-03
   3.17301010E-06   2.88661988E-03
       -1137       -1137
   9.92736034E-03   1.05280000E-04
   9.96279996E-03   1.21220000E-04
   1.50985001E-02   3.44469998E-04
   2.20004003E-02   3.47739988E-04
   2.22468004E-03   3.16660007E-04
   1.77541003E-03   3.50120012E-04
   6.06749998E-03   3.64139996E-04
   5.31143975E-04   4.07810003E-04
   5.02477982E-04   4.09010012E-04
  0.116541997       9.64999981E-06
   4.43641990E-02   1.83679993E-04
   6.12321012E-02   1.99620001E-04
  0.156983003       4.22870013E-04
  0.189150006       4.26140003E-04
   1.31591996E-02   3.95059993E-04
   1.20288003E-02   4.28519998E-04
   1.54708000E-02   4.42540011E-04
   2.37640995E-03   4.86209989E-04
   3.19695007E-03   4.87409998E-04
   4.63684002E-04   1.18836004E-03
   8.22848000E-04   1.29332999E-03
   1.40811000E-02   1.37912994E-03
   8.30586010E-04   1.55316002E-03
   9.59996018E-04   1.56909996E-03
   1.47235999E-03   1.79234997E-03
   2.47554993E-03   1.79561996E-03
   1.35954993E-04   1.76453998E-03
   1.02111997E-04   1.79799995E-03
   1.46404002E-03   1.81201997E-03
   4.69002989E-05   1.85569003E-03
   4.86825011E-05   1.85689004E-03
   5.69910007E-05   1.39830005E-03
   1.71259996E-02   1.48410001E-03
   3.77576012E-04   1.65812997E-03
   3.44686001E-03   1.67407002E-03
   1.56489003E-03   1.89732003E-03
   8.77800025E-03   1.90059002E-03
   1.08642002E-04   1.86951004E-03
   1.30607004E-05   1.90297002E-03
   1.81187002E-03   1.91699003E-03
   2.19657995E-05   1.96066010E-03
   1.66818994E-04   1.96186011E-03
   2.30492000E-02   1.56989996E-03
   3.30210999E-02   1.74393004E-03
   4.34035994E-02   1.75986998E-03
   2.57597994E-02   1.98312011E-03
   2.94802003E-02   1.98638998E-03
   2.60568992E-03   1.95531012E-03
   2.73194001E-03   1.98876997E-03
   5.94947999E-03   2.00279010E-03
   2.01383000E-03   2.04646005E-03
   2.46340991E-03   2.04766006E-03
   2.14323998E-04   1.91796001E-03
   4.93826019E-03   1.93390006E-03
   6.65513973E-04   2.15715007E-03
   7.94422999E-03   2.16041994E-03
   9.43979030E-05   2.12934008E-03
   2.79035994E-05   2.16279994E-03
   3.44150001E-03   2.17682007E-03
   2.19666999E-05   2.22049002E-03
   2.51726015E-04   2.22169003E-03
   2.22517992E-03   1.94983999E-03
   6.44994015E-03   2.17308989E-03
   5.45606017E-03   2.17635999E-03
   1.11018002E-04   2.14527990E-03
   3.11682001E-04   2.17873999E-03
   4.47318004E-03   2.19275989E-03
   2.69545009E-04   2.23643007E-03
   2.26185002E-04   2.23763008E-03
   9.19612998E-04   2.39634002E-03
   2.45497003E-02   2.39960989E-03
   1.54951995E-04   2.36853003E-03
   2.09571997E-04   2.40198988E-03
   2.56299996E-03   2.41601001E-03
   4.63063989E-05   2.45967996E-03
   3.48508998E-04   2.46087997E-03
   9.64544993E-03   2.40288000E-03
   2.18490997E-04   2.37179990E-03
   1.17195002E-03   2.40525999E-03
   3.03259003E-03   2.41927989E-03
   4.81493014E-04   2.46295007E-03
   3.15860001E-04   2.46415008E-03
   1.51650001E-05   2.34072004E-03
   2.02202009E-05   2.37417989E-03
   3.85032006E-04   2.38820002E-03
   7.58270016E-06   2.43186997E-03
   8.42508962E-06   2.43306998E-03
   8.78269987E-07   2.40763999E-03
   4.29476990E-04   2.42166012E-03
   2.63481002E-06   2.46533006E-03
   2.28351000E-05   2.46653007E-03
   8.46452022E-04   2.43568001E-03
   4.83134005E-04   2.47934996E-03
   5.83794026E-04   2.48054997E-03
   5.54074973E-07   2.52301991E-03
   1.32978003E-05   2.52421992E-03
   4.12716008E-06   2.52541993E-03
       -1137       -1137
   5.81661984E-02   7.06999981E-06
   1.12036997E-02   1.03399998E-05
   1.15626003E-03   1.27200001E-05
   3.52955004E-03   2.67399992E-05
   1.46305002E-02   7.04100021E-05
   1.92290999E-03   7.16099967E-05
   3.36761987E-05   7.72560015E-04
   1.43383001E-03   8.77530023E-04
   1.04136998E-03   9.63329978E-04
   3.83546017E-02   1.13736000E-03
   4.46471991E-03   1.15330005E-03
   1.49804000E-02   1.37654995E-03
   4.37664008E-03   1.37982005E-03
   2.07241992E-05   1.34873996E-03
   1.83929995E-04   1.38220005E-03
   1.08811997E-04   1.39621994E-03
   1.75251998E-03   1.43989001E-03
   1.96882000E-04   1.44109002E-03
   8.47126998E-04   9.82500031E-04
   5.35333017E-03   1.06829999E-03
   3.40260006E-02   1.24232995E-03
   2.55049998E-03   1.25827000E-03
   9.52420011E-03   1.48152001E-03
   4.74337023E-03   1.48479000E-03
   1.80050003E-04   1.45371002E-03
   2.17604000E-04   1.48717000E-03
   6.20443025E-04   1.50119001E-03
   1.54524995E-03   1.54485996E-03
   1.28230997E-04   1.54605997E-03
   1.90525001E-03   1.15410006E-03
   6.95594996E-02   1.32813002E-03
   2.62552989E-03   1.34406995E-03
   3.89228994E-03   1.56731997E-03
   2.31333007E-03   1.57058996E-03
   1.48947001E-04   1.53950998E-03
   5.69925993E-04   1.57296995E-03
   4.23549995E-04   1.58698997E-03
   3.18775000E-03   1.63066003E-03
   1.19158998E-04   1.63186004E-03
   6.11887984E-02   1.50215998E-03
  0.122189999       1.51810003E-03
   5.91126010E-02   1.74135005E-03
   7.24510029E-02   1.74462004E-03
   6.57102000E-03   1.71354006E-03
   5.45945996E-03   1.74700003E-03
   1.04026003E-02   1.76102004E-03
   6.57481980E-03   1.80468999E-03
   6.85090013E-03   1.80589000E-03
   1.97141990E-03   1.53403997E-03
   6.48332983E-02   1.75728998E-03
   3.38062993E-03   1.76055997E-03
   4.27444000E-04   1.72947999E-03
   2.65523995E-04   1.76293997E-03
   3.21227999E-04   1.77695998E-03
   5.63309994E-03   1.82063004E-03
   1.86523001E-04   1.82183005E-03
   5.71443997E-02   1.98054011E-03
  0.165836006       1.98380998E-03
   2.67476006E-03   1.95273000E-03
   1.27447001E-03   1.98618998E-03
   5.89343021E-04   2.00021011E-03
   2.88717006E-03   2.04388006E-03
   3.49462009E-03   2.04508007E-03
   3.34138004E-03   1.98708009E-03
   5.38552995E-04   1.95599999E-03
   3.39208986E-04   1.98946008E-03
   3.02071014E-04   2.00347998E-03
   2.97375000E-03   2.04714993E-03
   1.64653000E-04   2.04834994E-03
   4.10530993E-06   1.92492001E-03
   3.90005007E-05   1.95837999E-03
   2.66853003E-05   1.97239988E-03
   4.80326999E-04   2.01607007E-03
   3.28429014E-05   2.01727008E-03
   3.38153986E-05   1.99184008E-03
   1.66002996E-04   2.00585998E-03
   5.90217998E-04   2.04952992E-03
   3.38153986E-05   2.05072993E-03
   6.58365025E-05   2.01988011E-03
   1.28207996E-03   2.06355006E-03
   4.15821014E-05   2.06475006E-03
   1.42471996E-04   2.10722000E-03
   2.72689009E-04   2.10842001E-03
   5.11701001E-06   2.10962002E-03
       -1137       -1137
   2.72808006E-06   6.94160000E-04
   3.15098005E-04   7.99130008E-04
   2.50437995E-03   8.84930021E-04
   3.93390981E-03   1.05895998E-03
   4.34743986E-02   1.07490004E-03
   4.64863004E-03   1.29815005E-03
   1.66785996E-02   1.30142004E-03
   1.22773999E-05   1.27034006E-03
   1.77324000E-05   1.30380003E-03
   2.72808014E-04   1.31782005E-03
   1.77323993E-04   1.36148999E-03
   1.84425001E-03   1.36269000E-03
   2.72806005E-06   9.04100016E-04
   6.51464006E-03   9.89899971E-04
   3.36917001E-04   1.16393005E-03
   4.45974991E-02   1.17986999E-03
   2.25746003E-03   1.40312000E-03
   8.62369966E-03   1.40638999E-03
   3.81934005E-05   1.37531001E-03
   2.72806005E-06   1.40876998E-03
   7.05216022E-04   1.42279000E-03
   6.82000018E-06   1.46645994E-03
   1.89324003E-03   1.46765995E-03
   4.63092001E-03   1.07570004E-03
   4.16170992E-03   1.24973000E-03
   6.83562011E-02   1.26567006E-03
   2.66394997E-03   1.48891995E-03
   5.48915006E-03   1.49218994E-03
   3.68292996E-04   1.46110996E-03
   6.73840987E-04   1.49457005E-03
   1.03401998E-03   1.50858995E-03
   2.22342002E-04   1.55226002E-03
   2.89182994E-03   1.55346002E-03
   8.98908998E-04   1.42375997E-03
   9.26776007E-02   1.43970002E-03
   3.05949990E-03   1.66295003E-03
   4.16812003E-02   1.66622002E-03
   3.60111997E-04   1.63514004E-03
   5.86554015E-05   1.66860002E-03
   4.63772012E-04   1.68262003E-03
   9.00252999E-05   1.72628998E-03
   3.97071010E-03   1.72748999E-03
  0.104135998       1.45563995E-03
   6.76470026E-02   1.67888997E-03
  0.106218003       1.68215996E-03
   7.18021020E-03   1.65107998E-03
   6.87295990E-03   1.68453995E-03
   1.03070000E-02   1.69855997E-03
   5.58569003E-03   1.74223003E-03
   1.03040002E-02   1.74343004E-03
   4.79866983E-03   1.90213998E-03
  0.153531998       1.90540997E-03
   6.41108025E-04   1.87432999E-03
   3.23278015E-04   1.90778996E-03
   3.27371003E-04   1.92180998E-03
   1.80054994E-04   1.96547993E-03
   2.75819004E-03   1.96667993E-03
  0.104937002       1.90867996E-03
   2.89583998E-03   1.87759998E-03
   1.33820996E-03   1.91105995E-03
   7.82978022E-04   1.92507997E-03
   2.38299998E-03   1.96875003E-03
   4.91341995E-03   1.96995004E-03
   2.69852990E-06   1.84652000E-03
   5.39727989E-06   1.87997997E-03
   8.36577019E-05   1.89399999E-03
   3.50820010E-05   1.93767005E-03
   6.07196998E-04   1.93886994E-03
   1.45133003E-04   1.92745996E-03
   2.54609995E-06   1.97113003E-03
   5.49993012E-04   1.97233004E-03
   1.36301998E-04   1.94147998E-03
   6.02227992E-05   1.98514992E-03
   1.01748004E-03   1.98634993E-03
   2.25113990E-06   2.02882010E-03
   1.98099006E-04   2.03002011E-03
   2.44160998E-04   2.03121989E-03
       -1137       -1137
   9.88322962E-03   3.36400008E-05
   4.35391022E-03   3.69100017E-05
   3.15607004E-02   5.83000019E-06
   2.93621998E-02   3.92900001E-05
   5.08344993E-02   5.33099992E-05
   2.02344004E-02   9.69800021E-05
   3.26151997E-02   9.81799967E-05
  0.100931004       1.19440003E-04
  0.129585996       1.22710000E-04
   4.10245992E-02   9.16299978E-05
   4.59400006E-02   1.25089995E-04
   5.05132005E-02   1.39109994E-04
   2.65685003E-02   1.82780001E-04
   3.05662006E-02   1.83979995E-04
   4.05088998E-03   5.42800008E-05
   7.54086999E-03   7.02199977E-05
   4.75687999E-03   2.93469988E-04
   9.61782970E-03   2.96740007E-04
   1.61272008E-02   2.65659997E-04
   4.29977989E-03   2.99120002E-04
   7.93091021E-03   3.13139986E-04
   9.61226004E-04   3.56809993E-04
   8.44730006E-04   3.58010002E-04
   6.78949011E-03   8.61599983E-05
   1.08375996E-02   3.09410010E-04
   1.01861004E-02   3.12680000E-04
   2.25460995E-02   2.81599991E-04
   8.85315984E-03   3.15059995E-04
   7.90632982E-03   3.29080009E-04
   7.78037007E-04   3.72749986E-04
   1.30778004E-03   3.73949995E-04
   7.90487975E-03   5.32659993E-04
   1.65980998E-02   5.35929983E-04
   1.79561991E-02   5.04850002E-04
   2.30122008E-03   5.38309978E-04
   7.00458977E-03   5.52329991E-04
   4.02178004E-04   5.95999998E-04
   2.63978989E-04   5.97200007E-04
   1.33101996E-02   5.39199973E-04
   2.35920008E-02   5.08119992E-04
   1.30979996E-03   5.41580026E-04
   8.42889026E-03   5.55599981E-04
   2.52610014E-04   5.99269988E-04
   5.75558981E-04   6.00469997E-04
   1.85764991E-02   4.77040012E-04
   2.47406997E-02   5.10499987E-04
   3.98796014E-02   5.24520001E-04
   1.82140004E-02   5.68190007E-04
   2.38720998E-02   5.69390017E-04
   3.11928010E-03   5.43960021E-04
   1.28157996E-02   5.57979976E-04
   2.67078006E-03   6.01649983E-04
   2.39665993E-03   6.02849992E-04
   1.00399004E-02   5.71999990E-04
   3.32691008E-03   6.15669996E-04
   5.27562993E-03   6.16870006E-04
   6.56533986E-04   6.59340003E-04
   2.03922996E-03   6.60540012E-04
   2.70116003E-03   6.61740021E-04
       -1137       -1137
   2.27619000E-02   1.44699998E-05
   2.25779004E-02   1.77399997E-05
   1.21894004E-02   2.01200000E-05
   1.37405004E-02   3.41400009E-05
   3.70702008E-03   7.78100002E-05
   5.45760011E-03   7.90100021E-05
  0.149021000       1.88499995E-04
  0.323814988       1.91769999E-04
   3.63551006E-02   1.60690004E-04
   2.73653008E-02   1.94149994E-04
   4.15448993E-02   2.08169993E-04
   1.24196997E-02   2.51840014E-04
   2.05560997E-02   2.53039994E-04
   4.45692986E-02   2.04440003E-04
   1.14147998E-02   2.07710007E-04
   6.09489996E-03   1.76629997E-04
   2.48901993E-02   2.10090002E-04
   5.22158016E-03   2.24110001E-04
   1.79391995E-03   2.67780008E-04
   1.26913004E-03   2.68979988E-04
   2.99408007E-03   4.27690014E-04
   2.02225000E-02   4.30960004E-04
   4.21399996E-03   3.99879995E-04
   1.79520994E-02   4.33339999E-04
   3.86925996E-03   4.47360013E-04
   2.57564010E-03   4.91029990E-04
   1.05928001E-03   4.92230000E-04
   1.05604995E-03   4.34229994E-04
   3.07307998E-03   4.03150014E-04
   3.69011983E-02   4.36609989E-04
   2.28531007E-03   4.50630003E-04
   6.55922014E-03   4.94299980E-04
   4.80986986E-04   4.95499989E-04
   7.09475018E-04   3.72070004E-04
   1.00186998E-02   4.05530009E-04
   1.77775999E-03   4.19549993E-04
   1.36022002E-03   4.63220000E-04
   8.55475024E-04   4.64420009E-04
   1.40471999E-02   4.38990013E-04
   3.75059992E-02   4.53009998E-04
   1.40549997E-02   4.96679975E-04
   2.23837998E-02   4.97879984E-04
   1.44845003E-03   4.67030011E-04
   3.53760994E-03   5.10699989E-04
   1.17840001E-03   5.11899998E-04
   3.87465006E-05   5.54369995E-04
   7.71509003E-05   5.55570005E-04
   1.88026006E-05   5.56770014E-04
       -1137       -1137
   1.21852998E-02   1.02700003E-04
   3.20601985E-02   1.05970001E-04
   1.45298000E-02   7.48899984E-05
   1.14292996E-02   1.08350003E-04
   3.79768014E-02   1.22369995E-04
   5.55090979E-03   1.66040001E-04
   9.96734016E-03   1.67239996E-04
  0.165717006       1.18639997E-04
  0.186602995       1.21910001E-04
   7.25850984E-02   9.08299990E-05
   7.60120973E-02   1.24290003E-04
   9.82382968E-02   1.38310003E-04
   4.40009981E-02   1.81979995E-04
   4.80514988E-02   1.83180004E-04
   7.71212974E-04   3.41890001E-04
   1.88615993E-02   3.45159991E-04
   5.79405017E-03   3.14080011E-04
   2.81926990E-03   3.47539986E-04
   3.79614010E-02   3.61560000E-04
   6.15097990E-04   4.05230006E-04
   3.16317007E-03   4.06429986E-04
   8.18604045E-03   3.48430010E-04
   1.25158997E-02   3.17350001E-04
   1.04652001E-02   3.50810005E-04
   4.64389995E-02   3.64829990E-04
   6.28584996E-04   4.08499996E-04
   3.98408016E-03   4.09700006E-04
   3.30776993E-06   2.86269991E-04
   2.73454993E-04   3.19729996E-04
   5.53542981E-03   3.33750009E-04
   2.93852994E-04   3.77419987E-04
   5.36441978E-04   3.78619996E-04
   1.68964998E-05   3.53190000E-04
   4.81662992E-03   3.67210014E-04
   1.32825997E-04   4.10879991E-04
   4.46830993E-04   4.12080000E-04
   8.89619999E-03   3.81229998E-04
   4.99908021E-03   4.24900005E-04
   6.29867986E-03   4.26100014E-04
   1.93243995E-05   4.68570011E-04
   1.24294995E-04   4.69769991E-04
   1.19099997E-04   4.70970001E-04
       -1137       -1137
   3.09801996E-02   7.94999960E-06
   4.77570994E-03   9.14999964E-06
  0.144165993       1.67859995E-04
  0.454912990       1.71129999E-04
   6.22817017E-02   1.40050004E-04
   5.11347018E-02   1.73509994E-04
   7.30907992E-02   1.87529993E-04
   4.18403000E-02   2.31200000E-04
   3.95622998E-02   2.32399994E-04
   5.36167016E-03   1.74400004E-04
   5.77813014E-03   1.43319994E-04
   1.22012999E-02   1.76779999E-04
   4.78653982E-03   1.90799998E-04
   4.53644991E-02   2.34470004E-04
   1.65082002E-03   2.35669999E-04
   8.95254023E-04   1.12239999E-04
   1.51941006E-03   1.45700003E-04
   1.53513998E-03   1.59720003E-04
   3.94921005E-03   2.03389995E-04
   1.26287004E-03   2.04590004E-04
   3.69237008E-04   1.79159993E-04
   1.65481004E-03   1.93180007E-04
   2.31520995E-03   2.36849999E-04
   4.75137000E-04   2.38049994E-04
   5.80382999E-04   2.07200006E-04
   3.87592008E-03   2.50870013E-04
   3.34887009E-04   2.52069993E-04
   1.05409999E-03   2.94539990E-04
   2.04170006E-03   2.95739999E-04
   6.34859025E-05   2.96940008E-04
       -1137       -1137
   8.94851983E-03   1.51920001E-04
  0.325165987       1.55190006E-04
   8.45845975E-03   1.24109996E-04
   5.12846978E-03   1.57570001E-04
   1.24669997E-02   1.71590000E-04
   2.37368001E-03   2.15260006E-04
   4.03981991E-02   2.16460001E-04
  0.247829005       1.58459996E-04
   6.79356009E-02   1.27380001E-04
   6.97020963E-02   1.60840005E-04
   7.44196996E-02   1.74860004E-04
   3.78200002E-02   2.18529996E-04
   7.00441971E-02   2.19730005E-04
   1.56672997E-03   9.62999984E-05
   1.47669995E-03   1.29759996E-04
   3.26698995E-03   1.43779995E-04
   1.61385001E-03   1.87450001E-04
   5.50075015E-03   1.88649996E-04
   1.90410006E-04   1.63220000E-04
   2.34043994E-03   1.77239999E-04
   1.86649006E-04   2.20910006E-04
   3.20020993E-03   2.22110000E-04
   8.89122020E-04   1.91259998E-04
   5.80294000E-04   2.34930005E-04
   4.41859011E-03   2.36129999E-04
   2.52986993E-05   2.78599997E-04
   1.75419997E-03   2.79800006E-04
   2.11989996E-03   2.80999986E-04
       -1137       -1137
  0.124991998       2.54700008E-05
  0.190396994       2.66700008E-05
  0.374181986       3.94900017E-05
  0.245105997       4.06899999E-05
   1.61404000E-03   8.31599973E-05
   5.69436997E-02   8.43599992E-05
   6.76146988E-03   8.55600010E-05
       -1137       -1137
  0.415585011       6.02999989E-06
   6.13652989E-02   7.22999994E-06
   9.58042964E-02   4.97000001E-05
  0.416545987       5.08999983E-05
   1.06990002E-02   5.21000002E-05
       -1137       -1137
   3.27470005E-02   3.56800010E-05
  0.673353016       3.68799992E-05
  0.293900013       3.80800011E-05
       -1137       -1137
          -1          -1
