   4.35054023E-03   5.08910008E-02
   6.61587017E-03   5.14400005E-02
   4.07904014E-03   5.31859994E-02
   1.73917005E-03   6.14797994E-02
   1.41950999E-03   6.17309995E-02
   9.39260994E-04   6.21161014E-02
   7.76598972E-05   6.25405982E-02
   6.10662028E-05   6.26240000E-02
   4.28986998E-04   6.40408024E-02
   3.40945990E-04   6.41487986E-02
   2.24250995E-04   6.42409995E-02
   1.95483008E-05   6.44199029E-02
   1.51193999E-05   6.44370019E-02
   5.90600990E-08   6.46675006E-02
   5.90600990E-08   6.46710992E-02
   8.38034975E-05   6.46445975E-02
   5.79970983E-05   6.46796972E-02
   3.64970983E-05   6.46952987E-02
   1.65357005E-06   6.47419989E-02
   1.00396005E-06   6.47434965E-02
   4.03607002E-04   5.19890003E-02
   7.40086986E-03   5.37349992E-02
   1.13950996E-03   6.20287992E-02
   1.51899003E-04   6.22799993E-02
   1.42067997E-03   6.26650974E-02
   8.09682024E-05   6.30896017E-02
   2.20814007E-04   6.31730035E-02
   2.71780998E-04   6.45897985E-02
   3.54344993E-05   6.46978021E-02
   3.25586007E-04   6.47900030E-02
   1.96662004E-05   6.49688989E-02
   5.36242005E-05   6.49859980E-02
   5.31510977E-07   6.52164966E-02
   7.67762003E-07   6.52201027E-02
   5.26822005E-05   6.51936010E-02
   5.96515019E-06   6.52287006E-02
   5.25024006E-05   6.52443022E-02
   1.65358995E-06   6.52910024E-02
   3.48434992E-06   6.52925000E-02
   3.24923010E-03   5.54810017E-02
   6.43610023E-04   6.37748018E-02
   1.30686001E-03   6.40259981E-02
   1.28823996E-03   6.44110963E-02
   2.47986987E-04   6.48356006E-02
   2.09292994E-04   6.49190024E-02
   1.50359003E-04   6.63357973E-02
   3.01002001E-04   6.64438009E-02
   2.97763007E-04   6.65360019E-02
   6.07125003E-05   6.67148978E-02
   5.10263999E-05   6.67319968E-02
   8.85831980E-07   6.69625029E-02
   9.44882004E-07   6.69661015E-02
   2.89961008E-05   6.69395998E-02
   5.07877994E-05   6.69746995E-02
   4.81327988E-05   6.69903010E-02
   5.07877985E-06   6.70370013E-02
   3.30715989E-06   6.70384988E-02
   1.70967003E-04   7.20686018E-02
   2.45316012E-04   7.23197982E-02
   1.49528001E-04   7.27048963E-02
   1.19888000E-05   7.31294006E-02
   8.85829013E-06   7.32128024E-02
   8.40353969E-05   7.46295974E-02
   5.89951997E-05   7.47376010E-02
   3.57885983E-05   7.48298019E-02
   3.01179011E-06   7.50086978E-02
   2.18513992E-06   7.50257969E-02
   1.64173998E-05   7.52333999E-02
   1.00392999E-05   7.52684996E-02
   5.84683994E-06   7.52841011E-02
   2.36220998E-07   7.53308013E-02
   1.18110997E-07   7.53322989E-02
   1.38782998E-05   7.25710019E-02
   2.57662992E-04   7.29561001E-02
   1.22243000E-05   7.33805969E-02
   2.95273003E-05   7.34639987E-02
   5.85267990E-05   7.48808011E-02
   6.43738986E-06   7.49887973E-02
   5.93522018E-05   7.50809982E-02
   3.01181990E-06   7.52599016E-02
   7.26406006E-06   7.52770007E-02
   5.90587987E-08   7.55074993E-02
   5.90587987E-08   7.55110979E-02
   1.13390997E-05   7.54846036E-02
   1.06304003E-06   7.55197033E-02
   9.56706026E-06   7.55352974E-02
   2.36223002E-07   7.55819976E-02
   4.72446004E-07   7.55835027E-02
   1.28920001E-04   7.33411983E-02
   3.93312985E-05   7.37657025E-02
   3.21277003E-05   7.38490969E-02
   3.50213995E-05   7.52658993E-02
   5.96499995E-05   7.53739029E-02
   5.97088983E-05   7.54660964E-02
   9.68560016E-06   7.56449997E-02
   7.91368984E-06   7.56620988E-02
   1.18111998E-07   7.58925974E-02
   1.18111998E-07   7.58962035E-02
   6.73268005E-06   7.58697018E-02
   1.00984998E-05   7.59048015E-02
   9.62609010E-06   7.59204030E-02
   8.26790995E-07   7.59671032E-02
   5.31498017E-07   7.59686008E-02
   5.90578004E-08   7.41901994E-02
   4.66537995E-06   7.42736012E-02
   2.83461009E-06   7.56904036E-02
   2.71652993E-06   7.57983997E-02
   8.62205980E-06   7.58906007E-02
   5.90578004E-08   7.60694966E-02
   1.12211001E-06   7.60866031E-02
   5.31486023E-07   7.62941986E-02
   4.72436994E-07   7.63292983E-02
   1.35825996E-06   7.63448998E-02
   5.90578004E-08   7.63930976E-02
   1.12215002E-06   7.43570030E-02
   2.06700997E-06   7.57737979E-02
   6.37842004E-06   7.58818015E-02
   7.02802981E-06   7.59740025E-02
   1.12215002E-06   7.61528984E-02
   5.31505009E-07   7.61699975E-02
   4.13392002E-07   7.63776004E-02
   1.06306004E-06   7.64127001E-02
   1.12215002E-06   7.64283016E-02
   1.18114002E-07   7.64750019E-02
   5.90599001E-08   7.64764994E-02
   1.02793001E-05   7.71906003E-02
   1.39791000E-05   7.72985965E-02
   8.34065031E-06   7.73907006E-02
   7.04859985E-07   7.75697008E-02
   5.28624014E-07   7.75867999E-02
   3.99407008E-06   7.77942985E-02
   2.40814006E-06   7.78293982E-02
   1.35094001E-06   7.78449997E-02
   5.87398006E-08   7.78917968E-02
   5.87398006E-08   7.78931975E-02
   7.67758024E-07   7.74066001E-02
   1.37608004E-05   7.74988011E-02
   6.49652975E-07   7.76776969E-02
   1.59459000E-06   7.76948035E-02
   2.71663998E-06   7.79023990E-02
   2.36228004E-07   7.79374987E-02
   2.24420000E-06   7.79531002E-02
   5.90601985E-08   7.79998004E-02
   1.18114997E-07   7.80012980E-02
   6.78608012E-06   7.75908977E-02
   2.08802999E-06   7.77698979E-02
   1.68199006E-06   7.77869970E-02
   1.56602005E-06   7.79945031E-02
   2.26191992E-06   7.80296028E-02
   2.20400011E-06   7.80451968E-02
   1.74003006E-07   7.80918971E-02
   1.15999001E-07   7.80934021E-02
   2.61031005E-07   7.79659003E-02
   1.30516000E-07   7.81735033E-02
   1.30516000E-07   7.82086030E-02
   3.91548014E-07   7.82241970E-02
   5.95776015E-08   7.79831037E-02
   1.19149000E-07   7.81906024E-02
   2.38298000E-07   7.82257020E-02
   2.97866990E-07   7.82413036E-02
   4.14912989E-07   7.83981010E-02
   4.74193001E-07   7.84332007E-02
   2.37096003E-07   7.84488022E-02
   3.74950986E-07   7.84839019E-02
   2.06219994E-07   7.84995034E-02
       -1137       -1137
   1.64959002E-02   3.69599984E-05
   4.59914980E-03   2.15900000E-04
   6.28679013E-03   2.33040002E-04
   1.38534997E-02   4.63509990E-04
   1.82774998E-02   4.67130012E-04
   3.90436989E-03   4.40559990E-04
   2.69348989E-03   4.75659996E-04
   2.55727000E-03   4.91260027E-04
   3.87050997E-04   5.37979999E-04
   4.22793993E-04   5.39459987E-04
  0.234117001       8.26000032E-05
  0.308447003       1.65999998E-04
   1.92502998E-02   1.58279005E-03
   7.73365982E-03   1.69080996E-03
   1.20348996E-02   1.78296003E-03
   2.93138009E-02   1.96189992E-03
   3.52259018E-02   1.97903998E-03
   2.08081994E-02   2.20950996E-03
   2.60281991E-02   2.21313001E-03
   3.58840008E-03   2.18656007E-03
   1.28617999E-03   2.22165999E-03
   1.93802000E-03   2.23726011E-03
   2.26156996E-03   2.28397991E-03
   2.10518995E-03   2.28546001E-03
   5.00121992E-03   7.31559983E-03
   1.02273002E-02   7.56679988E-03
   1.66149009E-02   7.95190036E-03
   1.24823004E-02   8.37639999E-03
   1.62892006E-02   8.45979992E-03
   2.09431001E-03   9.87659022E-03
   2.41915998E-03   9.98460967E-03
   3.86413001E-03   1.00768004E-02
   2.60841008E-03   1.02557000E-02
   3.37108993E-03   1.02728000E-02
   1.98395006E-04   1.05033005E-02
   2.21544004E-04   1.05069000E-02
   3.98417003E-04   1.04804002E-02
   4.09990986E-04   1.05154999E-02
   6.24635024E-04   1.05311004E-02
   2.11797000E-04   1.05777998E-02
   2.14033993E-04   1.05793001E-02
   2.31498998E-05   7.81800039E-03
   2.16879998E-04   8.20310041E-03
   6.13057986E-04   8.62760004E-03
   5.28571010E-03   8.71099997E-03
   1.68883998E-03   1.01277996E-02
   3.45205990E-06   1.02358004E-02
   4.38630996E-05   1.03280004E-02
   1.14936003E-04   1.05069000E-02
   6.99370983E-04   1.05240000E-02
   7.14799971E-05   1.07544996E-02
   2.49973993E-04   1.07581001E-02
   3.03592009E-04   1.07316002E-02
   4.06124997E-07   1.07666999E-02
   6.90422985E-06   1.07822996E-02
   9.34086984E-06   1.08289998E-02
   4.16291987E-05   1.08305002E-02
   5.00967028E-04   8.58820044E-03
   1.96964992E-03   9.01270006E-03
   1.21517002E-03   9.09610000E-03
   2.71075009E-03   1.05128996E-02
   4.99548005E-05   1.06209004E-02
   1.74435001E-04   1.07131004E-02
   1.74435001E-04   1.08920000E-02
   9.50382018E-05   1.09091001E-02
   1.35648006E-04   1.11395996E-02
   1.12499001E-04   1.11432001E-02
   4.85936005E-04   1.11167002E-02
   8.32548994E-06   1.11517999E-02
   2.68049007E-05   1.11673996E-02
   1.21846997E-05   1.12140998E-02
   5.27980001E-06   1.12156002E-02
   7.38753995E-04   9.43719968E-03
   2.24054996E-02   9.52059962E-03
   1.87306001E-03   1.09374002E-02
   1.76660003E-04   1.10454001E-02
   5.08068013E-04   1.11376001E-02
   3.01138993E-04   1.13164997E-02
   3.24498001E-03   1.13335997E-02
   2.16475004E-04   1.15641002E-02
   6.00052997E-04   1.15676997E-02
   3.30379000E-04   1.15411999E-02
   3.10686009E-05   1.15762996E-02
   8.36640029E-05   1.15919001E-02
   2.43678005E-05   1.16386004E-02
   1.94734996E-04   1.16400998E-02
   6.22277986E-03   9.60399956E-03
   2.47744005E-03   1.10208001E-02
   1.11149997E-03   1.11288000E-02
   3.24291002E-04   1.12210000E-02
   3.15822009E-03   1.13998996E-02
   1.90232997E-03   1.14169996E-02
   6.63202023E-04   1.16475001E-02
   5.03608026E-04   1.16510997E-02
   4.39235009E-04   1.16245998E-02
   1.84379998E-04   1.16597004E-02
   5.38111017E-05   1.16753001E-02
   2.40833993E-04   1.17220003E-02
   1.15344003E-04   1.17234997E-02
   2.07132995E-04   1.24375997E-02
   4.00852005E-04   1.25455996E-02
   6.33170013E-04   1.26377000E-02
   3.92123009E-04   1.28167002E-02
   5.10725018E-04   1.28338002E-02
   2.45709998E-05   1.30642997E-02
   2.63985003E-05   1.30679002E-02
   7.79792972E-05   1.30412998E-02
   6.80275989E-05   1.30764004E-02
   1.02343001E-04   1.30920000E-02
   3.18821003E-05   1.31387999E-02
   3.24903012E-05   1.31401997E-02
   1.01522000E-05   1.27458004E-02
   2.90383996E-05   1.29247000E-02
   1.52702996E-04   1.29418001E-02
   9.74663999E-06   1.31722996E-02
   3.87852015E-05   1.31759001E-02
   7.20879034E-05   1.31494002E-02
   1.62448998E-06   1.32000996E-02
   2.23376992E-06   1.32467998E-02
   9.13805980E-06   1.32483002E-02
   1.46204002E-05   1.28378998E-02
   5.09694000E-05   1.30169000E-02
   3.06635993E-05   1.30340001E-02
   2.63984002E-05   1.32644996E-02
   2.15251002E-05   1.32681001E-02
   1.13517999E-04   1.32414997E-02
   1.62452000E-06   1.32766003E-02
   4.46748982E-06   1.32921999E-02
   3.65518008E-06   1.33389002E-02
   1.82763995E-06   1.33403996E-02
   2.84298003E-05   1.31957997E-02
   4.99947986E-04   1.32128997E-02
   3.04599998E-05   1.34434002E-02
   6.43724998E-05   1.34469997E-02
   6.92457979E-05   1.34204999E-02
   5.07666982E-06   1.34555995E-02
   8.52843004E-06   1.34712001E-02
   4.46748982E-06   1.35179004E-02
   3.04599998E-05   1.35193998E-02
   1.55750007E-04   1.32301003E-02
   7.47322993E-05   1.34605002E-02
   6.33567979E-05   1.34642003E-02
   9.03663968E-05   1.34375999E-02
   2.53828002E-05   1.34726996E-02
   5.27980001E-06   1.34883001E-02
   3.85821004E-05   1.35350004E-02
   1.90883002E-05   1.35364998E-02
   8.63966022E-07   1.36909997E-02
   1.95830999E-05   1.36946002E-02
   6.04769002E-06   1.36681003E-02
   2.01595003E-06   1.37032000E-02
   5.75961985E-06   1.37187997E-02
   3.45588001E-06   1.37654999E-02
   6.04769002E-06   1.37670003E-02
   4.47742013E-06   1.36983003E-02
   7.03588012E-06   1.36716999E-02
   9.59434965E-06   1.37067996E-02
   5.11690996E-06   1.37224002E-02
   7.35578988E-06   1.37691004E-02
   5.75656986E-06   1.37705998E-02
   1.79310991E-05   1.36451004E-02
   2.98868999E-05   1.36802001E-02
   4.48288993E-05   1.36957997E-02
   1.39464000E-05   1.37425000E-02
   1.39464000E-05   1.37440003E-02
   8.87824001E-07   1.37309004E-02
   1.77550999E-06   1.37775997E-02
   6.21455001E-06   1.37791000E-02
   1.42463000E-06   1.37465000E-02
   2.13699991E-06   1.37932003E-02
   7.12369001E-07   1.37946997E-02
   2.03078997E-07   1.38400001E-02
   2.23381994E-06   1.38413999E-02
   6.31968987E-07   1.38429003E-02
       -1137       -1137
   5.87261003E-03   1.03378994E-03
   3.94905992E-02   1.14180997E-03
   1.14249000E-02   1.23396004E-03
   4.21021990E-02   1.41290005E-03
   1.45832002E-02   1.43003999E-03
   1.55616004E-03   1.66050997E-03
   2.34743999E-03   1.66413002E-03
   1.05266995E-03   1.63755997E-03
   6.21039001E-03   1.67266000E-03
   1.80921005E-03   1.68826000E-03
   3.30086006E-03   1.73498003E-03
   9.00382991E-04   1.73646002E-03
   6.29713002E-04   6.76660007E-03
   2.08337996E-02   7.01780012E-03
   1.97554007E-03   7.40290014E-03
   2.97352998E-03   7.82740023E-03
   2.03260989E-03   7.91080017E-03
   2.39001005E-04   9.32759047E-03
   3.26242996E-03   9.43560991E-03
   4.10450011E-04   9.52775963E-03
   4.39550990E-04   9.70670022E-03
   2.55633990E-04   9.72384028E-03
   8.98884973E-05   9.95431002E-03
   6.07904003E-05   9.95793007E-03
   4.46831000E-05   9.93136037E-03
   5.10738988E-04   9.96646006E-03
   6.49459980E-05   9.98205971E-03
   3.37718993E-05   1.00288000E-02
   1.50679998E-05   1.00303004E-02
   2.16026995E-02   7.26900017E-03
   5.69965988E-02   7.65410019E-03
   2.98040994E-02   8.07860028E-03
   4.38596010E-02   8.16200022E-03
   5.25646005E-03   9.57878958E-03
   8.61977972E-03   9.68680996E-03
   1.30240005E-02   9.77895968E-03
   6.22648001E-03   9.95790027E-03
   9.11965966E-03   9.97504033E-03
   4.41629993E-04   1.02054998E-02
   3.93322989E-04   1.02091003E-02
   1.03082997E-03   1.01825995E-02
   1.42146996E-03   1.02177002E-02
   2.09849002E-03   1.02332998E-02
   5.06049022E-04   1.02800000E-02
   5.79828979E-04   1.02815004E-02
   1.34306995E-03   8.03919975E-03
   2.85177007E-02   8.46370030E-03
   4.07456001E-03   8.54710024E-03
   4.19813005E-04   9.96388961E-03
   9.13598016E-03   1.00718997E-02
   5.25292009E-04   1.01640997E-02
   5.01498021E-03   1.03430003E-02
   6.85803010E-04   1.03601003E-02
   1.97435002E-04   1.05905998E-02
   1.05466999E-04   1.05942003E-02
   7.94955995E-05   1.05676996E-02
   1.43611000E-03   1.06028002E-02
   8.20920977E-05   1.06183998E-02
   3.96440999E-04   1.06651001E-02
   4.20864999E-05   1.06666004E-02
   2.69175991E-02   8.88819993E-03
  0.108240999       8.97159986E-03
   7.50756008E-04   1.03884004E-02
   4.65600006E-03   1.04964003E-02
   6.05823984E-03   1.05886003E-02
   9.34880041E-03   1.07674999E-02
   2.02341005E-02   1.07845999E-02
   1.60544994E-03   1.10151004E-02
   3.25774006E-03   1.10187000E-02
   1.47555998E-04   1.09922001E-02
   7.34162983E-04   1.10272998E-02
   9.62739985E-04   1.10429004E-02
   7.40932010E-04   1.10895997E-02
   1.26567995E-03   1.10911001E-02
   5.24051022E-03   9.05499980E-03
   4.15137998E-04   1.04718003E-02
   6.05503004E-03   1.05798002E-02
   7.95478001E-04   1.06720002E-02
   1.54726002E-02   1.08508999E-02
   1.78059004E-03   1.08679999E-02
   6.43756997E-04   1.10985003E-02
   2.47313990E-04   1.11020999E-02
   7.79335969E-05   1.10756001E-02
   9.23303014E-04   1.11106997E-02
   1.24173996E-04   1.11263003E-02
   1.18516001E-03   1.11729996E-02
   1.10153997E-04   1.11745000E-02
   2.18215991E-05   1.18886000E-02
   8.28224991E-04   1.19965998E-02
   8.78076025E-05   1.20887002E-02
   1.07551998E-04   1.22677004E-02
   5.24780007E-05   1.22848004E-02
   1.97438003E-05   1.25153000E-02
   1.09114999E-05   1.25189004E-02
   8.31350008E-06   1.24923000E-02
   1.29894004E-04   1.25273997E-02
   1.40289003E-05   1.25430003E-02
   8.31350008E-06   1.25898002E-02
   3.11738995E-06   1.25911999E-02
   8.17799999E-04   1.21045997E-02
   2.09272001E-03   1.21967997E-02
   9.57534008E-04   1.23757003E-02
   1.27087999E-03   1.23928003E-02
   5.61152992E-05   1.26232998E-02
   4.05266001E-05   1.26269003E-02
   1.62627999E-04   1.26003996E-02
   2.67054013E-04   1.26355002E-02
   3.37209989E-04   1.26510998E-02
   7.74189975E-05   1.26978001E-02
   8.10510974E-05   1.26993004E-02
   5.14390013E-05   1.22889001E-02
   1.07351004E-03   1.24679003E-02
   1.36130999E-04   1.24850003E-02
   3.53303985E-05   1.27154998E-02
   1.76657995E-05   1.27191003E-02
   1.66262998E-05   1.26924999E-02
   3.28880007E-04   1.27275996E-02
   1.61066000E-05   1.27432002E-02
   8.52099984E-05   1.27899004E-02
   8.31341004E-06   1.27913998E-02
   8.03288014E-04   1.26467999E-02
   3.01053002E-03   1.26638999E-02
   1.91218001E-04   1.28944004E-02
   3.92281014E-04   1.28980000E-02
   2.07820995E-05   1.28715001E-02
   1.50161999E-04   1.29065998E-02
   1.70940999E-04   1.29222004E-02
   1.27299994E-04   1.29688997E-02
   1.89124999E-04   1.29704000E-02
   1.63268007E-04   1.26810996E-02
   8.88557988E-05   1.29115004E-02
   3.44311993E-05   1.29151996E-02
   1.05516001E-05   1.28886001E-02
   2.07695994E-04   1.29236998E-02
   2.27677992E-05   1.29393004E-02
   2.47682008E-04   1.29859997E-02
   1.99924998E-05   1.29875001E-02
   4.71628982E-06   1.31420000E-02
   3.12457996E-05   1.31456004E-02
   4.12648978E-06   1.31190997E-02
   9.43257965E-06   1.31542003E-02
   5.89524007E-06   1.31697999E-02
   1.59172996E-05   1.32165002E-02
   5.30577017E-06   1.32179996E-02
   1.87372996E-06   1.31492997E-02
   2.49807999E-06   1.31227002E-02
   6.87015017E-06   1.31577998E-02
   3.12271004E-06   1.31734004E-02
   3.49754991E-05   1.32200997E-02
   2.49807999E-06   1.32216001E-02
   6.02984983E-07   1.30960997E-02
   2.95452992E-05   1.31312003E-02
   3.01486011E-06   1.31468000E-02
   1.80901998E-06   1.31935002E-02
   6.02984983E-07   1.31949997E-02
   2.59491007E-05   1.31663000E-02
   6.30220020E-05   1.31818997E-02
   1.42114004E-05   1.32285999E-02
   1.48281997E-05   1.32301003E-02
   1.42788997E-06   1.31975003E-02
   1.85622994E-05   1.32441996E-02
   2.14189004E-06   1.32456999E-02
   5.19566993E-06   1.32910004E-02
   1.40284001E-05   1.32924002E-02
   7.07284016E-07   1.32938996E-02
       -1137       -1137
   8.15163017E-04   5.02059981E-03
   4.33479989E-04   5.27179986E-03
   2.21574008E-02   5.65689988E-03
   2.63395999E-03   6.08139997E-03
   4.15060995E-03   6.16479991E-03
   3.10972013E-04   7.58159021E-03
   7.69590988E-05   7.68961012E-03
   3.39719001E-03   7.78175984E-03
   2.64378003E-04   7.96070043E-03
   3.79044999E-04   7.97783956E-03
   1.96848006E-04   8.20831023E-03
   3.50758986E-04   8.21193028E-03
   5.75892009E-05   8.18535965E-03
   1.20411996E-05   8.22046027E-03
   5.08362020E-04   8.23605992E-03
   1.93709002E-05   8.28277972E-03
   2.09410991E-05   8.28425959E-03
   6.33466989E-05   5.52299991E-03
   3.71945985E-02   5.90809993E-03
   1.84756005E-03   6.33260002E-03
   1.60479993E-02   6.41599996E-03
   8.84769979E-05   7.83278979E-03
   2.77482995E-05   7.94081017E-03
   5.92376990E-03   8.03295989E-03
   3.42918007E-04   8.21189955E-03
   2.46631005E-03   8.22903961E-03
   1.99464004E-04   8.45951028E-03
   5.08362020E-04   8.46313033E-03
   1.67528997E-05   8.43655970E-03
   4.71183012E-06   8.47166032E-03
   8.92109994E-04   8.48725997E-03
   2.77482995E-05   8.53397977E-03
   1.50253007E-04   8.53545964E-03
   4.77503985E-02   6.29319996E-03
   4.99533005E-02   6.71770005E-03
   6.88240975E-02   6.80109998E-03
   5.51132020E-03   8.21788982E-03
   8.28468986E-03   8.32591020E-03
   1.83795001E-02   8.41805991E-03
   9.85409040E-03   8.59699957E-03
   1.33587997E-02   8.61413963E-03
   7.84280011E-04   8.84461030E-03
   9.76886950E-04   8.84823035E-03
   1.07749004E-03   8.82165972E-03
   1.39003003E-03   8.85676034E-03
   2.88044009E-03   8.87235999E-03
   7.94738007E-04   8.91907979E-03
   8.40239984E-04   8.92055966E-03
   7.00887013E-03   7.14220013E-03
  0.131602004       7.22560007E-03
   6.26147026E-04   8.64239037E-03
   4.26682003E-04   8.75040982E-03
   7.27408007E-03   8.84256046E-03
   2.36323010E-03   9.02150013E-03
   1.85566992E-02   9.03864019E-03
   4.36628994E-04   9.26910993E-03
   1.48529001E-03   9.27272998E-03
   1.21454999E-04   9.24616028E-03
   7.17229996E-05   9.28125996E-03
   1.07748003E-03   9.29685961E-03
   1.86901001E-04   9.34358034E-03
   1.11306994E-03   9.34506021E-03
   8.78586024E-02   7.30900001E-03
   1.01199001E-03   8.72579031E-03
   3.25415004E-03   8.83380976E-03
   1.13070002E-02   8.92596040E-03
   2.24275999E-02   9.10490006E-03
   2.82841995E-02   9.12204012E-03
   4.62900987E-03   9.35250986E-03
   4.22322005E-03   9.35612991E-03
   1.98417998E-04   9.32956021E-03
   5.36606996E-04   9.36465990E-03
   1.72348996E-03   9.38025955E-03
   1.77050999E-03   9.42698028E-03
   1.73551997E-03   9.42846015E-03
   2.98425002E-05   1.01426002E-02
   1.62304004E-05   1.02506001E-02
   8.45540024E-04   1.03427004E-02
   6.85862979E-05   1.05216997E-02
   1.00525001E-04   1.05387997E-02
   2.72264006E-05   1.07693002E-02
   5.44497016E-05   1.07728997E-02
   1.09940001E-05   1.07463002E-02
   2.61774994E-06   1.07813999E-02
   1.26696003E-04   1.07969996E-02
   5.23570998E-06   1.08438004E-02
   5.75923013E-06   1.08452002E-02
   2.09402992E-06   1.03585999E-02
   1.31296006E-03   1.04507999E-02
   7.48646999E-05   1.06296996E-02
   5.30309975E-04   1.06467996E-02
   2.87929997E-05   1.08773001E-02
   7.01481986E-05   1.08808996E-02
   3.14098997E-06   1.08543998E-02
   5.23521976E-07   1.08895004E-02
   1.97350993E-04   1.09051000E-02
   5.75869990E-06   1.09518003E-02
   3.24585999E-05   1.09532997E-02
   1.69463002E-03   1.05429003E-02
   1.43813004E-03   1.07218996E-02
   2.16057990E-03   1.07389996E-02
   9.42308034E-05   1.09695001E-02
   1.23549995E-04   1.09730996E-02
   1.65431993E-04   1.09465001E-02
   2.19868001E-04   1.09815998E-02
   5.26677992E-04   1.09972004E-02
   1.16219999E-04   1.10438997E-02
   1.35591996E-04   1.10454001E-02
   1.91611005E-04   1.09008001E-02
   3.29930009E-03   1.09179001E-02
   4.92112013E-05   1.11483997E-02
   1.60729003E-04   1.11520002E-02
   1.36113003E-05   1.11255003E-02
   1.25645001E-05   1.11606000E-02
   2.13078005E-04   1.11761997E-02
   3.03640008E-05   1.12228999E-02
   1.98940994E-04   1.12244003E-02
   2.40513007E-03   1.09350998E-02
   5.39218017E-04   1.11654997E-02
   4.84198012E-04   1.11691998E-02
   2.09088994E-05   1.11426003E-02
   9.24355991E-05   1.11777000E-02
   3.44987988E-04   1.11932997E-02
   2.75108992E-04   1.12399999E-02
   2.94920988E-04   1.12415003E-02
   2.01059993E-06   1.13960002E-02
   6.76896016E-05   1.13995997E-02
   6.03179978E-06   1.13730999E-02
   6.03179978E-06   1.14081996E-02
   1.74245997E-05   1.14238001E-02
   4.69123006E-06   1.14705004E-02
   3.82006001E-05   1.14719998E-02
   1.95953999E-05   1.14032999E-02
   1.03414004E-05   1.13767004E-02
   1.14295999E-05   1.14118000E-02
   1.85059998E-05   1.14273997E-02
   1.25189999E-05   1.14740999E-02
   2.77589006E-05   1.14756003E-02
   1.57891998E-06   1.13500999E-02
   7.89523995E-07   1.13851996E-02
   3.71068018E-05   1.14008002E-02
   1.57891998E-06   1.14475004E-02
   1.57891998E-06   1.14489999E-02
   6.02014006E-05   1.14358999E-02
   1.91099002E-06   1.14826001E-02
   9.55573978E-06   1.14840996E-02
   8.48601994E-05   1.14514995E-02
   3.59020014E-05   1.14981998E-02
   4.24280006E-05   1.14997001E-02
   1.06340997E-06   1.15449997E-02
   1.54206009E-05   1.15464004E-02
   9.94651964E-06   1.15478998E-02
       -1137       -1137
   3.53290997E-02   1.65709993E-04
   4.75290008E-02   1.69330000E-04
   1.08008999E-02   1.42759993E-04
   1.00921001E-02   1.77859998E-04
   1.35690998E-02   1.93460000E-04
   4.17644996E-03   2.40180001E-04
   5.41780982E-03   2.41660004E-04
   4.19363001E-04   2.43129994E-04
   6.11422993E-02   3.21100015E-05
   6.62916973E-02   1.24259997E-04
   2.27617994E-02   3.03200010E-04
   3.60268988E-02   3.20340012E-04
  0.166249007       5.50810015E-04
  0.206672996       5.54430007E-04
   1.03695001E-02   5.27860015E-04
   9.55396984E-03   5.62959991E-04
   1.04405005E-02   5.78559993E-04
   1.54005003E-03   6.25280023E-04
   2.39006989E-03   6.26760011E-04
   4.12102003E-04   6.28229987E-04
   2.57184003E-02   3.48589994E-04
   5.64752985E-03   4.56609996E-04
   6.45133993E-03   5.48759999E-04
   8.76799040E-03   7.27700011E-04
   1.08861001E-02   7.44840014E-04
   8.55495967E-03   9.75309988E-04
   7.89961964E-03   9.78930038E-04
   3.27145006E-03   9.52359987E-04
   7.47449987E-04   9.87460022E-04
   7.96845008E-04   1.00306002E-03
   5.36612992E-04   1.04978005E-03
   6.71487011E-04   1.05126004E-03
   1.23398000E-04   1.05273002E-03
   3.60423997E-02   4.31989989E-04
   1.00211997E-03   5.40009991E-04
   1.10515002E-02   6.32159994E-04
   1.21312998E-02   8.11100006E-04
   1.74448993E-02   8.28240009E-04
   9.70770977E-03   1.05871004E-03
   1.51658002E-02   1.06232997E-03
   4.55352990E-03   1.03576004E-03
   1.52153007E-04   1.07085996E-03
   1.35490997E-03   1.08645996E-03
   7.99191010E-04   1.13317999E-03
   1.03795005E-03   1.13465998E-03
   1.71195003E-04   1.13612995E-03
   2.73456005E-03   1.84877997E-03
   4.73613990E-03   1.95680000E-03
   7.92986993E-03   2.04894994E-03
   9.05661006E-03   2.22789007E-03
   1.28004998E-02   2.24502990E-03
   6.04536990E-03   2.47550011E-03
   7.60392984E-03   2.47911992E-03
   8.76869017E-04   2.45254999E-03
   7.97668006E-04   2.48764991E-03
   1.27497001E-03   2.50325003E-03
   6.51173003E-04   2.54997006E-03
   8.64311005E-04   2.55144993E-03
   3.43944012E-05   2.55292002E-03
   2.05196004E-04   2.06481991E-03
   5.75272017E-04   2.15697009E-03
   3.07050999E-04   2.33590999E-03
   1.75134002E-04   2.35305005E-03
   4.98892005E-05   2.58352002E-03
   4.48583014E-04   2.58714007E-03
   5.78826002E-04   2.56056990E-03
   5.26024996E-05   2.59567006E-03
   6.95096023E-05   2.61126994E-03
   1.96204001E-05   2.65798997E-03
   1.39852000E-05   2.65947008E-03
   2.17090001E-05   2.66093994E-03
   6.85918028E-04   2.24912004E-03
   6.07440015E-04   2.42805993E-03
   1.41648005E-03   2.44519999E-03
   5.60880988E-04   2.67566997E-03
   9.96722025E-04   2.67929002E-03
   9.74408002E-04   2.65272008E-03
   8.22439033E-05   2.68782000E-03
   1.85786004E-04   2.70341989E-03
   4.44625002E-05   2.75013992E-03
   9.18489022E-05   2.75162002E-03
   3.67393986E-05   2.75309011E-03
   1.07781001E-04   2.60700006E-03
   4.55961010E-04   2.62413989E-03
   4.58780996E-04   2.85461009E-03
   3.19636008E-03   2.85822991E-03
   1.13663997E-03   2.83165998E-03
   3.65812011E-05   2.86675990E-03
   8.03498988E-05   2.88236002E-03
   1.26291998E-05   2.92908004E-03
   2.65662002E-05   2.93055992E-03
   4.26787992E-05   2.93203001E-03
   2.73168989E-04   2.64127995E-03
   2.95892009E-03   2.87174992E-03
   1.75584003E-03   2.87536997E-03
   1.57255004E-03   2.84880004E-03
   2.26565007E-05   2.88389996E-03
   1.81687996E-04   2.89950008E-03
   2.58640994E-05   2.94622011E-03
   3.09928000E-05   2.94769998E-03
   5.89953015E-05   2.94917007E-03
   5.57134976E-04   3.10221990E-03
   3.81644000E-03   3.10583995E-03
   6.72783994E-04   3.07927001E-03
   6.05350988E-06   3.11436993E-03
   5.34378996E-05   3.12997005E-03
   2.90151002E-05   3.17669008E-03
   1.94128006E-04   3.17816995E-03
   2.50486992E-05   3.17964004E-03
   1.30316999E-03   3.10946000E-03
   8.47550982E-04   3.08289006E-03
   6.73867980E-05   3.11798998E-03
   1.01083002E-04   3.13359010E-03
   2.14911997E-04   3.18030990E-03
   1.11966001E-04   3.18179000E-03
   3.16008009E-05   3.18326009E-03
   8.79405998E-05   3.05631990E-03
   1.34041999E-04   3.09142005E-03
   2.13741005E-04   3.10701993E-03
   1.07287997E-04   3.15373996E-03
   1.42014993E-04   3.15522007E-03
   6.83040980E-06   3.15668993E-03
   7.58430997E-06   3.12651997E-03
   2.18049008E-05   3.14212008E-03
   5.21409993E-06   3.18884011E-03
   4.26612996E-06   3.19031999E-03
   8.53227994E-06   3.19179008E-03
   3.07244991E-05   3.15771997E-03
   1.40605998E-05   3.20444000E-03
   2.86424001E-05   3.20592010E-03
   1.45813001E-05   3.20738996E-03
   7.19728007E-07   3.25116003E-03
   2.51912002E-06   3.25263990E-03
   5.03825004E-06   3.25410999E-03
   1.56025999E-06   3.25412001E-03
   7.41140002E-06   3.25559010E-03
       -1137       -1137
   6.45742984E-03   5.19999994E-05
   1.58692002E-02   6.91399982E-05
   2.81517003E-02   2.99609994E-04
   2.66530998E-02   3.03229986E-04
   3.13440990E-03   2.76659994E-04
   3.79111990E-03   3.11759999E-04
   2.69641005E-03   3.27360001E-04
   5.35433006E-04   3.74080002E-04
   1.15109002E-03   3.75559990E-04
   1.19388002E-04   3.77029995E-04
   5.04379012E-02   9.73900023E-05
   5.15726991E-02   2.05410004E-04
   5.15961982E-02   2.97560007E-04
   1.98253002E-02   4.76499990E-04
   2.39404999E-02   4.93640022E-04
  0.138138995       7.24109996E-04
  0.212256998       7.27729988E-04
   9.82484967E-03   7.01159996E-04
   7.40850996E-03   7.36259972E-04
   8.02696031E-03   7.51859974E-04
   1.45703997E-03   7.98580004E-04
   1.75709999E-03   8.00059992E-04
   3.88571993E-04   8.01530026E-04
   8.21540970E-03   1.80789997E-04
   5.81320003E-02   2.88809999E-04
   5.14347991E-03   3.80960002E-04
   9.93742957E-04   5.59900014E-04
   2.83557991E-03   5.77040017E-04
   5.36454003E-03   8.07509990E-04
   3.80074000E-03   8.11129983E-04
   1.06368004E-03   7.84559990E-04
   6.63917977E-03   8.19660025E-04
   7.16693990E-04   8.35260027E-04
   4.12006993E-05   8.81979999E-04
   1.78720002E-04   8.83459987E-04
   4.02853002E-05   8.84930021E-04
   7.98381981E-04   1.59758003E-03
   1.14831002E-02   1.70559995E-03
   1.63481000E-03   1.79775001E-03
   3.79906996E-04   1.97669002E-03
   1.34077005E-03   1.99383008E-03
   4.51103988E-05   2.22430006E-03
   9.17952973E-04   2.22792011E-03
   2.40755006E-04   2.20134994E-03
   1.26467994E-03   2.23645009E-03
   2.38039996E-04   2.25204998E-03
   2.06520999E-05   2.29877001E-03
   8.36949985E-05   2.30025011E-03
   9.23914013E-06   2.30171997E-03
   8.77458975E-03   1.81361998E-03
   2.49685999E-02   1.90577004E-03
   2.45504994E-02   2.08470994E-03
   3.93275991E-02   2.10185000E-03
   1.35011999E-02   2.33231997E-03
   2.28190999E-02   2.33594002E-03
   2.22178991E-03   2.30937009E-03
   2.48205010E-03   2.34447001E-03
   3.98366014E-03   2.36006989E-03
   1.76957005E-03   2.40678992E-03
   2.63256999E-03   2.40827003E-03
   8.91305972E-05   2.40973989E-03
   6.80461992E-04   1.99791999E-03
   1.72396004E-03   2.17686011E-03
   1.47235999E-03   2.19399994E-03
   9.40290000E-03   2.42446992E-03
   2.60348991E-03   2.42808997E-03
   2.06529003E-04   2.40152003E-03
   2.80982000E-03   2.43661995E-03
   1.84246004E-04   2.45222007E-03
   1.01632999E-04   2.49894010E-03
   8.80466032E-05   2.50041997E-03
   7.60889998E-06   2.50189006E-03
   8.37532978E-04   2.35580001E-03
   2.16370006E-03   2.37294007E-03
   1.06252998E-03   2.60341004E-03
   1.90276001E-03   2.60703010E-03
   6.90247980E-05   2.58045993E-03
   2.69372994E-03   2.61556008E-03
   2.45114003E-04   2.63115996E-03
   1.01630001E-04   2.67787999E-03
   1.34785005E-04   2.67936010E-03
   2.71744011E-06   2.68082996E-03
   5.33183978E-04   2.39007990E-03
   3.17618996E-03   2.62055011E-03
   7.09805987E-04   2.62416992E-03
   2.07064004E-04   2.59759999E-03
   4.37613018E-03   2.63269991E-03
   1.84240998E-04   2.64830003E-03
   1.33697002E-04   2.69502006E-03
   6.19572966E-05   2.69649993E-03
   8.15229032E-06   2.69797002E-03
   3.14072007E-03   2.85102008E-03
   2.02364996E-02   2.85463990E-03
   3.80403003E-06   2.82806996E-03
   1.37008994E-03   2.86317011E-03
   1.41087000E-03   2.87877000E-03
   8.42404988E-05   2.92549003E-03
   2.35860003E-04   2.92696990E-03
   1.06032996E-03   2.85825995E-03
   1.48913998E-04   2.83169001E-03
   2.28694011E-03   2.86678993E-03
   3.51074996E-04   2.88239005E-03
   1.40220000E-04   2.92911008E-03
   4.94568012E-05   2.93058995E-03
   5.97847020E-06   2.93206004E-03
   2.10294002E-05   2.80512008E-03
   2.88036012E-04   2.84022000E-03
   3.56858982E-05   2.85582012E-03
   3.82338021E-06   2.90253991E-03
   1.52941993E-05   2.90402002E-03
   1.91177992E-06   2.90549011E-03
   2.18182002E-04   2.87531991E-03
   5.91091986E-04   2.89092003E-03
   2.55969004E-04   2.93764006E-03
   3.85727006E-04   2.93911994E-03
   1.28337997E-05   2.94059003E-03
   3.61038983E-05   2.90651992E-03
   4.23823003E-05   2.95323995E-03
   3.13946002E-05   2.95472005E-03
   3.13945998E-06   2.95618991E-03
   2.73623004E-06   2.99995998E-03
   8.75580008E-06   3.00144008E-03
   3.98325983E-06   3.00291996E-03
   1.32775006E-06   3.00439005E-03
       -1137       -1137
   9.80424974E-03   9.13999975E-05
   9.87899024E-03   1.08540000E-04
   1.50573002E-02   3.39010003E-04
   2.19627991E-02   3.42629995E-04
   2.25692010E-03   3.16060003E-04
   1.83003000E-03   3.51160008E-04
   6.19011978E-03   3.66760010E-04
   6.05969981E-04   4.13480011E-04
   5.87997027E-04   4.14959999E-04
   8.75812984E-05   4.16430004E-04
  0.110581003       0.00000000    
   4.38365005E-02   1.74800007E-04
   6.03086986E-02   1.91939995E-04
  0.157973006       4.22409998E-04
  0.190593004       4.26029990E-04
   1.33691002E-02   3.99459997E-04
   1.23857995E-02   4.34560003E-04
   1.57492999E-02   4.50160005E-04
   2.70496006E-03   4.96879977E-04
   3.70016997E-03   4.98360023E-04
   5.27565018E-04   4.99829999E-04
   4.38596006E-04   1.21248001E-03
   7.94866006E-04   1.32050004E-03
   1.38528999E-02   1.41264999E-03
   8.17310996E-04   1.59159000E-03
   9.50851012E-04   1.60872994E-03
   1.52356003E-03   1.83920003E-03
   2.58482993E-03   1.84281997E-03
   1.31808003E-04   1.81625003E-03
   1.01302998E-04   1.85134995E-03
   1.48843997E-03   1.86694996E-03
   5.29516983E-05   1.91366998E-03
   5.64061993E-05   1.91514997E-03
   5.18010984E-06   1.91661995E-03
   5.06506985E-05   1.42851996E-03
   1.69089008E-02   1.52067002E-03
   3.70077003E-04   1.69961003E-03
   3.42422002E-03   1.71674998E-03
   1.59203995E-03   1.94721995E-03
   8.88255984E-03   1.95084000E-03
   1.08211003E-04   1.92426995E-03
   1.20870000E-05   1.95936998E-03
   1.84758997E-03   1.97497010E-03
   2.47498992E-05   2.02168990E-03
   1.92820997E-04   2.02317000E-03
   4.02895012E-06   2.02464010E-03
   2.26530004E-02   1.61281996E-03
   3.25713009E-02   1.79175998E-03
   4.27762009E-02   1.80890004E-03
   2.60147993E-02   2.03936989E-03
   2.97820009E-02   2.04298995E-03
   2.62870989E-03   2.01642001E-03
   2.78876000E-03   2.05151993E-03
   6.05749013E-03   2.06712005E-03
   2.28283997E-03   2.11384008E-03
   2.83943000E-03   2.11531995E-03
   1.05334999E-04   2.11679004E-03
   2.11235994E-04   1.97069999E-03
   4.92297020E-03   1.98784005E-03
   6.78588985E-04   2.21831002E-03
   8.06943979E-03   2.22193007E-03
   9.43940031E-05   2.19535991E-03
   2.76267001E-05   2.23046006E-03
   3.50755011E-03   2.24605994E-03
   2.47497992E-05   2.29277997E-03
   2.92960991E-04   2.29426008E-03
   3.45357989E-06   2.29572994E-03
   2.20736000E-03   2.00498011E-03
   6.55600009E-03   2.23545008E-03
   5.53194014E-03   2.23906990E-03
   1.12242000E-04   2.21249997E-03
   3.16577993E-04   2.24759988E-03
   4.55426984E-03   2.26320000E-03
   3.08527000E-04   2.30992003E-03
   2.63041991E-04   2.31139991E-03
   4.02910018E-06   2.31287000E-03
   9.53769020E-04   2.46592006E-03
   2.53876001E-02   2.46954011E-03
   1.62316996E-04   2.44296994E-03
   2.19865993E-04   2.47807009E-03
   2.67254002E-03   2.49366998E-03
   5.46795018E-05   2.54039001E-03
   4.13844013E-04   2.54187011E-03
   6.33170021E-06   2.54333997E-03
   9.98745020E-03   2.47315993E-03
   2.31957005E-04   2.44658999E-03
   1.22367998E-03   2.48168991E-03
   3.16563994E-03   2.49729003E-03
   5.62357018E-04   2.54401006E-03
   3.75259988E-04   2.54548993E-03
   8.63363039E-06   2.54696002E-03
   1.51103004E-05   2.42002006E-03
   1.98817997E-05   2.45511997E-03
   3.90450994E-04   2.47072009E-03
   8.74824036E-06   2.51743989E-03
   9.54319967E-06   2.51892000E-03
   7.95297979E-07   2.52039009E-03
   8.13548979E-07   2.49021989E-03
   4.32778994E-04   2.50582001E-03
   2.44057992E-06   2.55254004E-03
   2.60324996E-05   2.55401991E-03
   8.13548979E-07   2.55549001E-03
   8.01677990E-04   2.52141990E-03
   5.08725003E-04   2.56813993E-03
   6.24976994E-04   2.56962003E-03
   2.37179993E-05   2.57108989E-03
   5.93215020E-07   2.61485996E-03
   2.01687999E-05   2.61634006E-03
   6.94159007E-06   2.61781993E-03
       -1137       -1137
   3.22710015E-02   0.00000000    
   7.07837986E-03   1.52999996E-06
   1.88360002E-03   1.00600000E-05
   6.26400998E-03   2.56599997E-05
   2.84570996E-02   7.23799967E-05
   3.80846998E-03   7.38599992E-05
   2.23044000E-04   7.53299973E-05
   3.25412984E-05   7.87979981E-04
   1.38425000E-03   8.96000012E-04
   1.01623998E-03   9.88150015E-04
   3.76311988E-02   1.16709003E-03
   4.36181994E-03   1.18422997E-03
   1.51736997E-02   1.41469995E-03
   4.37177997E-03   1.41832000E-03
   2.12765008E-05   1.39174995E-03
   1.83987999E-04   1.42684998E-03
   1.10141998E-04   1.44244998E-03
   1.96382008E-03   1.48917001E-03
   2.22782997E-04   1.49065000E-03
   1.25165002E-06   1.49211998E-03
   8.17310007E-04   1.00401998E-03
   5.19161997E-03   1.09617005E-03
   3.34679000E-02   1.27510994E-03
   2.47443002E-03   1.29225000E-03
   9.69239976E-03   1.52271998E-03
   4.81633982E-03   1.52634003E-03
   1.76476999E-04   1.49976998E-03
   2.17779001E-04   1.53487001E-03
   6.24542998E-04   1.55047001E-03
   1.73476001E-03   1.59719004E-03
   1.43935002E-04   1.59867003E-03
   6.25782013E-06   1.60014001E-03
   1.84608996E-03   1.18831999E-03
   6.81056008E-02   1.36726000E-03
   2.57325009E-03   1.38439995E-03
   3.78351007E-03   1.61487004E-03
   2.28408002E-03   1.61848997E-03
   1.48936000E-04   1.59192004E-03
   5.69464988E-04   1.62701996E-03
   4.25533013E-04   1.64261996E-03
   3.56451003E-03   1.68933999E-03
   1.36420000E-04   1.69081998E-03
   6.25769007E-06   1.69228995E-03
   6.02420010E-02   1.54620002E-03
  0.120141000       1.56333996E-03
   5.96206002E-02   1.79381005E-03
   7.28621036E-02   1.79742998E-03
   6.60736999E-03   1.77086005E-03
   5.55951009E-03   1.80595997E-03
   1.05833001E-02   1.82155997E-03
   7.41821993E-03   1.86828000E-03
   7.88148958E-03   1.86975999E-03
   2.62837013E-04   1.87122996E-03
   1.93250005E-03   1.58048002E-03
   6.57458976E-02   1.81094999E-03
   3.40304011E-03   1.81457005E-03
   4.25536011E-04   1.78799999E-03
   2.65331997E-04   1.82310003E-03
   3.26659996E-04   1.83870003E-03
   6.32167002E-03   1.88541994E-03
   2.12764004E-04   1.88690005E-03
   1.62701999E-05   1.88837002E-03
   5.88574000E-02   2.04141997E-03
  0.170709997       2.04504002E-03
   2.77985004E-03   2.01847008E-03
   1.33918005E-03   2.05357000E-03
   5.95754012E-04   2.06916989E-03
   3.33051989E-03   2.11588992E-03
   4.13654000E-03   2.11737002E-03
   1.10143999E-04   2.11884012E-03
   3.37681011E-03   2.04866007E-03
   5.41641028E-04   2.02208990E-03
   3.46613000E-04   2.05719005E-03
   3.04313988E-04   2.07278994E-03
   3.34626995E-03   2.11950997E-03
   1.90339997E-04   2.12099007E-03
   1.99735005E-05   2.12245993E-03
   3.66386007E-06   1.99551997E-03
   3.66386012E-05   2.03061989E-03
   2.38142002E-05   2.04622000E-03
   5.07435005E-04   2.09294003E-03
   3.48052999E-05   2.09441991E-03
   3.16680998E-05   2.06572004E-03
   1.53065004E-04   2.08131992E-03
   6.09626994E-04   2.12803995E-03
   3.43073007E-05   2.12952006E-03
   2.63921993E-06   2.13098992E-03
   5.92719007E-05   2.09692004E-03
   1.31880003E-03   2.14364007E-03
   4.44543002E-05   2.14511994E-03
   2.96369990E-06   2.14659004E-03
   2.03807998E-04   2.19036010E-03
   3.94584989E-04   2.19183997E-03
   1.30348999E-05   2.19331007E-03
   5.72549015E-06   2.19332008E-03
   1.14518002E-06   2.19478994E-03
       -1137       -1137
   1.30046999E-06   7.04579987E-04
   3.00393993E-04   8.12600018E-04
   2.40452006E-03   9.04750021E-04
   3.81279993E-03   1.08368997E-03
   4.20922004E-02   1.10083004E-03
   4.60078008E-03   1.33130001E-03
   1.66513994E-02   1.33491994E-03
   1.30047001E-05   1.30835001E-03
   1.69053001E-05   1.34345004E-03
   2.70488003E-04   1.35905005E-03
   1.96359993E-04   1.40576996E-03
   2.07291008E-03   1.40724995E-03
   1.30046999E-06   9.20619990E-04
   6.30543986E-03   1.01276999E-03
   3.23799002E-04   1.19171001E-03
   4.32968996E-02   1.20884995E-03
   2.24972004E-03   1.43932004E-03
   8.66864994E-03   1.44293997E-03
   3.64117004E-05   1.41637004E-03
   2.60073989E-06   1.45146996E-03
   7.04801991E-04   1.46706996E-03
   7.80224036E-06   1.51378999E-03
   2.13533011E-03   1.51526998E-03
   1.30046999E-06   1.51673995E-03
   4.44346992E-03   1.10492005E-03
   4.03378997E-03   1.28385995E-03
   6.60886019E-02   1.30100001E-03
   2.59814993E-03   1.53146998E-03
   5.28887007E-03   1.53509004E-03
   3.64115986E-04   1.50851998E-03
   6.69725996E-04   1.54362002E-03
   1.02729001E-03   1.55922002E-03
   2.47071992E-04   1.60594005E-03
   3.24971997E-03   1.60742004E-03
   1.43036996E-05   1.60889002E-03
   8.71239987E-04   1.46279996E-03
   8.99771973E-02   1.47994002E-03
   3.05206003E-03   1.71041000E-03
   4.16416004E-02   1.71403005E-03
   3.55002994E-04   1.68746000E-03
   5.85175985E-05   1.72256003E-03
   4.65535006E-04   1.73816003E-03
   9.88313986E-05   1.78487995E-03
   4.47714981E-03   1.78636005E-03
   1.30044000E-05   1.78783003E-03
  0.100996003       1.49707997E-03
   6.72978014E-02   1.72755006E-03
  0.105972998       1.73116999E-03
   7.12101022E-03   1.70460006E-03
   6.89841993E-03   1.73969998E-03
   1.03465002E-02   1.75529998E-03
   6.23269984E-03   1.80202001E-03
   1.16526000E-02   1.80350000E-03
   2.82182009E-04   1.80496997E-03
   4.89098998E-03   1.95802003E-03
  0.156396002       1.96164008E-03
   6.51547976E-04   1.93507003E-03
   3.34215991E-04   1.97017007E-03
   3.34215991E-04   1.98576995E-03
   2.05467994E-04   2.03248998E-03
   3.18355998E-03   2.03397009E-03
   2.47083008E-05   2.03543995E-03
  0.106911004       1.96525990E-03
   2.96984008E-03   1.93868997E-03
   1.39263005E-03   1.97378988E-03
   7.85354001E-04   1.98939000E-03
   2.73191999E-03   2.03611003E-03
   5.71091007E-03   2.03758990E-03
   1.18329997E-04   2.03906000E-03
   2.31529998E-06   1.91212003E-03
   4.63025981E-06   1.94721995E-03
   7.63998978E-05   1.96282007E-03
   3.70435991E-05   2.00954010E-03
   6.29722024E-04   2.01101997E-03
   1.34212998E-04   1.99791999E-03
   2.20026004E-06   2.04464002E-03
   5.83038025E-04   2.04611989E-03
   1.24832994E-04   2.01352010E-03
   6.24163004E-05   2.06023990E-03
   1.06654002E-03   2.06172001E-03
   2.71390991E-06   2.06319010E-03
   2.38617008E-06   2.10695993E-03
   2.86350987E-04   2.10844004E-03
   1.19316996E-06   2.10990990E-03
   3.22497013E-04   2.10991991E-03
   1.43038997E-05   2.11139000E-03
       -1137       -1137
   9.10387002E-03   2.25299991E-05
   2.78533995E-03   2.61500008E-05
   3.20569016E-02   0.00000000    
   2.81924997E-02   3.46800007E-05
   4.82865982E-02   5.02799994E-05
   2.17511002E-02   9.69999965E-05
   3.53215002E-02   9.84799990E-05
   1.20477995E-03   9.99499971E-05
   9.32030976E-02   1.14679999E-04
  0.121299997       1.18299999E-04
   4.07270007E-02   9.17299985E-05
   4.60864007E-02   1.26829997E-04
   5.01071997E-02   1.42429999E-04
   2.89842002E-02   1.89150000E-04
   3.39648984E-02   1.90630002E-04
   1.61346002E-03   1.92099993E-04
   4.07216977E-03   4.60099982E-05
   6.49385992E-03   6.31500006E-05
   4.67887009E-03   2.93619989E-04
   9.18957964E-03   2.97240011E-04
   1.62719991E-02   2.70669989E-04
   4.47269995E-03   3.05769994E-04
   7.88080040E-03   3.21369997E-04
   1.09269004E-03   3.68089997E-04
   9.86885978E-04   3.69570014E-04
   5.10307029E-04   3.71039991E-04
   6.44849986E-03   8.02900031E-05
   1.03320004E-02   3.10759991E-04
   9.83709004E-03   3.14380013E-04
   2.26528998E-02   2.87809991E-04
   8.92410986E-03   3.22909997E-04
   7.92434998E-03   3.38509999E-04
   8.83269007E-04   3.85230000E-04
   1.50154997E-03   3.86709988E-04
   7.08224019E-04   3.88179993E-04
   8.17373022E-03   5.41230023E-04
   1.69747006E-02   5.44850016E-04
   1.85458995E-02   5.18280023E-04
   2.40509002E-03   5.53379999E-04
   7.50498008E-03   5.68980002E-04
   4.70778003E-04   6.15699973E-04
   3.11031006E-04   6.17180020E-04
   5.24525996E-04   6.18649996E-04
   1.37000000E-02   5.48470009E-04
   2.42723003E-02   5.21900016E-04
   1.35070004E-03   5.56999992E-04
   8.92431010E-03   5.72599994E-04
   2.93163001E-04   6.19320024E-04
   6.79267978E-04   6.20800012E-04
   6.84997998E-04   6.22269989E-04
   1.80527996E-02   4.95330023E-04
   2.43011992E-02   5.30429999E-04
   3.90846990E-02   5.46030002E-04
   1.98972002E-02   5.92749973E-04
   2.64890995E-02   5.94230019E-04
   1.24686002E-03   5.95699996E-04
   2.84791994E-03   5.65529976E-04
   1.17196003E-02   5.81129978E-04
   2.71448004E-03   6.27850008E-04
   2.39558006E-03   6.29329996E-04
   1.02978002E-03   6.30799972E-04
   8.65918957E-03   5.96729980E-04
   3.09716002E-03   6.43450010E-04
   5.11491997E-03   6.44929998E-04
   1.73002004E-03   6.46399974E-04
   5.33602026E-04   6.90169982E-04
   1.66827999E-03   6.91650028E-04
   1.20826997E-03   6.93120004E-04
   1.29161996E-03   6.93130016E-04
   2.05552997E-03   6.94599992E-04
       -1137       -1137
   1.25193996E-02   6.66000005E-06
   1.53697003E-02   1.02800004E-05
   1.28106000E-02   1.88100003E-05
   1.52272005E-02   3.44100008E-05
   4.29103989E-03   8.11299979E-05
   6.44390006E-03   8.26100004E-05
   5.66728006E-04   8.40799985E-05
  0.147158995       1.85600002E-04
  0.321070999       1.89219994E-04
   3.70360017E-02   1.62650002E-04
   2.80908998E-02   1.97750007E-04
   4.21391018E-02   2.13349995E-04
   1.39632998E-02   2.60069995E-04
   2.31886003E-02   2.61550013E-04
   1.45973999E-03   2.63019989E-04
   4.48969007E-02   2.02740004E-04
   1.14836004E-02   2.06359997E-04
   6.18202984E-03   1.79790004E-04
   2.53110006E-02   2.14889995E-04
   5.33733005E-03   2.30489997E-04
   1.93461997E-03   2.77209998E-04
   1.45441003E-03   2.78689986E-04
   2.00105002E-04   2.80159991E-04
   2.98499991E-03   4.33209992E-04
   2.00111996E-02   4.36830014E-04
   4.38597007E-03   4.10259992E-04
   1.87487006E-02   4.45359998E-04
   3.91355017E-03   4.60960000E-04
   2.97814002E-03   5.07680001E-04
   1.29637006E-03   5.09159989E-04
   1.74871995E-04   5.10630023E-04
   1.01698004E-03   4.40450007E-04
   3.10101011E-03   4.13880014E-04
   3.71606983E-02   4.48979990E-04
   2.28512008E-03   4.64579993E-04
   7.34511996E-03   5.11299993E-04
   5.60329994E-04   5.12779981E-04
   1.00646001E-04   5.14250016E-04
   7.53164000E-04   3.87309992E-04
   1.06007000E-02   4.22409998E-04
   1.89612003E-03   4.38010000E-04
   1.57494005E-03   4.84730001E-04
   1.02057995E-03   4.86209989E-04
   4.91469000E-05   4.87679994E-04
   1.38579002E-02   4.57510003E-04
   3.69254984E-02   4.73110005E-04
   1.54231004E-02   5.19829977E-04
   2.49384008E-02   5.21310023E-04
   9.18100006E-04   5.22779999E-04
   1.42349000E-03   4.88710008E-04
   3.75377992E-03   5.35429979E-04
   1.30145997E-03   5.36910025E-04
   1.22022000E-04   5.38380002E-04
   5.82354005E-05   5.82150009E-04
   1.14868002E-04   5.83629997E-04
   1.08431004E-05   5.85099973E-04
   2.18608002E-05   5.85109985E-04
   8.08556979E-06   5.86580019E-04
       -1137       -1137
   1.08676003E-02   9.34499985E-05
   2.71990001E-02   9.70699984E-05
   1.52251003E-02   7.04999984E-05
   1.20053003E-02   1.05599996E-04
   3.93772013E-02   1.21199999E-04
   6.48180023E-03   1.67920007E-04
   1.15724001E-02   1.69399995E-04
   5.70622971E-04   1.70870000E-04
  0.147400007       1.10590001E-04
  0.169614002       1.14210001E-04
   7.55482987E-02   8.76400009E-05
   7.97329992E-02   1.22740006E-04
  0.102098003       1.38339994E-04
   5.06132990E-02   1.85059995E-04
   5.63813001E-02   1.86539997E-04
   3.08641000E-03   1.88010003E-04
   7.66590005E-04   3.41059989E-04
   1.79565009E-02   3.44680011E-04
   6.02335995E-03   3.18109989E-04
   2.98046996E-03   3.53209995E-04
   3.97248007E-02   3.68809997E-04
   7.21981982E-04   4.15529998E-04
   3.65421991E-03   4.17009986E-04
   1.74567002E-04   4.18479991E-04
   7.86508992E-03   3.48300004E-04
   1.30323004E-02   3.21730011E-04
   1.09513998E-02   3.56829987E-04
   4.84643988E-02   3.72429990E-04
   7.14610971E-04   4.19149990E-04
   4.63359989E-03   4.20630007E-04
   4.30941000E-04   4.22100013E-04
   2.60962997E-06   2.95159989E-04
   2.68283999E-04   3.30259994E-04
   5.48770977E-03   3.45859997E-04
   3.18925013E-04   3.92579997E-04
   5.84602007E-04   3.94060015E-04
   5.21962988E-07   3.95529991E-04
   1.53142992E-05   3.65360000E-04
   4.88879019E-03   3.80960002E-04
   1.46837003E-04   4.27680003E-04
   4.91413986E-04   4.29159991E-04
   8.10745041E-06   4.30629996E-04
   8.60480964E-03   3.96560004E-04
   5.37686981E-03   4.43280005E-04
   6.88864011E-03   4.44759993E-04
   2.66524992E-04   4.46229998E-04
   2.76733008E-05   4.90000006E-04
   1.77908005E-04   4.91479994E-04
   5.00758006E-06   4.92950028E-04
   1.60174997E-04   4.92959982E-04
   1.21931998E-05   4.94430016E-04
       -1137       -1137
   3.31876017E-02   6.11999985E-06
   4.84326016E-03   7.60000012E-06
   2.48174998E-04   9.06999958E-06
  0.136801004       1.62120006E-04
  0.432853013       1.65739999E-04
   6.34706020E-02   1.39170006E-04
   5.23580983E-02   1.74269997E-04
   7.42738023E-02   1.89869999E-04
   4.66386005E-02   2.36590000E-04
   4.50179018E-02   2.38070003E-04
   2.56649009E-03   2.39539993E-04
   5.31566003E-03   1.69360006E-04
   5.94132021E-03   1.42789999E-04
   1.23028001E-02   1.77890004E-04
   4.94397990E-03   1.93490006E-04
   5.16323000E-02   2.40210007E-04
   1.92765996E-03   2.41689995E-04
   1.90278995E-04   2.43160001E-04
   8.90986004E-04   1.16219999E-04
   1.60124002E-03   1.51319997E-04
   1.58340996E-03   1.66919999E-04
   4.59674979E-03   2.13640000E-04
   1.44919998E-03   2.15120002E-04
   4.14189999E-05   2.16589993E-04
   3.39491991E-04   1.86420002E-04
   1.61402998E-03   2.02020005E-04
   2.51203007E-03   2.48739991E-04
   4.90817009E-04   2.50220008E-04
   2.90259995E-05   2.51690013E-04
   6.04294997E-04   2.17620007E-04
   4.54971986E-03   2.64339993E-04
   3.97297990E-04   2.65820010E-04
   1.87892001E-05   2.67289986E-04
   1.46741001E-03   3.11059994E-04
   2.88662990E-03   3.12540011E-04
   1.23360005E-04   3.14009987E-04
   6.92929025E-05   3.14019999E-04
   1.46651000E-05   3.15490004E-04
       -1137       -1137
   8.46027955E-03   1.44980004E-04
  0.304150999       1.48599996E-04
   8.62410013E-03   1.22029996E-04
   5.28773991E-03   1.57129994E-04
   1.24834003E-02   1.72729997E-04
   2.70347996E-03   2.19449998E-04
   4.59498018E-02   2.20930000E-04
   3.08552000E-04   2.22400005E-04
  0.234656006       1.52220004E-04
   6.98819011E-02   1.25649996E-04
   7.21511021E-02   1.60750002E-04
   7.61575028E-02   1.76350004E-04
   4.27998006E-02   2.23070005E-04
   8.01889971E-02   2.24550007E-04
   2.86241993E-03   2.26019998E-04
   1.51919003E-03   9.90800036E-05
   1.51499000E-03   1.34179994E-04
   3.27489991E-03   1.49779997E-04
   1.78040995E-03   1.96499997E-04
   6.23185001E-03   1.97980000E-04
   6.86103012E-05   1.99450005E-04
   1.89707993E-04   1.69280000E-04
   2.44144001E-03   1.84880002E-04
   2.07699995E-04   2.31600003E-04
   3.70106008E-03   2.33080005E-04
   2.43693994E-05   2.34549996E-04
   9.02407977E-04   2.00480004E-04
   6.48603018E-04   2.47199991E-04
   5.07469987E-03   2.48680008E-04
   4.08658998E-05   2.50150013E-04
   3.52472016E-05   2.93919991E-04
   2.54231994E-03   2.95400008E-04
   1.60210002E-05   2.96870014E-04
   2.76347995E-03   2.96879996E-04
   1.56706999E-04   2.98350002E-04
       -1137       -1137
  0.258736998       1.67300004E-05
   3.67669985E-02   1.82099993E-05
   1.17493002E-03   1.96799992E-05
  0.306194991       6.34500029E-05
  0.372976989       6.49299982E-05
   7.59570999E-03   6.64000036E-05
   1.59467999E-02   6.64100007E-05
   6.06151996E-04   6.78799988E-05
       -1137       -1137
   6.77769035E-02   1.31099996E-05
  0.270458013       1.45900003E-05
   2.01495993E-03   1.60599993E-05
   1.02843996E-02   5.98299994E-05
  0.303061008       6.13099983E-05
   4.44847014E-04   6.27799964E-05
  0.338187993       6.27900008E-05
   7.77187012E-03   6.42599989E-05
       -1137       -1137
   9.50146019E-02   2.40800000E-05
  0.191009998       2.55600007E-05
   6.72412012E-03   2.70300006E-05
  0.354759991       3.96799987E-05
  0.258024991       4.11600013E-05
   8.52304976E-03   4.26299994E-05
   2.13258993E-03   8.64000031E-05
   7.08952025E-02   8.78799983E-05
   3.12896003E-03   8.93499964E-05
   7.90246017E-03   8.93600009E-05
   1.87790999E-03   9.08299990E-05
       -1137       -1137
  0.322946995       4.58000022E-06
   5.32899015E-02   6.06000003E-06
   2.54219002E-03   7.52999995E-06
  0.131476998       5.13000014E-05
  0.466255993       5.27800003E-05
   1.02757998E-02   5.42499984E-05
   1.22769000E-02   5.42599992E-05
   9.33049014E-04   5.57300009E-05
       -1137       -1137
   3.59503999E-02   3.56999990E-05
  0.624527991       3.71800015E-05
   7.48099992E-03   3.86499996E-05
  0.313309014       3.86600004E-05
   1.87307000E-02   4.01299985E-05
       -1137       -1137
          -1          -1
