   4.17497987E-03   5.65959997E-02
   6.68324018E-03   5.71920015E-02
   3.61246010E-03   5.94029985E-02
   1.68713997E-03   6.86186999E-02
   1.44410995E-03   6.88937008E-02
   8.48931028E-04   6.93883970E-02
   7.17231014E-05   6.98482990E-02
   5.30003017E-05   6.99540004E-02
   4.24886006E-04   7.15662986E-02
   3.55435011E-04   7.16869980E-02
   2.08571000E-04   7.18087032E-02
   1.89204002E-05   7.20077977E-02
   1.37704001E-05   7.20304996E-02
   4.95342007E-08   7.22900033E-02
   4.95342007E-08   7.22951964E-02
   9.08435031E-05   7.22901970E-02
   6.82063983E-05   7.23320991E-02
   3.86348001E-05   7.23553970E-02
   2.32797993E-06   7.24141970E-02
   1.63454001E-06   7.24169984E-02
   3.54949007E-04   5.77879995E-02
   6.34744996E-03   5.99990003E-02
   1.17279997E-03   6.92147017E-02
   1.34625996E-04   6.94897026E-02
   1.24742999E-03   6.99843988E-02
   7.38543968E-05   7.04443008E-02
   1.91850995E-04   7.05500022E-02
   2.85994989E-04   7.21623003E-02
   3.21961998E-05   7.22829998E-02
   2.94127996E-04   7.24046975E-02
   1.87239002E-05   7.26037994E-02
   4.88375990E-05   7.26265013E-02
   5.44865998E-07   7.28859976E-02
   7.92517994E-07   7.28911981E-02
   6.06768990E-05   7.28861988E-02
   6.14201008E-06   7.29281008E-02
   5.39909015E-05   7.29513988E-02
   2.27852001E-06   7.30101988E-02
   5.69622989E-06   7.30130002E-02
   2.72418000E-03   6.22100011E-02
   5.74895996E-04   7.14256987E-02
   1.13077997E-03   7.17006996E-02
   1.10614998E-03   7.21954033E-02
   2.13032006E-04   7.26552978E-02
   1.76935006E-04   7.27609992E-02
   1.36959003E-04   7.43732974E-02
   2.66790012E-04   7.44939968E-02
   2.63118010E-04   7.46157020E-02
   5.46336996E-05   7.48147964E-02
   4.52247987E-05   7.48374984E-02
   8.91567993E-07   7.50970021E-02
   9.41134999E-07   7.51022026E-02
   2.88780993E-05   7.50972033E-02
   5.07225996E-05   7.51390979E-02
   4.83928015E-05   7.51624033E-02
   6.63725996E-06   7.52212033E-02
   5.30005991E-06   7.52239972E-02
   1.67667007E-04   8.06413963E-02
   2.53904000E-04   8.09163973E-02
   1.36214003E-04   8.14111009E-02
   1.11944000E-05   8.18710029E-02
   7.77666992E-06   8.19766968E-02
   8.41578003E-05   8.35890025E-02
   6.25617977E-05   8.37097019E-02
   3.35344994E-05   8.38313997E-02
   2.97185011E-06   8.40305015E-02
   2.03074001E-06   8.40532035E-02
   1.79807994E-05   8.43129009E-02
   1.19872002E-05   8.43548030E-02
   6.19148977E-06   8.43781009E-02
   3.46718991E-07   8.44369009E-02
   2.47661006E-07   8.44397023E-02
   1.23824002E-05   8.11913982E-02
   2.28681005E-04   8.16861019E-02
   1.14913000E-05   8.21459964E-02
   2.57573993E-05   8.22516978E-02
   6.19143029E-05   8.38640034E-02
   5.89427009E-06   8.39847028E-02
   5.42388989E-05   8.41064006E-02
   2.92234995E-06   8.43055025E-02
   6.63717992E-06   8.43281969E-02
   4.95338988E-08   8.45877007E-02
   9.90635982E-08   8.45929012E-02
   1.31265997E-05   8.45879018E-02
   1.13918998E-06   8.46297964E-02
   9.95593018E-06   8.46531019E-02
   3.46715012E-07   8.47119018E-02
   7.92511003E-07   8.47147033E-02
   1.13478003E-04   8.21807981E-02
   3.47226014E-05   8.26407000E-02
   2.78875996E-05   8.27464014E-02
   3.24932007E-05   8.43586996E-02
   5.42888993E-05   8.44793990E-02
   5.40879992E-05   8.46010968E-02
   8.96520032E-06   8.48001987E-02
   7.18236015E-06   8.48229006E-02
   9.90642022E-08   8.50823969E-02
   1.48601998E-07   8.50875974E-02
   6.88522005E-06   8.50825980E-02
   1.03025995E-05   8.51245001E-02
   9.95599021E-06   8.51477981E-02
   1.08972995E-06   8.52065980E-02
   8.42039015E-07   8.52093995E-02
   9.90629019E-08   8.31006020E-02
   4.01203988E-06   8.32063034E-02
   2.67476003E-06   8.48186016E-02
   2.62520007E-06   8.49393010E-02
   7.82601001E-06   8.50609988E-02
   4.95336003E-08   8.52601007E-02
   9.90629019E-07   8.52828026E-02
   5.44857983E-07   8.55425000E-02
   4.95335996E-07   8.55844021E-02
   1.43643001E-06   8.56077000E-02
   9.90629019E-08   8.56693015E-02
   9.41131020E-07   8.33119974E-02
   1.83274994E-06   8.49243030E-02
   5.69622989E-06   8.50450024E-02
   6.24104996E-06   8.51667002E-02
   9.90644025E-07   8.53658020E-02
   4.95342988E-07   8.53884965E-02
   3.96263005E-07   8.56482014E-02
   1.08972995E-06   8.56901035E-02
   1.13919998E-06   8.57134014E-02
   9.90644011E-08   8.57722014E-02
   4.95343002E-08   8.57750028E-02
   1.05505997E-05   8.65366012E-02
   1.52557004E-05   8.66573006E-02
   8.02427985E-06   8.67789984E-02
   6.93474988E-07   8.69780034E-02
   4.95346001E-07   8.70008022E-02
   4.50736979E-06   8.72604027E-02
   2.92238997E-06   8.73024017E-02
   1.48603999E-06   8.73256028E-02
   9.90650975E-08   8.73844996E-02
   4.95345986E-08   8.73871967E-02
   6.93476011E-07   8.67780000E-02
   1.28784004E-05   8.68996978E-02
   6.93476011E-07   8.70987028E-02
   1.48603999E-06   8.71215016E-02
   3.21964990E-06   8.73811021E-02
   2.47662001E-07   8.74231011E-02
   2.37756990E-06   8.74463022E-02
   9.90650975E-08   8.75051990E-02
   1.48604002E-07   8.75079036E-02
   6.31976991E-06   8.70214030E-02
   1.99309011E-06   8.72204974E-02
   1.60423997E-06   8.72431993E-02
   4.86159983E-08   8.75027031E-02
   4.86159983E-08   8.75079036E-02
   1.65289998E-06   8.75028968E-02
   2.43069007E-06   8.75447989E-02
   2.33348010E-06   8.75680968E-02
   2.43068996E-07   8.76268968E-02
   1.94454003E-07   8.76296982E-02
   2.47662996E-07   8.74423012E-02
   1.48604002E-07   8.77019018E-02
   1.48604002E-07   8.77439007E-02
   3.46721009E-07   8.77671018E-02
   4.95347017E-08   8.78287032E-02
   4.95339982E-08   8.74650031E-02
   9.90637972E-08   8.77247006E-02
   2.97182993E-07   8.77666026E-02
   2.97182993E-07   8.77899006E-02
   4.95339982E-08   8.78487006E-02
   4.99947021E-07   8.79843011E-02
   6.49900016E-07   8.80263001E-02
   2.99947004E-07   8.80495012E-02
   4.60815990E-08   8.80682021E-02
   4.14715004E-07   8.80914032E-02
   4.60815990E-08   8.81531015E-02
   2.14154994E-07   8.81147012E-02
   5.35417009E-08   8.81735012E-02
   5.35417009E-08   8.81763026E-02
       -1137       -1137
   4.64958977E-03   1.60769996E-04
   6.19632006E-03   1.83509997E-04
   1.41965002E-02   4.42960009E-04
   1.88094005E-02   4.48189996E-04
   4.35745018E-03   4.43169993E-04
   3.15889996E-03   4.85089986E-04
   2.86875991E-03   5.08359983E-04
   5.68726973E-04   5.67190000E-04
   7.48469029E-04   5.69969998E-04
  0.233464003       2.12300001E-04
  0.296649009       3.18000006E-04
   1.87225994E-02   1.93028001E-03
   7.43064983E-03   2.05097999E-03
   1.12260999E-02   2.17269990E-03
   3.08267996E-02   2.37177010E-03
   3.66516002E-02   2.39450997E-03
   2.15039998E-02   2.65395991E-03
   2.67664008E-02   2.65918998E-03
   3.80863994E-03   2.65416992E-03
   1.39688002E-03   2.69608991E-03
   2.06118007E-03   2.71935994E-03
   3.44057009E-03   2.77818996E-03
   3.91355017E-03   2.78096995E-03
   5.17910020E-03   8.19840003E-03
   1.06584001E-02   8.47340003E-03
   1.67261995E-02   8.96809995E-03
   1.23669999E-02   9.42800008E-03
   1.58329997E-02   9.53369960E-03
   2.21782993E-03   1.11459997E-02
   2.59010005E-03   1.12667000E-02
   4.00773017E-03   1.13883996E-02
   2.70798989E-03   1.15874996E-02
   3.43823992E-03   1.16101997E-02
   2.25099997E-04   1.18696997E-02
   2.46681011E-04   1.18749002E-02
   4.61569987E-04   1.18698999E-02
   4.94930020E-04   1.19118001E-02
   7.37713999E-04   1.19351000E-02
   3.19485000E-04   1.19938999E-02
   3.92090995E-04   1.19967004E-02
   2.04099997E-05   8.74840003E-03
   2.10964005E-04   9.24309995E-03
   6.58797973E-04   9.70300008E-03
   5.34638017E-03   9.80869960E-03
   1.80000998E-03   1.14209997E-02
   2.74747003E-06   1.15417000E-02
   4.25854996E-05   1.16633996E-02
   1.26578001E-04   1.18624996E-02
   7.42624979E-04   1.18851997E-02
   8.24192975E-05   1.21446997E-02
   2.87105999E-04   1.21499002E-02
   3.52848001E-04   1.21448999E-02
   3.92494002E-07   1.21868001E-02
   7.65344976E-06   1.22101000E-02
   1.49149000E-05   1.22688999E-02
   7.86915989E-05   1.22717004E-02
   5.57538995E-04   9.73779988E-03
   1.79441995E-03   1.01977000E-02
   1.09462999E-03   1.03034005E-02
   2.77925003E-03   1.19156996E-02
   5.06323995E-05   1.20363999E-02
   2.02133000E-04   1.21580996E-02
   1.62697004E-04   1.23571996E-02
   8.14392988E-05   1.23798996E-02
   1.37369003E-04   1.26393996E-02
   1.14998998E-04   1.26446001E-02
   5.43011993E-04   1.26395999E-02
   9.61592013E-06   1.26815001E-02
   3.51281014E-05   1.27047999E-02
   1.62887009E-05   1.27635999E-02
   7.65345976E-06   1.27664004E-02
   7.25521997E-04   1.06576001E-02
   2.14415994E-02   1.07632997E-02
   1.87539996E-03   1.23755997E-02
   1.93094995E-04   1.24963000E-02
   4.79814014E-04   1.26179997E-02
   3.10058997E-04   1.28170997E-02
   3.25015001E-03   1.28397997E-02
   2.39802001E-04   1.30992997E-02
   6.60940015E-04   1.31045002E-02
   3.59713013E-04   1.30995000E-02
   3.82672006E-05   1.31414002E-02
   9.00771993E-05   1.31647000E-02
   3.65009000E-05   1.32235000E-02
   3.48133995E-04   1.32262995E-02
   5.92515990E-03   1.08690001E-02
   2.43627001E-03   1.24813002E-02
   1.15063996E-03   1.26019996E-02
   2.98900995E-04   1.27237001E-02
   3.14767007E-03   1.29228001E-02
   1.89682003E-03   1.29455002E-02
   7.28533021E-04   1.32050002E-02
   5.49900986E-04   1.32101998E-02
   4.69838007E-04   1.32052004E-02
   2.14900996E-04   1.32470997E-02
   5.67175994E-05   1.32704005E-02
   3.46201006E-04   1.33292004E-02
   2.05489006E-04   1.33320000E-02
   2.24117000E-04   1.40936002E-02
   4.38623014E-04   1.42142996E-02
   6.68624009E-04   1.43360002E-02
   4.12124995E-04   1.45349996E-02
   5.27524971E-04   1.45578003E-02
   2.84573998E-05   1.48171997E-02
   2.98292998E-05   1.48224998E-02
   9.20395978E-05   1.48173999E-02
   8.37998014E-05   1.48593998E-02
   1.23242993E-04   1.48825999E-02
   4.86700992E-05   1.49414996E-02
   6.00521998E-05   1.49442004E-02
   1.02048998E-05   1.44566996E-02
   3.27728012E-05   1.46557000E-02
   1.66222002E-04   1.46784997E-02
   1.15777002E-05   1.49379000E-02
   4.53327011E-05   1.49432002E-02
   8.59534994E-05   1.49381002E-02
   1.76622996E-06   1.50033003E-02
   3.72866998E-06   1.50621999E-02
   1.76622998E-05   1.50648998E-02
   1.76628000E-05   1.45784002E-02
   4.90626990E-05   1.47775002E-02
   2.76711999E-05   1.48002002E-02
   2.82595993E-05   1.50597002E-02
   2.29612997E-05   1.50648998E-02
   1.30696993E-04   1.50598995E-02
   1.96250994E-06   1.51017997E-02
   6.08365008E-06   1.51250996E-02
   5.10249993E-06   1.51838996E-02
   2.74753006E-06   1.51867000E-02
   3.06147995E-05   1.49764996E-02
   5.22216025E-04   1.49993002E-02
   3.53235991E-05   1.52586997E-02
   7.39813986E-05   1.52639998E-02
   7.90867998E-05   1.52588999E-02
   6.27981990E-06   1.53008997E-02
   9.41934013E-06   1.53240999E-02
   7.06492983E-06   1.53829996E-02
   5.67146017E-05   1.53857004E-02
   1.62886005E-04   1.50220003E-02
   8.61488006E-05   1.52815003E-02
   7.24169004E-05   1.52866999E-02
   1.01459002E-04   1.52816996E-02
   3.12033008E-05   1.53235998E-02
   5.49483002E-06   1.53468996E-02
   5.82854009E-05   1.54056996E-02
   3.57163990E-05   1.54085001E-02
   1.12973999E-06   1.55408997E-02
   1.98848993E-05   1.55461002E-02
   6.10099005E-06   1.55410999E-02
   2.25964004E-06   1.55830001E-02
   5.87505019E-06   1.56063000E-02
   4.51928008E-06   1.56651009E-02
   1.01685000E-05   1.56679004E-02
   4.76200012E-06   1.55514004E-02
   7.01758017E-06   1.55464001E-02
   1.00249999E-05   1.55883003E-02
   5.26320991E-06   1.56114995E-02
   1.00249999E-05   1.56704001E-02
   9.77436957E-06   1.56731997E-02
   1.61538992E-05   1.55413002E-02
   2.82719993E-05   1.55833000E-02
   4.13952002E-05   1.56065002E-02
   1.61538992E-05   1.56654008E-02
   1.98554008E-05   1.56680997E-02
   8.26630014E-07   1.56484004E-02
   1.65322001E-06   1.57072991E-02
   7.02626994E-06   1.57101005E-02
   1.21323001E-06   1.56717002E-02
   2.02194997E-06   1.57305002E-02
   1.21323001E-06   1.57332998E-02
   3.84939000E-07   1.57894008E-02
   6.15897989E-06   1.57922003E-02
   1.91780009E-06   1.57948993E-02
       -1137       -1137
   5.16666006E-03   1.33428001E-03
   3.69674005E-02   1.45498000E-03
   1.01814000E-02   1.57670001E-03
   3.74656990E-02   1.77576998E-03
   1.28737995E-02   1.79850997E-03
   1.54722005E-03   2.05796002E-03
   2.30851001E-03   2.06319010E-03
   1.01353996E-03   2.05817004E-03
   6.51066005E-03   2.10009003E-03
   1.83004001E-03   2.12336006E-03
   4.25637979E-03   2.18219007E-03
   1.42748002E-03   2.18497007E-03
   5.64110989E-04   7.60240015E-03
   1.98426004E-02   7.87740014E-03
   1.85163994E-03   8.37210007E-03
   3.09679005E-03   8.83200020E-03
   1.76514999E-03   8.93769972E-03
   2.18279994E-04   1.05499998E-02
   3.18537001E-03   1.06707001E-02
   3.97411990E-04   1.07923998E-02
   4.79842012E-04   1.09914998E-02
   2.33020997E-04   1.10141998E-02
   8.88768991E-05   1.12736998E-02
   6.17080004E-05   1.12789003E-02
   4.42072997E-05   1.12739000E-02
   5.59967011E-04   1.13158002E-02
   7.13803020E-05   1.13391001E-02
   5.34171013E-05   1.13979001E-02
   2.48681008E-05   1.14006996E-02
   2.07637995E-02   8.15240014E-03
   5.26285991E-02   8.64710007E-03
   2.72480007E-02   9.10700019E-03
   3.87024991E-02   9.21269972E-03
   5.11835003E-03   1.08249998E-02
   8.49684980E-03   1.09457001E-02
   1.23862000E-02   1.10673998E-02
   5.96279977E-03   1.12664998E-02
   8.44493043E-03   1.12891998E-02
   4.54491994E-04   1.15486998E-02
   3.95092997E-04   1.15539003E-02
   1.09871000E-03   1.15489000E-02
   1.57755997E-03   1.15908002E-02
   2.27202009E-03   1.16141001E-02
   7.04063976E-04   1.16729001E-02
   9.64230974E-04   1.16756996E-02
   1.20138004E-03   9.14179999E-03
   2.46447995E-02   9.60170012E-03
   3.58634000E-03   9.70739964E-03
   4.00618999E-04   1.13196997E-02
   8.61135963E-03   1.14404000E-02
   4.84894001E-04   1.15620997E-02
   4.54735011E-03   1.17611997E-02
   6.36858982E-04   1.17838997E-02
   1.86967998E-04   1.20433997E-02
   9.85469014E-05   1.20486002E-02
   8.28880002E-05   1.20436000E-02
   1.51864998E-03   1.20855002E-02
   8.61135995E-05   1.21088000E-02
   5.21274982E-04   1.21676000E-02
   7.04548002E-05   1.21703995E-02
   2.33075004E-02   1.00616002E-02
   9.25514996E-02   1.01672998E-02
   8.00819020E-04   1.17795998E-02
   4.31992998E-03   1.19003002E-02
   5.36767021E-03   1.20219998E-02
   8.46739020E-03   1.22210998E-02
   1.81232002E-02   1.22437999E-02
   1.59979996E-03   1.25032999E-02
   3.22956010E-03   1.25085004E-02
   1.72233995E-04   1.25035001E-02
   7.63488002E-04   1.25454003E-02
   9.69348999E-04   1.25687001E-02
   9.72564972E-04   1.26275001E-02
   2.03323993E-03   1.26302997E-02
   4.49451990E-03   1.02730002E-02
   3.67472006E-04   1.18853003E-02
   5.41411014E-03   1.20059997E-02
   7.18813972E-04   1.21277003E-02
   1.38077000E-02   1.23268003E-02
   1.60117005E-03   1.23495003E-02
   6.38730009E-04   1.26090003E-02
   2.44524999E-04   1.26141999E-02
   7.55243964E-05   1.26091996E-02
   9.23291023E-04   1.26510998E-02
   1.27560997E-04   1.26743997E-02
   1.52696995E-03   1.27331996E-02
   1.77284004E-04   1.27360001E-02
   2.02630999E-05   1.34976003E-02
   8.26150004E-04   1.36182997E-02
   8.65748007E-05   1.37400003E-02
   1.20650002E-04   1.39389997E-02
   4.83516997E-05   1.39618004E-02
   2.02630999E-05   1.42211998E-02
   1.10513001E-05   1.42264999E-02
   8.28897009E-06   1.42214000E-02
   1.45516999E-04   1.42633999E-02
   1.56562000E-05   1.42866001E-02
   1.33542999E-05   1.43454997E-02
   5.06544984E-06   1.43481996E-02
   8.25653027E-04   1.37390001E-02
   2.03124993E-03   1.38606997E-02
   9.31559014E-04   1.40597001E-02
   1.19307998E-03   1.40824998E-02
   5.89422998E-05   1.43419001E-02
   4.09835011E-05   1.43472003E-02
   1.77280002E-04   1.43421004E-02
   3.03459004E-04   1.43841002E-02
   3.72526003E-04   1.44073004E-02
   1.09592002E-04   1.44662000E-02
   1.36306000E-04   1.44688999E-02
   4.92715008E-05   1.39824003E-02
   9.97875002E-04   1.41815003E-02
   1.29855005E-04   1.42042004E-02
   3.49967995E-05   1.44637004E-02
   1.70381009E-05   1.44688999E-02
   1.79588005E-05   1.44638997E-02
   3.58257006E-04   1.45057999E-02
   1.74983998E-05   1.45290997E-02
   1.14656003E-04   1.45878997E-02
   1.42748004E-05   1.45907002E-02
   7.62081007E-04   1.43804997E-02
   2.81675998E-03   1.44033004E-02
   1.98929003E-04   1.46626998E-02
   4.05688013E-04   1.46679999E-02
   2.57867996E-05   1.46629000E-02
   1.63927005E-04   1.47048999E-02
   1.80514005E-04   1.47281000E-02
   1.74532004E-04   1.47869997E-02
   3.17727012E-04   1.47896996E-02
   1.44135003E-04   1.44260004E-02
   8.65730981E-05   1.46855004E-02
   3.36154990E-05   1.46907000E-02
   1.01303003E-05   1.46856997E-02
   2.03984993E-04   1.47275999E-02
   2.30240003E-05   1.47508997E-02
   3.13586002E-04   1.48096997E-02
   3.17730010E-05   1.48125002E-02
   4.75693014E-06   1.49448998E-02
   3.23466011E-05   1.49501003E-02
   4.28123985E-06   1.49451001E-02
   1.04647997E-05   1.49870003E-02
   6.18409013E-06   1.50103001E-02
   2.18819005E-05   1.50691001E-02
   9.51354014E-06   1.50718996E-02
   1.90280002E-06   1.49553996E-02
   2.37852009E-06   1.49504002E-02
   6.65992002E-06   1.49923004E-02
   2.85420992E-06   1.50154997E-02
   4.51921987E-05   1.50744002E-02
   3.80571009E-06   1.50771998E-02
   9.27858991E-07   1.49453003E-02
   3.15477009E-05   1.49873002E-02
   3.24754001E-06   1.50105003E-02
   2.78360994E-06   1.50694000E-02
   9.27858991E-07   1.50720999E-02
   2.77937997E-05   1.50292004E-02
   6.62445964E-05   1.50523996E-02
   1.94554996E-05   1.51113002E-02
   2.36246997E-05   1.51140997E-02
   1.52828000E-06   1.50757004E-02
   2.29259003E-05   1.51345003E-02
   3.05655999E-06   1.51372999E-02
   1.01304004E-05   1.51934000E-02
   3.54572003E-05   1.51962005E-02
   1.86967998E-06   1.51989004E-02
       -1137       -1137
   7.00737990E-04   5.39139984E-03
   3.51753988E-04   5.66639984E-03
   2.08211001E-02   6.16110023E-03
   2.64248997E-03   6.62099989E-03
   4.49024001E-03   6.72669988E-03
   2.72926991E-04   8.33898038E-03
   6.26983965E-05   8.45967978E-03
   3.26685002E-03   8.58139992E-03
   2.78447988E-04   8.78047012E-03
   4.36111004E-04   8.80321022E-03
   2.31885002E-04   9.06265993E-03
   4.08460008E-04   9.06789023E-03
   5.53220016E-05   9.06287041E-03
   1.10642004E-05   9.10479017E-03
   5.53219987E-04   9.12806019E-03
   2.90445005E-05   9.18688998E-03
   4.28747990E-05   9.18966997E-03
   3.41150990E-05   5.94139984E-03
   3.49370986E-02   6.43610023E-03
   1.64398004E-03   6.89599989E-03
   1.39070004E-02   7.00169988E-03
   7.23792036E-05   8.61398038E-03
   1.79793005E-05   8.73467978E-03
   5.69667993E-03   8.85639992E-03
   3.13939003E-04   9.05547012E-03
   2.20048008E-03   9.07821022E-03
   2.25896001E-04   9.33765993E-03
   5.67047973E-04   9.34289023E-03
   1.52132998E-05   9.33787040E-03
   3.68820997E-06   9.37979016E-03
   9.71810019E-04   9.40306019E-03
   3.68820984E-05   9.46188997E-03
   2.39258006E-04   9.46466997E-03
   4.39723991E-02   6.93080015E-03
   4.60419990E-02   7.39069982E-03
   6.20944016E-02   7.49639980E-03
   5.28426003E-03   9.10868030E-03
   7.95876980E-03   9.22937971E-03
   1.73547994E-02   9.35109984E-03
   9.49226972E-03   9.55017004E-03
   1.26246996E-02   9.57291014E-03
   8.44571972E-04   9.83235985E-03
   1.04096998E-03   9.83759016E-03
   1.13045005E-03   9.83257033E-03
   1.50431006E-03   9.87449009E-03
   3.09021003E-03   9.89776012E-03
   1.11151999E-03   9.95658990E-03
   1.42589002E-03   9.95936990E-03
   6.36652019E-03   7.85060041E-03
  0.119209997       7.95629993E-03
   6.35734992E-04   9.56858043E-03
   3.94156988E-04   9.68927983E-03
   6.84020994E-03   9.81099997E-03
   2.22675991E-03   1.00101000E-02
   1.74419992E-02   1.00328000E-02
   4.64692013E-04   1.02923000E-02
   1.57571002E-03   1.02974996E-02
   1.35071998E-04   1.02925003E-02
   7.46833030E-05   1.03344005E-02
   1.14556996E-03   1.03577003E-02
   2.54471001E-04   1.04165003E-02
   1.86566997E-03   1.04192998E-02
   7.93381035E-02   8.06200039E-03
   1.09671999E-03   9.67427995E-03
   2.87486007E-03   9.79498029E-03
   1.03962999E-02   9.91670042E-03
   2.10635997E-02   1.01158004E-02
   2.65496001E-02   1.01384996E-02
   4.91247000E-03   1.03979995E-02
   4.46709013E-03   1.04032001E-02
   2.35095999E-04   1.03981998E-02
   5.32926002E-04   1.04401000E-02
   1.79569004E-03   1.04633998E-02
   2.40556989E-03   1.05221998E-02
   2.91303010E-03   1.05250003E-02
   2.71988993E-05   1.12865996E-02
   1.38301002E-05   1.14072999E-02
   8.29787983E-04   1.15289995E-02
   7.28383020E-05   1.17279999E-02
   1.14795999E-04   1.17507996E-02
   3.08876006E-05   1.20101999E-02
   6.22356019E-05   1.20155001E-02
   1.10641004E-05   1.20104002E-02
   2.30499995E-06   1.20524000E-02
   1.40603996E-04   1.20756002E-02
   7.83684027E-06   1.21344998E-02
   1.15253997E-05   1.21371998E-02
   9.21995024E-07   1.15280002E-02
   1.29083998E-03   1.16496999E-02
   7.05319035E-05   1.18487002E-02
   4.85892000E-04   1.18714999E-02
   3.31929004E-05   1.21309003E-02
   7.92931969E-05   1.21362004E-02
   2.76599008E-06   1.21310996E-02
   4.61013002E-07   1.21731004E-02
   2.19905996E-04   1.21962996E-02
   8.29779037E-06   1.22552002E-02
   5.30153011E-05   1.22579001E-02
   1.63981004E-03   1.17714005E-02
   1.41301996E-03   1.19705005E-02
   2.08102004E-03   1.19931996E-02
   1.03268998E-04   1.22526996E-02
   1.33688998E-04   1.22579001E-02
   1.77491995E-04   1.22528998E-02
   2.43414004E-04   1.22948000E-02
   5.79037005E-04   1.23180998E-02
   1.65505000E-04   1.23768998E-02
   2.34196996E-04   1.23797003E-02
   1.86706995E-04   1.21694999E-02
   3.22017004E-03   1.21922996E-02
   5.43995993E-05   1.24516999E-02
   1.75177993E-04   1.24570001E-02
   1.56744009E-05   1.24519002E-02
   1.33688000E-05   1.24939000E-02
   2.36954002E-04   1.25171002E-02
   4.24128993E-05   1.25759998E-02
   3.46668006E-04   1.25786997E-02
   2.25132005E-03   1.22149996E-02
   5.67930983E-04   1.24744996E-02
   5.07972029E-04   1.24797001E-02
   2.50976009E-05   1.24746999E-02
   9.15603014E-05   1.25166001E-02
   3.61121987E-04   1.25398999E-02
   3.73196002E-04   1.25986999E-02
   4.94038977E-04   1.26015004E-02
   2.50488006E-06   1.27339000E-02
   7.11398025E-05   1.27390996E-02
   6.51291020E-06   1.27341002E-02
   6.51291020E-06   1.27760004E-02
   1.80354000E-05   1.27993003E-02
   6.51291020E-06   1.28581002E-02
   6.26223991E-05   1.28608998E-02
   2.30502992E-05   1.27443997E-02
   1.19870001E-05   1.27394004E-02
   1.38303003E-05   1.27812997E-02
   2.21286009E-05   1.28044998E-02
   1.84409000E-05   1.28634004E-02
   5.16338005E-05   1.28661999E-02
   1.20528000E-06   1.27343005E-02
   6.02660975E-07   1.27763003E-02
   3.91725989E-05   1.27994996E-02
   2.41062003E-06   1.28584001E-02
   3.01318005E-06   1.28611000E-02
   5.84666996E-05   1.28413998E-02
   1.94884001E-06   1.29003003E-02
   1.42919998E-05   1.29030999E-02
   7.48403982E-05   1.28646996E-02
   4.04534003E-05   1.29234996E-02
   5.86575006E-05   1.29263001E-02
   2.30494993E-06   1.29824001E-02
   3.96463984E-05   1.29851997E-02
   2.67371997E-05   1.29878996E-02
       -1137       -1137
   2.78737005E-02   1.21960002E-04
   3.75181995E-02   1.27189996E-04
   1.18281003E-02   1.22169993E-04
   1.14932004E-02   1.64090001E-04
   1.49625996E-02   1.87359998E-04
   6.58590999E-03   2.46190000E-04
   8.69351998E-03   2.48969998E-04
   1.32069003E-03   2.59950000E-04
   2.54207989E-04   2.68000003E-04
   2.69337004E-04   2.69709999E-04
   5.63982986E-02   1.36799999E-05
   5.80248982E-02   1.35399998E-04
   1.79005004E-02   3.34470009E-04
   3.09161991E-02   3.57209996E-04
  0.176870003       6.16659992E-04
  0.218518004       6.21890009E-04
   1.06467996E-02   6.16870006E-04
   1.01650003E-02   6.58789999E-04
   1.03481999E-02   6.82060025E-04
   2.05131993E-03   7.40889984E-04
   3.55306012E-03   7.43669982E-04
   1.21696002E-03   7.54649984E-04
   2.33266997E-04   7.62699987E-04
   1.95387998E-04   7.64410011E-04
   2.55398992E-02   3.52879986E-04
   5.55570982E-03   4.73580003E-04
   7.02943979E-03   5.95299993E-04
   8.76955967E-03   7.94370018E-04
   1.08083002E-02   8.17110005E-04
   9.04748961E-03   1.07656000E-03
   8.35902989E-03   1.08178996E-03
   3.49057000E-03   1.07677002E-03
   8.24827002E-04   1.11869001E-03
   9.77110001E-04   1.14196003E-03
   8.52874015E-04   1.20079005E-03
   1.10141002E-03   1.20357005E-03
   3.74391995E-04   1.21454999E-03
   1.84556993E-05   1.22260000E-03
   1.76243993E-05   1.22431002E-03
   3.55463997E-02   4.58580005E-04
   9.36732977E-04   5.79280022E-04
   1.11037996E-02   7.00999983E-04
   1.21489000E-02   9.00070008E-04
   1.72217991E-02   9.22809995E-04
   1.03350002E-02   1.18225999E-03
   1.60319991E-02   1.18748995E-03
   4.80752997E-03   1.18247001E-03
   1.70279993E-04   1.22439000E-03
   1.52620999E-03   1.24766002E-03
   1.28559000E-03   1.30649004E-03
   1.68889004E-03   1.30927004E-03
   5.14697982E-04   1.32024998E-03
   4.02444994E-06   1.32829999E-03
   2.76166993E-05   1.33001001E-03
   2.45676003E-03   2.07086001E-03
   4.29301010E-03   2.19156011E-03
   7.05036987E-03   2.31328001E-03
   8.20736960E-03   2.51234998E-03
   1.15361996E-02   2.53509008E-03
   5.86812012E-03   2.79454002E-03
   7.35558011E-03   2.79977010E-03
   8.59513995E-04   2.79475003E-03
   8.16982007E-04   2.83667003E-03
   1.29157002E-03   2.85994005E-03
   9.51642985E-04   2.91877007E-03
   1.29465002E-03   2.92155007E-03
   9.69998000E-05   2.93252990E-03
   1.88904996E-05   2.94058002E-03
   2.41574999E-05   2.94228992E-03
   1.81470998E-04   2.31225998E-03
   5.27593016E-04   2.43397988E-03
   2.74021004E-04   2.63305008E-03
   1.52137000E-04   2.65578995E-03
   3.89400011E-05   2.91523989E-03
   4.58597991E-04   2.92046997E-03
   5.74499019E-04   2.91544991E-03
   5.16178989E-05   2.95736990E-03
   7.10008972E-05   2.98063993E-03
   2.77113995E-05   3.03946994E-03
   2.04657008E-05   3.04224994E-03
   6.15797981E-05   3.05323000E-03
   1.08665995E-06   3.06127989E-03
   1.26778002E-06   3.06299003E-03
   5.98941988E-04   2.55570002E-03
   5.98762010E-04   2.75476999E-03
   1.38089003E-03   2.77751009E-03
   6.34615018E-04   3.03696003E-03
   1.07433996E-03   3.04219010E-03
   9.48346977E-04   3.03717004E-03
   8.51233999E-05   3.07909003E-03
   1.84727003E-04   3.10236006E-03
   6.97279975E-05   3.16119008E-03
   1.47789004E-04   3.16397008E-03
   1.01783997E-04   3.17494990E-03
   1.99219994E-06   3.18300002E-03
   3.44109003E-06   3.18470993E-03
   9.86369996E-05   2.95383995E-03
   3.69980000E-04   2.97658006E-03
   4.45868005E-04   3.23603000E-03
   2.98547000E-03   3.24126007E-03
   1.08353002E-03   3.23624001E-03
   3.45771005E-05   3.27816000E-03
   8.57140985E-05   3.30143003E-03
   1.83808006E-05   3.36026005E-03
   3.53065989E-05   3.36304004E-03
   1.15745002E-04   3.37402010E-03
   7.27938016E-07   3.38206999E-03
   1.63786001E-06   3.38377990E-03
   2.44319992E-04   2.99931993E-03
   2.75779003E-03   3.25877010E-03
   1.67183997E-03   3.26399994E-03
   1.51416997E-03   3.25898011E-03
   2.14181000E-05   3.30090011E-03
   1.94930006E-04   3.32416990E-03
   3.32165982E-05   3.38299992E-03
   4.53774010E-05   3.38577991E-03
   1.61714997E-04   3.39675997E-03
   5.44526984E-07   3.40481009E-03
   3.44858995E-06   3.40652000E-03
   5.94238983E-04   3.51822004E-03
   3.98585014E-03   3.52345011E-03
   7.09999003E-04   3.51843005E-03
   5.43344004E-06   3.56035004E-03
   6.57443015E-05   3.58362007E-03
   4.67282989E-05   3.64245009E-03
   3.08437011E-04   3.64523008E-03
   7.49788014E-05   3.65620991E-03
   1.81111005E-07   3.66426003E-03
   1.08664995E-06   3.66596994E-03
   1.34958001E-03   3.52867995E-03
   8.74874997E-04   3.52365989E-03
   7.54182984E-05   3.56557989E-03
   1.17850002E-04   3.58884991E-03
   3.29669012E-04   3.64767993E-03
   1.77223003E-04   3.65045993E-03
   9.23557964E-05   3.66143999E-03
   1.78290998E-06   3.66949011E-03
   2.13950011E-06   3.67120001E-03
   8.01752030E-05   3.51864006E-03
   1.26942003E-04   3.56056006E-03
   2.00445997E-04   3.58383008E-03
   1.44898993E-04   3.64266010E-03
   1.96466994E-04   3.64544010E-03
   1.79565995E-05   3.65641993E-03
   2.92313007E-06   3.66447004E-03
   3.75814011E-06   3.66617995E-03
   5.60691979E-06   3.60248005E-03
   1.71018000E-05   3.62575008E-03
   5.32656986E-06   3.68458009E-03
   4.76587002E-06   3.68736009E-03
   1.82228996E-05   3.69833992E-03
   2.80346001E-07   3.70639004E-03
   2.80346001E-07   3.70809995E-03
   2.18292007E-05   3.64902010E-03
   1.57982995E-05   3.70784989E-03
   3.33185017E-05   3.71062988E-03
   2.95846003E-05   3.72160994E-03
   2.87232012E-07   3.72966006E-03
   8.61715989E-07   3.73136997E-03
   7.88313002E-07   3.76667990E-03
   3.54741996E-06   3.76945990E-03
   1.45841004E-05   3.78043996E-03
   1.97079004E-07   3.79019999E-03
   2.01305011E-06   3.77223990E-03
   1.84838991E-05   3.78321996E-03
   3.66009999E-07   3.79297999E-03
   9.05546983E-07   3.79420002E-03
   3.62223005E-07   3.80224991E-03
   3.62223005E-07   3.80396005E-03
       -1137       -1137
   6.06198981E-03   5.94699995E-05
   1.47641003E-02   8.22099973E-05
   2.84209009E-02   3.41659994E-04
   2.57863998E-02   3.46890010E-04
   3.10155004E-03   3.41870007E-04
   3.94895999E-03   3.83790000E-04
   2.46154005E-03   4.07059997E-04
   9.06147005E-04   4.65890014E-04
   1.87669997E-03   4.68670012E-04
   3.37278005E-04   4.79650014E-04
   8.46226976E-05   4.87699988E-04
   4.36078008E-05   4.89410013E-04
   4.88657989E-02   7.78800022E-05
   4.98316996E-02   1.98580005E-04
   4.54034992E-02   3.20299994E-04
   1.83297992E-02   5.19370020E-04
   2.32462008E-02   5.42110007E-04
  0.141802996       8.01560003E-04
  0.219385996       8.06790020E-04
   1.02367997E-02   8.01770017E-04
   7.96473958E-03   8.43690010E-04
   7.99329020E-03   8.66959977E-04
   2.20394996E-03   9.25789995E-04
   2.85480008E-03   9.28569993E-04
   1.16561004E-03   9.39549995E-04
   1.78408998E-04   9.47599998E-04
   1.44838006E-04   9.49310022E-04
   7.79038994E-03   1.83580007E-04
   5.61858006E-02   3.04279994E-04
   4.85369982E-03   4.26000013E-04
   1.07467000E-03   6.25070010E-04
   2.72884010E-03   6.47809997E-04
   6.00293977E-03   9.07259993E-04
   4.05965978E-03   9.12490010E-04
   1.08906999E-03   9.07470006E-04
   7.05074985E-03   9.49390000E-04
   7.57795991E-04   9.72660026E-04
   6.43711028E-05   1.03149004E-03
   2.83797999E-04   1.03427004E-03
   1.17668998E-04   1.04524998E-03
   1.53494999E-04   1.05329999E-03
   1.38446003E-05   1.05501001E-03
   7.30685017E-04   1.79586001E-03
   1.07209003E-02   1.91656000E-03
   1.47241994E-03   2.03828001E-03
   3.68451001E-04   2.23734998E-03
   1.25209999E-03   2.26009008E-03
   4.66575984E-05   2.51954002E-03
   8.99047009E-04   2.52477010E-03
   2.39540997E-04   2.51975004E-03
   1.30839006E-03   2.56167003E-03
   2.43404997E-04   2.58494006E-03
   3.12652992E-05   2.64377007E-03
   1.28914005E-04   2.64655007E-03
   2.64556002E-05   2.65752990E-03
   2.83797999E-05   2.66558002E-03
   4.32941988E-06   2.66728993E-03
   8.26277025E-03   2.03725998E-03
   2.30819993E-02   2.15897989E-03
   2.30467003E-02   2.35805009E-03
   3.66452001E-02   2.38078996E-03
   1.35610001E-02   2.64023989E-03
   2.27233004E-02   2.64546997E-03
   2.27088993E-03   2.64044991E-03
   2.62179994E-03   2.68236990E-03
   4.19354998E-03   2.70563993E-03
   2.67857010E-03   2.76446994E-03
   4.07319004E-03   2.76724994E-03
   2.62649002E-04   2.77823000E-03
   5.96481004E-05   2.78627989E-03
   7.84067015E-05   2.78799003E-03
   6.20546984E-04   2.28070002E-03
   1.53114996E-03   2.47976999E-03
   1.34212000E-03   2.50251009E-03
   9.26055014E-03   2.76196003E-03
   2.55779992E-03   2.76719010E-03
   2.01075003E-04   2.76217004E-03
   2.87907990E-03   2.80409004E-03
   1.90485007E-04   2.82736006E-03
   1.42869001E-04   2.88619008E-03
   1.33252004E-04   2.88897008E-03
   2.16472999E-05   2.89994990E-03
   6.30181967E-05   2.90800002E-03
   3.36738003E-06   2.90970993E-03
   8.06710974E-04   2.67883996E-03
   1.91792997E-03   2.70158006E-03
   1.00252999E-03   2.96103000E-03
   1.71252002E-03   2.96626007E-03
   7.40803007E-05   2.96124001E-03
   2.79760989E-03   3.00316000E-03
   2.50624988E-04   3.02643003E-03
   1.55379996E-04   3.08526005E-03
   1.97718007E-04   3.08804004E-03
   8.65878974E-06   3.09902010E-03
   6.06116009E-05   3.10706999E-03
   4.81062989E-06   3.10877990E-03
   4.88737016E-04   2.72431993E-03
   2.81548011E-03   2.98377010E-03
   6.48436020E-04   2.98899994E-03
   2.11167993E-04   2.98398011E-03
   4.50908020E-03   3.02590011E-03
   1.89529994E-04   3.04916990E-03
   1.86648002E-04   3.10799992E-03
   9.33240008E-05   3.11077992E-03
   2.35710995E-05   3.12175998E-03
   9.81339981E-05   3.12981009E-03
   3.36738003E-06   3.13152000E-03
   3.35633010E-03   3.24322004E-03
   2.15520002E-02   3.24845011E-03
   5.29157978E-06   3.24343005E-03
   1.52009004E-03   3.28535005E-03
   1.57975999E-03   3.30862007E-03
   1.28920001E-04   3.36745009E-03
   3.54994001E-04   3.37023009E-03
   4.81061022E-07   3.38120991E-03
   3.27105008E-05   3.38926003E-03
   2.93444991E-05   3.39096994E-03
   1.12756004E-03   3.25367996E-03
   1.57781993E-04   3.24865989E-03
   2.50431988E-03   3.29057989E-03
   3.90606991E-04   3.31384991E-03
   2.05407006E-04   3.37267993E-03
   7.55235014E-05   3.37545993E-03
   1.77986003E-05   3.38643999E-03
   5.38765016E-05   3.39449011E-03
   7.21552988E-06   3.39620002E-03
   2.13567000E-05   3.24364007E-03
   3.01622989E-04   3.28556006E-03
   3.59447004E-05   3.30883008E-03
   6.25078019E-06   3.36766010E-03
   2.39623005E-05   3.37044010E-03
   4.68849021E-06   3.38141993E-03
   6.77190019E-06   3.38947005E-03
   5.20934975E-07   3.39117995E-03
   2.14572006E-04   3.32748005E-03
   5.76743972E-04   3.35075008E-03
   3.57968005E-04   3.40958009E-03
   5.51961013E-04   3.41236009E-03
   3.53190990E-05   3.42333992E-03
   9.48935030E-06   3.43139004E-03
   1.05436002E-05   3.43309995E-03
   2.70759992E-05   3.37402010E-03
   4.42242017E-05   3.43284989E-03
   3.51980016E-05   3.43562989E-03
   6.31789999E-06   3.44660995E-03
   2.16611006E-05   3.45466007E-03
   9.02564977E-07   3.45636997E-03
   8.70540043E-06   3.49167990E-03
   2.43742998E-05   3.49445990E-03
   5.80386995E-07   3.50543996E-03
   8.70540043E-06   3.51349008E-03
   5.80386995E-07   3.51519999E-03
   7.86266992E-06   3.49723990E-03
   3.93111986E-06   3.50821996E-03
   1.80838997E-05   3.51627008E-03
   7.86266980E-07   3.51797999E-03
   4.81058976E-07   3.52724991E-03
       -1137       -1137
   1.12295998E-02   2.46700001E-05
   1.14580998E-02   4.74100016E-05
   1.70430001E-02   3.06859991E-04
   2.48590000E-02   3.12090007E-04
   2.77753011E-03   3.07070004E-04
   2.38432991E-03   3.48989997E-04
   7.73350010E-03   3.72259994E-04
   1.10762997E-03   4.31090011E-04
   1.14040996E-03   4.33870009E-04
   3.10116011E-04   4.44850011E-04
   5.37607011E-05   4.52900014E-04
   1.38860996E-04   4.54610010E-04
   4.93086986E-02   1.30369997E-04
   6.72874972E-02   1.53109999E-04
  0.185562000       4.12560010E-04
  0.224085003       4.17789997E-04
   1.65844001E-02   4.12769994E-04
   1.60863996E-02   4.54689987E-04
   1.94879994E-02   4.77960013E-04
   4.86190990E-03   5.36790001E-04
   6.84922002E-03   5.39569999E-04
   1.87565002E-03   5.50550001E-04
   3.59514001E-04   5.58600004E-04
   3.50994989E-04   5.60310029E-04
   3.38960002E-04   1.30115997E-03
   6.86537009E-04   1.42185995E-03
   1.29383001E-02   1.54357997E-03
   7.69854989E-04   1.74265006E-03
   9.25359025E-04   1.76539004E-03
   1.75721000E-03   2.02484010E-03
   3.07471002E-03   2.03006994E-03
   1.11795001E-04   2.02505011E-03
   9.40086029E-05   2.06697010E-03
   1.54938002E-03   2.09023990E-03
   7.92725987E-05   2.14906991E-03
   8.99445004E-05   2.15184991E-03
   1.21957000E-05   2.16282997E-03
   2.03260993E-06   2.17088009E-03
   2.74401991E-05   2.17259000E-03
   2.89668005E-05   1.54256006E-03
   1.59687009E-02   1.66427996E-03
   3.48100992E-04   1.86335004E-03
   3.36950994E-03   1.88609003E-03
   1.67187001E-03   2.14553997E-03
   9.10574012E-03   2.15077004E-03
   1.03667000E-04   2.14574998E-03
   7.62260015E-06   2.18766998E-03
   1.95195002E-03   2.21094000E-03
   3.81130012E-05   2.26977002E-03
   3.10008996E-04   2.27255002E-03
   1.11796999E-05   2.28353008E-03
   3.45549997E-05   2.29329010E-03
   2.10244004E-02   1.78599998E-03
   3.07142008E-02   1.98507006E-03
   4.01566997E-02   2.00780993E-03
   2.64880005E-02   2.26726010E-03
   3.03227995E-02   2.27248995E-03
   2.69070012E-03   2.26746988E-03
   2.96921004E-03   2.30939011E-03
   6.35315012E-03   2.33265990E-03
   3.45867011E-03   2.39148992E-03
   4.41695005E-03   2.39426992E-03
   3.10008007E-04   2.40524998E-03
   6.86018029E-05   2.41330010E-03
   1.16370997E-04   2.41501001E-03
   2.03263000E-04   2.18414003E-03
   4.85259015E-03   2.20687990E-03
   7.13468995E-04   2.46633007E-03
   8.36441014E-03   2.47155991E-03
   9.29957023E-05   2.46654009E-03
   2.54085007E-05   2.50846008E-03
   3.68791004E-03   2.53173010E-03
   3.81126993E-05   2.59055989E-03
   4.74111992E-04   2.59333989E-03
   1.01632004E-05   2.60431995E-03
   5.08169023E-07   2.61237007E-03
   6.50453003E-05   2.61407997E-03
   2.14155996E-03   2.22962000E-03
   6.79278979E-03   2.48906994E-03
   5.67873009E-03   2.49430002E-03
   1.15354000E-04   2.48927996E-03
   3.28788010E-04   2.53119995E-03
   4.76212008E-03   2.55446997E-03
   4.81744995E-04   2.61329999E-03
   4.19735996E-04   2.61607999E-03
   1.21960002E-05   2.62706005E-03
   7.11440998E-06   2.63510994E-03
   8.38484993E-05   2.63682008E-03
   1.05597998E-03   2.74852011E-03
   2.78478004E-02   2.75374996E-03
   1.91066007E-04   2.74872989E-03
   2.58137006E-04   2.79064989E-03
   3.03246011E-03   2.81391991E-03
   9.24838969E-05   2.87274993E-03
   7.04812002E-04   2.87552993E-03
   2.03264008E-05   2.88650999E-03
   5.58992997E-06   2.89456011E-03
   5.33552011E-05   2.89627002E-03
   1.10018002E-02   2.75898003E-03
   2.90161988E-04   2.75395997E-03
   1.39543996E-03   2.79587996E-03
   3.60336993E-03   2.81914999E-03
   9.33483010E-04   2.87798000E-03
   6.36739016E-04   2.88076000E-03
   2.94727997E-05   2.89174006E-03
   3.15069010E-05   2.89978995E-03
   6.40275975E-05   2.90150009E-03
   1.25462002E-05   2.74893991E-03
   1.81920004E-05   2.79085990E-03
   3.98970005E-04   2.81412993E-03
   1.25462002E-05   2.87295994E-03
   1.44283003E-05   2.87573994E-03
   2.50922994E-06   2.88672000E-03
   6.27319992E-07   2.89476989E-03
   6.90060006E-06   2.89648003E-03
   6.12613974E-07   2.83277989E-03
   4.39850002E-04   2.85604992E-03
   3.06307993E-06   2.91487994E-03
   3.79822995E-05   2.91765993E-03
   1.83782004E-06   2.92863999E-03
   7.96389031E-06   2.93840002E-03
   6.66111009E-04   2.87931995E-03
   6.04972010E-04   2.93814996E-03
   7.62678974E-04   2.94092996E-03
   5.37927008E-05   2.95191002E-03
   1.25267998E-05   2.95995991E-03
   2.43167997E-05   2.96167005E-03
   2.03264995E-06   2.99697998E-03
   4.97994006E-05   2.99975998E-03
   1.01632997E-06   3.01074004E-03
   7.62260015E-06   3.02050007E-03
   2.44133007E-05   3.00253998E-03
   1.16256001E-06   3.01352004E-03
   5.81288020E-07   3.02156992E-03
   1.04628998E-05   3.02328006E-03
   5.08169023E-07   3.03425989E-03
       -1137       -1137
   1.58398994E-03   0.00000000    
   7.35349022E-03   1.80600000E-05
   4.41270992E-02   7.68899990E-05
   6.12657983E-03   7.96699969E-05
   6.78724027E-04   9.06499990E-05
   8.30838035E-05   9.87000021E-05
   1.49982006E-04   1.00409998E-04
   2.58960008E-05   8.41260015E-04
   1.18150003E-03   9.61960002E-04
   9.12839023E-04   1.08367996E-03
   3.44101004E-02   1.28275005E-03
   3.98604013E-03   1.30549003E-03
   1.55012999E-02   1.56493997E-03
   4.22120001E-03   1.57017005E-03
   1.94226996E-05   1.56514999E-03
   1.78030998E-04   1.60706998E-03
   1.11137997E-04   1.63034000E-03
   2.80653010E-03   1.68917002E-03
   3.32338008E-04   1.69195002E-03
   2.15800992E-06   1.70292996E-03
   4.31601984E-06   1.71097997E-03
   2.15800992E-06   1.71268999E-03
   6.88405009E-04   1.08266005E-03
   4.55668988E-03   1.20437995E-03
   3.08196004E-02   1.40345003E-03
   2.15155003E-03   1.42619002E-03
   1.01915998E-02   1.68563996E-03
   5.13092009E-03   1.69087003E-03
   1.59696006E-04   1.68584997E-03
   2.07177000E-04   1.72776997E-03
   6.17226993E-04   1.75103999E-03
   2.49577989E-03   1.80987001E-03
   2.05015007E-04   1.81265001E-03
   1.72643995E-05   1.82362995E-03
   4.31604985E-06   1.83167995E-03
   1.07901997E-05   1.83338998E-03
   1.61317002E-03   1.32609997E-03
   6.17767014E-02   1.52517005E-03
   2.34584999E-03   1.54791004E-03
   3.26179992E-03   1.80735998E-03
   2.11924990E-03   1.81259005E-03
   1.45660000E-04   1.80756999E-03
   5.50285971E-04   1.84948999E-03
   4.17595002E-04   1.87276001E-03
   5.05515002E-03   1.93159003E-03
   2.02851006E-04   1.93437003E-03
   1.61855005E-05   1.94534997E-03
   1.18686003E-05   1.95339997E-03
   7.55289011E-06   1.95511011E-03
   5.55597991E-02   1.72424002E-03
  0.110220999       1.74698001E-03
   5.96125983E-02   2.00642995E-03
   7.20321015E-02   2.01166002E-03
   6.59054983E-03   2.00663996E-03
   5.77360997E-03   2.04855995E-03
   1.09146005E-02   2.07182998E-03
   1.08757000E-02   2.13066000E-03
   1.19802998E-02   2.13343999E-03
   7.53151020E-04   2.14442005E-03
   1.33797002E-04   2.15246994E-03
   2.02851996E-04   2.15418008E-03
   1.76527002E-03   1.76971999E-03
   6.72103018E-02   2.02917005E-03
   3.37405992E-03   2.03439989E-03
   4.12168010E-04   2.02938006E-03
   2.52494996E-04   2.07130006E-03
   3.35572986E-04   2.09457008E-03
   9.06579010E-03   2.15340010E-03
   3.18311999E-04   2.15618010E-03
   4.31599983E-05   2.16715992E-03
   5.39491020E-06   2.17521004E-03
   6.47391016E-06   2.17691995E-03
   6.30683005E-02   2.28861999E-03
  0.182429001       2.29385006E-03
   3.11611011E-03   2.28883000E-03
   1.57000998E-03   2.33074999E-03
   5.89129981E-04   2.35402002E-03
   5.26322005E-03   2.41285004E-03
   6.98332023E-03   2.41563004E-03
   3.54988006E-04   2.42661010E-03
   3.45277003E-05   2.43465998E-03
   1.07898004E-05   2.43636989E-03
   3.51576996E-03   2.29907990E-03
   5.58522996E-04   2.29406008E-03
   3.91840993E-04   2.33598007E-03
   3.13482014E-04   2.35925009E-03
   5.03541995E-03   2.41808011E-03
   3.03556008E-04   2.42086011E-03
   6.05161003E-05   2.43183994E-03
   7.93636991E-06   2.43989006E-03
   5.95197980E-06   2.44159997E-03
   2.43065006E-06   2.28904001E-03
   2.91676006E-05   2.33096001E-03
   2.06616005E-05   2.35423003E-03
   6.10106974E-04   2.41306005E-03
   4.25368999E-05   2.41584005E-03
   1.21533003E-06   2.43487000E-03
   2.30739006E-05   2.37288000E-03
   1.13829999E-04   2.39615003E-03
   6.69158006E-04   2.45498004E-03
   3.84560990E-05   2.45776004E-03
   4.61479021E-06   2.46874010E-03
   1.53821998E-06   2.47678999E-03
   1.53821998E-06   2.47849990E-03
   4.40648982E-05   2.41942005E-03
   1.41181005E-03   2.47825007E-03
   4.91495011E-05   2.48103007E-03
   3.38957989E-06   2.49200989E-03
   3.38957989E-06   2.50006001E-03
   1.69479995E-06   2.50176992E-03
   5.16859000E-04   2.53708009E-03
   9.90579952E-04   2.53986008E-03
   6.15048993E-05   2.55083991E-03
   1.07901997E-05   2.55889003E-03
   1.72644995E-05   2.56059994E-03
   1.46824996E-05   2.54264008E-03
   4.51765982E-06   2.55361991E-03
   1.12941996E-06   2.56167003E-03
   1.12941996E-06   2.56337994E-03
       -1137       -1137
   2.58432003E-04   8.56260012E-04
   2.07294989E-03   9.77979973E-04
   3.46874003E-03   1.17705006E-03
   3.75901982E-02   1.19979004E-03
   4.39460995E-03   1.45923998E-03
   1.64573994E-02   1.46447006E-03
   1.19943998E-05   1.45945000E-03
   1.52667999E-05   1.50136999E-03
   2.60617991E-04   1.52464001E-03
   2.78057996E-04   1.58347003E-03
   2.98569002E-03   1.58625003E-03
   1.09043003E-06   1.59722997E-03
   4.36172013E-06   1.60699000E-03
   5.63118979E-03   1.09867996E-03
   2.81335990E-04   1.29775004E-03
   3.87993008E-02   1.32049003E-03
   2.23203003E-03   1.57993997E-03
   8.86199996E-03   1.58517004E-03
   3.38038008E-05   1.58014998E-03
   2.18085006E-06   1.62206998E-03
   7.06623017E-04   1.64534000E-03
   8.72369037E-06   1.70417002E-03
   3.08275991E-03   1.70695002E-03
   3.27136991E-06   1.71792996E-03
   1.30854996E-05   1.72768999E-03
   3.83183989E-03   1.22039998E-03
   3.59295006E-03   1.41946995E-03
   5.83591983E-02   1.44221005E-03
   2.37055006E-03   1.70165999E-03
   4.53720009E-03   1.70688995E-03
   3.43494001E-04   1.70187000E-03
   6.52078015E-04   1.74379000E-03
   9.92333982E-04   1.76706002E-03
   3.51125986E-04   1.82589004E-03
   4.61689010E-03   1.82867004E-03
   3.81653990E-05   1.83964998E-03
   1.41756000E-05   1.84769998E-03
   1.74471006E-05   1.84941001E-03
   7.81811017E-04   1.61854003E-03
   8.08212981E-02   1.64128002E-03
   2.99416995E-03   1.90072996E-03
   4.11266014E-02   1.90596003E-03
   3.40197992E-04   1.90093997E-03
   5.88818984E-05   1.94285996E-03
   4.66683996E-04   1.96612999E-03
   1.40656004E-04   2.02496001E-03
   6.47564000E-03   2.02774000E-03
   3.48922986E-05   2.03872006E-03
   1.09037001E-06   2.04676995E-03
   8.72326018E-06   2.04848009E-03
   9.03078020E-02   1.66402000E-03
   6.54293001E-02   1.92346994E-03
  0.104056001       1.92870002E-03
   6.91358978E-03   1.92367996E-03
   6.95492979E-03   1.96560007E-03
   1.03976000E-02   1.98887009E-03
   8.98426957E-03   2.04770011E-03
   1.70486998E-02   2.05048011E-03
   7.86222983E-04   2.06145993E-03
   1.59199000E-04   2.06951005E-03
   1.94099994E-04   2.07121996E-03
   5.14589017E-03   2.18292000E-03
  0.164391994       2.18815007E-03
   6.83689024E-04   2.18313001E-03
   3.70736991E-04   2.22505000E-03
   3.50028015E-04   2.24832003E-03
   3.22761014E-04   2.30715005E-03
   4.97546978E-03   2.30993005E-03
   7.52385022E-05   2.32091011E-03
   8.72358032E-06   2.32895999E-03
   6.54235009E-06   2.33066990E-03
  0.112461001       2.19337991E-03
   3.23318993E-03   2.18836009E-03
   1.60735997E-03   2.23028008E-03
   7.73098029E-04   2.25355010E-03
   4.30710986E-03   2.31237989E-03
   9.16603021E-03   2.31515989E-03
   3.71833012E-04   2.32613995E-03
   3.70738999E-05   2.33419007E-03
   1.41754999E-05   2.33589998E-03
   1.40434997E-06   2.18334002E-03
   2.80869995E-06   2.22526002E-03
   5.75779995E-05   2.24853004E-03
   3.93226001E-05   2.30736006E-03
   7.13425979E-04   2.31014006E-03
   1.40434997E-06   2.33087991E-03
   1.08624998E-04   2.29045004E-03
   4.07339985E-06   2.34928005E-03
   6.96539006E-04   2.35206005E-03
   1.35775997E-06   2.37279991E-03
   9.54665011E-05   2.31372006E-03
   7.16033028E-05   2.37255008E-03
   1.20612001E-03   2.37533008E-03
   7.95554024E-06   2.38630990E-03
   3.18226989E-06   2.39436002E-03
   3.18226989E-06   2.39606993E-03
   6.54249015E-06   2.43138010E-03
   7.24059995E-04   2.43416009E-03
   3.27139992E-06   2.44513992E-03
   1.09043003E-06   2.45489995E-03
   7.85136013E-04   2.43694009E-03
   6.32458032E-05   2.44791992E-03
   1.30855997E-05   2.45597004E-03
   1.52668999E-05   2.45767995E-03
       -1137       -1137
   3.00341994E-02   9.79000015E-06
   5.19712009E-02   3.30600014E-05
   3.64155993E-02   9.18899968E-05
   5.87918982E-02   9.46700020E-05
   3.81723000E-03   1.05649997E-04
   6.74569979E-04   1.13700000E-04
   9.04935994E-04   1.15410003E-04
   6.12833016E-02   8.93800025E-05
   8.72905031E-02   9.46099972E-05
   4.03372012E-02   8.95900012E-05
   4.69302982E-02   1.31509994E-04
   4.85081002E-02   1.54780006E-04
   3.82351018E-02   2.13609994E-04
   4.63224985E-02   2.16390006E-04
   4.57584020E-03   2.27369994E-04
   1.01649005E-03   2.35419997E-04
   8.89737974E-04   2.37130007E-04
   3.93925002E-03   6.26000019E-06
   3.56260990E-03   2.90000007E-05
   4.39391006E-03   2.88450014E-04
   7.58446008E-03   2.93680001E-04
   1.67267006E-02   2.88659998E-04
   5.07757999E-03   3.30579991E-04
   7.49306008E-03   3.53849988E-04
   1.64639996E-03   4.12680005E-04
   1.64905004E-03   4.15460003E-04
   1.46499998E-03   4.26440005E-04
   1.12861002E-04   4.34490008E-04
   1.19973003E-04   4.36200004E-04
   5.29382005E-03   5.17400003E-05
   8.68389010E-03   3.11190001E-04
   8.78459960E-03   3.16419988E-04
   2.34849993E-02   3.11400014E-04
   9.31324996E-03   3.53320007E-04
   7.99311046E-03   3.76590004E-04
   1.40436005E-03   4.35419992E-04
   2.35778000E-03   4.38199990E-04
   2.04799999E-03   4.49179992E-04
   1.84452001E-04   4.57229995E-04
   1.38616000E-04   4.58939990E-04
   9.01888032E-03   5.70640026E-04
   1.80337001E-02   5.75869984E-04
   2.04744991E-02   5.70849981E-04
   2.74851010E-03   6.12769974E-04
   9.45661962E-03   6.36040000E-04
   7.99881003E-04   6.94870017E-04
   5.26344986E-04   6.97650015E-04
   1.59356999E-03   7.08630017E-04
   5.19778005E-05   7.16680021E-04
   1.48870007E-04   7.18389987E-04
   1.50156002E-02   5.81100001E-04
   2.66810991E-02   5.76079998E-04
   1.48142001E-03   6.17999991E-04
   1.08455997E-02   6.41270017E-04
   4.87690006E-04   7.00099976E-04
   1.16274995E-03   7.02879974E-04
   2.07089004E-03   7.13859976E-04
   2.73275000E-05   7.21909979E-04
   1.66497004E-04   7.23620004E-04
   1.65956002E-02   5.71059994E-04
   2.32232008E-02   6.12979988E-04
   3.69498990E-02   6.36250013E-04
   2.73144003E-02   6.95079973E-04
   3.72644998E-02   6.97860029E-04
   3.26477992E-03   7.08839973E-04
   5.40237990E-04   7.16889976E-04
   6.86950982E-04   7.18600000E-04
   2.25791009E-03   6.54899981E-04
   9.37785022E-03   6.78170007E-04
   3.10035003E-03   7.37000024E-04
   2.51882989E-03   7.39780022E-04
   2.24658009E-03   7.50760024E-04
   9.07693975E-05   7.58810027E-04
   1.44660007E-04   7.60519993E-04
   6.29772013E-03   7.01439974E-04
   2.89343996E-03   7.60269992E-04
   5.40604023E-03   7.63049989E-04
   3.56443995E-03   7.74029992E-04
   1.90492996E-04   7.82079995E-04
   2.09830003E-04   7.83790019E-04
   7.86710996E-04   8.19100009E-04
   2.37045996E-03   8.21880007E-04
   3.23684001E-03   8.32860009E-04
   7.24614001E-05   8.40910012E-04
   4.83102012E-05   8.42619978E-04
   1.54394004E-03   8.24660005E-04
   4.42750985E-03   8.35640007E-04
   5.53876998E-05   8.43690010E-04
   1.03851999E-04   8.45399976E-04
   2.11948995E-04   8.46620009E-04
   5.86970018E-05   8.54670012E-04
   7.82631978E-05   8.56379978E-04
   3.26118993E-06   8.64429981E-04
       -1137       -1137
   1.51175000E-02   1.08100003E-05
   2.16947999E-02   3.40799998E-05
   6.71214983E-03   9.29099988E-05
   1.04269003E-02   9.56899967E-05
   1.56891998E-03   1.06669999E-04
   3.48433998E-04   1.14720002E-04
   3.21617990E-04   1.16429997E-04
  0.133800998       1.67749997E-04
  0.297989994       1.72979999E-04
   3.82490009E-02   1.67959995E-04
   2.98587997E-02   2.09880003E-04
   4.25340012E-02   2.33150000E-04
   1.97963007E-02   2.91979988E-04
   3.21401991E-02   2.94759986E-04
   4.39648004E-03   3.05739988E-04
   6.48315006E-04   3.13789991E-04
   7.77299982E-04   3.15499987E-04
   4.42612991E-02   1.90489998E-04
   1.13239996E-02   1.95720000E-04
   6.24528015E-03   1.90699997E-04
   2.56466009E-02   2.32620005E-04
   5.49130002E-03   2.55889987E-04
   2.38833996E-03   3.14720004E-04
   2.14392995E-03   3.17500002E-04
   5.61346009E-04   3.28480004E-04
   4.36737988E-04   3.36530007E-04
   8.65049005E-05   3.38240003E-04
   2.69216998E-03   4.49940009E-04
   1.72569007E-02   4.55169997E-04
   4.68001980E-03   4.50149993E-04
   1.98759995E-02   4.92069987E-04
   3.65699991E-03   5.15340012E-04
   4.52461978E-03   5.74169972E-04
   2.36424990E-03   5.76950028E-04
   5.42488007E-04   5.87929972E-04
   3.39569990E-04   5.95979975E-04
   6.22689986E-05   5.97689999E-04
   8.27518001E-04   4.60400013E-04
   3.00423009E-03   4.55380010E-04
   3.53030004E-02   4.97300003E-04
   2.11448991E-03   5.20570029E-04
   1.02174003E-02   5.79399988E-04
   8.61488981E-04   5.82179986E-04
   2.75466999E-04   5.93159988E-04
   5.90503972E-04   6.01209991E-04
   3.43159991E-05   6.02920016E-04
   9.11896001E-04   4.50360007E-04
   1.25599997E-02   4.92280000E-04
   2.30378006E-03   5.15550026E-04
   2.52892007E-03   5.74379985E-04
   1.74453994E-03   5.77159983E-04
   1.68826999E-04   5.88139985E-04
   2.07869001E-04   5.96189988E-04
   4.01955986E-05   5.97900013E-04
   1.28980000E-02   5.34199993E-04
   3.40227000E-02   5.57470019E-04
   2.05508992E-02   6.16299978E-04
   3.39337997E-02   6.19079976E-04
   2.38247006E-03   6.30059978E-04
   5.19622990E-04   6.38109981E-04
   6.37552002E-04   6.39820006E-04
   1.26229995E-03   5.80739987E-04
   4.36781021E-03   6.39570004E-04
   1.69315003E-03   6.42350002E-04
   3.09313007E-04   6.53330004E-04
   5.57817984E-04   6.61380007E-04
   4.11215988E-05   6.63089973E-04
   2.30150006E-04   6.98400021E-04
   4.08333988E-04   7.01180019E-04
   7.94442967E-05   7.12160021E-04
   6.27717018E-05   7.20210024E-04
   1.47121000E-05   7.21919991E-04
   5.00169990E-05   7.03960017E-04
   3.42503008E-05   7.14940019E-04
   8.56269980E-05   7.22990022E-04
   4.07745983E-06   7.24699988E-04
   1.16583999E-06   7.25920021E-04
   3.66424001E-06   7.33970024E-04
   4.99662974E-07   7.35679991E-04
   9.99281951E-07   7.43729994E-04
       -1137       -1137
   6.20982004E-03   4.60299998E-05
   7.88506959E-03   5.12600018E-05
   1.75793003E-02   4.62399985E-05
   1.38967996E-02   8.81599990E-05
   4.37702984E-02   1.11430003E-04
   1.08450996E-02   1.70259998E-04
   1.85266994E-02   1.73039996E-04
   1.85821997E-03   1.84019998E-04
   2.95745005E-04   1.92070002E-04
   6.82866026E-04   1.93779997E-04
   6.41494989E-02   6.87700012E-05
   8.94308016E-02   7.40000032E-05
   8.93583000E-02   6.89799999E-05
   9.67717990E-02   1.10900000E-04
  0.119635999       1.34169997E-04
   8.36360008E-02   1.93000000E-04
   9.69951972E-02   1.95779998E-04
   1.05333002E-02   2.06760000E-04
   2.11111992E-03   2.14810003E-04
   2.05782009E-03   2.16519999E-04
   7.82579998E-04   3.28219990E-04
   1.41890999E-02   3.33450007E-04
   7.07302988E-03   3.28430004E-04
   3.67974001E-03   3.70349997E-04
   4.67758998E-02   3.93619994E-04
   1.27102004E-03   4.52450011E-04
   5.86433010E-03   4.55230009E-04
   5.66839997E-04   4.66210011E-04
   7.47710001E-05   4.74260014E-04
   6.54614007E-04   4.75970010E-04
   6.69419020E-03   3.38679994E-04
   1.55985001E-02   3.33659991E-04
   1.32322004E-02   3.75580013E-04
   5.70092015E-02   3.98850010E-04
   1.13522005E-03   4.57679998E-04
   7.71467993E-03   4.60459996E-04
   1.45701994E-03   4.71439998E-04
   2.74549006E-04   4.79490001E-04
   8.04451003E-04   4.81199997E-04
   2.49078003E-04   3.70560010E-04
   5.28617017E-03   3.93830007E-04
   4.18556010E-04   4.52659995E-04
   7.53670000E-04   4.55439993E-04
   2.12897999E-06   4.66419995E-04
   4.25809003E-06   4.74469998E-04
   7.32361004E-05   4.76179994E-04
   8.60143973E-06   4.12480003E-04
   5.19220019E-03   4.35750000E-04
   2.04479002E-04   4.94580017E-04
   6.55259006E-04   4.97360015E-04
   2.34575000E-05   5.08340017E-04
   3.90981000E-07   5.16390020E-04
   7.31117980E-05   5.18099987E-04
   7.53522990E-03   4.59019997E-04
   6.77064015E-03   5.17849985E-04
   8.90018977E-03   5.20629983E-04
   6.56806980E-04   5.31609985E-04
   1.34932998E-04   5.39659988E-04
   2.46192008E-04   5.41370013E-04
   7.71353007E-05   5.76680002E-04
   4.71381005E-04   5.79460000E-04
   2.54163006E-05   5.90440002E-04
   3.25093993E-06   5.98490005E-04
   6.32458978E-05   6.00199972E-04
   4.32662986E-04   5.82239998E-04
   5.88112998E-05   5.93220000E-04
   1.03438997E-05   6.01270003E-04
   8.39319982E-05   6.02980028E-04
   2.95543003E-07   6.12250005E-04
   5.91065009E-06   6.13959972E-04
   1.18210005E-06   6.22009975E-04
   2.95549995E-07   6.23720000E-04
       -1137       -1137
   4.53078980E-03   0.00000000    
   8.76435020E-04   7.68999962E-06
   9.13597978E-05   1.57400009E-05
   2.05991004E-04   1.74500001E-05
  0.110155001       1.29149994E-04
  0.353394002       1.34379996E-04
   7.30966032E-02   1.29360007E-04
   6.13234006E-02   1.71280000E-04
   8.34356025E-02   1.94549997E-04
   7.16604963E-02   2.53380014E-04
   7.20108002E-02   2.56160012E-04
   8.51789955E-03   2.67140014E-04
   1.38947996E-03   2.75189988E-04
   1.50205998E-03   2.76900013E-04
   4.93744994E-03   1.39609998E-04
   6.59399992E-03   1.34589995E-04
   1.28557999E-02   1.76510002E-04
   5.59748989E-03   1.99779999E-04
   8.06536004E-02   2.58610002E-04
   3.19694006E-03   2.61390000E-04
   5.85347996E-04   2.72370002E-04
   2.12600993E-04   2.80420005E-04
   8.61521985E-05   2.82130000E-04
   8.14586994E-04   1.29570006E-04
   1.71116996E-03   1.71489999E-04
   1.56802998E-03   1.94759996E-04
   7.15147983E-03   2.53589998E-04
   1.99326011E-03   2.56369996E-04
   1.09070999E-04   2.67349998E-04
   2.67478008E-05   2.75400002E-04
   2.25801996E-05   2.77109997E-04
   3.15765006E-04   2.13410007E-04
   1.76851999E-03   2.36680004E-04
   4.13051015E-03   2.95509992E-04
   6.58960023E-04   2.98289990E-04
   7.85052980E-05   3.09269992E-04
   1.00743000E-05   3.17319995E-04
   2.29256002E-05   3.19029990E-04
   6.97857002E-04   2.59950000E-04
   8.29168968E-03   3.18779988E-04
   7.27729988E-04   3.21559986E-04
   5.03693009E-05   3.32539988E-04
   2.25798995E-05   3.40589992E-04
   1.70208004E-05   3.42299987E-04
   3.92751023E-03   3.77610006E-04
   7.60927983E-03   3.80390004E-04
   5.91389020E-04   3.91370006E-04
   9.10887975E-05   3.99420009E-04
   1.47664003E-04   4.01130004E-04
   1.48666004E-04   3.83170001E-04
   4.16852999E-05   3.94150004E-04
   6.25275015E-06   4.02200007E-04
   1.00745001E-05   4.03910002E-04
   2.43154000E-06   4.05130006E-04
   1.04210005E-06   4.13180009E-04
   6.94737992E-07   4.14890004E-04
   3.47378005E-07   4.22940007E-04
       -1137       -1137
   6.23593014E-03   1.06410000E-04
  0.206103995       1.11640002E-04
   9.63438023E-03   1.06619998E-04
   6.10685023E-03   1.48539999E-04
   1.29610002E-02   1.71809996E-04
   4.34378022E-03   2.30639998E-04
   7.05806985E-02   2.33419996E-04
   9.62067978E-04   2.44399998E-04
   1.31399996E-04   2.52450001E-04
   2.01863993E-04   2.54159997E-04
  0.172828004       1.16869996E-04
   8.08544010E-02   1.11850000E-04
   8.46180990E-02   1.53770001E-04
   8.48241001E-02   1.77039998E-04
   6.72233030E-02   2.35870000E-04
  0.126250997       2.38649998E-04
   9.45684034E-03   2.49629986E-04
   1.84986996E-03   2.57679989E-04
   1.53828994E-03   2.59390014E-04
   1.39021000E-03   1.06829997E-04
   1.65269000E-03   1.48749998E-04
   3.25839990E-03   1.72019994E-04
   2.47684005E-03   2.30849997E-04
   9.47440974E-03   2.33629995E-04
   1.82439006E-04   2.44610012E-04
   2.70423006E-05   2.52659986E-04
   4.60851988E-05   2.54370010E-04
   1.97289002E-04   1.90670005E-04
   2.84213992E-03   2.13940002E-04
   3.12691991E-04   2.72770005E-04
   6.21234998E-03   2.75550003E-04
   7.04609993E-05   2.86530005E-04
   6.09396011E-06   2.94580008E-04
   3.69439003E-05   2.96290003E-04
   9.76153009E-04   2.37209999E-04
   1.03211997E-03   2.96040002E-04
   8.33974034E-03   2.98819999E-04
   9.52164992E-05   3.09800002E-04
   3.12304983E-05   3.17850005E-04
   2.36141004E-05   3.19560000E-04
   7.76981979E-05   3.54869990E-04
   6.31449977E-03   3.57649988E-04
   5.21797010E-05   3.68629990E-04
   4.95139011E-06   3.76679993E-04
   1.37111001E-05   3.78389988E-04
   6.87788008E-03   3.60429985E-04
   6.82918006E-04   3.71409988E-04
   1.31784007E-04   3.79459991E-04
   1.51972999E-04   3.81169986E-04
   4.18952004E-06   3.82389990E-04
   1.14263003E-06   3.90439993E-04
   1.52350003E-06   3.92149988E-04
   3.80872990E-07   4.00199991E-04
       -1137       -1137
  0.118092000       1.33200001E-05
   6.96875006E-02   1.61000007E-05
   1.36714997E-02   2.70799992E-05
   4.69367020E-03   3.51300005E-05
   2.98602995E-03   3.68399997E-05
  0.144721001       3.65900014E-05
   3.62036005E-02   3.93699993E-05
   6.13849005E-03   5.03500014E-05
   2.31019990E-03   5.84000009E-05
   8.67663010E-04   6.01100000E-05
  0.226752996       9.54200004E-05
  0.327405006       9.81999983E-05
   1.24519998E-02   1.09180000E-04
   4.22994979E-03   1.17230004E-04
   3.47079989E-03   1.18939999E-04
   2.15834007E-02   1.00980003E-04
   1.57278997E-03   1.11959998E-04
   2.10415991E-03   1.20010001E-04
   8.67698982E-04   1.21719997E-04
   1.08456998E-05   1.22939993E-04
   9.76161973E-05   1.30989996E-04
   5.42285015E-05   1.32700006E-04
   2.16931003E-05   1.40749995E-04
       -1137       -1137
   1.80583000E-02   8.08999994E-06
   9.23585966E-02   1.08699996E-05
   1.36837002E-03   2.18500008E-05
   9.35663993E-05   2.99000003E-05
   1.25136995E-03   3.16100013E-05
   5.01625985E-02   3.13599994E-05
  0.195901006       3.41400009E-05
   1.75203998E-02   4.51199994E-05
   2.88879010E-03   5.31699989E-05
   3.29801999E-03   5.48800017E-05
   1.14011001E-02   9.01899984E-05
  0.250883013       9.29700036E-05
   1.09878997E-03   1.03949998E-04
   2.95378995E-04   1.12000002E-04
   1.64229004E-03   1.13709997E-04
  0.328723013       9.57500015E-05
   1.42208999E-02   1.06730004E-04
   2.97055999E-03   1.14779999E-04
   5.69566991E-03   1.16490002E-04
   3.50853988E-05   1.25759994E-04
   1.16955001E-04   1.27470004E-04
   1.16960000E-05   1.35519993E-04
       -1137       -1137
   4.69167009E-02   1.31099996E-05
  0.145916998       1.58900002E-05
   8.84900987E-03   2.68700005E-05
   1.02632004E-03   3.49200018E-05
   2.16169003E-03   3.66300010E-05
  0.320333004       3.63799991E-05
  0.294773012       3.91600006E-05
   1.61947999E-02   5.01399991E-05
   3.56145995E-03   5.81899985E-05
   3.13002011E-03   5.99000014E-05
   2.36806995E-03   9.52100017E-05
  0.114327997       9.79899996E-05
   7.78495008E-03   1.08970002E-04
   1.93172003E-04   1.17019998E-04
   1.58656004E-03   1.18730000E-04
   1.60709992E-02   1.00769998E-04
   5.73308021E-03   1.11750000E-04
   5.37527027E-04   1.19800003E-04
   5.40554989E-04   1.21509998E-04
   2.78561004E-03   1.22729994E-04
   7.42194010E-04   1.30779998E-04
   1.01381994E-03   1.32489993E-04
   2.64871004E-03   1.40539996E-04
   7.93543993E-04   1.42250006E-04
       -1137       -1137
   5.09034991E-02   0.00000000    
   1.49963005E-02   8.22000038E-06
   8.99874046E-03   1.62699998E-05
   8.17476027E-03   1.79800008E-05
  0.156829998       5.32900012E-05
  0.684714019       5.60699991E-05
   2.98727993E-02   6.70500012E-05
   4.90196981E-03   7.50999970E-05
   7.51452008E-03   7.68099999E-05
   2.49674004E-02   5.88500006E-05
   2.37139990E-03   6.98299991E-05
   4.39540017E-03   7.78800022E-05
   8.83964007E-04   7.95899978E-05
   1.16269002E-05   8.08100012E-05
   3.28521011E-04   8.88599970E-05
   4.48434985E-05   9.05699999E-05
   8.40423018E-05   9.86200030E-05
   9.96554036E-07   1.00329999E-04
       -1137       -1137
   2.53699999E-02   3.00200008E-05
  0.566051006       3.27999987E-05
   9.16592032E-03   4.37800009E-05
   8.62500980E-04   5.18300003E-05
   2.85309996E-03   5.35399995E-05
  0.348569989       3.55800003E-05
   3.29950005E-02   4.65599987E-05
   6.30368991E-03   5.46099982E-05
   7.13378983E-03   5.63200010E-05
   2.25551994E-04   5.75400009E-05
   9.14061020E-05   6.55900003E-05
   3.14114004E-04   6.73000031E-05
   4.70252016E-05   7.53499990E-05
   1.58781004E-05   7.70600018E-05
       -1137       -1137
          -1          -1
