   4.10922989E-03   5.95880002E-02
   6.74392004E-03   6.02089986E-02
   3.40842991E-03   6.26889989E-02
   1.66757999E-03   7.23783970E-02
   1.46165001E-03   7.26658031E-02
   8.08471988E-04   7.32244998E-02
   6.89942972E-05   7.37024993E-02
   4.94357009E-05   7.38208964E-02
   4.24233003E-04   7.55344033E-02
   3.64105013E-04   7.56616965E-02
   2.01514005E-04   7.58010000E-02
   1.86454999E-05   7.60103986E-02
   1.31432998E-05   7.60364980E-02
   4.54811016E-08   7.63105005E-02
   4.54811016E-08   7.63166994E-02
   9.45516003E-05   7.63247013E-02
   7.37669980E-05   7.63702989E-02
   3.97022995E-05   7.63984993E-02
   2.63774996E-06   7.64638036E-02
   1.81905000E-06   7.64674991E-02
   3.33942007E-04   6.08300008E-02
   5.89548983E-03   6.33099973E-02
   1.19421002E-03   7.29994029E-02
   1.27021005E-04   7.32868016E-02
   1.17309997E-03   7.38454983E-02
   7.06247010E-05   7.43234977E-02
   1.78728005E-04   7.44419023E-02
   2.94517988E-04   7.61554018E-02
   3.06973998E-05   7.62827024E-02
   2.80595996E-04   7.64219984E-02
   1.83277007E-05   7.66313970E-02
   4.65709018E-05   7.66574964E-02
   5.45738999E-07   7.69314989E-02
   8.18570015E-07   7.69376978E-02
   6.51227965E-05   7.69456998E-02
   6.18518015E-06   7.69912973E-02
   5.47575983E-05   7.70194978E-02
   2.59215994E-06   7.70848021E-02
   6.41244014E-06   7.70884976E-02
   2.50128005E-03   6.57899976E-02
   5.44360024E-04   7.54794031E-02
   1.05466996E-03   7.57668018E-02
   1.02801004E-03   7.63254985E-02
   1.97329005E-04   7.68034980E-02
   1.62540993E-04   7.69219026E-02
   1.30967994E-04   7.86354020E-02
   2.51768011E-04   7.87627026E-02
   2.48072000E-04   7.89019987E-02
   5.17523004E-05   7.91113973E-02
   4.25223006E-05   7.91374967E-02
   8.64061974E-07   7.94114992E-02
   9.55006044E-07   7.94176981E-02
   2.87868006E-05   7.94257000E-02
   5.05251992E-05   7.94712976E-02
   4.85261007E-05   7.94994980E-02
   7.27624001E-06   7.95648023E-02
   5.86671013E-06   7.95684978E-02
   1.66444996E-04   8.51688012E-02
   2.59269989E-04   8.54561999E-02
   1.30203000E-04   8.60148966E-02
   1.08236000E-05   8.64929035E-02
   7.27624001E-06   8.66113007E-02
   8.44059032E-05   8.83248001E-02
   6.46217013E-05   8.84521008E-02
   3.25170004E-05   8.85913968E-02
   2.91060996E-06   8.88008028E-02
   1.90997002E-06   8.88269022E-02
   1.87826008E-05   8.91150981E-02
   1.30968001E-05   8.91607031E-02
   6.41242013E-06   8.91889036E-02
   4.09299986E-07   8.92542005E-02
   2.72862991E-07   8.92579034E-02
   1.16874999E-05   8.57435986E-02
   2.16023996E-04   8.63023028E-02
   1.11418003E-05   8.67803022E-02
   2.40126992E-05   8.68986994E-02
   6.39430000E-05   8.86121988E-02
   5.59399996E-06   8.87394994E-02
   5.19809983E-05   8.88788030E-02
   2.91068000E-06   8.90882015E-02
   6.32136016E-06   8.91143009E-02
   4.54805011E-08   8.93883035E-02
   9.09576983E-08   8.93945023E-02
   1.41438004E-05   8.94024968E-02
   1.13691999E-06   8.94481018E-02
   1.01415999E-05   8.94763023E-02
   4.09311014E-07   8.95415992E-02
   8.64081983E-07   8.95453021E-02
   1.06737003E-04   8.68609995E-02
   3.26068002E-05   8.73389989E-02
   2.59215994E-05   8.74574035E-02
   3.13786004E-05   8.91709030E-02
   5.18451998E-05   8.92982036E-02
   5.16178006E-05   8.94374996E-02
   8.64062986E-06   8.96468982E-02
   6.82176005E-06   8.96729976E-02
   1.36425996E-07   8.99470001E-02
   1.36425996E-07   8.99531990E-02
   6.91263995E-06   8.99612010E-02
   1.04143000E-05   9.00067985E-02
   1.00961997E-05   9.00349990E-02
   1.22789004E-06   9.01003033E-02
   9.55006954E-07   9.01039988E-02
   9.09581033E-08   8.78169984E-02
   3.72927002E-06   8.79354030E-02
   2.59222998E-06   8.96489024E-02
   2.59222998E-06   8.97762030E-02
   7.45854004E-06   8.99154991E-02
   4.54806006E-08   9.01248977E-02
   9.55031965E-07   9.01509970E-02
   5.91204980E-07   9.04392004E-02
   5.00258011E-07   9.04847980E-02
   1.45527997E-06   9.05129984E-02
   1.36430003E-07   9.05819982E-02
   8.64054016E-07   8.80538002E-02
   1.72807995E-06   8.97672996E-02
   5.36656989E-06   8.98946002E-02
   5.91183016E-06   9.00339037E-02
   9.54997972E-07   9.02433023E-02
   4.54790012E-07   9.02694017E-02
   3.63825990E-07   9.05575976E-02
   1.04597996E-06   9.06032026E-02
   1.13688998E-06   9.06314030E-02
   1.36425001E-07   9.06966999E-02
   4.54789983E-08   9.07004029E-02
   1.06874004E-05   9.14807022E-02
   1.59175997E-05   9.16080996E-02
   7.82224015E-06   9.17474031E-02
   7.27641009E-07   9.19568017E-02
   4.54803995E-07   9.19827968E-02
   4.77529011E-06   9.22710001E-02
   3.22902997E-06   9.23165977E-02
   1.54626002E-06   9.23447981E-02
   9.09576983E-08   9.24101993E-02
   4.54804017E-08   9.24137980E-02
   6.82199016E-07   9.17354003E-02
   1.25068000E-05   9.18746963E-02
   6.82199016E-07   9.20841023E-02
   1.40980001E-06   9.21102017E-02
   3.54730992E-06   9.23983976E-02
   2.72872995E-07   9.24440026E-02
   2.45586989E-06   9.24722031E-02
   9.09587996E-08   9.25375000E-02
   1.81904994E-07   9.25412029E-02
   6.16133002E-06   9.20140967E-02
   1.97886993E-06   9.22235027E-02
   1.52908001E-06   9.22494978E-02
   4.49749002E-08   9.25235003E-02
   4.49749002E-08   9.25296992E-02
   1.70892997E-06   9.25377011E-02
   2.47353000E-06   9.25832987E-02
   2.42854003E-06   9.26114991E-02
   2.69836988E-07   9.26769003E-02
   2.24858994E-07   9.26804990E-02
   2.40470001E-07   9.24588963E-02
   1.44278999E-07   9.27470997E-02
   1.44278999E-07   9.27926973E-02
   3.84770999E-07   9.28208977E-02
   4.80971991E-08   9.28898975E-02
   4.77538009E-08   9.24848989E-02
   9.55041983E-08   9.27731022E-02
   2.86508993E-07   9.28186998E-02
   3.34254992E-07   9.28469002E-02
   4.77538009E-08   9.29123014E-02
   5.62468017E-07   9.30612981E-02
   7.49929995E-07   9.31069031E-02
   3.28093989E-07   9.31351036E-02
   4.55404994E-08   9.31525007E-02
   5.00915974E-07   9.31807011E-02
   4.55404994E-08   9.32497978E-02
   2.57544002E-07   9.32089984E-02
   5.15122984E-08   9.32743028E-02
   5.15122984E-08   9.32779983E-02
       -1137       -1137
   4.64307982E-03   1.25439998E-04
   6.09837985E-03   1.51460001E-04
   1.40429996E-02   4.25500009E-04
   1.86927002E-02   4.31699998E-04
   4.55548009E-03   4.39660012E-04
   3.38575989E-03   4.85269993E-04
   3.00959009E-03   5.13479987E-04
   6.56973978E-04   5.78839972E-04
   8.63820023E-04   5.82490000E-04
  0.230306998       2.97499995E-04
  0.289083004       4.15899995E-04
   1.83639005E-02   2.12936010E-03
   7.24967988E-03   2.25670007E-03
   1.07864002E-02   2.39603990E-03
   3.13442014E-02   2.60544010E-03
   3.70417982E-02   2.63146008E-03
   2.14336999E-02   2.90549989E-03
   2.66095009E-02   2.91169994E-03
   3.88958002E-03   2.91965995E-03
   1.44152006E-03   2.96527008E-03
   2.10836995E-03   2.99348007E-03
   4.05006995E-03   3.05884006E-03
   4.62803012E-03   3.06248991E-03
   5.24380989E-03   8.66280030E-03
   1.08284000E-02   8.95019993E-03
   1.66679993E-02   9.50890034E-03
   1.22202998E-02   9.98689979E-03
   1.54811004E-02   1.01052998E-02
   2.27047992E-03   1.18188001E-02
   2.66565010E-03   1.19460998E-02
   4.05387022E-03   1.20853996E-02
   2.73655006E-03   1.22948000E-02
   3.44159990E-03   1.23209003E-02
   2.34847001E-04   1.25949001E-02
   2.54776009E-04   1.26010999E-02
   4.92302002E-04   1.26091000E-02
   5.38119988E-04   1.26547003E-02
   7.93525018E-04   1.26828998E-02
   3.74978990E-04   1.27482004E-02
   4.60293988E-04   1.27518997E-02
   1.89798993E-05   9.23759956E-03
   2.08768004E-04   9.79629997E-03
   6.77881006E-04   1.02743004E-02
   5.33790002E-03   1.03927003E-02
   1.84958999E-03   1.21061997E-02
   2.49216009E-06   1.22335004E-02
   4.21766017E-05   1.23728001E-02
   1.31901994E-04   1.25821996E-02
   7.59915973E-04   1.26083000E-02
   8.68409988E-05   1.28822997E-02
   3.01552995E-04   1.28884995E-02
   3.77479009E-04   1.28964996E-02
   3.83408008E-07   1.29420999E-02
   7.85974044E-06   1.29703004E-02
   1.80199004E-05   1.30356001E-02
   9.41254984E-05   1.30393002E-02
   5.86435024E-04   1.03550004E-02
   1.70689996E-03   1.08329998E-02
   1.03824004E-03   1.09513998E-02
   2.79483991E-03   1.26649002E-02
   5.09938982E-05   1.27921999E-02
   2.16817003E-04   1.29314996E-02
   1.58160998E-04   1.31409001E-02
   7.59135000E-05   1.31670004E-02
   1.34771995E-04   1.34410001E-02
   1.13303999E-04   1.34471999E-02
   5.68025978E-04   1.34552000E-02
   1.01604001E-05   1.35008004E-02
   4.02586011E-05   1.35289999E-02
   1.82119002E-05   1.35942996E-02
   8.24382005E-06   1.35979997E-02
   7.12556997E-04   1.13110002E-02
   2.07854006E-02   1.14294002E-02
   1.86256005E-03   1.31428996E-02
   2.00334995E-04   1.32702002E-02
   4.62966011E-04   1.34095000E-02
   3.11517011E-04   1.36189004E-02
   3.22316005E-03   1.36449998E-02
   2.46912008E-04   1.39189996E-02
   6.78449986E-04   1.39252003E-02
   3.71141999E-04   1.39332004E-02
   4.19829012E-05   1.39787998E-02
   9.25981003E-05   1.40070003E-02
   4.25588987E-05   1.40722999E-02
   4.03729995E-04   1.40760001E-02
   5.72702009E-03   1.15478002E-02
   2.39515002E-03   1.32612996E-02
   1.16193003E-03   1.33886002E-02
   2.85071001E-04   1.35279000E-02
   3.11309006E-03   1.37373004E-02
   1.87567004E-03   1.37633998E-02
   7.46870995E-04   1.40373996E-02
   5.61702996E-04   1.40436003E-02
   4.80037997E-04   1.40516004E-02
   2.29095007E-04   1.40971998E-02
   5.75121994E-05   1.41254002E-02
   3.96063988E-04   1.41906999E-02
   2.37714994E-04   1.41944000E-02
   2.31772006E-04   1.49747003E-02
   4.56443988E-04   1.51020996E-02
   6.82467013E-04   1.52414003E-02
   4.19066986E-04   1.54507998E-02
   5.31219004E-04   1.54767996E-02
   2.99056992E-05   1.57508999E-02
   3.10565993E-05   1.57571007E-02
   9.92991991E-05   1.57650001E-02
   9.22057006E-05   1.58105996E-02
   1.33619993E-04   1.58388000E-02
   5.75115009E-05   1.59041993E-02
   7.11214016E-05   1.59077998E-02
   1.03521998E-05   1.53687000E-02
   3.46982997E-05   1.55781005E-02
   1.72336004E-04   1.56041998E-02
   1.20780996E-05   1.58782005E-02
   4.79262999E-05   1.58843994E-02
   9.31687973E-05   1.58923995E-02
   1.91715003E-06   1.59661993E-02
   4.60093997E-06   1.60315000E-02
   2.14702995E-05   1.60351992E-02
   1.91719992E-05   1.55081004E-02
   4.79273986E-05   1.57175008E-02
   2.60725992E-05   1.57434996E-02
   2.85645001E-05   1.60175003E-02
   2.33888004E-05   1.60236992E-02
   1.38803007E-04   1.60316993E-02
   2.10878011E-06   1.60773005E-02
   7.09333017E-06   1.61054991E-02
   5.75129980E-06   1.61709003E-02
   3.06734000E-06   1.61745008E-02
   3.14403005E-05   1.59268994E-02
   5.28732024E-04   1.59529001E-02
   3.71919996E-05   1.62269007E-02
   7.74497967E-05   1.62330996E-02
   8.35866012E-05   1.62410997E-02
   7.09332016E-06   1.62866991E-02
   9.77667969E-06   1.63148995E-02
   8.43544967E-06   1.63803007E-02
   6.72903989E-05   1.63838994E-02
   1.64868994E-04   1.59789007E-02
   9.02881002E-05   1.62530001E-02
   7.55319998E-05   1.62592009E-02
   1.06202999E-04   1.62671003E-02
   3.41236992E-05   1.63126998E-02
   5.36774996E-06   1.63409002E-02
   6.82476020E-05   1.64062995E-02
   4.21762015E-05   1.64099000E-02
   1.04502999E-06   1.65270008E-02
   2.04831995E-05   1.65331997E-02
   6.27056988E-06   1.65411998E-02
   2.29918010E-06   1.65867992E-02
   5.85247017E-06   1.66149996E-02
   5.22546998E-06   1.66803002E-02
   1.17057998E-05   1.66839994E-02
   4.81724010E-06   1.65394004E-02
   7.11116991E-06   1.65474005E-02
   1.05521003E-05   1.65929999E-02
   5.27610018E-06   1.66212004E-02
   1.12404005E-05   1.66864991E-02
   1.10108003E-05   1.66902002E-02
   1.57004997E-05   1.65553000E-02
   2.79734995E-05   1.66008994E-02
   4.05339997E-05   1.66290998E-02
   1.71269003E-05   1.66944992E-02
   2.11246006E-05   1.66980997E-02
   6.77319008E-07   1.66746993E-02
   1.69323005E-06   1.67401005E-02
   7.45080979E-06   1.67437997E-02
   1.14172997E-06   1.67030003E-02
   2.28341992E-06   1.67683009E-02
   1.14172997E-06   1.67720001E-02
   5.82016014E-07   1.68337002E-02
   8.73034969E-06   1.68373007E-02
   2.68388999E-06   1.68409999E-02
       -1137       -1137
   4.84217983E-03   1.50836003E-03
   3.57470997E-02   1.63570000E-03
   9.56402998E-03   1.77503994E-03
   3.52403000E-02   1.98444002E-03
   1.20561002E-02   2.01046001E-03
   1.52378995E-03   2.28450005E-03
   2.25886004E-03   2.29070010E-03
   9.91014997E-04   2.29866011E-03
   6.62539015E-03   2.34427000E-03
   1.82612997E-03   2.37248000E-03
   4.63814009E-03   2.43783998E-03
   1.56709994E-03   2.44149007E-03
   5.33620012E-04   8.04180000E-03
   1.93731003E-02   8.32919963E-03
   1.79064996E-03   8.88790004E-03
   3.15404008E-03   9.36590042E-03
   1.63858000E-03   9.48430039E-03
   2.07898003E-04   1.11977998E-02
   3.14885005E-03   1.13251004E-02
   3.90253990E-04   1.14644002E-02
   5.00253984E-04   1.16737997E-02
   2.21766997E-04   1.16999000E-02
   8.70623990E-05   1.19738998E-02
   6.10704010E-05   1.19800996E-02
   4.37466988E-05   1.19880997E-02
   5.83435991E-04   1.20337000E-02
   7.44958015E-05   1.20619005E-02
   6.49705034E-05   1.21272001E-02
   2.72870002E-05   1.21309003E-02
   2.03665998E-02   8.61660019E-03
   5.05158007E-02   9.17529967E-03
   2.60157008E-02   9.65330005E-03
   3.62394005E-02   9.77170002E-03
   5.05157979E-03   1.14852004E-02
   8.43796041E-03   1.16125001E-02
   1.20634995E-02   1.17517998E-02
   5.82232000E-03   1.19612003E-02
   8.09464045E-03   1.19872997E-02
   4.54352994E-04   1.22613003E-02
   3.89371999E-04   1.22675002E-02
   1.13043003E-03   1.22755002E-02
   1.65363005E-03   1.23210996E-02
   2.35272991E-03   1.23493001E-02
   7.98248977E-04   1.24145998E-02
   1.08413002E-03   1.24182999E-02
   1.13183004E-03   9.73400008E-03
   2.28182003E-02   1.02120005E-02
   3.35469004E-03   1.03304004E-02
   3.91112990E-04   1.20438999E-02
   8.34926032E-03   1.21711995E-02
   4.64317010E-04   1.23105003E-02
   4.31232015E-03   1.25198998E-02
   6.11612981E-04   1.25460001E-02
   1.78885006E-04   1.28199998E-02
   9.31257018E-05   1.28261996E-02
   8.40274006E-05   1.28341997E-02
   1.55148003E-03   1.28798001E-02
   8.79275976E-05   1.29079996E-02
   5.73010009E-04   1.29733002E-02
   7.92622013E-05   1.29770003E-02
   2.15965007E-02   1.06899999E-02
   8.51986036E-02   1.08083999E-02
   8.25506984E-04   1.25219002E-02
   4.15587006E-03   1.26491999E-02
   5.03166998E-03   1.27884997E-02
   8.01992044E-03   1.29979001E-02
   1.70668997E-02   1.30240005E-02
   1.57009996E-03   1.32980002E-02
   3.15955002E-03   1.33042000E-02
   1.85376004E-04   1.33122001E-02
   7.73525971E-04   1.33578004E-02
   9.65457002E-04   1.33859999E-02
   1.06815004E-03   1.34512996E-02
   2.24305992E-03   1.34549998E-02
   4.14372981E-03   1.09267998E-02
   3.44350992E-04   1.26403002E-02
   5.10175992E-03   1.27675999E-02
   6.81307982E-04   1.29068997E-02
   1.29826004E-02   1.31163001E-02
   1.51077996E-03   1.31424004E-02
   6.26312976E-04   1.34164002E-02
   2.39090004E-04   1.34226000E-02
   7.36314978E-05   1.34306001E-02
   9.15210985E-04   1.34762004E-02
   1.28639003E-04   1.35043999E-02
   1.66144001E-03   1.35696996E-02
   1.96195993E-04   1.35733997E-02
   1.94904005E-05   1.43537000E-02
   8.25111987E-04   1.44811003E-02
   8.57568011E-05   1.46204000E-02
   1.27338004E-04   1.48298005E-02
   4.63430006E-05   1.48558002E-02
   1.99234000E-05   1.51298996E-02
   1.12612997E-05   1.51361004E-02
   8.22947004E-06   1.51439998E-02
   1.52900000E-04   1.51896002E-02
   1.64583998E-05   1.52177997E-02
   1.64583998E-05   1.52832000E-02
   5.63061985E-06   1.52868005E-02
   8.29913013E-04   1.46083999E-02
   1.99798006E-03   1.47476997E-02
   9.16519028E-04   1.49571002E-02
   1.15130004E-03   1.49831995E-02
   5.97727994E-05   1.52572002E-02
   4.02808982E-05   1.52634000E-02
   1.84952005E-04   1.52714001E-02
   3.21822008E-04   1.53170004E-02
   3.89828987E-04   1.53452000E-02
   1.25606006E-04   1.54104996E-02
   1.54630005E-04   1.54141998E-02
   4.76462010E-05   1.48871001E-02
   9.58102988E-04   1.50964996E-02
   1.26047002E-04   1.51225002E-02
   3.42173007E-05   1.53965000E-02
   1.64592002E-05   1.54026998E-02
   1.86253001E-05   1.54106999E-02
   3.71208007E-04   1.54563002E-02
   1.81913001E-05   1.54844997E-02
   1.27345003E-04   1.55499000E-02
   1.64592002E-05   1.55534996E-02
   7.38475996E-04   1.53059000E-02
   2.71044997E-03   1.53318997E-02
   1.99667003E-04   1.56059004E-02
   4.05411003E-04   1.56121003E-02
   2.85863007E-05   1.56201003E-02
   1.69795007E-04   1.56657007E-02
   1.84093005E-04   1.56938992E-02
   1.96195004E-04   1.57593004E-02
   3.58627003E-04   1.57628991E-02
   1.39034993E-04   1.53579004E-02
   8.66233022E-05   1.56319998E-02
   3.37833008E-05   1.56382006E-02
   9.96217022E-06   1.56461000E-02
   2.07039004E-04   1.56916995E-02
   2.38219000E-05   1.57198999E-02
   3.49106995E-04   1.57852992E-02
   3.59494006E-05   1.57888997E-02
   4.76454989E-06   1.59060005E-02
   3.24846987E-05   1.59121994E-02
   4.33141986E-06   1.59201995E-02
   1.08285003E-05   1.59658007E-02
   6.49714002E-06   1.59939993E-02
   2.46882992E-05   1.60592999E-02
   1.08285003E-05   1.60629991E-02
   2.16560011E-06   1.59184001E-02
   2.16560011E-06   1.59264002E-02
   6.93041011E-06   1.59719996E-02
   3.03182992E-06   1.60002001E-02
   5.02432013E-05   1.60655007E-02
   4.33138985E-06   1.60691999E-02
   8.61769990E-07   1.59342997E-02
   3.40400002E-05   1.59798991E-02
   3.44727005E-06   1.60080995E-02
   3.44727005E-06   1.60735007E-02
   1.29274997E-06   1.60770994E-02
   3.08353992E-05   1.60255004E-02
   7.15190035E-05   1.60537008E-02
   2.31267004E-05   1.61191002E-02
   2.74091999E-05   1.61227994E-02
   1.78545997E-06   1.60820000E-02
   2.54429997E-05   1.61473006E-02
   3.12453994E-06   1.61509998E-02
   1.29944001E-05   1.62126999E-02
   4.63436008E-05   1.62163004E-02
   2.55079999E-06   1.62199996E-02
       -1137       -1137
   6.44729997E-04   5.56180021E-03
   3.14370001E-04   5.84919984E-03
   2.01900005E-02   6.40789978E-03
   2.65717995E-03   6.88590016E-03
   4.68104007E-03   7.00430013E-03
   2.53392995E-04   8.71776044E-03
   5.57821986E-05   8.84510018E-03
   3.20516992E-03   8.98444001E-03
   2.87556002E-04   9.19384044E-03
   4.69613995E-04   9.21985973E-03
   2.49947014E-04   9.49390046E-03
   4.37178998E-04   9.50010028E-03
   5.31871992E-05   9.50806029E-03
   1.03780003E-05   9.55366995E-03
   5.75986982E-04   9.58187971E-03
   3.45941990E-05   9.64723993E-03
   5.40512010E-05   9.65088978E-03
   2.29189009E-05   6.13659993E-03
   3.38738002E-02   6.69529987E-03
   1.55281997E-03   7.17329979E-03
   1.29124001E-02   7.29170023E-03
   6.52976014E-05   9.00516007E-03
   1.42700001E-05   9.13249981E-03
   5.58849005E-03   9.27183963E-03
   3.00085987E-04   9.48124006E-03
   2.06774008E-03   9.50726029E-03
   2.38255001E-04   9.78130009E-03
   5.91969991E-04   9.78749990E-03
   1.42700001E-05   9.79545992E-03
   3.02687999E-06   9.84106958E-03
   1.01136998E-03   9.86928027E-03
   4.06467007E-05   9.93463956E-03
   2.62915011E-04   9.93829034E-03
   4.21817005E-02   7.25399982E-03
   4.41957004E-02   7.73200020E-03
   5.89210987E-02   7.85040017E-03
   5.17744012E-03   9.56385955E-03
   7.80110992E-03   9.69120022E-03
   1.68616008E-02   9.83054005E-03
   9.30352975E-03   1.00399004E-02
   1.22494996E-02   1.00659998E-02
   8.64827016E-04   1.03399996E-02
   1.05898001E-03   1.03462003E-02
   1.15462998E-03   1.03542004E-02
   1.55675004E-03   1.03997998E-02
   3.18916002E-03   1.04280002E-02
   1.26397004E-03   1.04932999E-02
   1.62110000E-03   1.04970001E-02
   6.05387008E-03   8.20999965E-03
  0.113224000       8.32839962E-03
   6.42161001E-04   1.00419000E-02
   3.80090991E-04   1.01691997E-02
   6.62857993E-03   1.03085004E-02
   2.15513003E-03   1.05178999E-02
   1.68619994E-02   1.05440002E-02
   4.73928987E-04   1.08180000E-02
   1.60167995E-03   1.08241998E-02
   1.42263001E-04   1.08321998E-02
   7.65384975E-05   1.08778002E-02
   1.17664004E-03   1.09059997E-02
   2.85824994E-04   1.09713003E-02
   2.10756995E-03   1.09750004E-02
   7.52170980E-02   8.44679959E-03
   1.14542001E-03   1.01602999E-02
   2.69211992E-03   1.02875996E-02
   9.94953979E-03   1.04269003E-02
   2.03540009E-02   1.06362998E-02
   2.56490000E-02   1.06624002E-02
   4.99723013E-03   1.09363999E-02
   4.53665014E-03   1.09425997E-02
   2.55557010E-04   1.09505998E-02
   5.26675023E-04   1.09962001E-02
   1.82219001E-03   1.10243997E-02
   2.69250991E-03   1.10897003E-02
   3.29272007E-03   1.10934004E-02
   2.55118994E-05   1.18736997E-02
   1.25400002E-05   1.20011000E-02
   8.22470000E-04   1.21403998E-02
   7.56765003E-05   1.23498002E-02
   1.23234000E-04   1.23757999E-02
   3.32956988E-05   1.26499003E-02
   6.57287019E-05   1.26561001E-02
   1.08108998E-05   1.26639996E-02
   2.59438002E-06   1.27095999E-02
   1.47893006E-04   1.27378004E-02
   9.08064976E-06   1.28031997E-02
   1.42700001E-05   1.28068002E-02
   8.64800995E-07   1.21283997E-02
   1.27951999E-03   1.22677004E-02
   6.87549982E-05   1.24770999E-02
   4.62680007E-04   1.25032002E-02
   3.54590993E-05   1.27772000E-02
   8.30229983E-05   1.27833998E-02
   2.59439003E-06   1.27913998E-02
   4.32419995E-07   1.28370002E-02
   2.31355007E-04   1.28651997E-02
   9.08069978E-06   1.29305003E-02
   5.92420984E-05   1.29341995E-02
   1.61250995E-03   1.24070998E-02
   1.39839004E-03   1.26165003E-02
   2.03665998E-03   1.26425000E-02
   1.06808002E-04   1.29164997E-02
   1.37505995E-04   1.29226996E-02
   1.83337004E-04   1.29306996E-02
   2.55118008E-04   1.29763000E-02
   6.04522997E-04   1.30045004E-02
   1.89822007E-04   1.30698998E-02
   2.68962001E-04   1.30735002E-02
   1.84213000E-04   1.28258998E-02
   3.17131006E-03   1.28519004E-02
   5.62153000E-05   1.31259002E-02
   1.80321003E-04   1.31321000E-02
   1.68641000E-05   1.31401001E-02
   1.38370997E-05   1.31857004E-02
   2.48210010E-04   1.32138999E-02
   4.84314005E-05   1.32793002E-02
   3.99115001E-04   1.32828997E-02
   2.19926005E-03   1.28779002E-02
   5.82474982E-04   1.31519996E-02
   5.19768975E-04   1.31582003E-02
   2.76751998E-05   1.31660998E-02
   9.16767967E-05   1.32117001E-02
   3.71456001E-04   1.32398997E-02
   4.22473007E-04   1.33052999E-02
   5.64738002E-04   1.33089004E-02
   2.25075996E-06   1.34260003E-02
   7.38302988E-05   1.34322001E-02
   6.75227011E-06   1.34402001E-02
   6.75227011E-06   1.34857995E-02
   1.89065995E-05   1.35140000E-02
   7.20272010E-06   1.35792997E-02
   7.24760030E-05   1.35829998E-02
   2.50799003E-05   1.34383999E-02
   1.34050997E-05   1.34463999E-02
   1.51349996E-05   1.34920003E-02
   2.37830009E-05   1.35201998E-02
   2.20530001E-05   1.35855004E-02
   6.18349004E-05   1.35891996E-02
   1.55938994E-06   1.34543004E-02
   5.19777984E-07   1.34998998E-02
   3.95019997E-05   1.35281002E-02
   2.59877993E-06   1.35934995E-02
   4.15827981E-06   1.35971000E-02
   5.90923009E-05   1.35736996E-02
   2.20900006E-06   1.36390999E-02
   1.49111002E-05   1.36428000E-02
   7.29785970E-05   1.36019997E-02
   4.34518988E-05   1.36673003E-02
   6.29502974E-05   1.36709996E-02
   3.02692001E-06   1.37326997E-02
   5.31873993E-05   1.37363002E-02
   3.63231993E-05   1.37400003E-02
       -1137       -1137
   2.29217000E-02   9.19000013E-05
   3.08462996E-02   9.80999976E-05
   1.24358004E-02   1.06059997E-04
   1.22932997E-02   1.51669999E-04
   1.57734007E-02   1.79879993E-04
   7.58039998E-03   2.45239993E-04
   1.00307995E-02   2.48889992E-04
   1.65792997E-03   2.67069991E-04
   7.47385027E-04   2.77149986E-04
   8.12568003E-04   2.79959990E-04
   5.50419986E-02   1.79999995E-06
   5.41879013E-02   1.41140001E-04
   1.58594996E-02   3.50540009E-04
   2.89868005E-02   3.76559998E-04
  0.181631997       6.50600006E-04
  0.223518997       6.56799995E-04
   1.08364001E-02   6.64760009E-04
   1.05092004E-02   7.10370019E-04
   1.02831004E-02   7.38580013E-04
   2.17768992E-03   8.03939998E-04
   3.98920989E-03   8.07590026E-04
   1.46890001E-03   8.25770025E-04
   6.52630988E-04   8.35850020E-04
   5.43039001E-04   8.38659995E-04
   2.56014001E-02   3.52459989E-04
   5.53500000E-03   4.79799986E-04
   7.39743002E-03   6.19139988E-04
   8.80305003E-03   8.28540011E-04
   1.08022001E-02   8.54559999E-04
   9.27549042E-03   1.12859998E-03
   8.58318992E-03   1.13480003E-03
   3.61803011E-03   1.14276004E-03
   8.67665978E-04   1.18837005E-03
   1.08611002E-03   1.21658004E-03
   9.86448955E-04   1.28194003E-03
   1.28385006E-03   1.28559000E-03
   4.59876988E-04   1.30377000E-03
   5.33441016E-05   1.31385005E-03
   5.56792984E-05   1.31665997E-03
   3.55116986E-02   4.70859988E-04
   9.12325981E-04   5.98200015E-04
   1.12079000E-02   7.37540016E-04
   1.21839000E-02   9.46939981E-04
   1.71291996E-02   9.72960028E-04
   1.06498003E-02   1.24699995E-03
   1.64234992E-02   1.25320000E-03
   4.95254016E-03   1.26116001E-03
   1.81209005E-04   1.30677002E-03
   1.62948004E-03   1.33498001E-03
   1.49307004E-03   1.40034000E-03
   1.96097000E-03   1.40398997E-03
   6.28679001E-04   1.42216997E-03
   1.16854999E-05   1.43225002E-03
   8.35883984E-05   1.43506005E-03
   2.37339991E-03   2.18432001E-03
   4.16124007E-03   2.31165998E-03
   6.76559983E-03   2.45100004E-03
   7.94028025E-03   2.66040000E-03
   1.11282999E-02   2.68641999E-03
   5.79673005E-03   2.96046003E-03
   7.24996999E-03   2.96666007E-03
   8.62313027E-04   2.97462009E-03
   8.36702995E-04   3.02022998E-03
   1.31835998E-03   3.04843998E-03
   1.06569997E-03   3.11379996E-03
   1.45983999E-03   3.11745005E-03
   1.15944997E-04   3.13562993E-03
   5.31053993E-05   3.14571010E-03
   7.03549013E-05   3.14851990E-03
   1.72123997E-04   2.43899995E-03
   5.11106977E-04   2.57834001E-03
   2.61087989E-04   2.78773997E-03
   1.41044002E-04   2.81375996E-03
   3.41535997E-05   3.08780000E-03
   4.64829995E-04   3.09400004E-03
   5.76501014E-04   3.10196006E-03
   5.10581995E-05   3.14756995E-03
   7.20621028E-05   3.17577994E-03
   3.03962006E-05   3.24113993E-03
   2.25408003E-05   3.24479002E-03
   7.32546978E-05   3.26296990E-03
   3.07367009E-06   3.27305007E-03
   3.75692002E-06   3.27586010E-03
   5.63503010E-04   2.71768006E-03
   6.02784974E-04   2.92708003E-03
   1.38087000E-03   2.95310002E-03
   6.82022015E-04   3.22714006E-03
   1.12174999E-03   3.23334010E-03
   9.42458981E-04   3.24129988E-03
   8.70865988E-05   3.28691001E-03
   1.84596007E-04   3.31512000E-03
   8.07718025E-05   3.38047999E-03
   1.72462998E-04   3.38413008E-03
   1.20044002E-04   3.40230996E-03
   5.46437013E-06   3.41238989E-03
   9.56252006E-06   3.41519993E-03
   9.53490016E-05   3.13647999E-03
   3.34395008E-04   3.16249998E-03
   4.40222997E-04   3.43654002E-03
   2.88288994E-03   3.44274007E-03
   1.06861000E-03   3.45070008E-03
   3.36412995E-05   3.49630998E-03
   8.99372972E-05   3.52451997E-03
   2.02872998E-05   3.58987995E-03
   3.71930983E-05   3.59353004E-03
   1.35256996E-04   3.61170992E-03
   2.02873002E-06   3.62179009E-03
   4.56454018E-06   3.62459989E-03
   2.34449006E-04   3.18851997E-03
   2.67151999E-03   3.46256001E-03
   1.63868000E-03   3.46876006E-03
   1.50732999E-03   3.47672007E-03
   2.08326001E-05   3.52232996E-03
   2.05250006E-04   3.55053996E-03
   3.48352987E-05   3.61589994E-03
   5.07166988E-05   3.61955003E-03
   1.90576000E-04   3.63772991E-03
   1.19530000E-06   3.64781008E-03
   1.05873996E-05   3.65062011E-03
   6.08266972E-04   3.73660005E-03
   4.03724983E-03   3.74280009E-03
   7.24381011E-04   3.75076011E-03
   5.12282986E-06   3.79637000E-03
   7.34304995E-05   3.82458000E-03
   5.39602006E-05   3.88993998E-03
   3.51428986E-04   3.89359007E-03
   9.05057968E-05   3.91176995E-03
   3.41531006E-07   3.92185012E-03
   3.58595003E-06   3.92465992E-03
   1.37594005E-03   3.74899991E-03
   8.92331998E-04   3.75695992E-03
   8.08568002E-05   3.80257005E-03
   1.28694999E-04   3.83078004E-03
   3.75305011E-04   3.89614003E-03
   2.03994001E-04   3.89979011E-03
   1.11513000E-04   3.91797023E-03
   5.05359003E-06   3.92804993E-03
   6.40123017E-06   3.93086020E-03
   7.86439996E-05   3.76491994E-03
   1.26871993E-04   3.81053006E-03
   1.99582995E-04   3.83874006E-03
   1.58213996E-04   3.90410004E-03
   2.15905005E-04   3.90774990E-03
   2.09595000E-05   3.92592978E-03
   7.97617031E-06   3.93600995E-03
   1.05725003E-05   3.93882021E-03
   5.16017008E-06   3.85613996E-03
   1.64179000E-05   3.88434995E-03
   5.39456005E-06   3.94971017E-03
   4.69103998E-06   3.95336002E-03
   2.04052994E-05   3.97153990E-03
   7.03638023E-07   3.98162007E-03
   9.38156973E-07   3.98442987E-03
   2.01323001E-05   3.91256018E-03
   1.70541007E-05   3.97791993E-03
   3.57655008E-05   3.98156978E-03
   3.24485009E-05   3.99975013E-03
   9.47401986E-07   4.00982983E-03
   2.13175008E-06   4.01264010E-03
   1.11231998E-06   4.04328015E-03
   4.26400993E-06   4.04693000E-03
   2.00226004E-05   4.06510988E-03
   1.85396004E-07   4.07519005E-03
   7.41545023E-07   4.07799985E-03
   2.68875010E-06   4.05057985E-03
   2.63507009E-05   4.06876020E-03
   1.79256006E-07   4.07883991E-03
   1.43415002E-06   4.08165017E-03
   1.19527999E-06   4.08694008E-03
   1.02451997E-06   4.09701979E-03
   1.19527999E-06   4.09983005E-03
       -1137       -1137
   5.90826012E-03   6.31400035E-05
   1.45488000E-02   8.91599993E-05
   2.85059009E-02   3.63200001E-04
   2.53206007E-02   3.69399990E-04
   3.09545011E-03   3.77360004E-04
   4.04132996E-03   4.22970013E-04
   2.35403003E-03   4.51180007E-04
   1.08962995E-03   5.16540022E-04
   2.19690008E-03   5.20189991E-04
   4.00858989E-04   5.38369990E-04
   2.35240994E-04   5.48449985E-04
   1.18204996E-04   5.51260018E-04
   4.82608005E-02   6.50599977E-05
   4.92926016E-02   1.92399995E-04
   4.26217988E-02   3.31740011E-04
   1.77385006E-02   5.41139976E-04
   2.32369006E-02   5.67160023E-04
  0.143178001       8.41200002E-04
  0.222138003       8.47399991E-04
   1.05015002E-02   8.55360006E-04
   8.27896036E-03   9.00970015E-04
   7.97399040E-03   9.29180009E-04
   2.49028997E-03   9.94540052E-04
   3.33582005E-03   9.98190022E-04
   1.43228995E-03   1.01637002E-03
   5.11280028E-04   1.02644996E-03
   4.21017001E-04   1.02925999E-03
   7.60116987E-03   1.83459997E-04
   5.56013994E-02   3.10800009E-04
   4.74795979E-03   4.50140011E-04
   1.14803005E-03   6.59540005E-04
   2.69268011E-03   6.85559993E-04
   6.33079978E-03   9.59599973E-04
   4.18173987E-03   9.65800020E-04
   1.10421004E-03   9.73759976E-04
   7.27189984E-03   1.01937004E-03
   7.81585986E-04   1.04758004E-03
   7.55317014E-05   1.11294002E-03
   3.26682988E-04   1.11658999E-03
   1.41753000E-04   1.13476999E-03
   4.31168010E-04   1.14485004E-03
   4.06450999E-05   1.14765996E-03
   6.97251002E-04   1.89692003E-03
   1.03570996E-02   2.02425988E-03
   1.39270001E-03   2.16359994E-03
   3.64437001E-04   2.37299991E-03
   1.20574003E-03   2.39901990E-03
   5.05755997E-05   2.67305993E-03
   8.78788007E-04   2.67925998E-03
   2.36623004E-04   2.68722000E-03
   1.32133998E-03   2.73282989E-03
   2.44307012E-04   2.76104012E-03
   3.52228999E-05   2.82640010E-03
   1.44056001E-04   2.83004995E-03
   3.11580006E-05   2.84823007E-03
   7.81255003E-05   2.85831001E-03
   1.26443001E-05   2.86112004E-03
   8.01600982E-03   2.15160009E-03
   2.21919008E-02   2.29093991E-03
   2.22814996E-02   2.50034011E-03
   3.52930985E-02   2.52636010E-03
   1.33924996E-02   2.80039990E-03
   2.23197006E-02   2.80659995E-03
   2.28732009E-03   2.81455996E-03
   2.67654005E-03   2.86017009E-03
   4.28638002E-03   2.88838008E-03
   2.99984007E-03   2.95374007E-03
   4.58557997E-03   2.95738992E-03
   3.15648998E-04   2.97557004E-03
   1.66190002E-04   2.98564998E-03
   2.28050005E-04   2.98846001E-03
   5.89309027E-04   2.43027997E-03
   1.43148005E-03   2.63967994E-03
   1.27387000E-03   2.66569993E-03
   9.04036034E-03   2.93973996E-03
   2.49618990E-03   2.94594001E-03
   1.96883993E-04   2.95390002E-03
   2.89401994E-03   2.99950992E-03
   1.91924002E-04   3.02771991E-03
   1.53080997E-04   3.09307990E-03
   1.47664003E-04   3.09672998E-03
   2.52869995E-05   3.11491010E-03
   1.72043001E-04   3.12499003E-03
   9.93470985E-06   3.12780007E-03
   7.87083991E-04   2.84907990E-03
   1.78652001E-03   2.87509989E-03
   9.62749997E-04   3.14913993E-03
   1.58548995E-03   3.15533997E-03
   7.67689999E-05   3.16329999E-03
   2.82382988E-03   3.20891012E-03
   2.50621990E-04   3.23712011E-03
   1.74301997E-04   3.30248009E-03
   2.14494998E-04   3.30612995E-03
   1.03864004E-05   3.32431006E-03
   1.67082995E-04   3.33439000E-03
   1.30955996E-05   3.33720003E-03
   4.63775010E-04   2.90112011E-03
   2.60031992E-03   3.17515992E-03
   6.08725008E-04   3.18135996E-03
   2.11339997E-04   3.18931998E-03
   4.53292998E-03   3.23493010E-03
   1.90115999E-04   3.26314010E-03
   1.97784000E-04   3.32850008E-03
   1.02507998E-04   3.33214994E-03
   2.79969008E-05   3.35033005E-03
   2.68694013E-04   3.36040999E-03
   9.93476988E-06   3.36322002E-03
   3.38850007E-03   3.44919995E-03
   2.17065997E-02   3.45540000E-03
   6.32186993E-06   3.46336002E-03
   1.56693999E-03   3.50896991E-03
   1.64010003E-03   3.53717990E-03
   1.43598998E-04   3.60253989E-03
   3.89252004E-04   3.60618997E-03
   9.03153023E-07   3.62437009E-03
   9.21203027E-05   3.63445003E-03
   8.67027993E-05   3.63726006E-03
   1.13572006E-03   3.46160005E-03
   1.59859002E-04   3.46956006E-03
   2.56034010E-03   3.51516996E-03
   4.04171005E-04   3.54337995E-03
   2.21716007E-04   3.60873993E-03
   8.30917998E-05   3.61239002E-03
   2.12239993E-05   3.63056990E-03
   1.49018000E-04   3.64065007E-03
   2.07726007E-05   3.64346011E-03
   2.05251999E-05   3.47752008E-03
   3.03203997E-04   3.52312997E-03
   3.59168007E-05   3.55133996E-03
   6.99689008E-06   3.61669995E-03
   2.65887993E-05   3.62035003E-03
   5.59768978E-06   3.63852992E-03
   1.77259008E-05   3.64861009E-03
   1.86583998E-06   3.65141989E-03
   2.16204993E-04   3.56874010E-03
   5.78876992E-04   3.59695009E-03
   3.93347000E-04   3.66231008E-03
   6.09542010E-04   3.66595993E-03
   4.18462987E-05   3.68414004E-03
   2.65023991E-05   3.69421998E-03
   3.06854017E-05   3.69703001E-03
   2.22811996E-05   3.62516008E-03
   3.81936006E-05   3.69052007E-03
   3.11932999E-05   3.69416992E-03
   6.36602999E-06   3.71235004E-03
   4.71097992E-05   3.72242997E-03
   2.54638007E-06   3.72524001E-03
   1.03967996E-05   3.75588005E-03
   2.77236995E-05   3.75952991E-03
   9.90177000E-07   3.77771002E-03
   2.47533007E-05   3.78778996E-03
   1.48524998E-06   3.79059999E-03
   7.56698000E-06   3.76317999E-03
   4.65677022E-06   3.78136011E-03
   4.54010988E-05   3.79144005E-03
   1.74624995E-06   3.79425008E-03
   4.51579012E-07   3.79953999E-03
   2.25784993E-06   3.80961993E-03
   4.51579012E-07   3.81242996E-03
   4.51565995E-07   3.81970010E-03
   1.80623999E-06   3.82250990E-03
       -1137       -1137
   6.19649980E-03   0.00000000    
   1.22859003E-02   8.45999966E-06
   1.66753996E-02   2.82499997E-04
   2.43075993E-02   2.88699986E-04
   2.86222994E-03   2.96660000E-04
   2.52253003E-03   3.42270010E-04
   8.01783986E-03   3.70480004E-04
   1.26890000E-03   4.35839989E-04
   1.33637001E-03   4.39489988E-04
   3.79086006E-04   4.57669987E-04
   1.55015994E-04   4.67750011E-04
   4.07276995E-04   4.70559986E-04
   4.84368987E-02   1.00840000E-04
   6.56761974E-02   1.26860003E-04
  0.185734004       4.00899997E-04
  0.224540994       4.07099986E-04
   1.71460006E-02   4.15060000E-04
   1.69882998E-02   4.60670009E-04
   2.00854000E-02   4.88879974E-04
   5.51396981E-03   5.54240018E-04
   7.84401037E-03   5.57889987E-04
   2.32246006E-03   5.76069986E-04
   1.04811997E-03   5.86149981E-04
   1.04112003E-03   5.88960014E-04
   2.90252996E-04   1.33821997E-03
   6.30776980E-04   1.46556005E-03
   1.24661997E-02   1.60490000E-03
   7.44602992E-04   1.81429996E-03
   9.11091978E-04   1.84031995E-03
   1.87335000E-03   2.11435999E-03
   3.31845996E-03   2.12056004E-03
   9.95961964E-05   2.12852005E-03
   8.82137028E-05   2.17412994E-03
   1.56888994E-03   2.20233994E-03
   8.72676028E-05   2.26769992E-03
   1.01969003E-04   2.27135001E-03
   1.32796004E-05   2.28952989E-03
   5.21698985E-06   2.29961006E-03
   7.87288009E-05   2.30242009E-03
   1.94446002E-05   1.59290002E-03
   1.54587002E-02   1.73223997E-03
   3.36249999E-04   1.94164005E-03
   3.31232999E-03   1.96765992E-03
   1.68461003E-03   2.24169996E-03
   9.04329959E-03   2.24790000E-03
   1.00546000E-04   2.25586002E-03
   5.21697984E-06   2.30146991E-03
   1.98812992E-03   2.32967990E-03
   4.31597982E-05   2.39503989E-03
   3.53812007E-04   2.39868998E-03
   1.28052998E-05   2.41687009E-03
   4.74284008E-07   2.42695003E-03
   1.00072997E-04   2.42976006E-03
   2.01976001E-02   1.87158003E-03
   2.96441000E-02   2.08097999E-03
   3.86793986E-02   2.10699998E-03
   2.62527000E-02   2.38104002E-03
   3.00405007E-02   2.38724006E-03
   2.70206993E-03   2.39520008E-03
   3.03297001E-03   2.44080997E-03
   6.45700982E-03   2.46901996E-03
   3.86162009E-03   2.53437995E-03
   4.97194007E-03   2.53803004E-03
   3.71817994E-04   2.55620992E-03
   1.91615007E-04   2.56629009E-03
   3.35776014E-04   2.56909989E-03
   1.97314002E-04   2.29037995E-03
   4.75001009E-03   2.31639994E-03
   7.18983996E-04   2.59043998E-03
   8.35258979E-03   2.59664003E-03
   9.10593008E-05   2.60460004E-03
   2.37127006E-05   2.65020994E-03
   3.74064990E-03   2.67841993E-03
   4.22090998E-05   2.74377991E-03
   5.39247005E-04   2.74743000E-03
   1.13823999E-05   2.76561012E-03
   1.42279998E-06   2.77569005E-03
   1.87330996E-04   2.77850009E-03
   2.08113994E-03   2.34241993E-03
   6.76159002E-03   2.61645997E-03
   5.62987011E-03   2.62266002E-03
   1.15718001E-04   2.63062003E-03
   3.29595001E-04   2.67622992E-03
   4.81852004E-03   2.70443992E-03
   5.41616988E-04   2.76979990E-03
   4.74269007E-04   2.77344999E-03
   1.47020000E-05   2.79163010E-03
   1.89697002E-05   2.80171004E-03
   2.40915993E-04   2.80452007E-03
   1.08185003E-03   2.89050001E-03
   2.83649992E-02   2.89670005E-03
   2.05842007E-04   2.90466007E-03
   2.73193000E-04   2.95026996E-03
   3.15494998E-03   2.97847996E-03
   1.08134998E-04   3.04383994E-03
   8.17648019E-04   3.04749003E-03
   2.56111998E-05   3.06566991E-03
   1.65996007E-05   3.07575008E-03
   1.56986003E-04   3.07856011E-03
   1.12290997E-02   2.90290010E-03
   3.21558007E-04   2.91086012E-03
   1.45315996E-03   2.95647001E-03
   3.75369005E-03   2.98468000E-03
   1.07706001E-03   3.05003999E-03
   7.37964001E-04   3.05369007E-03
   3.88888984E-05   3.07186996E-03
   8.91621021E-05   3.08194989E-03
   1.88289996E-04   3.08475993E-03
   1.09957000E-05   2.91881990E-03
   1.70432995E-05   2.96443002E-03
   3.95268988E-04   2.99264002E-03
   1.31949000E-05   3.05800000E-03
   1.53939000E-05   3.06165009E-03
   2.74886997E-06   3.07982997E-03
   1.09957000E-06   3.08990991E-03
   1.97924001E-05   3.09271994E-03
   5.29831027E-07   3.01003992E-03
   4.38162999E-04   3.03824991E-03
   3.17892000E-06   3.10360990E-03
   4.13242014E-05   3.10725998E-03
   2.11920997E-06   3.12544010E-03
   2.22524995E-05   3.13833007E-03
   6.24648004E-04   3.06645990E-03
   6.19841972E-04   3.13181989E-03
   7.87583005E-04   3.13546997E-03
   5.95228994E-05   3.15365009E-03
   3.12638986E-05   3.16373003E-03
   6.43292005E-05   3.16654006E-03
   2.37130007E-06   3.19718011E-03
   6.54496034E-05   3.20082996E-03
   1.42281999E-06   3.21901008E-03
   2.46628006E-05   3.23190005E-03
   3.01237997E-05   3.20448005E-03
   2.00818999E-06   3.22265993E-03
   2.00818999E-06   3.23274010E-03
   3.26334994E-05   3.23554990E-03
   2.37129007E-06   3.25373001E-03
   1.06409004E-06   3.26380995E-03
   1.05368997E-06   3.26661998E-03
       -1137       -1137
   8.23646039E-03   1.08800004E-05
   4.71024998E-02   7.62400014E-05
   6.61672978E-03   7.98900001E-05
   7.80383009E-04   9.80699988E-05
   2.21263006E-04   1.08150001E-04
   4.15613991E-04   1.10959998E-04
   2.19265003E-05   8.60219996E-04
   1.08543003E-03   9.87560023E-04
   8.64128990E-04   1.12689997E-03
   3.28336991E-02   1.33630005E-03
   3.80017003E-03   1.36232004E-03
   1.55148003E-02   1.63635996E-03
   4.09319019E-03   1.64256000E-03
   1.89366001E-05   1.65052002E-03
   1.73426000E-04   1.69613003E-03
   1.10633002E-04   1.72434002E-03
   3.05482000E-03   1.78970001E-03
   3.65777989E-04   1.79334998E-03
   2.98994996E-06   1.81152998E-03
   1.09638004E-05   1.82161003E-03
   5.97988992E-06   1.82441995E-03
   6.23902015E-04   1.11489999E-03
   4.25049011E-03   1.25424005E-03
   2.94888001E-02   1.46364002E-03
   1.99330994E-03   1.48966000E-03
   1.03813997E-02   1.76370004E-03
   5.26734022E-03   1.76989997E-03
   1.49503001E-04   1.77785999E-03
   1.97330999E-04   1.82347000E-03
   6.07973023E-04   1.85167999E-03
   2.72382004E-03   1.91703998E-03
   2.20265007E-04   1.92068995E-03
   1.89360999E-05   1.93886994E-03
   1.19593997E-05   1.94895000E-03
   3.08956987E-05   1.95176003E-03
   1.49993994E-03   1.39357999E-03
   5.86961992E-02   1.60297996E-03
   2.22856994E-03   1.62899995E-03
   2.98695010E-03   1.90303999E-03
   2.01624003E-03   1.90924003E-03
   1.43516998E-04   1.91720005E-03
   5.35203028E-04   1.96281006E-03
   4.10631998E-04   1.99102005E-03
   5.47361979E-03   2.05638004E-03
   2.24250005E-04   2.06002989E-03
   1.89365001E-05   2.07821000E-03
   3.18933016E-05   2.08828994E-03
   2.09294994E-05   2.09109997E-03
   5.30956015E-02   1.81238004E-03
  0.105080001       1.83840003E-03
   5.85899986E-02   2.11244007E-03
   7.04601035E-02   2.11864011E-03
   6.54214993E-03   2.12659989E-03
   5.83550986E-03   2.17221002E-03
   1.10165002E-02   2.20042001E-03
   1.19617004E-02   2.26578000E-03
   1.33437999E-02   2.26943009E-03
   8.90018011E-04   2.28760997E-03
   3.69757996E-04   2.29768991E-03
   5.84029010E-04   2.30049994E-03
   1.67634001E-03   1.86442002E-03
   6.66584000E-02   2.13846005E-03
   3.30192992E-03   2.14466010E-03
   4.01653000E-04   2.15262012E-03
   2.42187001E-04   2.19823001E-03
   3.37865000E-04   2.22644000E-03
   9.85793024E-03   2.29179999E-03
   3.50818998E-04   2.29545007E-03
   4.98314985E-05   2.31362996E-03
   1.49505004E-05   2.32370989E-03
   1.69425002E-05   2.32651993E-03
   6.36397973E-02   2.41250009E-03
  0.183781996       2.41869991E-03
   3.26501997E-03   2.42665992E-03
   1.68440002E-03   2.47227005E-03
   5.78052015E-04   2.50048004E-03
   5.93324983E-03   2.56584003E-03
   8.08299985E-03   2.56949011E-03
   4.47511004E-04   2.58766999E-03
   1.05646002E-04   2.59774993E-03
   3.08960989E-05   2.60055996E-03
   3.66231008E-03   2.42489995E-03
   5.82825975E-04   2.43285997E-03
   4.30974003E-04   2.47847009E-03
   3.27490998E-04   2.50668009E-03
   5.80077991E-03   2.57204007E-03
   3.57852987E-04   2.57568993E-03
   7.49898027E-05   2.59387004E-03
   2.46805994E-05   2.60394998E-03
   1.70862004E-05   2.60676001E-03
   2.13145995E-06   2.44081998E-03
   2.77088002E-05   2.48643011E-03
   2.02485007E-05   2.51464010E-03
   6.55431009E-04   2.58000009E-03
   4.58264003E-05   2.58364994E-03
   1.06572998E-06   2.60183006E-03
   2.13145995E-06   2.61190999E-03
   1.06572998E-06   2.61472003E-03
   2.14749998E-05   2.53204000E-03
   1.03591003E-04   2.56025000E-03
   6.85946026E-04   2.62560998E-03
   3.78980003E-05   2.62926007E-03
   3.78980008E-06   2.64743995E-03
   2.52660993E-06   2.65751989E-03
   5.05297021E-06   2.66032992E-03
   3.97420008E-05   2.58845999E-03
   1.42254995E-03   2.65381997E-03
   4.93350999E-05   2.65747006E-03
   4.11114979E-06   2.67564994E-03
   6.85186978E-06   2.68573011E-03
   4.11114979E-06   2.68853991E-03
   6.51819981E-04   2.71917996E-03
   1.25774997E-03   2.72283005E-03
   8.37195985E-05   2.74100993E-03
   3.38870996E-05   2.75109010E-03
   5.48163989E-05   2.75389990E-03
   2.43586001E-05   2.72647990E-03
   6.76621994E-06   2.74466001E-03
   2.70659007E-06   2.75473995E-03
   2.70659007E-06   2.75754998E-03
       -1137       -1137
   2.47074000E-04   8.69159994E-04
   1.94937002E-03   1.00850000E-03
   3.34916008E-03   1.21789996E-03
   3.59956995E-02   1.24391995E-03
   4.31137998E-03   1.51795999E-03
   1.64455008E-02   1.52416003E-03
   1.10927003E-05   1.53212005E-03
   1.51268996E-05   1.57773006E-03
   2.58174987E-04   1.60594005E-03
   3.06578004E-04   1.67130004E-03
   3.29167000E-03   1.67495001E-03
   2.01698003E-06   1.69313001E-03
   1.00849002E-06   1.70320994E-03
   1.31103998E-05   1.70601998E-03
   5.38840005E-03   1.13583996E-03
   2.66237999E-04   1.34524005E-03
   3.71764004E-02   1.37126003E-03
   2.23483006E-03   1.64529996E-03
   9.03385039E-03   1.65150000E-03
   3.22714004E-05   1.65946002E-03
   1.00849002E-06   1.70507003E-03
   7.12995010E-04   1.73328002E-03
   8.06805019E-06   1.79864001E-03
   3.39961005E-03   1.80228997E-03
   4.03377999E-06   1.82046997E-03
   3.63055988E-05   1.83335994E-03
   3.60231008E-03   1.27518002E-03
   3.42685007E-03   1.48457999E-03
   5.55148982E-02   1.51059998E-03
   2.27406994E-03   1.78464002E-03
   4.21026023E-03   1.79083995E-03
   3.35822988E-04   1.79879996E-03
   6.47441018E-04   1.84440997E-03
   9.82271973E-04   1.87261996E-03
   3.85230989E-04   1.93797995E-03
   5.05871000E-03   1.94163003E-03
   4.43743993E-05   1.95981003E-03
   3.83227016E-05   1.96988997E-03
   4.94154992E-05   1.97270000E-03
   7.47304002E-04   1.69397995E-03
   7.73577020E-02   1.71999994E-03
   2.95587000E-03   1.99404010E-03
   4.06945013E-02   2.00023991E-03
   3.34827986E-04   2.00819992E-03
   5.95017009E-05   2.05381005E-03
   4.70950006E-04   2.08202004E-03
   1.54292007E-04   2.14738003E-03
   7.13534001E-03   2.15103012E-03
   4.13478010E-05   2.16921000E-03
   4.03390004E-06   2.17928994E-03
   2.42038004E-05   2.18209997E-03
   8.62288997E-02   1.74602005E-03
   6.44920021E-02   2.02006008E-03
  0.102916002       2.02625990E-03
   6.87099015E-03   2.03421991E-03
   7.02399015E-03   2.07983004E-03
   1.05119999E-02   2.10804003E-03
   9.94210970E-03   2.17340002E-03
   1.89031009E-02   2.17705010E-03
   9.30820010E-04   2.19522999E-03
   4.41709009E-04   2.20530992E-03
   5.57711988E-04   2.20811996E-03
   5.22916997E-03   2.29409989E-03
  0.166802004       2.30029994E-03
   7.00888981E-04   2.30825995E-03
   3.92307003E-04   2.35387008E-03
   3.59033991E-04   2.38208007E-03
   3.68098990E-04   2.44744006E-03
   5.63349016E-03   2.45108991E-03
   9.17746002E-05   2.46927002E-03
   2.42037004E-05   2.47934996E-03
   1.91614999E-05   2.48215999E-03
  0.114088997       2.30649998E-03
   3.38761997E-03   2.31446000E-03
   1.73666002E-03   2.36006989E-03
   7.67474005E-04   2.38827989E-03
   4.90821013E-03   2.45364010E-03
   1.05063999E-02   2.45728996E-03
   4.62919008E-04   2.47547007E-03
   1.09929002E-04   2.48555001E-03
   4.13480993E-05   2.48836004E-03
   1.19172000E-06   2.32242001E-03
   2.38342000E-06   2.36802991E-03
   5.48185999E-05   2.39623990E-03
   4.05173996E-05   2.46159988E-03
   7.48375023E-04   2.46524997E-03
   2.38342000E-06   2.49632006E-03
   1.03851999E-04   2.44185003E-03
   3.46164006E-06   2.50721001E-03
   7.45417026E-04   2.51086010E-03
   5.76936009E-06   2.54192995E-03
   8.82785025E-05   2.47006002E-03
   7.37856026E-05   2.53542000E-03
   1.25702005E-03   2.53907009E-03
   7.90535978E-06   2.55724997E-03
   6.58787985E-06   2.56732991E-03
   9.22299023E-06   2.57013994E-03
   8.06818025E-06   2.60077999E-03
   9.22781997E-04   2.60443008E-03
   4.03385002E-06   2.62260996E-03
   3.02543003E-06   2.63549993E-03
   1.00739999E-03   2.60807993E-03
   8.57201012E-05   2.62626004E-03
   4.13464004E-05   2.63633998E-03
   5.14312997E-05   2.63915001E-03
       -1137       -1137
   1.19490996E-02   0.00000000    
   5.30114993E-02   1.98199996E-05
   4.25618999E-02   8.51799996E-05
   6.82552010E-02   8.88299983E-05
   4.78516985E-03   1.07009997E-04
   1.98419997E-03   1.17090000E-04
   2.71312008E-03   1.19900003E-04
   4.68874983E-02   7.11800021E-05
   7.18114004E-02   7.73799984E-05
   4.05998006E-02   8.53399979E-05
   4.76354994E-02   1.30949993E-04
   4.78706993E-02   1.59160001E-04
   4.02569994E-02   2.24520001E-04
   4.93329987E-02   2.28170000E-04
   5.46575012E-03   2.46350013E-04
   2.82575004E-03   2.56430008E-04
   2.51384010E-03   2.59240012E-04
   2.94815004E-03   6.53999996E-06
   4.52258019E-03   2.80579989E-04
   7.28941988E-03   2.86780007E-04
   1.79411992E-02   2.94739992E-04
   5.68431010E-03   3.40350001E-04
   7.70183979E-03   3.68559995E-04
   1.93545001E-03   4.33920010E-04
   2.06902996E-03   4.37570008E-04
   1.84679998E-03   4.55750007E-04
   3.44461994E-04   4.65830002E-04
   3.45810986E-04   4.68640006E-04
   4.75209998E-03   3.25600013E-05
   7.90186971E-03   3.06600006E-04
   8.27251002E-03   3.12799995E-04
   2.37760004E-02   3.20760009E-04
   9.44286957E-03   3.66369990E-04
   7.94253033E-03   3.94580013E-04
   1.62375998E-03   4.59939998E-04
   2.66771996E-03   4.63589997E-04
   2.43623997E-03   4.81769996E-04
   5.06829994E-04   4.91850020E-04
   3.90633999E-04   4.94659995E-04
   9.28500015E-03   5.80639986E-04
   1.82859004E-02   5.86839975E-04
   2.11449005E-02   5.94799989E-04
   2.88652000E-03   6.40409999E-04
   1.04350997E-02   6.68619992E-04
   9.38115991E-04   7.33979978E-04
   6.14029006E-04   7.37630005E-04
   1.91778003E-03   7.55810004E-04
   1.46256003E-04   7.65889999E-04
   4.58438997E-04   7.68699974E-04
   1.53452000E-02   5.93040022E-04
   2.73739994E-02   6.00999978E-04
   1.51165004E-03   6.46609988E-04
   1.17140003E-02   6.74819981E-04
   5.63577982E-04   7.40180025E-04
   1.35564001E-03   7.43829994E-04
   2.47483002E-03   7.62009993E-04
   7.49098981E-05   7.72089988E-04
   4.99291986E-04   7.74900021E-04
   1.63502991E-02   6.08959992E-04
   2.32584998E-02   6.54570002E-04
   3.69217992E-02   6.82779995E-04
   3.00395992E-02   7.48139981E-04
   4.12664004E-02   7.51790009E-04
   3.78811010E-03   7.69970007E-04
   1.47936004E-03   7.80050003E-04
   1.95597997E-03   7.82859977E-04
   2.10927008E-03   7.00180011E-04
   8.89903959E-03   7.28390005E-04
   3.19208996E-03   7.93749990E-04
   2.49795010E-03   7.97400018E-04
   2.44907010E-03   8.15580017E-04
   2.29743993E-04   8.25660012E-04
   3.78844998E-04   8.28469987E-04
   5.68778999E-03   7.56599999E-04
   2.71585002E-03   8.21959984E-04
   5.37833991E-03   8.25610012E-04
   3.81202996E-03   8.43790011E-04
   4.84071992E-04   8.53870006E-04
   5.39926987E-04   8.56679981E-04
   9.04436980E-04   8.87320028E-04
   2.71028001E-03   8.90969997E-04
   3.92326992E-03   9.09149996E-04
   2.03642005E-04   9.19229991E-04
   1.31774999E-04   9.22040024E-04
   1.75404001E-03   8.94620025E-04
   5.27697010E-03   9.12800024E-04
   1.40792996E-04   9.22880019E-04
   2.90397002E-04   9.25689994E-04
   2.67372001E-04   9.30980023E-04
   1.75463996E-04   9.41060018E-04
   2.39525005E-04   9.43869993E-04
   2.78529001E-06   9.51140013E-04
   2.50666999E-05   9.53949988E-04
   1.11400004E-05   9.56760021E-04
       -1137       -1137
   1.44459996E-02   3.61000002E-06
   2.44388003E-02   3.18200000E-05
   7.72895012E-03   9.71799964E-05
   1.20996004E-02   1.00830002E-04
   1.79926003E-03   1.19010001E-04
   9.56366013E-04   1.29089996E-04
   9.07009991E-04   1.31900000E-04
  0.126109004       1.53240006E-04
  0.283740014       1.59439995E-04
   3.84996012E-02   1.67399994E-04
   3.04057002E-02   2.13010004E-04
   4.21290994E-02   2.41219997E-04
   2.11625993E-02   3.06580012E-04
   3.38323005E-02   3.10230011E-04
   5.27775986E-03   3.28410009E-04
   1.80874998E-03   3.38490005E-04
   2.20625009E-03   3.41300009E-04
   4.30103987E-02   1.79259994E-04
   1.10138003E-02   1.85459998E-04
   6.08973997E-03   1.93419997E-04
   2.52097994E-02   2.39030007E-04
   5.40063018E-03   2.67239986E-04
   2.40342994E-03   3.32600001E-04
   2.31183995E-03   3.36249999E-04
   6.44112995E-04   3.54429998E-04
   1.14327995E-03   3.64509993E-04
   2.36331005E-04   3.67319997E-04
   2.51559005E-03   4.53299988E-04
   1.56535003E-02   4.59500006E-04
   4.75195004E-03   4.67459991E-04
   1.99845992E-02   5.13069972E-04
   3.45614995E-03   5.41280024E-04
   4.99234023E-03   6.06640009E-04
   2.83986004E-03   6.10289979E-04
   6.57674973E-04   6.28469978E-04
   9.10229981E-04   6.38549973E-04
   1.65373000E-04   6.41360006E-04
   7.32999004E-04   4.65699995E-04
   2.88428995E-03   4.73660009E-04
   3.34983990E-02   5.19270019E-04
   1.98149006E-03   5.47480013E-04
   1.07664000E-02   6.12839998E-04
   9.43952997E-04   6.16490026E-04
   3.10806994E-04   6.34670025E-04
   1.48697000E-03   6.44750020E-04
   9.01816020E-05   6.47559995E-04
   9.95827024E-04   4.81619994E-04
   1.35433003E-02   5.27229975E-04
   2.51758005E-03   5.55440027E-04
   2.93441000E-03   6.20800012E-04
   2.06159009E-03   6.24449982E-04
   2.17068999E-04   6.42629981E-04
   5.97246981E-04   6.52709976E-04
   1.22889003E-04   6.55520009E-04
   1.26780998E-02   5.72839985E-04
   3.34061012E-02   6.01049978E-04
   2.22379006E-02   6.66410022E-04
   3.69221009E-02   6.70059992E-04
   2.74701999E-03   6.88239990E-04
   1.38675002E-03   6.98319986E-04
   1.78676005E-03   7.01130019E-04
   1.17731001E-03   6.29259972E-04
   4.32393979E-03   6.94620016E-04
   1.75045000E-03   6.98269985E-04
   3.42093990E-04   7.16449984E-04
   1.40226004E-03   7.26529979E-04
   1.09410001E-04   7.29340012E-04
   3.64198990E-04   7.59980001E-04
   6.24304987E-04   7.63630029E-04
   1.34907998E-04   7.81810028E-04
   2.49970006E-04   7.91890023E-04
   5.91501994E-05   7.94699998E-04
   6.30073991E-05   7.67279998E-04
   4.57267997E-05   7.85459997E-04
   2.69838987E-04   7.95539992E-04
   1.35581004E-05   7.98350025E-04
   2.28525005E-06   8.03639996E-04
   1.51656004E-05   8.13719991E-04
   2.28525005E-06   8.16530024E-04
   1.74977004E-06   8.23799986E-04
   7.79447964E-06   8.26610019E-04
   1.59072002E-07   8.29419994E-04
       -1137       -1137
   5.01166005E-03   1.39000003E-05
   2.44004000E-03   2.01000003E-05
   1.86061002E-02   2.80599997E-05
   1.40818004E-02   7.36700022E-05
   4.34455983E-02   1.01880003E-04
   1.20324995E-02   1.67239996E-04
   2.00826004E-02   1.70889994E-04
   2.21910002E-03   1.89069993E-04
   8.21480993E-04   1.99150003E-04
   1.90888997E-03   2.01960007E-04
   2.68063992E-02   3.99199998E-05
   5.01917005E-02   4.61199998E-05
   9.58686993E-02   5.40799992E-05
  0.104631998       9.96899980E-05
  0.127150998       1.27899999E-04
   9.62416977E-02   1.93259999E-04
  0.113156997       1.96909998E-04
   1.34659996E-02   2.15089996E-04
   6.26476016E-03   2.25170006E-04
   6.20000996E-03   2.27979996E-04
   7.96277018E-04   3.13959987E-04
   1.20494999E-02   3.20160005E-04
   7.53617007E-03   3.28119990E-04
   3.98941012E-03   3.73729999E-04
   4.95189987E-02   4.01939993E-04
   1.50563999E-03   4.67300008E-04
   6.62164018E-03   4.70950006E-04
   7.03417987E-04   4.89129976E-04
   2.19445006E-04   4.99209971E-04
   1.91540003E-03   5.02020004E-04
   6.04359014E-03   3.26359994E-04
   1.68350991E-02   3.34320008E-04
   1.42828003E-02   3.79929988E-04
   6.04189001E-02   4.08140011E-04
   1.29282998E-03   4.73499997E-04
   8.88673961E-03   4.77149995E-04
   1.85340003E-03   4.95330023E-04
   8.06186988E-04   5.05410018E-04
   2.36034999E-03   5.08219993E-04
   3.84148990E-07   3.42279993E-04
   2.40087000E-04   3.87890002E-04
   5.18576987E-03   4.16099996E-04
   4.37920011E-04   4.81460011E-04
   7.79804017E-04   4.85110009E-04
   2.68883991E-06   5.03289979E-04
   1.03718003E-05   5.13369974E-04
   1.97065005E-04   5.16180007E-04
   5.78193021E-06   4.33500012E-04
   5.30129019E-03   4.61710006E-04
   2.19356007E-04   5.27070020E-04
   6.84792991E-04   5.30719990E-04
   2.78252992E-05   5.48899989E-04
   1.08411996E-06   5.58979984E-04
   2.05261007E-04   5.61790017E-04
   7.34105008E-03   4.89920028E-04
   7.21724005E-03   5.55280014E-04
   9.55632981E-03   5.58929984E-04
   7.51452986E-04   5.77109982E-04
   3.60150007E-04   5.87189978E-04
   6.73750998E-04   5.90000011E-04
   1.01099999E-04   6.20639999E-04
   6.11396972E-04   6.24290027E-04
   3.49965012E-05   6.42470026E-04
   1.04685996E-05   6.52550021E-04
   2.13566993E-04   6.55359996E-04
   5.71015000E-04   6.27939997E-04
   8.13598017E-05   6.46119996E-04
   3.29030008E-05   6.56199991E-04
   2.86260998E-04   6.59010024E-04
   8.97370001E-07   6.74379990E-04
   2.18366004E-05   6.77190023E-04
   1.04689998E-05   6.87270018E-04
   9.57188968E-06   6.90079993E-04
       -1137       -1137
   1.19674997E-03   5.68999985E-06
   2.94522004E-04   1.57699997E-05
   6.72724971E-04   1.85800000E-05
   9.19921994E-02   1.04560000E-04
  0.301019013       1.10759996E-04
   7.96755999E-02   1.18720003E-04
   6.75517991E-02   1.64330006E-04
   9.00754035E-02   1.92539999E-04
   8.27151984E-02   2.57900014E-04
   8.44049975E-02   2.61550013E-04
   1.10619003E-02   2.79730011E-04
   4.19944990E-03   2.89810007E-04
   4.62439982E-03   2.92620010E-04
   4.59901989E-03   1.16960000E-04
   6.95292000E-03   1.24920000E-04
   1.33419996E-02   1.70529995E-04
   5.99440979E-03   1.98740003E-04
   9.23644006E-02   2.64100003E-04
   3.74588999E-03   2.67750002E-04
   7.20521028E-04   2.85930000E-04
   5.84030990E-04   2.96009996E-04
   2.56817992E-04   2.98819999E-04
   7.96643028E-04   1.32879999E-04
   1.76073005E-03   1.78489994E-04
   1.55024999E-03   2.06700002E-04
   8.19389988E-03   2.72059988E-04
   2.09719990E-03   2.75709986E-04
   1.26428000E-04   2.93890014E-04
   7.39898969E-05   3.03970010E-04
   6.28558992E-05   3.06780013E-04
   3.18228005E-04   2.24100004E-04
   1.83571002E-03   2.52310012E-04
   4.91819996E-03   3.17669997E-04
   7.20857992E-04   3.21319996E-04
   9.08708971E-05   3.39499995E-04
   2.76561004E-05   3.49579990E-04
   6.35735996E-05   3.52389994E-04
   7.14785012E-04   2.80520006E-04
   9.95166972E-03   3.45879991E-04
   8.70675023E-04   3.49529990E-04
   5.63924987E-05   3.67709988E-04
   6.10622010E-05   3.77790013E-04
   4.74129010E-05   3.80599988E-04
   5.18475007E-03   4.11240006E-04
   1.01062004E-02   4.14890004E-04
   8.25399999E-04   4.33070003E-04
   3.03145003E-04   4.43149998E-04
   5.07526973E-04   4.45960002E-04
   1.91081999E-04   4.18540003E-04
   4.84882003E-05   4.36720002E-04
   1.90371993E-05   4.46799997E-04
   3.34026990E-05   4.49610001E-04
   3.23265999E-06   4.54900000E-04
   3.23265999E-06   4.64979996E-04
   2.15496993E-06   4.67790000E-04
   2.15499995E-06   4.77869995E-04
   7.18350009E-07   4.80679999E-04
       -1137       -1137
   4.94976994E-03   7.85399970E-05
  0.146405995       8.47400006E-05
   1.05210003E-02   9.27000001E-05
   6.76121004E-03   1.38310003E-04
   1.37697002E-02   1.66519996E-04
   5.19953994E-03   2.31879996E-04
   8.22208002E-02   2.35529995E-04
   1.23188004E-03   2.53709994E-04
   3.96965013E-04   2.63789989E-04
   6.01616979E-04   2.66599993E-04
  0.133986995       9.09399969E-05
   8.97710994E-02   9.88999964E-05
   9.44266990E-02   1.44510006E-04
   9.28298011E-02   1.72720000E-04
   7.97569975E-02   2.38080000E-04
  0.149186000       2.41729998E-04
   1.24588003E-02   2.59910012E-04
   5.63989999E-03   2.69990007E-04
   4.80026985E-03   2.72800011E-04
   1.40933995E-03   1.06860003E-04
   1.77580002E-03   1.52470006E-04
   3.33672995E-03   1.80679999E-04
   2.72389990E-03   2.46039999E-04
   1.09518003E-02   2.49689998E-04
   2.18946006E-04   2.67869997E-04
   7.78835019E-05   2.77949992E-04
   1.33513997E-04   2.80759996E-04
   2.12201994E-04   1.98080001E-04
   3.12292995E-03   2.26289994E-04
   3.66369000E-04   2.91650009E-04
   7.63146020E-03   2.95300008E-04
   8.70236036E-05   3.13480006E-04
   1.74855995E-05   3.23560002E-04
   1.10469999E-04   3.26370005E-04
   1.04700995E-03   2.54499988E-04
   1.26409996E-03   3.19860002E-04
   1.01921000E-02   3.23510001E-04
   1.04500999E-04   3.41690000E-04
   8.22568036E-05   3.51769995E-04
   6.99386001E-05   3.54579999E-04
   9.61629994E-05   3.85219988E-04
   8.40352010E-03   3.88869987E-04
   6.07973998E-05   4.07050014E-04
   1.58945004E-05   4.17130010E-04
   4.76845016E-05   4.19940014E-04
   9.23616998E-03   3.92520014E-04
   9.54433985E-04   4.10700013E-04
   4.40261007E-04   4.20780008E-04
   5.28079981E-04   4.23590012E-04
   5.56330997E-06   4.28880012E-04
   3.57643989E-06   4.38960007E-04
   4.37118979E-06   4.41770011E-04
   2.78158996E-06   4.51850006E-04
   1.19209005E-06   4.54660010E-04
       -1137       -1137
  0.118313998       1.76100002E-05
   7.20072016E-02   2.12600007E-05
   2.43641995E-02   3.94400013E-05
   7.18211010E-03   4.95200002E-05
   5.59118018E-03   5.23300005E-05
  0.136895999       4.58200011E-05
   4.67180014E-02   4.94699998E-05
   9.81495995E-03   6.76499985E-05
   7.07039982E-03   7.77300011E-05
   3.08961002E-03   8.05399977E-05
  0.203704998       1.11180001E-04
  0.289806992       1.14830000E-04
   1.28616001E-02   1.33010006E-04
   1.38673000E-02   1.43090001E-04
   1.00873001E-02   1.45900005E-04
   2.28633005E-02   1.18479998E-04
   2.28481996E-03   1.36660005E-04
   9.12521966E-03   1.46740000E-04
   3.43450997E-03   1.49550004E-04
   1.43694997E-05   1.54840003E-04
   4.02361009E-04   1.64919998E-04
   2.44297000E-04   1.67730002E-04
   2.87396997E-05   1.74999994E-04
   1.86809004E-04   1.77809998E-04
   2.87409002E-05   1.80620002E-04
       -1137       -1137
   2.43101008E-02   1.14100003E-05
   8.62044021E-02   1.50599999E-05
   2.11536000E-03   3.32400014E-05
   2.75906001E-04   4.33200003E-05
   4.61377017E-03   4.61300006E-05
   6.39374033E-02   3.96200012E-05
  0.205616996       4.32699999E-05
   2.59966999E-02   6.14500022E-05
   4.81315982E-03   7.15299975E-05
   1.30142998E-02   7.43400014E-05
   1.29832001E-02   1.04979998E-04
  0.222878993       1.08630004E-04
   1.76280004E-03   1.26810002E-04
   9.81020043E-04   1.36889998E-04
   7.37277977E-03   1.39700001E-04
  0.280730993       1.12280002E-04
   1.46070998E-02   1.30460001E-04
   7.31169013E-03   1.40539996E-04
   1.95889995E-02   1.43350000E-04
   1.53284000E-05   1.48640000E-04
   1.37951996E-04   1.58719995E-04
   4.75176988E-04   1.61529999E-04
   1.07300002E-04   1.71609994E-04
   1.37950003E-04   1.74419998E-04
       -1137       -1137
   1.90049000E-02   3.44999989E-06
  0.106472000       7.09999995E-06
   6.56478014E-03   2.52800000E-05
   1.87935994E-03   3.53600008E-05
   3.88850993E-03   3.81700011E-05
  0.345918000       3.16600017E-05
  0.306255013       3.53100004E-05
   1.71946995E-02   5.34899991E-05
   8.88802018E-03   6.35699980E-05
   8.13090988E-03   6.63800020E-05
   2.31360993E-03   9.70199981E-05
  0.122019000       1.00669997E-04
   8.14772956E-03   1.18850003E-04
   5.12090977E-04   1.28929998E-04
   3.82713997E-03   1.31740002E-04
   1.88868996E-02   1.04320003E-04
   6.67486014E-03   1.22500001E-04
   1.48188998E-03   1.32579997E-04
   1.43017003E-03   1.35390001E-04
   1.66250998E-03   1.40680000E-04
   1.02815998E-03   1.50759995E-04
   1.44920999E-03   1.53569999E-04
   2.89421994E-04   1.60840005E-04
   3.79606010E-03   1.63649995E-04
   2.27399007E-03   1.66459999E-04
       -1137       -1137
   1.69367995E-02   7.88000034E-06
   2.05787998E-02   1.79599992E-05
   1.63064003E-02   2.07699995E-05
  0.156176001       5.14099993E-05
  0.681235015       5.50600016E-05
   3.37731987E-02   7.32400003E-05
   1.25569003E-02   8.33200029E-05
   1.97681002E-02   8.61299995E-05
   2.52327006E-02   5.87100003E-05
   2.46190000E-03   7.68899990E-05
   1.08971000E-02   8.69700016E-05
   2.38120998E-03   8.97799982E-05
   2.72126999E-05   9.50699978E-05
   8.50796001E-04   1.05150000E-04
   1.19801000E-04   1.07959997E-04
   1.27296997E-04   1.15230003E-04
   5.42993017E-04   1.18040000E-04
   1.84540004E-05   1.20850003E-04
       -1137       -1137
   2.48997007E-02   2.32000002E-05
  0.550908983       2.68500007E-05
   7.18462002E-03   4.50299995E-05
   1.91185996E-03   5.51099984E-05
   6.07617013E-03   5.79199987E-05
  0.346163005       3.04999994E-05
   3.02108992E-02   4.86800018E-05
   1.45803997E-02   5.87600007E-05
   1.65765993E-02   6.15699973E-05
   1.76771005E-04   6.68599969E-05
   1.72638000E-04   7.69399994E-05
   6.63693994E-04   7.97500034E-05
   2.54760991E-04   8.98299986E-05
   2.17270994E-04   9.26400025E-05
       -1137       -1137
          -1          -1
