   4.07818006E-03   6.11220002E-02
   6.78526005E-03   6.17550015E-02
   3.31334001E-03   6.43799976E-02
   1.65940996E-03   7.43094981E-02
   1.47211005E-03   7.46032000E-02
   7.89703976E-04   7.51964971E-02
   6.76350974E-05   7.56836012E-02
   4.76786008E-05   7.58088008E-02
   4.24339989E-04   7.75735974E-02
   3.68795998E-04   7.77043030E-02
   1.98192996E-04   7.78532997E-02
   1.84771998E-05   7.80678988E-02
   1.28567999E-05   7.80956969E-02
   4.35805987E-08   7.83770978E-02
   4.35805987E-08   7.83838034E-02
   9.64419014E-05   7.83986971E-02
   7.66575977E-05   7.84462020E-02
   4.01783000E-05   7.84771964E-02
   2.78911011E-06   7.85458013E-02
   1.87398996E-06   7.85498992E-02
   3.23871005E-04   6.23879991E-02
   5.68168983E-03   6.50129989E-02
   1.20627997E-03   7.49424994E-02
   1.23453006E-04   7.52362013E-02
   1.13681005E-03   7.58294985E-02
   6.91156965E-05   7.63166025E-02
   1.72707005E-04   7.64418021E-02
   2.99084000E-04   7.82065988E-02
   3.00248994E-05   7.83372968E-02
   2.73846003E-04   7.84863010E-02
   1.81291998E-05   7.87009001E-02
   4.54961992E-05   7.87286982E-02
   5.66509016E-07   7.90100992E-02
   8.27976010E-07   7.90167972E-02
   6.74604016E-05   7.90316984E-02
   6.18810009E-06   7.90792033E-02
   5.49955002E-05   7.91101977E-02
   2.70197006E-06   7.91788027E-02
   6.66735014E-06   7.91829005E-02
   2.39658006E-03   6.76380023E-02
   5.30242978E-04   7.75675029E-02
   1.01778004E-03   7.78611973E-02
   9.90597997E-04   7.84545019E-02
   1.90052000E-04   7.89415985E-02
   1.55877002E-04   7.90667981E-02
   1.28211002E-04   8.08316022E-02
   2.44341005E-04   8.09623003E-02
   2.40769004E-04   8.11112970E-02
   5.03763004E-05   8.13259035E-02
   4.12254994E-05   8.13537017E-02
   8.71553993E-07   8.16351026E-02
   9.15136980E-07   8.16418007E-02
   2.87177008E-05   8.16567019E-02
   5.02883995E-05   8.17041993E-02
   4.84605007E-05   8.17352012E-02
   7.53893983E-06   8.18037987E-02
   6.05747982E-06   8.18078965E-02
   1.66023005E-04   8.74970034E-02
   2.62038986E-04   8.77906978E-02
   1.27375999E-04   8.83840024E-02
   1.06330999E-05   8.88710991E-02
   7.01595991E-06   8.89962986E-02
   8.46284966E-05   9.07611027E-02
   6.56729026E-05   9.08918008E-02
   3.20297004E-05   9.10407975E-02
   2.91969991E-06   9.12553966E-02
   1.87392004E-06   9.12832022E-02
   1.92183998E-05   9.15862024E-02
   1.36400004E-05   9.16336998E-02
   6.49299000E-06   9.16647017E-02
   4.35790014E-07   9.17332992E-02
   2.61467989E-07   9.17373970E-02
   1.13735996E-05   8.80843997E-02
   2.09784994E-04   8.86776969E-02
   1.09819002E-05   8.91648009E-02
   2.31835002E-05   8.92900005E-02
   6.49744979E-05   9.10547972E-02
   5.49079004E-06   9.11855027E-02
   5.08550984E-05   9.13344994E-02
   2.87619991E-06   9.15490985E-02
   6.18813010E-06   9.15768966E-02
   8.71564012E-08   9.18582976E-02
   8.71564012E-08   9.18650031E-02
   1.46426000E-05   9.18798968E-02
   1.13306999E-06   9.19274017E-02
   1.02408003E-05   9.19584036E-02
   4.35793993E-07   9.20270011E-02
   9.15148007E-07   9.20310989E-02
   1.03498998E-04   8.92710015E-02
   3.15951002E-05   8.97580981E-02
   2.50578996E-05   8.98832977E-02
   3.08531016E-05   9.16481018E-02
   5.06830984E-05   9.17787999E-02
   5.04214986E-05   9.19277966E-02
   8.45423983E-06   9.21424031E-02
   6.66746018E-06   9.21702012E-02
   1.30741995E-07   9.24516022E-02
   1.30741995E-07   9.24583003E-02
   6.92893991E-06   9.24732015E-02
   1.04590999E-05   9.25206989E-02
   1.01537998E-05   9.25517008E-02
   1.26378995E-06   9.26202983E-02
   1.00233001E-06   9.26244035E-02
   8.71564012E-08   9.02452022E-02
   3.57342992E-06   9.03704017E-02
   2.57106990E-06   9.21351984E-02
   2.57106990E-06   9.22658965E-02
   7.32128001E-06   9.24149007E-02
   4.35795009E-08   9.26294997E-02
   9.15148007E-07   9.26572978E-02
   5.66512028E-07   9.29602981E-02
   5.22928985E-07   9.30078030E-02
   1.43809996E-06   9.30387974E-02
   1.30740005E-07   9.31115001E-02
   8.71560985E-07   9.04956013E-02
   1.69947998E-06   9.22603980E-02
   5.22926985E-06   9.23911035E-02
   5.75227023E-06   9.25401002E-02
   9.15144994E-07   9.27546993E-02
   4.35792998E-07   9.27824974E-02
   3.92207994E-07   9.30854976E-02
   1.04589003E-06   9.31330025E-02
   1.13306999E-06   9.31639969E-02
   1.30740005E-07   9.32326019E-02
   4.35792984E-08   9.32366997E-02
   1.07638998E-05   9.40252021E-02
   1.62991000E-05   9.41559002E-02
   7.75714034E-06   9.43048969E-02
   6.97262010E-07   9.45195034E-02
   4.35794988E-07   9.45473015E-02
   4.88063006E-06   9.48503017E-02
   3.39911003E-06   9.48977992E-02
   1.56880003E-06   9.49288011E-02
   8.71565007E-08   9.49973986E-02
   8.71565007E-08   9.50014964E-02
   6.53689028E-07   9.42867026E-02
   1.22893998E-05   9.44356024E-02
   6.97270025E-07   9.46502984E-02
   1.39448002E-06   9.46780965E-02
   3.66065001E-06   9.49810967E-02
   2.61474014E-07   9.50286016E-02
   2.48402989E-06   9.50594991E-02
   8.71575025E-08   9.51280966E-02
   2.17888996E-07   9.51322988E-02
   6.09648987E-06   9.45845991E-02
   1.94582003E-06   9.47991982E-02
   1.51337997E-06   9.48269963E-02
   4.32397016E-08   9.51083973E-02
   4.32397016E-08   9.51151028E-02
   1.72954003E-06   9.51299965E-02
   2.50782000E-06   9.51775014E-02
   2.46462992E-06   9.52085033E-02
   3.02665001E-07   9.52771008E-02
   2.16187004E-07   9.52811986E-02
   2.21484001E-07   9.50416028E-02
   1.77192007E-07   9.53446031E-02
   1.32899004E-07   9.53921005E-02
   3.98687007E-07   9.54231024E-02
   4.42990995E-08   9.54959020E-02
   4.83208993E-08   9.50694010E-02
   9.66388995E-08   9.53724012E-02
   2.89918006E-07   9.54198986E-02
   3.38232013E-07   9.54509005E-02
   4.83208993E-08   9.55194980E-02
   5.66504013E-07   9.56754982E-02
   7.84385009E-07   9.57228988E-02
   3.48632994E-07   9.57539007E-02
   4.35789005E-08   9.58224982E-02
   4.51476012E-08   9.57703963E-02
   5.41745010E-07   9.58013982E-02
   4.51476012E-08   9.58741978E-02
   2.80056014E-07   9.58324000E-02
   4.66771013E-08   9.59009975E-02
   4.66771013E-08   9.59051028E-02
       -1137       -1137
   4.60282015E-03   1.05920000E-04
   6.03279006E-03   1.33719994E-04
   1.40535003E-02   4.15070012E-04
   1.85665991E-02   4.21800010E-04
   4.65305988E-03   4.36730013E-04
   3.50113004E-03   4.84220014E-04
   3.07775009E-03   5.15180000E-04
   6.98092976E-04   5.83800022E-04
   9.17249010E-04   5.87939983E-04
  0.228683993       3.46599991E-04
  0.285295993       4.71800013E-04
   1.82432998E-02   2.23660003E-03
   7.18660001E-03   2.36735004E-03
   1.06114000E-02   2.51628994E-03
   3.16152014E-02   2.73091998E-03
   3.72612998E-02   2.75871996E-03
   2.13910993E-02   3.04006995E-03
   2.65046004E-02   3.04679992E-03
   3.93762020E-03   3.06172995E-03
   1.46621000E-03   3.10921995E-03
   2.13579996E-03   3.14017991E-03
   4.34328010E-03   3.20879999E-03
   4.96353023E-03   3.21293995E-03
   5.28356014E-03   8.90200026E-03
   1.09246001E-02   9.19570029E-03
   1.66567005E-02   9.78900027E-03
   1.21347001E-02   1.02760997E-02
   1.52885001E-02   1.04013002E-02
   2.29703006E-03   1.21660996E-02
   2.70560011E-03   1.22967996E-02
   4.07689996E-03   1.24458000E-02
   2.75053992E-03   1.26604000E-02
   3.44083994E-03   1.26882000E-02
   2.40212001E-04   1.29696000E-02
   2.59379012E-04   1.29763000E-02
   5.07757009E-04   1.29912002E-02
   5.60113986E-04   1.30387004E-02
   8.21015972E-04   1.30697004E-02
   4.00933990E-04   1.31382998E-02
   4.91623010E-04   1.31424004E-02
   1.78358005E-05   9.48940031E-03
   2.07003002E-04   1.00827003E-02
   6.91420981E-04   1.05697997E-02
   5.35213994E-03   1.06950002E-02
   1.87506003E-03   1.24597996E-02
   2.27691999E-06   1.25904996E-02
   4.21233017E-05   1.27395000E-02
   1.34907998E-04   1.29541000E-02
   7.71712977E-04   1.29819000E-02
   8.82310997E-05   1.32633001E-02
   3.07192997E-04   1.32700000E-02
   3.90114990E-04   1.32849002E-02
   3.79486011E-07   1.33323995E-02
   8.15922976E-06   1.33633995E-02
   1.95433004E-05   1.34319998E-02
   1.01890000E-04   1.34361004E-02
   6.00354979E-04   1.06760003E-02
   1.67308003E-03   1.11630997E-02
   1.01799995E-03   1.12883002E-02
   2.80040991E-03   1.30530996E-02
   5.14208004E-05   1.31837996E-02
   2.24269999E-04   1.33328000E-02
   1.57479997E-04   1.35474000E-02
   7.43831988E-05   1.35752000E-02
   1.32447007E-04   1.38566000E-02
   1.11569003E-04   1.38633000E-02
   5.79866988E-04   1.38782002E-02
   1.06254001E-05   1.39257004E-02
   4.26931001E-05   1.39567005E-02
   1.93542000E-05   1.40252998E-02
   8.53872007E-06   1.40294004E-02
   7.08121981E-04   1.16502000E-02
   2.04499997E-02   1.17753996E-02
   1.85662997E-03   1.35402000E-02
   2.04349999E-04   1.36708999E-02
   4.56521986E-04   1.38199003E-02
   3.12324002E-04   1.40345003E-02
   3.21183004E-03   1.40623003E-02
   2.49509991E-04   1.43437004E-02
   6.84591010E-04   1.43504003E-02
   3.76832002E-04   1.43652996E-02
   4.38306015E-05   1.44127999E-02
   9.41116014E-05   1.44437999E-02
   4.53489010E-05   1.45124001E-02
   4.29008011E-04   1.45164998E-02
   5.62955998E-03   1.19006000E-02
   2.37462996E-03   1.36654004E-02
   1.17145001E-03   1.37961004E-02
   2.79692002E-04   1.39450999E-02
   3.09828995E-03   1.41596999E-02
   1.86617998E-03   1.41874999E-02
   7.53117027E-04   1.44688999E-02
   5.65448019E-04   1.44755999E-02
   4.84996010E-04   1.44905001E-02
   2.36612002E-04   1.45380003E-02
   5.80622982E-05   1.45690003E-02
   4.18768002E-04   1.46375997E-02
   2.52177007E-04   1.46417003E-02
   2.35843996E-04   1.54301999E-02
   4.66194004E-04   1.55608999E-02
   6.89126027E-04   1.57098994E-02
   4.23127000E-04   1.59245003E-02
   5.33742015E-04   1.59523003E-02
   3.05485009E-05   1.62336994E-02
   3.14973004E-05   1.62403993E-02
   1.03017999E-04   1.62553005E-02
   9.65785002E-05   1.63027998E-02
   1.38878997E-04   1.63337998E-02
   6.16653997E-05   1.64023992E-02
   7.62779964E-05   1.64065007E-02
   1.04352002E-05   1.58405993E-02
   3.54824988E-05   1.60553008E-02
   1.75694993E-04   1.60831008E-02
   1.25229999E-05   1.63643993E-02
   4.91436003E-05   1.63710993E-02
   9.69618995E-05   1.63860992E-02
   2.08725010E-06   1.64644998E-02
   4.93337984E-06   1.65330991E-02
   2.33376995E-05   1.65372994E-02
   2.01114999E-05   1.59895997E-02
   4.76255991E-05   1.62042007E-02
   2.54251008E-05   1.62320007E-02
   2.84619000E-05   1.65133998E-02
   2.33372994E-05   1.65200997E-02
   1.42884004E-04   1.65350009E-02
   2.08722008E-06   1.65825002E-02
   7.58940996E-06   1.66135002E-02
   5.88202010E-06   1.66820996E-02
   3.03584011E-06   1.66861992E-02
   3.18773018E-05   1.64187998E-02
   5.32992010E-04   1.64465997E-02
   3.81388018E-05   1.67280007E-02
   7.89358965E-05   1.67347006E-02
   8.59510983E-05   1.67495999E-02
   7.39994994E-06   1.67970993E-02
   1.00568996E-05   1.68280993E-02
   9.10765993E-06   1.68967005E-02
   7.22898985E-05   1.69009008E-02
   1.66026002E-04   1.64743997E-02
   9.22121981E-05   1.67558007E-02
   7.68437967E-05   1.67625006E-02
   1.08726003E-04   1.67773999E-02
   3.56714991E-05   1.68248992E-02
   5.50255982E-06   1.68558992E-02
   7.32386034E-05   1.69245005E-02
   4.53491011E-05   1.69287007E-02
   1.00620002E-06   1.70370992E-02
   2.05277993E-05   1.70438997E-02
   6.44001011E-06   1.70588009E-02
   2.41499993E-06   1.71063002E-02
   5.83627980E-06   1.71371996E-02
   5.43383021E-06   1.72058996E-02
   1.24777998E-05   1.72099993E-02
   4.85539022E-06   1.70505997E-02
   7.06231003E-06   1.70655008E-02
   1.08144004E-05   1.71130002E-02
   5.29685985E-06   1.71440002E-02
   1.16974998E-05   1.72125995E-02
   1.16974998E-05   1.72166992E-02
   1.55773996E-05   1.70805007E-02
   2.79850992E-05   1.71278995E-02
   4.01309990E-05   1.71588995E-02
   1.74255001E-05   1.72275007E-02
   2.16509998E-05   1.72316991E-02
   6.04845013E-07   1.72064006E-02
   1.81444000E-06   1.72750000E-02
   7.56060990E-06   1.72792003E-02
   1.23796997E-06   1.72374006E-02
   2.16645003E-06   1.73060000E-02
   1.23796997E-06   1.73100997E-02
   5.84505017E-07   1.73745994E-02
   1.01314999E-05   1.73787009E-02
   3.01659998E-06   1.73828993E-02
       -1137       -1137
   4.69509000E-03   1.60359999E-03
   3.51534002E-02   1.73434999E-03
   9.27145965E-03   1.88329001E-03
   3.42068002E-02   2.09792005E-03
   1.16729001E-02   2.12572003E-03
   1.50575000E-03   2.40707002E-03
   2.22494989E-03   2.41379999E-03
   9.79922945E-04   2.42873002E-03
   6.67495001E-03   2.47622002E-03
   1.81915995E-03   2.50717998E-03
   4.78585018E-03   2.57580006E-03
   1.61926995E-03   2.57994002E-03
   5.18326997E-04   8.26899987E-03
   1.91427004E-02   8.56269989E-03
   1.75914995E-03   9.15599987E-03
   3.18222004E-03   9.64310020E-03
   1.57930003E-03   9.76829976E-03
   2.02887997E-04   1.15331002E-02
   3.12924990E-03   1.16638001E-02
   3.86433996E-04   1.18127996E-02
   5.10765996E-04   1.20273996E-02
   2.15895998E-04   1.20551996E-02
   8.56870029E-05   1.23365996E-02
   6.04833986E-05   1.23432996E-02
   4.36839982E-05   1.23581998E-02
   5.94330020E-04   1.24057001E-02
   7.60269031E-05   1.24367001E-02
   7.01493991E-05   1.25053003E-02
   2.85622991E-05   1.25094000E-02
   2.01622006E-02   8.85639992E-03
   4.94618006E-02   9.44969989E-03
   2.54021995E-02   9.93680023E-03
   3.50195989E-02   1.00619998E-02
   5.01570012E-03   1.18268002E-02
   8.40471964E-03   1.19575001E-02
   1.18936999E-02   1.21064996E-02
   5.75090013E-03   1.23210996E-02
   7.91751966E-03   1.23488996E-02
   4.53220011E-04   1.26302997E-02
   3.85586987E-04   1.26369996E-02
   1.14497996E-03   1.26518998E-02
   1.68892997E-03   1.26994001E-02
   2.38709990E-03   1.27304001E-02
   8.38796026E-04   1.27990004E-02
   1.13240001E-03   1.28031000E-02
   1.09668996E-03   1.00429999E-02
   2.19199993E-02   1.05301002E-02
   3.23981000E-03   1.06552998E-02
   3.86028987E-04   1.24201002E-02
   8.21235962E-03   1.25508001E-02
   4.53651999E-04   1.26997996E-02
   4.19456977E-03   1.29143996E-02
   5.98556013E-04   1.29421996E-02
   1.73891996E-04   1.32235996E-02
   9.03093023E-05   1.32302996E-02
   8.44309034E-05   1.32451998E-02
   1.56344997E-03   1.32927001E-02
   8.82074964E-05   1.33237001E-02
   5.93108998E-04   1.33923003E-02
   8.27460026E-05   1.33964000E-02
   2.07892004E-02   1.10171996E-02
   8.17582011E-02   1.11424001E-02
   8.37154977E-04   1.29071996E-02
   4.07584989E-03   1.30379004E-02
   4.86660004E-03   1.31868999E-02
   7.79872993E-03   1.34014999E-02
   1.65456999E-02   1.34292999E-02
   1.54961995E-03   1.37107000E-02
   3.11349006E-03   1.37173999E-02
   1.91960993E-04   1.37323001E-02
   7.77090027E-04   1.37798004E-02
   9.60671983E-04   1.38108004E-02
   1.10429002E-03   1.38793997E-02
   2.32083001E-03   1.38835004E-02
   3.97781981E-03   1.12675996E-02
   3.33500997E-04   1.30324000E-02
   4.94921021E-03   1.31631000E-02
   6.63222978E-04   1.33121004E-02
   1.25809005E-02   1.35267004E-02
   1.46596006E-03   1.35545004E-02
   6.17845973E-04   1.38359005E-02
   2.36053995E-04   1.38426004E-02
   7.26674989E-05   1.38574997E-02
   9.08971997E-04   1.39049999E-02
   1.28532003E-04   1.39359999E-02
   1.71036005E-03   1.40046002E-02
   2.02886004E-04   1.40086999E-02
   1.89016991E-05   1.47972004E-02
   8.24536022E-04   1.49279004E-02
   8.52675003E-05   1.50768999E-02
   1.31042994E-04   1.52914999E-02
   4.53633984E-05   1.53192999E-02
   1.97415993E-05   1.56006999E-02
   1.13407004E-05   1.56073999E-02
   7.98061956E-06   1.56223001E-02
   1.56677997E-04   1.56698003E-02
   1.68008992E-05   1.57008003E-02
   1.80618008E-05   1.57693997E-02
   5.88028979E-06   1.57734994E-02
   8.32081016E-04   1.50587000E-02
   1.98052009E-03   1.52075998E-02
   9.09379974E-04   1.54223004E-02
   1.13029999E-03   1.54501004E-02
   5.96452010E-05   1.57313999E-02
   3.99037999E-05   1.57380998E-02
   1.88606005E-04   1.57530997E-02
   3.30993993E-04   1.58006009E-02
   3.97791009E-04   1.58315003E-02
   1.32315006E-04   1.59000997E-02
   1.62130993E-04   1.59042999E-02
   4.70453015E-05   1.53566003E-02
   9.38413024E-04   1.55712003E-02
   1.24334998E-04   1.55990003E-02
   3.36043013E-05   1.58804003E-02
   1.59617994E-05   1.58871002E-02
   1.89024995E-05   1.59019995E-02
   3.77193996E-04   1.59495007E-02
   1.84826004E-05   1.59805007E-02
   1.32735004E-04   1.60491001E-02
   1.72207001E-05   1.60531998E-02
   7.25862978E-04   1.57858003E-02
   2.65466003E-03   1.58136003E-02
   1.99518996E-04   1.60949994E-02
   4.03657003E-04   1.61016993E-02
   2.98235009E-05   1.61166005E-02
   1.72644999E-04   1.61640998E-02
   1.85653000E-04   1.61950998E-02
   2.04985001E-04   1.62636992E-02
   3.74677998E-04   1.62678994E-02
   1.36514005E-04   1.58414003E-02
   8.65277034E-05   1.61227994E-02
   3.36041012E-05   1.61294993E-02
   1.00811003E-05   1.61444005E-02
   2.07917998E-04   1.61918998E-02
   2.43618997E-05   1.62228998E-02
   3.63335013E-04   1.62914991E-02
   3.78049008E-05   1.62956994E-02
   4.62048001E-06   1.64040998E-02
   3.31828996E-05   1.64109003E-02
   4.20041988E-06   1.64257996E-02
   1.09209004E-05   1.64733008E-02
   6.30032991E-06   1.65042002E-02
   2.60436009E-05   1.65729001E-02
   1.13409997E-05   1.65769998E-02
   2.10010990E-06   1.64176002E-02
   2.52017003E-06   1.64324995E-02
   6.72077022E-06   1.64800007E-02
   2.94021993E-06   1.65110007E-02
   5.33450002E-05   1.65796001E-02
   4.62047001E-06   1.65836997E-02
   8.31860973E-07   1.64474994E-02
   3.53534015E-05   1.64949000E-02
   3.74345996E-06   1.65259000E-02
   4.15930981E-06   1.65944993E-02
   1.24776000E-06   1.65986996E-02
   3.25617002E-05   1.65423993E-02
   7.51406988E-05   1.65733993E-02
   2.50469002E-05   1.66420005E-02
   2.96399994E-05   1.66462008E-02
   1.72174998E-06   1.66043993E-02
   2.66884999E-05   1.66730005E-02
   3.44360001E-06   1.66771002E-02
   1.42818999E-05   1.67415999E-02
   5.12457991E-05   1.67456996E-02
   2.79869005E-06   1.67498998E-02
       -1137       -1137
   6.17309008E-04   5.64400014E-03
   2.96518992E-04   5.93770016E-03
   1.98960993E-02   6.53100014E-03
   2.66653998E-03   7.01810000E-03
   4.78286995E-03   7.14330003E-03
   2.43749993E-04   8.90810043E-03
   5.27693992E-05   9.03884973E-03
   3.17836995E-03   9.18778963E-03
   2.92740995E-04   9.40242037E-03
   4.87904996E-04   9.43022035E-03
   2.59663007E-04   9.71157011E-03
   4.52317996E-04   9.71829984E-03
   5.23511007E-05   9.73322988E-03
   1.00511998E-05   9.78071988E-03
   5.86749986E-04   9.81167983E-03
   3.76932003E-05   9.88029968E-03
   5.98896986E-05   9.88444034E-03
   1.80088991E-05   6.23140018E-03
   3.33864987E-02   6.82470016E-03
   1.51186995E-03   7.31180003E-03
   1.24524999E-02   7.43700005E-03
   6.15634999E-05   9.20180045E-03
   1.25634997E-05   9.33254976E-03
   5.53862983E-03   9.48148966E-03
   2.93588993E-04   9.69612040E-03
   2.00316007E-03   9.72392038E-03
   2.44171999E-04   1.00052999E-02
   6.03499007E-04   1.00119999E-02
   1.38207997E-05   1.00269001E-02
   2.93152993E-06   1.00744003E-02
   1.02979003E-03   1.01054003E-02
   4.22992998E-05   1.01739997E-02
   2.71389988E-04   1.01781003E-02
   4.13409993E-02   7.41800014E-03
   4.33270000E-02   7.90509954E-03
   5.74233010E-02   8.03030003E-03
   5.12898015E-03   9.79510043E-03
   7.72674009E-03   9.92584974E-03
   1.66336000E-02   1.00747999E-02
   9.20557976E-03   1.02893999E-02
   1.20587004E-02   1.03171999E-02
   8.72350996E-04   1.05985999E-02
   1.06458995E-03   1.06052998E-02
   1.16681005E-03   1.06202001E-02
   1.58047001E-03   1.06677003E-02
   3.23491008E-03   1.06987003E-02
   1.33011001E-03   1.07672997E-02
   1.70330994E-03   1.07714003E-02
   5.89803979E-03   8.39219987E-03
  0.110197000       8.51740036E-03
   6.46220986E-04   1.02821998E-02
   3.73990013E-04   1.04128998E-02
   6.52298983E-03   1.05619002E-02
   2.11925991E-03   1.07765002E-02
   1.65651999E-02   1.08043002E-02
   4.77435009E-04   1.10857002E-02
   1.61071005E-03   1.10924002E-02
   1.45743004E-04   1.11073004E-02
   7.70586994E-05   1.11547997E-02
   1.18892000E-03   1.11857997E-02
   2.98595987E-04   1.12544000E-02
   2.20701005E-03   1.12584997E-02
   7.31573030E-02   8.64259992E-03
   1.17184001E-03   1.04074003E-02
   2.60516000E-03   1.05381003E-02
   9.72951017E-03   1.06870998E-02
   1.99960992E-02   1.09016998E-02
   2.51969006E-02   1.09294998E-02
   5.02886018E-03   1.12108998E-02
   4.56142984E-03   1.12175997E-02
   2.66366987E-04   1.12325000E-02
   5.22280985E-04   1.12800002E-02
   1.83024001E-03   1.13110002E-02
   2.81199999E-03   1.13795996E-02
   3.45028006E-03   1.13837002E-02
   2.47096996E-05   1.21721998E-02
   1.17271002E-05   1.23028997E-02
   8.19207984E-04   1.24519002E-02
   7.70620973E-05   1.26665002E-02
   1.28158994E-04   1.26943002E-02
   3.39243015E-05   1.29757002E-02
   6.74320036E-05   1.29824001E-02
   1.08893000E-05   1.29973004E-02
   2.51281995E-06   1.30447997E-02
   1.51193002E-04   1.30757997E-02
   1.00514999E-05   1.31444000E-02
   1.59145002E-05   1.31484997E-02
   4.18803012E-07   1.24337003E-02
   1.27319002E-03   1.25826001E-02
   6.78458964E-05   1.27972998E-02
   4.51047992E-04   1.28250998E-02
   3.64350017E-05   1.31064001E-02
   8.46006005E-05   1.31131001E-02
   2.51268989E-06   1.31281000E-02
   4.18803012E-07   1.31756002E-02
   2.36206994E-04   1.32064996E-02
   9.63241018E-06   1.32750999E-02
   6.15626996E-05   1.32793002E-02
   1.59901998E-03   1.27315996E-02
   1.38961000E-03   1.29461996E-02
   2.01238994E-03   1.29739996E-02
   1.08471999E-04   1.32553997E-02
   1.39039999E-04   1.32620996E-02
   1.86374993E-04   1.32769998E-02
   2.60077009E-04   1.33245001E-02
   6.16070989E-04   1.33555001E-02
   2.01021001E-04   1.34241004E-02
   2.83534988E-04   1.34282000E-02
   1.82598000E-04   1.31607996E-02
   3.14638996E-03   1.31885996E-02
   5.69576987E-05   1.34699997E-02
   1.82182004E-04   1.34766996E-02
   1.75884998E-05   1.34915998E-02
   1.38206997E-05   1.35391001E-02
   2.53362989E-04   1.35701001E-02
   5.10940008E-05   1.36387004E-02
   4.22148994E-04   1.36428997E-02
   2.18202989E-03   1.32163996E-02
   5.90091979E-04   1.34977996E-02
   5.26020012E-04   1.35044996E-02
   2.93152007E-05   1.35193998E-02
   9.13010008E-05   1.35669000E-02
   3.77341988E-04   1.35979000E-02
   4.45607991E-04   1.36665003E-02
   5.97636972E-04   1.36706997E-02
   2.56816998E-06   1.37791000E-02
   7.53384011E-05   1.37858996E-02
   6.84837005E-06   1.38007998E-02
   6.84837005E-06   1.38483001E-02
   1.96903002E-05   1.38792004E-02
   7.70459974E-06   1.39479004E-02
   7.66192970E-05   1.39520001E-02
   2.59656008E-05   1.37925996E-02
   1.38205996E-05   1.38074998E-02
   1.59135998E-05   1.38550000E-02
   2.47084008E-05   1.38860000E-02
   2.34529998E-05   1.39546003E-02
   6.65866974E-05   1.39587000E-02
   1.47931996E-06   1.38224997E-02
   4.93135019E-07   1.38699003E-02
   4.04370985E-05   1.39009003E-02
   2.46561990E-06   1.39694996E-02
   4.43821000E-06   1.39736999E-02
   5.90031996E-05   1.39483996E-02
   2.56534008E-06   1.40169999E-02
   1.53915007E-05   1.40212001E-02
   7.23261983E-05   1.39793996E-02
   4.46263984E-05   1.40479999E-02
   6.51453011E-05   1.40520995E-02
   3.76927005E-06   1.41166002E-02
   5.98888982E-05   1.41206998E-02
   4.10415014E-05   1.41249001E-02
       -1137       -1137
   2.01341007E-02   7.57700036E-05
   2.68977005E-02   8.25000025E-05
   1.27860000E-02   9.74299983E-05
   1.27130998E-02   1.44920006E-04
   1.61173996E-02   1.75880006E-04
   8.01528990E-03   2.44499999E-04
   1.06194001E-02   2.48639990E-04
   1.81380997E-03   2.70690012E-04
   1.07386999E-03   2.81760003E-04
   1.16889004E-03   2.85160000E-04
   5.46681993E-02   0.00000000    
   5.23086004E-02   1.45290003E-04
   1.49459001E-02   3.59919999E-04
   2.81984992E-02   3.87720007E-04
  0.184388995       6.69069996E-04
  0.226455003       6.75800024E-04
   1.09334998E-02   6.90729998E-04
   1.06840003E-02   7.38219998E-04
   1.02404999E-02   7.69180013E-04
   2.22010002E-03   8.37799977E-04
   4.18087980E-03   8.41939996E-04
   1.58684002E-03   8.63989990E-04
   9.25572007E-04   8.75059981E-04
   7.61525996E-04   8.78460007E-04
   2.56693996E-02   3.52700008E-04
   5.53276995E-03   4.83450014E-04
   7.61329988E-03   6.32389972E-04
   8.83696042E-03   8.47020012E-04
   1.08073000E-02   8.74819991E-04
   9.40694008E-03   1.15617004E-03
   8.72351974E-03   1.16290001E-03
   3.69193009E-03   1.17783004E-03
   8.90851021E-04   1.22532004E-03
   1.14863995E-03   1.25628000E-03
   1.04938005E-03   1.32489996E-03
   1.36783998E-03   1.32904004E-03
   5.00959984E-04   1.35109003E-03
   7.62483978E-05   1.36215996E-03
   8.26944015E-05   1.36555999E-03
   3.54911014E-02   4.77900001E-04
   9.02340980E-04   6.08649978E-04
   1.13024004E-02   7.57589994E-04
   1.22218998E-02   9.72219976E-04
   1.71172991E-02   1.00001995E-03
   1.08363004E-02   1.28136994E-03
   1.66609008E-02   1.28810003E-03
   5.03828982E-03   1.30302995E-03
   1.86912002E-04   1.35051995E-03
   1.68520003E-03   1.38148002E-03
   1.58961001E-03   1.45009998E-03
   2.08584010E-03   1.45423994E-03
   6.83319988E-04   1.47629005E-03
   1.70039002E-05   1.48735999E-03
   1.21352001E-04   1.49076001E-03
   2.30422011E-03   2.24269996E-03
   4.04777983E-03   2.37344997E-03
   6.55015977E-03   2.52239010E-03
   7.71000981E-03   2.73701991E-03
   1.07931998E-02   2.76481989E-03
   5.66468015E-03   3.04617011E-03
   7.07628997E-03   3.05290008E-03
   8.51547986E-04   3.06783011E-03
   8.33046972E-04   3.11532011E-03
   1.31174002E-03   3.14628007E-03
   1.09799998E-03   3.21489992E-03
   1.50768005E-03   3.21904011E-03
   1.22423007E-04   3.24109010E-03
   7.37125010E-05   3.25216004E-03
   9.83931968E-05   3.25556006E-03
   1.65406003E-04   2.50419998E-03
   4.96536028E-04   2.65314011E-03
   2.51863006E-04   2.86776992E-03
   1.33855006E-04   2.89556989E-03
   3.15448015E-05   3.17692012E-03
   4.60920011E-04   3.18365009E-03
   5.69107011E-04   3.19857989E-03
   5.01776012E-05   3.24606989E-03
   7.15873975E-05   3.27703007E-03
   3.10536998E-05   3.34564992E-03
   2.28827994E-05   3.34978988E-03
   7.71436025E-05   3.37184011E-03
   4.24951986E-06   3.38291004E-03
   5.06686001E-06   3.38631007E-03
   5.38857013E-04   2.80208001E-03
   5.95897029E-04   3.01671005E-03
   1.36128999E-03   3.04451003E-03
   6.96095987E-04   3.32586002E-03
   1.12837995E-03   3.33258999E-03
   9.25890985E-04   3.34752002E-03
   8.67876006E-05   3.39501002E-03
   1.81423005E-04   3.42596998E-03
   8.46601979E-05   3.49459006E-03
   1.81095005E-04   3.49873002E-03
   1.25851002E-04   3.52078001E-03
   7.51832022E-06   3.53184994E-03
   1.32394998E-05   3.53524997E-03
   9.44705971E-05   3.23134009E-03
   3.18554987E-04   3.25914007E-03
   4.37371986E-04   3.54049006E-03
   2.82845995E-03   3.54722003E-03
   1.06302998E-03   3.56215006E-03
   3.33427015E-05   3.60964006E-03
   9.20202001E-05   3.64060001E-03
   2.12483992E-05   3.70922009E-03
   3.77557990E-05   3.71336006E-03
   1.43658996E-04   3.73541005E-03
   2.77853997E-06   3.74647998E-03
   6.70084000E-06   3.74988001E-03
   2.27177996E-04   3.28694005E-03
   2.58245994E-03   3.56829003E-03
   1.59458001E-03   3.57502000E-03
   1.48240000E-03   3.58995004E-03
   2.01027997E-05   3.63744004E-03
   2.07407997E-04   3.66839999E-03
   3.46497000E-05   3.73702007E-03
   5.21367001E-05   3.74116004E-03
   2.00053997E-04   3.76321003E-03
   1.63439995E-06   3.77427996E-03
   1.48732997E-05   3.77767999E-03
   6.12417003E-04   3.84964002E-03
   4.04981012E-03   3.85636999E-03
   7.29301013E-04   3.87130002E-03
   4.97490009E-06   3.91878979E-03
   7.76102970E-05   3.94975021E-03
   5.72110002E-05   4.01837006E-03
   3.68309993E-04   4.02250979E-03
   9.73444985E-05   4.04455978E-03
   4.97490021E-07   4.05562995E-03
   5.30658008E-06   4.05903021E-03
   1.39032002E-03   3.86309996E-03
   9.02609027E-04   3.87802999E-03
   8.37772968E-05   3.92552000E-03
   1.34796996E-04   3.95647995E-03
   3.95848998E-04   4.02509980E-03
   2.15948006E-04   4.02923999E-03
   1.20470999E-04   4.05128999E-03
   7.24234997E-06   4.06236015E-03
   9.38180983E-06   4.06575995E-03
   7.88446996E-05   3.89296003E-03
   1.28100000E-04   3.94045003E-03
   2.01086994E-04   3.97140998E-03
   1.65128004E-04   4.04002983E-03
   2.25905998E-04   4.04417003E-03
   2.23232000E-05   4.06622002E-03
   1.13391998E-05   4.07729018E-03
   1.50597998E-05   4.08068998E-03
   5.01863997E-06   3.98794003E-03
   1.61463995E-05   4.01889998E-03
   5.45508010E-06   4.08751983E-03
   4.80050994E-06   4.09166003E-03
   2.13843996E-05   4.11371002E-03
   8.72781982E-07   4.12478019E-03
   1.09098005E-06   4.12817998E-03
   1.95817993E-05   4.04985994E-03
   1.76256999E-05   4.11847979E-03
   3.69902991E-05   4.12261998E-03
   3.35076002E-05   4.14466998E-03
   1.30549995E-06   4.15574014E-03
   2.82876999E-06   4.15913993E-03
   1.26539999E-06   4.18710010E-03
   4.70015993E-06   4.19123983E-03
   2.27771998E-05   4.21328982E-03
   3.61555010E-07   4.22435999E-03
   1.08463996E-06   4.22775978E-03
   3.22718006E-06   4.19538002E-03
   3.08376984E-05   4.21743002E-03
   3.58579001E-07   4.22850018E-03
   2.15148998E-06   4.23189998E-03
   1.47088997E-06   4.23948001E-03
   1.47088997E-06   4.25055018E-03
   1.96131009E-06   4.25394997E-03
       -1137       -1137
   5.91898011E-03   6.62199964E-05
   1.46017000E-02   9.40199971E-05
   2.85512004E-02   3.75370000E-04
   2.51068994E-02   3.82099999E-04
   3.10397008E-03   3.97030002E-04
   4.10227012E-03   4.44520003E-04
   2.30719009E-03   4.75479988E-04
   1.18865003E-03   5.44100010E-04
   2.35907990E-03   5.48239972E-04
   4.30326996E-04   5.70290023E-04
   3.32567986E-04   5.81360015E-04
   1.62826007E-04   5.84759982E-04
   4.79077995E-02   5.90000018E-05
   4.91387993E-02   1.89750004E-04
   4.13917005E-02   3.38690006E-04
   1.75678991E-02   5.53319987E-04
   2.34072991E-02   5.81120024E-04
  0.144472003       8.62470013E-04
  0.224614993       8.69199983E-04
   1.06763998E-02   8.84130015E-04
   8.47658981E-03   9.31620016E-04
   7.98911974E-03   9.62579972E-04
   2.63148989E-03   1.03120005E-03
   3.58436001E-03   1.03534001E-03
   1.55871001E-03   1.05739001E-03
   7.29035004E-04   1.06846006E-03
   5.91811026E-04   1.07185997E-03
   7.55607011E-03   1.84200006E-04
   5.54994009E-02   3.14950012E-04
   4.72282991E-03   4.63889999E-04
   1.19939004E-03   6.78520009E-04
   2.69452995E-03   7.06319988E-04
   6.53707981E-03   9.87670035E-04
   4.26569022E-03   9.94400005E-04
   1.11855997E-03   1.00933004E-03
   7.42285000E-03   1.05682004E-03
   7.96734996E-04   1.08777999E-03
   8.17488981E-05   1.15639996E-03
   3.48075002E-04   1.16054004E-03
   1.53386994E-04   1.18259003E-03
   6.12193020E-04   1.19365996E-03
   5.81517997E-05   1.19705999E-03
   6.73072995E-04   1.94900006E-03
   1.00619001E-02   2.07974995E-03
   1.33707002E-03   2.22869008E-03
   3.58780992E-04   2.44331989E-03
   1.16913998E-03   2.47112010E-03
   5.18091983E-05   2.75247009E-03
   8.54849000E-04   2.75920006E-03
   2.32248000E-04   2.77413009E-03
   1.30988995E-03   2.82162009E-03
   2.40918002E-04   2.85258004E-03
   3.62674000E-05   2.92119989E-03
   1.48517007E-04   2.92534009E-03
   3.28109018E-05   2.94739008E-03
   1.07934997E-04   2.95846001E-03
   1.77007005E-05   2.96186004E-03
   7.79470988E-03   2.21049995E-03
   2.15038992E-02   2.35944008E-03
   2.16182992E-02   2.57406989E-03
   3.41801010E-02   2.60187010E-03
   1.30852005E-02   2.88322009E-03
   2.17530001E-02   2.88995006E-03
   2.26084003E-03   2.90488009E-03
   2.66174995E-03   2.95237009E-03
   4.26689023E-03   2.98333005E-03
   3.09037999E-03   3.05194990E-03
   4.73007001E-03   3.05609009E-03
   3.34209995E-04   3.07814009E-03
   2.30574005E-04   3.08921002E-03
   3.19512998E-04   3.09261004E-03
   5.66885981E-04   2.50837998E-03
   1.36734999E-03   2.72301002E-03
   1.22573006E-03   2.75081000E-03
   8.78657028E-03   3.03215999E-03
   2.42727995E-03   3.03888996E-03
   1.92131003E-04   3.05381999E-03
   2.86073005E-03   3.10130999E-03
   1.89972998E-04   3.13226995E-03
   1.54997993E-04   3.20089003E-03
   1.51543994E-04   3.20502999E-03
   2.63388993E-05   3.22707999E-03
   2.36588996E-04   3.23814992E-03
   1.38160003E-05   3.24154994E-03
   7.68106023E-04   2.93764006E-03
   1.70032994E-03   2.96544004E-03
   9.28284018E-04   3.24679003E-03
   1.50205998E-03   3.25352000E-03
   7.72834974E-05   3.26845003E-03
   2.79430998E-03   3.31594003E-03
   2.46537995E-04   3.34689999E-03
   1.80043993E-04   3.41552007E-03
   2.17173001E-04   3.41966003E-03
   1.12257003E-05   3.44171003E-03
   2.29683006E-04   3.45277996E-03
   1.81328996E-05   3.45617998E-03
   4.45990998E-04   2.99324002E-03
   2.45746993E-03   3.27459001E-03
   5.80712978E-04   3.28131998E-03
   2.08540994E-04   3.29625001E-03
   4.47642012E-03   3.34374001E-03
   1.87819998E-04   3.37469997E-03
   1.98608002E-04   3.44332005E-03
   1.04917002E-04   3.44746001E-03
   2.97891002E-05   3.46951000E-03
   3.68718989E-04   3.48057994E-03
   1.33842996E-05   3.48397996E-03
   3.33886012E-03   3.55594000E-03
   2.13664994E-02   3.56266997E-03
   6.90809020E-06   3.57760000E-03
   1.56293996E-03   3.62509000E-03
   1.63985998E-03   3.65604996E-03
   1.47226994E-04   3.72467004E-03
   3.94636008E-04   3.72881000E-03
   8.63505988E-07   3.75085999E-03
   1.27367006E-04   3.76192993E-03
   1.21755002E-04   3.76532995E-03
   1.11783005E-03   3.56939994E-03
   1.58020994E-04   3.58432997E-03
   2.54436000E-03   3.63181997E-03
   4.03701997E-04   3.66277993E-03
   2.24072995E-04   3.73140001E-03
   8.46238981E-05   3.73553997E-03
   2.24514006E-05   3.75758996E-03
   2.05953998E-04   3.76865990E-03
   2.93600006E-05   3.77205992E-03
   2.03205000E-05   3.59926000E-03
   3.03053996E-04   3.64675000E-03
   3.53413016E-05   3.67770996E-03
   7.50972004E-06   3.74633004E-03
   2.73900005E-05   3.75047000E-03
   5.74277010E-06   3.77251999E-03
   2.51794008E-05   3.78358993E-03
   2.65053995E-06   3.78698995E-03
   2.17731998E-04   3.69424000E-03
   5.82390989E-04   3.72519996E-03
   4.09072003E-04   3.79382004E-03
   6.34733005E-04   3.79796000E-03
   4.44284997E-05   3.82001000E-03
   3.73900002E-05   3.83107993E-03
   4.35477014E-05   3.83447995E-03
   2.02229003E-05   3.75615992E-03
   3.55267985E-05   3.82478000E-03
   2.95134996E-05   3.82891996E-03
   6.01214015E-06   3.85096995E-03
   6.01214015E-05   3.86203988E-03
   2.73274009E-06   3.86543991E-03
   1.08822996E-05   3.89340008E-03
   2.81135999E-05   3.89754004E-03
   9.06840000E-07   3.91958980E-03
   3.49139991E-05   3.93065996E-03
   2.26702991E-06   3.93406022E-03
   7.88915986E-06   3.90168000E-03
   4.73365981E-06   3.92372999E-03
   6.25902030E-05   3.93480016E-03
   2.10374992E-06   3.93819995E-03
   4.31753989E-07   3.94577999E-03
   3.45417993E-06   3.95685015E-03
   4.31753989E-07   3.96024995E-03
   1.29524994E-06   3.96791985E-03
   3.45412991E-06   3.97132011E-03
       -1137       -1137
   1.18845003E-02   0.00000000    
   1.66053008E-02   2.69170007E-04
   2.41937004E-02   2.75900005E-04
   2.92151002E-03   2.90830008E-04
   2.61026993E-03   3.38320009E-04
   8.22686963E-03   3.69279995E-04
   1.35250005E-03   4.37899987E-04
   1.43829000E-03   4.42040007E-04
   4.14720009E-04   4.64090001E-04
   2.23673997E-04   4.75159992E-04
   5.85937989E-04   4.78559989E-04
   4.88183983E-02   8.52200028E-05
   6.51618019E-02   1.13020003E-04
  0.187714994       3.94369999E-04
  0.226826996       4.01099998E-04
   1.75484996E-02   4.16030001E-04
   1.75550003E-02   4.63520002E-04
   2.05093008E-02   4.94480017E-04
   5.85007994E-03   5.63099980E-04
   8.35793000E-03   5.67240000E-04
   2.54562008E-03   5.89289994E-04
   1.51048996E-03   6.00359985E-04
   1.49297004E-03   6.03760011E-04
   2.65556009E-04   1.35569996E-03
   6.01800974E-04   1.48644997E-03
   1.21962000E-02   1.63538998E-03
   7.30007014E-04   1.85002002E-03
   9.00647021E-04   1.87782000E-03
   1.92442001E-03   2.15917011E-03
   3.42642004E-03   2.16590008E-03
   9.30769020E-05   2.18083011E-03
   8.48627969E-05   2.22832011E-03
   1.56907004E-03   2.25928007E-03
   9.07940994E-05   2.32789991E-03
   1.07220003E-04   2.33204011E-03
   1.32313999E-05   2.35409010E-03
   6.84387987E-06   2.36516003E-03
   1.09957997E-04   2.36856006E-03
   1.55129001E-05   1.61719997E-03
   1.51642999E-02   1.76613999E-03
   3.29873001E-04   1.98076991E-03
   3.26739997E-03   2.00856989E-03
   1.68132002E-03   2.28992011E-03
   8.96004029E-03   2.29665008E-03
   9.80961995E-05   2.31158012E-03
   4.56274984E-06   2.35906988E-03
   1.99517002E-03   2.39003007E-03
   4.51704000E-05   2.45864992E-03
   3.70942988E-04   2.46279011E-03
   1.36877998E-05   2.48484011E-03
   4.56274989E-07   2.49591004E-03
   1.40531003E-04   2.49931007E-03
   1.97237991E-02   1.91508001E-03
   2.90217008E-02   2.12971005E-03
   3.78306992E-02   2.15751003E-03
   2.59498991E-02   2.43886001E-03
   2.96893008E-02   2.44558998E-03
   2.69141002E-03   2.46052002E-03
   3.04298010E-03   2.50801002E-03
   6.47056010E-03   2.53896997E-03
   4.00782004E-03   2.60759005E-03
   5.17445989E-03   2.61173001E-03
   3.96493007E-04   2.63378001E-03
   2.68281990E-04   2.64484994E-03
   4.73129010E-04   2.64824997E-03
   1.93921005E-04   2.34434009E-03
   4.67860000E-03   2.37214006E-03
   7.15888978E-04   2.65349005E-03
   8.29404034E-03   2.66022002E-03
   8.98842991E-05   2.67515006E-03
   2.28129993E-05   2.72264006E-03
   3.74321011E-03   2.75360001E-03
   4.37997987E-05   2.82222009E-03
   5.64419024E-04   2.82636005E-03
   1.18630996E-05   2.84841005E-03
   1.82501003E-06   2.85947998E-03
   2.62802991E-04   2.86288001E-03
   2.04273011E-03   2.39994004E-03
   6.70209015E-03   2.68129003E-03
   5.56787988E-03   2.68802000E-03
   1.15891002E-04   2.70295003E-03
   3.28044000E-04   2.75044004E-03
   4.81826998E-03   2.78139999E-03
   5.64415997E-04   2.85002007E-03
   4.95050976E-04   2.85416003E-03
   1.55129001E-05   2.87621003E-03
   2.60078996E-05   2.88727996E-03
   3.37183010E-04   2.89067999E-03
   1.08457997E-03   2.96264002E-03
   2.83809993E-02   2.96936999E-03
   2.12166997E-04   2.98430002E-03
   2.78791995E-04   3.03179002E-03
   3.18707991E-03   3.06274998E-03
   1.14524999E-04   3.13137006E-03
   8.63717985E-04   3.13551002E-03
   2.82895999E-05   3.15756002E-03
   2.37273998E-05   3.16862995E-03
   2.22221002E-04   3.17202997E-03
   1.12434002E-02   2.97609996E-03
   3.36713012E-04   2.99102999E-03
   1.46867998E-03   3.03851999E-03
   3.79518000E-03   3.06947995E-03
   1.13609002E-03   3.13810003E-03
   7.78376008E-04   3.14223999E-03
   4.33435998E-05   3.16428998E-03
   1.25927996E-04   3.17535992E-03
   2.67347990E-04   3.17875994E-03
   1.02875001E-05   3.00596002E-03
   1.64604007E-05   3.05345003E-03
   3.91448004E-04   3.08440998E-03
   1.33740996E-05   3.15303006E-03
   1.64604007E-05   3.15717002E-03
   3.08621998E-06   3.17922002E-03
   1.54314000E-06   3.19028995E-03
   2.72622001E-05   3.19368998E-03
   4.97313010E-07   3.10094003E-03
   4.38621995E-04   3.13189998E-03
   2.98371992E-06   3.20052006E-03
   4.27664017E-05   3.20466002E-03
   1.98913995E-06   3.22671002E-03
   3.08333001E-05   3.24117998E-03
   6.08014001E-04   3.16285994E-03
   6.23881002E-04   3.23148002E-03
   7.94386026E-04   3.23561998E-03
   6.14019009E-05   3.25766997E-03
   4.27605009E-05   3.26873991E-03
   8.82640015E-05   3.27213993E-03
   2.73756996E-06   3.30010010E-03
   7.30039028E-05   3.30424006E-03
   1.82504004E-06   3.32629005E-03
   3.65039014E-05   3.34076001E-03
   3.22027008E-05   3.30838002E-03
   1.86678005E-06   3.33043002E-03
   3.26702002E-06   3.34149995E-03
   4.76048008E-05   3.34489997E-03
   3.65030996E-06   3.36694997E-03
   2.28130989E-06   3.37801990E-03
   2.28130989E-06   3.38141993E-03
       -1137       -1137
   8.91392026E-03   7.38000017E-06
   4.80514988E-02   7.59999966E-05
   6.78730011E-03   8.01400020E-05
   8.19168985E-04   1.02190003E-04
   3.03112989E-04   1.13260001E-04
   5.74565027E-04   1.16659998E-04
   2.01433995E-05   8.68599978E-04
   1.04163995E-03   9.99349984E-04
   8.44093971E-04   1.14829000E-03
   3.21548991E-02   1.36292004E-03
   3.71119007E-03   1.39072002E-03
   1.55474003E-02   1.67207001E-03
   4.03844984E-03   1.67879998E-03
   1.82243002E-05   1.69373001E-03
   1.71691994E-04   1.74122001E-03
   1.11264002E-04   1.77217997E-03
   3.15482006E-03   1.84080005E-03
   3.78886005E-04   1.84494001E-03
   2.87758007E-06   1.86699000E-03
   1.43879997E-05   1.87806005E-03
   7.67385973E-06   1.88145996E-03
   5.91841992E-04   1.13009999E-03
   4.11217986E-03   1.27904001E-03
   2.89373007E-02   1.49367005E-03
   1.92228996E-03   1.52147003E-03
   1.04881003E-02   1.80282001E-03
   5.33987023E-03   1.80954998E-03
   1.44845995E-04   1.82448002E-03
   1.92805004E-04   1.87197002E-03
   6.04311994E-04   1.90292997E-03
   2.81814998E-03   1.97155005E-03
   2.25412005E-04   1.97569001E-03
   2.01436997E-05   1.99774001E-03
   1.63063996E-05   2.00880994E-03
   4.31652988E-05   2.01220997E-03
   1.44935003E-03   1.42798002E-03
   5.73223010E-02   1.64260995E-03
   2.17843009E-03   1.67041004E-03
   2.85462989E-03   1.95176003E-03
   1.96543010E-03   1.95848988E-03
   1.41971002E-04   1.97341992E-03
   5.27568976E-04   2.02090992E-03
   4.06701001E-04   2.05187011E-03
   5.64402016E-03   2.12048995E-03
   2.33087994E-04   2.12462991E-03
   2.01434996E-05   2.14667991E-03
   4.31650988E-05   2.15775007E-03
   2.87759995E-05   2.16115010E-03
   5.20264991E-02   1.85723999E-03
  0.102811001       1.88503996E-03
   5.80436997E-02   2.16638995E-03
   6.96382001E-02   2.17311992E-03
   6.51853019E-03   2.18804996E-03
   5.85974986E-03   2.23553996E-03
   1.10636000E-02   2.26649991E-03
   1.24089997E-02   2.33511999E-03
   1.39046004E-02   2.33925995E-03
   9.50579008E-04   2.36130995E-03
   5.17978973E-04   2.37238011E-03
   8.24909017E-04   2.37577991E-03
   1.63538998E-03   1.91283994E-03
   6.63362965E-02   2.19418993E-03
   3.26709007E-03   2.20091990E-03
   3.97102995E-04   2.21584993E-03
   2.37878994E-04   2.26333993E-03
   3.38601996E-04   2.29429989E-03
   1.01747001E-02   2.36291997E-03
   3.64497013E-04   2.36705993E-03
   5.27566990E-05   2.38910993E-03
   2.01434996E-05   2.40018009E-03
   2.39798992E-05   2.40357989E-03
   6.37326017E-02   2.47553992E-03
  0.183808997       2.48226989E-03
   3.33520002E-03   2.49719992E-03
   1.73815002E-03   2.54468992E-03
   5.68830990E-04   2.57565011E-03
   6.21205987E-03   2.64426996E-03
   8.56020022E-03   2.64840992E-03
   4.89198021E-04   2.67045991E-03
   1.50606007E-04   2.68153008E-03
   4.22074008E-05   2.68493011E-03
   3.75073007E-03   2.48900009E-03
   5.99200022E-04   2.50392989E-03
   4.55962989E-04   2.55141989E-03
   3.37044999E-04   2.58238008E-03
   6.18195022E-03   2.65099993E-03
   3.85730993E-04   2.65513989E-03
   8.23882001E-05   2.67718988E-03
   3.55769007E-05   2.68826005E-03
   2.43423001E-05   2.69166008E-03
   2.02347996E-06   2.51885992E-03
   2.73168007E-05   2.56634993E-03
   2.02348001E-05   2.59731011E-03
   6.79910008E-04   2.66592996E-03
   4.75527995E-05   2.67006992E-03
   1.01171997E-06   2.69211992E-03
   2.02347996E-06   2.70319008E-03
   1.01171997E-06   2.70659011E-03
   2.08231995E-05   2.61383993E-03
   9.94884031E-05   2.64480012E-03
   6.91786001E-04   2.71341996E-03
   3.70185007E-05   2.71755992E-03
   4.62721982E-06   2.73960992E-03
   3.47049991E-06   2.75068008E-03
   6.94089022E-06   2.75408011E-03
   3.85538988E-05   2.67576007E-03
   1.42157997E-03   2.74437992E-03
   4.97449983E-05   2.74852011E-03
   3.73097009E-06   2.77057011E-03
   8.70547956E-06   2.78164004E-03
   4.97449992E-06   2.78504007E-03
   7.15571980E-04   2.81300000E-03
   1.38313998E-03   2.81713996E-03
   9.40020982E-05   2.83918995E-03
   5.08404992E-05   2.85025989E-03
   8.15341991E-05   2.85365991E-03
   3.01936998E-05   2.82127992E-03
   8.62645993E-06   2.84332992E-03
   4.31330000E-06   2.85440008E-03
   4.31330000E-06   2.85780011E-03
   9.59184035E-07   2.89092003E-03
       -1137       -1137
   2.43882998E-04   8.74150021E-04
   1.89371000E-03   1.02308998E-03
   3.29976995E-03   1.23772002E-03
   3.53103988E-02   1.26552000E-03
   4.27932991E-03   1.54686999E-03
   1.64745003E-02   1.55359996E-03
   1.16597002E-05   1.56852999E-03
   1.55465004E-05   1.61601999E-03
   2.57481006E-04   1.64697994E-03
   3.18692008E-04   1.71560002E-03
   3.42027005E-03   1.71973999E-03
   1.94334007E-06   1.74178998E-03
   9.71689019E-07   1.75286003E-03
   1.84606997E-05   1.75626006E-03
   5.28089982E-03   1.15383998E-03
   2.59424007E-04   1.36847002E-03
   3.65221016E-02   1.39627000E-03
   2.23672995E-03   1.67761999E-03
   9.13737994E-03   1.68434996E-03
   3.20635991E-05   1.69927999E-03
   9.71682994E-07   1.74676999E-03
   7.17063027E-04   1.77772995E-03
   7.77331024E-06   1.84635003E-03
   3.53191001E-03   1.85048999E-03
   4.85817009E-06   1.87253999E-03
   5.05270982E-05   1.88700994E-03
   3.49884992E-03   1.30278000E-03
   3.35700996E-03   1.51741004E-03
   5.43126017E-02   1.54521002E-03
   2.22798996E-03   1.82656001E-03
   4.05567000E-03   1.83328998E-03
   3.33270000E-04   1.84822001E-03
   6.44207990E-04   1.89571001E-03
   9.78391035E-04   1.92666997E-03
   4.00327001E-04   1.99528993E-03
   5.23622008E-03   1.99942989E-03
   4.76099012E-05   2.02147989E-03
   5.24694005E-05   2.03255005E-03
   6.99591983E-05   2.03595008E-03
   7.30687985E-04   1.73203996E-03
   7.59145021E-02   1.75983994E-03
   2.93935998E-03   2.04118993E-03
   4.04798985E-02   2.04791990E-03
   3.33283009E-04   2.06284993E-03
   6.02453983E-05   2.11033993E-03
   4.73218999E-04   2.14129989E-03
   1.59350995E-04   2.20991997E-03
   7.40614021E-03   2.21405993E-03
   4.37257004E-05   2.23610993E-03
   4.85835017E-06   2.24718009E-03
   3.40092010E-05   2.25057988E-03
   8.45334008E-02   1.78764004E-03
   6.40230030E-02   2.06898991E-03
  0.102353998       2.07572011E-03
   6.85709016E-03   2.09064991E-03
   7.05996994E-03   2.13813991E-03
   1.05777998E-02   2.16910010E-03
   1.03475004E-02   2.23771995E-03
   1.96727999E-02   2.24185991E-03
   9.94061003E-04   2.26390990E-03
   6.18938007E-04   2.27498007E-03
   7.89948972E-04   2.27838010E-03
   5.25576016E-03   2.35033990E-03
  0.167548999       2.35707010E-03
   7.09325017E-04   2.37199990E-03
   4.02267993E-04   2.41948990E-03
   3.63416999E-04   2.45045009E-03
   3.88659013E-04   2.51906994E-03
   5.90988994E-03   2.52320990E-03
   9.91081033E-05   2.54525989E-03
   3.49809015E-05   2.55633006E-03
   2.62352005E-05   2.55973008E-03
  0.114557996       2.36380007E-03
   3.46283009E-03   2.37873010E-03
   1.80044002E-03   2.42622010E-03
   7.60774012E-04   2.45718006E-03
   5.17395977E-03   2.52579991E-03
   1.10895000E-02   2.52994010E-03
   5.07183024E-04   2.55199010E-03
   1.59340998E-04   2.56306003E-03
   5.73235011E-05   2.56646005E-03
   1.11124996E-06   2.39365990E-03
   2.22244989E-06   2.44114990E-03
   5.44483009E-05   2.47211009E-03
   4.11151996E-05   2.54072994E-03
   7.64515018E-04   2.54486990E-03
   3.33362004E-06   2.58139009E-03
   1.03509999E-04   2.51960009E-03
   3.23476002E-06   2.58821994E-03
   7.68782978E-04   2.59235990E-03
   7.54750999E-06   2.62888009E-03
   8.57119012E-05   2.55056005E-03
   7.48476014E-05   2.61917990E-03
   1.27114996E-03   2.62332009E-03
   8.45009981E-06   2.64537008E-03
   9.65773961E-06   2.65644002E-03
   1.20723998E-05   2.65984004E-03
   8.74525995E-06   2.68779998E-03
   1.01640006E-03   2.69193994E-03
   4.85830014E-06   2.71398993E-03
   3.88657008E-06   2.72845989E-03
   1.11255003E-03   2.69607990E-03
   9.71678965E-05   2.71812989E-03
   6.12146978E-05   2.72920006E-03
   7.67581005E-05   2.73260009E-03
   9.71695044E-07   2.76572001E-03
       -1137       -1137
   5.45643009E-02   1.29299997E-05
   4.61468995E-02   8.15500025E-05
   7.38165006E-02   8.56900006E-05
   5.35078021E-03   1.07740001E-04
   2.90719001E-03   1.18810000E-04
   3.97260021E-03   1.22209996E-04
   3.97324003E-02   6.17600017E-05
   6.45103976E-02   6.84900006E-05
   4.08391990E-02   8.34199964E-05
   4.82372008E-02   1.30910004E-04
   4.78182994E-02   1.61870004E-04
   4.09660004E-02   2.30489997E-04
   5.03811985E-02   2.34630003E-04
   5.89575991E-03   2.56680010E-04
   3.99442017E-03   2.67750002E-04
   3.54189007E-03   2.71149998E-04
   2.82615004E-03   0.00000000    
   4.39926004E-03   2.76389997E-04
   6.85059000E-03   2.83119996E-04
   1.77730005E-02   2.98049999E-04
   5.74342022E-03   3.45540000E-04
   7.44464016E-03   3.76499986E-04
   1.98056991E-03   4.45120007E-04
   2.19473010E-03   4.49259998E-04
   1.94683997E-03   4.71309992E-04
   4.83909011E-04   4.82380012E-04
   4.68412007E-04   4.85780009E-04
   4.45302995E-03   2.28400004E-05
   7.51047023E-03   3.04190005E-04
   8.00056010E-03   3.10920004E-04
   2.37156004E-02   3.25850007E-04
   9.41896997E-03   3.73340008E-04
   7.84229022E-03   4.04299994E-04
   1.71969004E-03   4.72919986E-04
   2.78372993E-03   4.77060006E-04
   2.58674007E-03   4.99110029E-04
   7.03411002E-04   5.10180020E-04
   5.41836023E-04   5.13579987E-04
   9.34221037E-03   5.85540023E-04
   1.82741992E-02   5.92269993E-04
   2.13450994E-02   6.07200025E-04
   2.92919995E-03   6.54690026E-04
   1.08556002E-02   6.85649982E-04
   9.96030052E-04   7.54270004E-04
   6.49731024E-04   7.58410024E-04
   2.04824004E-03   7.80460017E-04
   2.05004995E-04   7.91530008E-04
   6.64076011E-04   7.94929976E-04
   1.54596996E-02   5.99000021E-04
   2.76605003E-02   6.13929995E-04
   1.51972997E-03   6.61419996E-04
   1.21020004E-02   6.92380010E-04
   5.96350990E-04   7.60999974E-04
   1.43947999E-03   7.65139994E-04
   2.64579011E-03   7.87189987E-04
   1.03919003E-04   7.98259978E-04
   7.16893002E-04   8.01660004E-04
   1.62486993E-02   6.28860027E-04
   2.33082995E-02   6.76350028E-04
   3.69767994E-02   7.07309984E-04
   3.12733985E-02   7.75930006E-04
   4.30496000E-02   7.80070026E-04
   4.01123008E-03   8.02120019E-04
   2.06534006E-03   8.13190010E-04
   2.75521004E-03   8.16589978E-04
   2.04674993E-03   7.23840029E-04
   8.70811008E-03   7.54799985E-04
   3.21168010E-03   8.23420007E-04
   2.47391011E-03   8.27560027E-04
   2.51501007E-03   8.49610020E-04
   3.06095986E-04   8.60680011E-04
   5.16253000E-04   8.64079979E-04
   5.47171012E-03   7.85759999E-04
   2.63490994E-03   8.54380021E-04
   5.36294002E-03   8.58519983E-04
   3.91644007E-03   8.80569976E-04
   6.58160017E-04   8.91640026E-04
   7.27668987E-04   8.95039993E-04
   9.44652013E-04   9.22999985E-04
   2.82265991E-03   9.27140005E-04
   4.17440990E-03   9.49189998E-04
   2.84229987E-04   9.60259989E-04
   1.75567999E-04   9.63660015E-04
   1.84031995E-03   9.31280025E-04
   5.63292997E-03   9.53330018E-04
   1.91405998E-04   9.64400009E-04
   4.01969999E-04   9.67799977E-04
   2.86950002E-04   9.75380011E-04
   2.48530007E-04   9.86450003E-04
   3.40752013E-04   9.89850028E-04
   1.02483000E-05   9.97520052E-04
   4.61181990E-05   1.00091996E-03
   2.56208004E-05   1.00431999E-03
       -1137       -1137
   1.22934002E-02   1.59999999E-07
   2.56679002E-02   3.11199983E-05
   8.40276014E-03   9.97399984E-05
   1.31593002E-02   1.03879996E-04
   1.92491000E-03   1.25930004E-04
   1.35986996E-03   1.36999995E-04
   1.28978002E-03   1.40400007E-04
  0.122437999       1.45640006E-04
  0.276612997       1.52370005E-04
   3.83002013E-02   1.67299993E-04
   3.04544009E-02   2.14789994E-04
   4.16834988E-02   2.45750009E-04
   2.15259008E-02   3.14370001E-04
   3.41014005E-02   3.18509992E-04
   5.63368993E-03   3.40559985E-04
   2.52628000E-03   3.51630006E-04
   3.06596002E-03   3.55030003E-04
   4.25083004E-02   1.73439999E-04
   1.08989002E-02   1.80169998E-04
   6.04332006E-03   1.95100001E-04
   2.51246002E-02   2.42590002E-04
   5.36656985E-03   2.73549987E-04
   2.40509002E-03   3.42170009E-04
   2.38267006E-03   3.46310000E-04
   6.80026016E-04   3.68359993E-04
   1.56640005E-03   3.79430014E-04
   3.26578011E-04   3.82830010E-04
   2.45605991E-03   4.54789988E-04
   1.50314998E-02   4.61519987E-04
   4.81306994E-03   4.76449990E-04
   2.01149005E-02   5.23940020E-04
   3.37038003E-03   5.54899976E-04
   5.22103021E-03   6.23519998E-04
   3.09195998E-03   6.27660018E-04
   7.14480004E-04   6.49710011E-04
   1.26483000E-03   6.60780002E-04
   2.26029995E-04   6.64180028E-04
   6.98301010E-04   4.68249986E-04
   2.84919003E-03   4.83179989E-04
   3.28524001E-02   5.30669990E-04
   1.93237001E-03   5.61630004E-04
   1.10438997E-02   6.30250026E-04
   9.84195969E-04   6.34389988E-04
   3.26862006E-04   6.56439981E-04
   2.00930005E-03   6.67509972E-04
   1.22947007E-04   6.70909998E-04
   1.04630995E-03   4.98110021E-04
   1.41631002E-02   5.45600022E-04
   2.64657009E-03   5.76559978E-04
   3.15288990E-03   6.45180000E-04
   2.22828006E-03   6.49320020E-04
   2.43333998E-04   6.71370013E-04
   8.58596992E-04   6.82440004E-04
   1.80768999E-04   6.85839972E-04
   1.27162999E-02   5.93090022E-04
   3.34871002E-02   6.24049979E-04
   2.31330004E-02   6.92670001E-04
   3.84659991E-02   6.96810021E-04
   2.93002999E-03   7.18860014E-04
   1.92893005E-03   7.29930005E-04
   2.52320990E-03   7.33329973E-04
   1.14551000E-03   6.55009993E-04
   4.31057019E-03   7.23630015E-04
   1.77992997E-03   7.27769977E-04
   3.57153011E-04   7.49820028E-04
   1.89608999E-03   7.60890020E-04
   1.48095001E-04   7.64289987E-04
   4.44239005E-04   7.92249979E-04
   7.49022991E-04   7.96389999E-04
   1.69446997E-04   8.18439992E-04
   4.12385009E-04   8.29509983E-04
   9.77176969E-05   8.32910009E-04
   7.40289979E-05   8.00530019E-04
   5.50990990E-05   8.22580012E-04
   4.28067986E-04   8.33650003E-04
   2.17559009E-05   8.37050029E-04
   2.92042000E-06   8.44630005E-04
   2.72567995E-05   8.55699996E-04
   4.13716998E-06   8.59100022E-04
   6.51324990E-06   8.66769988E-04
   1.82376007E-05   8.70170014E-04
   4.70558007E-07   8.73569981E-04
       -1137       -1137
   4.88705980E-03   0.00000000    
   1.51632004E-03   3.43000011E-06
   1.90197006E-02   1.83600005E-05
   1.38994996E-02   6.58499994E-05
   4.21313010E-02   9.68099994E-05
   1.22397002E-02   1.65429999E-04
   2.02137996E-02   1.69570005E-04
   2.32571992E-03   1.91619998E-04
   1.12723000E-03   2.02690004E-04
   2.59794993E-03   2.06090001E-04
   1.46308001E-02   2.44999992E-05
   3.49199995E-02   3.12299999E-05
   9.77502987E-02   4.61599993E-05
  0.106224000       9.36500001E-05
  0.128516003       1.24610000E-04
  0.100385003       1.93229993E-04
  0.118616998       1.97369998E-04
   1.46732004E-02   2.19420006E-04
   8.92027002E-03   2.30489997E-04
   8.79381970E-03   2.33889994E-04
   8.03854025E-04   3.05850001E-04
   1.09713003E-02   3.12579999E-04
   7.71720987E-03   3.27510003E-04
   4.11213981E-03   3.75000003E-04
   5.04467003E-02   4.05959989E-04
   1.60429999E-03   4.74580011E-04
   6.90623000E-03   4.78720001E-04
   7.63058022E-04   5.00769995E-04
   3.13909986E-04   5.11839986E-04
   2.70698010E-03   5.15240012E-04
   5.73875988E-03   3.19309998E-04
   1.74326003E-02   3.34240001E-04
   1.47588002E-02   3.81730002E-04
   6.18914999E-02   4.12689988E-04
   1.36171002E-03   4.81310009E-04
   9.39603988E-03   4.85450000E-04
   2.04337994E-03   5.07500023E-04
   1.15964003E-03   5.18570014E-04
   3.35572008E-03   5.21969981E-04
   7.30696001E-07   3.49170004E-04
   2.36020001E-04   3.96660005E-04
   5.12111979E-03   4.27619991E-04
   4.42804012E-04   4.96239983E-04
   7.83680007E-04   5.00380003E-04
   3.28816009E-06   5.22429997E-04
   1.42495001E-05   5.33499988E-04
   2.70001008E-04   5.36900014E-04
   4.51049982E-06   4.44150006E-04
   5.32581983E-03   4.75109991E-04
   2.24140007E-04   5.43729984E-04
   6.90456014E-04   5.47870004E-04
   2.98385003E-05   5.69919997E-04
   1.38784003E-06   5.80989989E-04
   2.86249997E-04   5.84390014E-04
   7.25731021E-03   5.06069977E-04
   7.39873992E-03   5.74689999E-04
   9.81986988E-03   5.78830019E-04
   7.90117017E-04   6.00880012E-04
   4.96438995E-04   6.11950003E-04
   9.32121999E-04   6.15350029E-04
   1.10852001E-04   6.43310021E-04
   6.68658991E-04   6.47449982E-04
   3.90200003E-05   6.69499976E-04
   1.53720994E-05   6.80570025E-04
   3.17480008E-04   6.83969993E-04
   6.27826026E-04   6.51590002E-04
   9.07446010E-05   6.73639996E-04
   4.81792995E-05   6.84709987E-04
   4.26532002E-04   6.88110013E-04
   1.47793003E-06   7.06759980E-04
   3.31066003E-05   7.10160006E-04
   2.12826999E-05   7.21229997E-04
   2.15777000E-05   7.24630023E-04
       -1137       -1137
   1.38834002E-03   4.78999982E-06
   4.70875006E-04   1.58599996E-05
   1.03188003E-03   1.92600000E-05
   8.12992007E-02   9.12199976E-05
  0.268258005       9.79499964E-05
   8.42669010E-02   1.12880000E-04
   7.15994984E-02   1.60369993E-04
   9.41355973E-02   1.91329993E-04
   8.85064006E-02   2.59950000E-04
   9.09060985E-02   2.64089991E-04
   1.24524999E-02   2.86140013E-04
   6.20316016E-03   2.97210005E-04
   6.82089012E-03   3.00610001E-04
   4.37070010E-03   1.04680003E-04
   7.19005987E-03   1.19609998E-04
   1.37237003E-02   1.67100006E-04
   6.22812985E-03   1.98060006E-04
   9.82481018E-02   2.66679999E-04
   4.02422994E-03   2.70819990E-04
   7.89818005E-04   2.92870012E-04
   8.22925009E-04   3.03940004E-04
   3.71925998E-04   3.07340000E-04
   7.96784996E-04   1.34539994E-04
   1.79739005E-03   1.82029995E-04
   1.55560998E-03   2.12989995E-04
   8.73085018E-03   2.81610002E-04
   2.13545002E-03   2.85749993E-04
   1.35003997E-04   3.07799986E-04
   1.05207997E-04   3.18870007E-04
   8.86553971E-05   3.22270003E-04
   3.24452994E-04   2.29519996E-04
   1.88090000E-03   2.60480010E-04
   5.34699997E-03   3.29100003E-04
   7.55233981E-04   3.33239994E-04
   9.71151021E-05   3.55289987E-04
   3.93605005E-05   3.66360007E-04
   8.90239971E-05   3.69760004E-04
   7.24704994E-04   2.91439996E-04
   1.08551001E-02   3.60059988E-04
   9.47645982E-04   3.64200008E-04
   5.95946985E-05   3.86250002E-04
   8.53464007E-05   3.97319993E-04
   6.65851985E-05   4.00719990E-04
   5.86216012E-03   4.28680010E-04
   1.14406003E-02   4.32820001E-04
   9.50178015E-04   4.54869994E-04
   4.62041004E-04   4.65939986E-04
   7.78020010E-04   4.69340011E-04
   2.13716994E-04   4.36959992E-04
   5.18683009E-05   4.59010014E-04
   2.86928007E-05   4.70080005E-04
   5.00304996E-05   4.73480002E-04
   3.31086994E-06   4.81060008E-04
   4.78223001E-06   4.92129999E-04
   3.31086994E-06   4.95530025E-04
   3.67865994E-07   5.03199990E-04
   4.04652019E-06   5.06600016E-04
   1.47139997E-06   5.09999983E-04
       -1137       -1137
   4.28513018E-03   6.34199969E-05
  0.114450000       7.01500030E-05
   1.10221002E-02   8.50799988E-05
   7.14098988E-03   1.32570000E-04
   1.42868003E-02   1.63530000E-04
   5.63891977E-03   2.32150007E-04
   8.77965018E-02   2.36289998E-04
   1.37298997E-03   2.58340006E-04
   5.83579997E-04   2.69409997E-04
   8.72915029E-04   2.72809993E-04
  0.112406999       7.68800019E-05
   9.49684009E-02   9.18099977E-05
  0.100349002       1.39299998E-04
   9.74280983E-02   1.70259998E-04
   8.60553980E-02   2.38880006E-04
  0.160341993       2.43019997E-04
   1.40723996E-02   2.65070004E-04
   8.33655987E-03   2.76139996E-04
   7.10109994E-03   2.79539992E-04
   1.42633996E-03   1.06740001E-04
   1.84029003E-03   1.54230001E-04
   3.38691007E-03   1.85190002E-04
   2.83587002E-03   2.53809994E-04
   1.16836997E-02   2.57950014E-04
   2.37982007E-04   2.80000007E-04
   1.11656998E-04   2.91069999E-04
   1.90307997E-04   2.94469995E-04
   2.21687995E-04   2.01720002E-04
   3.27172992E-03   2.32680002E-04
   3.94053000E-04   3.01299995E-04
   8.37258995E-03   3.05439986E-04
   9.57632001E-05   3.27490008E-04
   2.52653008E-05   3.38559999E-04
   1.58926996E-04   3.41959996E-04
   1.08686998E-03   2.63639988E-04
   1.39163004E-03   3.32260010E-04
   1.11606000E-02   3.36400000E-04
   1.08396998E-04   3.58449994E-04
   1.13285998E-04   3.69520014E-04
   1.00247998E-04   3.72920011E-04
   1.05548999E-04   4.00880002E-04
   9.52078961E-03   4.05019993E-04
   6.47951019E-05   4.27069986E-04
   2.32285001E-05   4.38140007E-04
   7.33531997E-05   4.41540004E-04
   1.04978997E-02   4.09160013E-04
   1.09988998E-03   4.31210006E-04
   6.71998016E-04   4.42279998E-04
   8.14223022E-04   4.45679994E-04
   6.11279984E-06   4.53260000E-04
   5.29787985E-06   4.64329991E-04
   6.52034987E-06   4.67729988E-04
   4.07525988E-07   4.75400011E-04
   5.70517977E-06   4.78800008E-04
   2.44500006E-06   4.82200005E-04
       -1137       -1137
   3.82822007E-03   9.71999998E-06
   7.41781015E-03   1.31200004E-05
  0.112935998       1.99499991E-05
   7.31754974E-02   2.40900008E-05
   2.93533001E-02   4.61400014E-05
   8.72019958E-03   5.72099998E-05
   1.00058997E-02   6.06100002E-05
  0.133861005       5.09099991E-05
   5.46417981E-02   5.50500008E-05
   1.17862998E-02   7.70999977E-05
   1.01023996E-02   8.81700034E-05
   4.82884981E-03   9.15700002E-05
  0.183862999       1.19529999E-04
  0.261332989       1.23670005E-04
   1.25484001E-02   1.45719998E-04
   2.04902999E-02   1.56790004E-04
   1.42163001E-02   1.60190000E-04
   2.27550007E-02   1.27809995E-04
   2.66868994E-03   1.49860003E-04
   1.44485002E-02   1.60929994E-04
   5.36892004E-03   1.64330006E-04
   3.17671984E-05   1.71909996E-04
   6.35344011E-04   1.82980002E-04
   4.12991008E-04   1.86379999E-04
   1.27075007E-04   1.94049993E-04
   3.65335989E-04   1.97450005E-04
   6.35340984E-05   2.00850001E-04
       -1137       -1137
   2.53513008E-02   1.32200003E-05
   7.91907012E-02   1.73600001E-05
   2.59925006E-03   3.94099989E-05
   4.55714995E-04   5.04800009E-05
   5.92425000E-03   5.38800014E-05
   7.52283037E-02   4.41800003E-05
  0.221331000       4.83199983E-05
   2.91827004E-02   7.03699989E-05
   6.56579994E-03   8.14399973E-05
   2.09458005E-02   8.48400014E-05
   1.32330004E-02   1.12800000E-04
  0.203335002       1.16939998E-04
   2.14356999E-03   1.38989999E-04
   1.50212995E-03   1.50060005E-04
   1.18485996E-02   1.53460001E-04
  0.246715993       1.21079996E-04
   1.42112002E-02   1.43130004E-04
   9.45194997E-03   1.54199995E-04
   2.92335991E-02   1.57600007E-04
   1.68791994E-05   1.65179998E-04
   2.19424997E-04   1.76250003E-04
   7.59557006E-04   1.79650000E-04
   1.68785991E-05   1.87319994E-04
   2.02544004E-04   1.90720006E-04
   3.20693012E-04   1.94120003E-04
       -1137       -1137
   7.09456019E-03   0.00000000    
   8.38859007E-02   2.43000000E-06
   1.10906996E-02   2.44799994E-05
   4.27020993E-03   3.55500015E-05
   8.66879988E-03   3.89499983E-05
  0.357555985       2.92500008E-05
  0.308569998       3.33899989E-05
   1.77142005E-02   5.54399994E-05
   1.20494002E-02   6.65100015E-05
   1.10815000E-02   6.99099983E-05
   2.23469990E-03   9.78699973E-05
  0.123070002       1.02010003E-04
   8.04814044E-03   1.24059996E-04
   7.04162987E-04   1.35130002E-04
   4.90273023E-03   1.38529998E-04
   1.98547002E-02   1.06150001E-04
   6.90700999E-03   1.28200001E-04
   2.03034002E-03   1.39270007E-04
   1.91599003E-03   1.42670004E-04
   1.31051999E-03   1.50249994E-04
   1.06216001E-03   1.61320000E-04
   1.50212005E-03   1.64719997E-04
   3.08260991E-04   1.72390006E-04
   2.43814010E-03   1.75790003E-04
   1.71590003E-03   1.79189999E-04
       -1137       -1137
   1.60869006E-02   7.94999960E-06
   1.96551997E-02   1.90200008E-05
   1.37409996E-02   2.24199994E-05
  0.154038996       5.03800002E-05
  0.669297993       5.45199982E-05
   3.55013981E-02   7.65700024E-05
   1.71217993E-02   8.76400009E-05
   2.69820001E-02   9.10399976E-05
   2.46265009E-02   5.86599999E-05
   2.56302999E-03   8.07100005E-05
   1.43991001E-02   9.17799989E-05
   3.21845990E-03   9.51800030E-05
   3.61017992E-05   1.02760001E-04
   1.16168999E-03   1.13829999E-04
   1.65213001E-04   1.17230004E-04
   3.67467990E-04   1.24900005E-04
   9.86834988E-04   1.28300002E-04
   3.85501007E-05   1.31699999E-04
       -1137       -1137
   2.48229001E-02   1.94200002E-05
  0.532732010       2.35600000E-05
   6.34982018E-03   4.56099988E-05
   2.40403996E-03   5.66800009E-05
   7.45265977E-03   6.00800013E-05
  0.352777988       2.76999999E-05
   2.99094003E-02   4.97500005E-05
   1.94668993E-02   6.08199989E-05
   2.20465995E-02   6.42200030E-05
   1.60383002E-04   7.18000010E-05
   2.06630997E-04   8.28699995E-05
   8.25088006E-04   8.62700035E-05
   1.44091004E-07   9.39399979E-05
   4.31836990E-04   9.73400020E-05
   4.11810994E-04   1.00739999E-04
       -1137       -1137
          -1          -1
