   3.91736021E-03   6.91540018E-02
   6.97025005E-03   6.98520020E-02
   2.85408995E-03   7.33169988E-02
   1.62199000E-03   8.44741017E-02
   1.53069000E-03   8.48003998E-02
   6.99880999E-04   8.55958015E-02
   6.10124989E-05   8.61295983E-02
   3.96807991E-05   8.62933993E-02
   4.25962004E-04   8.83214027E-02
   3.95176001E-04   8.84696990E-02
   1.82124000E-04   8.86757970E-02
   1.76543999E-05   8.89172032E-02
   1.13077003E-05   8.89554024E-02
   6.93683972E-08   8.92734006E-02
   6.93683972E-08   8.92833024E-02
   1.05651998E-04   8.93371999E-02
   9.16748977E-05   8.93945992E-02
   4.17955998E-05   8.94426033E-02
   3.39912003E-06   8.95278007E-02
   2.15048999E-06   8.95349011E-02
   2.76837993E-04   7.05500022E-02
   4.69894009E-03   7.40149990E-02
   1.27271004E-03   8.51721019E-02
   1.07145999E-04   8.54984000E-02
   9.75779025E-04   8.62938017E-02
   6.11509022E-05   8.68275985E-02
   1.42828998E-04   8.69913995E-02
   3.24838009E-04   8.90194029E-02
   2.69174998E-05   8.91676992E-02
   2.43800998E-04   8.93737972E-02
   1.69272007E-05   8.96152034E-02
   3.97844997E-05   8.96534026E-02
   5.54987025E-07   8.99714008E-02
   7.97796019E-07   8.99813026E-02
   7.99881018E-05   9.00352001E-02
   6.20872015E-06   9.00925994E-02
   5.54303006E-05   9.01406035E-02
   3.22586993E-06   9.02258009E-02
   7.52685992E-06   9.02329013E-02
   1.92809000E-03   7.74800032E-02
   4.64404002E-04   8.86370987E-02
   8.53761972E-04   8.89633968E-02
   8.26217001E-04   8.97587985E-02
   1.54801004E-04   9.02926028E-02
   1.23895006E-04   9.04563963E-02
   1.15228002E-04   9.24843997E-02
   2.10925995E-04   9.26327035E-02
   2.08245998E-04   9.28388014E-02
   4.33925998E-05   9.30802003E-02
   3.46861998E-05   9.31183994E-02
   7.97779023E-07   9.34363976E-02
   8.67136976E-07   9.34462994E-02
   2.81640005E-05   9.35001969E-02
   4.84219017E-05   9.35576037E-02
   4.74482003E-05   9.36056003E-02
   8.29006967E-06   9.36907977E-02
   6.55560007E-06   9.36978981E-02
   1.66005993E-04   9.97942016E-02
   2.81124987E-04  0.100120001    
   1.15196002E-04  0.100915998    
   9.74676004E-06  0.101450004    
   5.96585005E-06  0.101613000    
   8.70275981E-05  0.103641003    
   7.26654034E-05  0.103790000    
   3.00730007E-05  0.103996001    
   2.84422003E-06  0.104236998    
   1.69953000E-06  0.104275003    
   2.15746004E-05  0.104657002    
   1.68564002E-05  0.104714997    
   6.90256002E-06  0.104763001    
   5.54981000E-07  0.104847997    
   3.12174990E-07  0.104855001    
   9.92007972E-06  0.100446999    
   1.83273005E-04  0.101241998    
   1.01629003E-05  0.101775996    
   1.93550004E-05  0.101939999    
   7.18006995E-05  0.103968002    
   4.92536992E-06  0.104116000    
   4.61310010E-05  0.104322001    
   2.84421003E-06  0.104564004    
   5.48032995E-06  0.104602002    
   6.93693991E-08  0.104920000    
   6.93693991E-08  0.104929999    
   1.76889007E-05  0.104984000    
   1.14467002E-06  0.105040997    
   1.05096997E-05  0.105089001    
   5.54979977E-07  0.105173998    
   1.04055005E-06  0.105181001    
   8.96260026E-05  0.102038004    
   2.69854008E-05  0.102571003    
   2.07419998E-05  0.102734998    
   2.86504001E-05  0.104763001    
   4.56123998E-05  0.104911998    
   4.53333996E-05  0.105117999    
   7.63091975E-06  0.105359003    
   5.86203987E-06  0.105397001    
   1.04054998E-07  0.105714999    
   1.38735999E-07  0.105724998    
   7.00638020E-06  0.105779000    
   1.04749997E-05  0.105835997    
   1.03365001E-05  0.105884001    
   1.45672004E-06  0.105970003    
   1.10993994E-06  0.105976999    
   6.93692996E-08  0.103105001    
   2.94830011E-06  0.103269003    
   2.42792999E-06  0.105296999    
   2.46266995E-06  0.105444998    
   6.48617015E-06  0.105650999    
   3.46864013E-08  0.105893001    
   7.97783002E-07  0.105930999    
   5.89635022E-07  0.106312998    
   5.54979010E-07  0.106370002    
   1.45672004E-06  0.106417999    
   1.38735999E-07  0.106509998    
   6.93673996E-07  0.103432998    
   1.45668002E-06  0.105461001    
   4.47435013E-06  0.105609000    
   4.92521986E-06  0.105815001    
   7.97761004E-07  0.106057003    
   3.81553008E-07  0.106095001    
   3.46853994E-07  0.106477000    
   1.00586999E-06  0.106533997    
   1.10991004E-06  0.106582001    
   1.38732005E-07  0.106666997    
   6.93674025E-08  0.106674001    
   1.14115001E-05  0.107488997    
   1.85567005E-05  0.107637003    
   7.49202991E-06  0.107842997    
   6.93695995E-07  0.108084999    
   4.16221013E-07  0.108122997    
   5.65368009E-06  0.108505003    
   4.30080991E-06  0.108562000    
   1.73426997E-06  0.108609997    
   1.38736993E-07  0.108695000    
   6.93695981E-08  0.108701997    
   6.24330994E-07  0.107785001    
   1.14807999E-05  0.107992001    
   6.93687980E-07  0.108232997    
   1.24874998E-06  0.108271003    
   3.46860993E-08  0.108599000    
   4.57830993E-06  0.108653001    
   2.77493001E-07  0.108709998    
   2.60135994E-06  0.108758003    
   1.38735004E-07  0.108842999    
   2.42791998E-07  0.108851001    
   5.72296995E-06  0.108198002    
   1.83831003E-06  0.108438998    
   1.38733003E-06  0.108476996    
   3.46854989E-08  0.108795002    
   3.46854989E-08  0.108805001    
   1.83831003E-06  0.108859003    
   2.63605011E-06  0.108916000    
   2.60131992E-06  0.108964004    
   3.46854989E-07  0.109049998    
   2.77487999E-07  0.109057002    
   2.08111999E-07  0.108718999    
   1.73432994E-07  0.109099999    
   1.73432994E-07  0.109158002    
   4.16234997E-07  0.109205998    
   3.46875986E-08  0.109297998    
   6.93695981E-08  0.108756997    
   1.04055999E-07  0.109139003    
   2.77497008E-07  0.109196000    
   3.12174990E-07  0.109243996    
   3.46865008E-08  0.109329000    
   3.46865008E-08  0.109336004    
   6.79958021E-07  0.109520003    
   1.05395998E-06  0.109577999    
   4.07979002E-07  0.109626003    
   3.39996014E-08  0.109710999    
   3.39996014E-08  0.109718002    
   3.46870017E-08  0.109635003    
   5.89645026E-07  0.109683000    
   3.46870017E-08  0.109768003    
   6.93705005E-08  0.109774999    
   2.97723005E-07  0.109731004    
   6.61583002E-08  0.109816000    
   6.61583002E-08  0.109823003    
       -1137       -1137
   4.35853982E-03   0.00000000    
   5.51227992E-03   2.13599997E-05
   1.28792003E-02   3.39449994E-04
   1.72604006E-02   3.49309994E-04
   4.94180992E-03   4.03240003E-04
   3.92162008E-03   4.60570009E-04
   3.23452009E-03   5.08590019E-04
   8.41368979E-04   5.93770004E-04
   1.08407997E-03   6.00890024E-04
   3.71888988E-02   1.26800005E-04
  0.208697006       6.60600024E-04
  0.254942000       8.24399991E-04
   1.69110000E-02   2.85240007E-03
   6.59595989E-03   3.00069991E-03
   9.38254036E-03   3.20684002E-03
   3.15404013E-02   3.44818993E-03
   3.65841985E-02   3.48635996E-03
   1.98104009E-02   3.80444992E-03
   2.43218001E-02   3.81431007E-03
   3.96608002E-03   3.86823993E-03
   1.50778005E-03   3.92556982E-03
   2.13852990E-03   3.97359021E-03
   5.46942977E-03   4.05876990E-03
   6.22161012E-03   4.06588987E-03
   5.31614991E-03   1.01621998E-02
   1.11101000E-02   1.04884999E-02
   1.60048995E-02   1.12838997E-02
   1.14005003E-02   1.18177002E-02
   1.39424996E-02   1.19815003E-02
   2.37491005E-03   1.40094999E-02
   2.83614988E-03   1.41578000E-02
   4.06108005E-03   1.43638998E-02
   2.72391993E-03   1.46052996E-02
   3.31652001E-03   1.46434996E-02
   2.49295001E-04   1.49614997E-02
   2.61470006E-04   1.49713997E-02
   5.72443008E-04   1.50253000E-02
   6.55320007E-04   1.50827002E-02
   9.25667991E-04   1.51306996E-02
   5.03292016E-04   1.52158998E-02
   6.07532973E-04   1.52230002E-02
   1.42460003E-05   1.08147999E-02
   2.04833996E-04   1.16101997E-02
   7.16809009E-04   1.21440003E-02
   5.16251987E-03   1.23078004E-02
   1.96384010E-03   1.43358000E-02
   1.73737999E-06   1.44841000E-02
   4.18697018E-05   1.46901999E-02
   1.44202000E-04   1.49315996E-02
   7.90807011E-04   1.49697997E-02
   9.38173034E-05   1.52877998E-02
   3.24007007E-04   1.52976997E-02
   4.44578996E-04   1.53516000E-02
   3.47464010E-07   1.54090002E-02
   9.03442015E-06   1.54569997E-02
   2.62343001E-05   1.55421998E-02
   1.33078996E-04   1.55493002E-02
   6.66740991E-04   1.24056004E-02
   1.46633002E-03   1.29394000E-02
   8.97830992E-04   1.31032001E-02
   2.75204005E-03   1.51311997E-02
   5.33345010E-05   1.52794998E-02
   2.62159010E-04   1.54855996E-02
   1.53230998E-04   1.57270003E-02
   6.84491024E-05   1.57651994E-02
   1.15697003E-04   1.60831995E-02
   9.95476003E-05   1.60930995E-02
   6.18644000E-04   1.61470007E-02
   1.23355003E-05   1.62044000E-02
   5.66353992E-05   1.62524004E-02
   2.39742003E-05   1.63375996E-02
   9.72890030E-06   1.63447000E-02
   6.50576025E-04   1.34731997E-02
   1.82083007E-02   1.36369998E-02
   1.76506001E-03   1.56650003E-02
   2.15252003E-04   1.58133004E-02
   4.06864012E-04   1.60194002E-02
   3.02633998E-04   1.62608009E-02
   3.02094012E-03   1.62990000E-02
   2.49472010E-04   1.66170001E-02
   6.79119024E-04   1.66269001E-02
   3.87411012E-04   1.66807994E-02
   5.15979991E-05   1.67382006E-02
   9.50304020E-05   1.67862009E-02
   5.57657986E-05   1.68714002E-02
   5.13877021E-04   1.68785006E-02
   4.96907998E-03   1.38007998E-02
   2.19259993E-03   1.58287995E-02
   1.16003002E-03   1.59770995E-02
   2.42889000E-04   1.61831994E-02
   2.89476011E-03   1.64246000E-02
   1.73984002E-03   1.64627992E-02
   7.44801015E-04   1.67807993E-02
   5.53526974E-04   1.67906992E-02
   4.84733988E-04   1.68446004E-02
   2.61131005E-04   1.69019997E-02
   5.68126015E-05   1.69500001E-02
   4.91862011E-04   1.70351993E-02
   2.99879001E-04   1.70422997E-02
   2.50517012E-04   1.78568009E-02
   5.02603012E-04   1.80050991E-02
   7.02247024E-04   1.82112008E-02
   4.24942002E-04   1.84525996E-02
   5.21545007E-04   1.84908006E-02
   3.24875000E-05   1.88088007E-02
   3.23142995E-05   1.88187007E-02
   1.19181997E-04   1.88726000E-02
   1.16228002E-04   1.89299993E-02
   1.60180003E-04   1.89779997E-02
   7.86966993E-05   1.90632008E-02
   9.55486976E-05   1.90702993E-02
   1.09450002E-05   1.83595009E-02
   3.92635011E-05   1.86008997E-02
   1.85370998E-04   1.86391007E-02
   1.33768999E-05   1.89571008E-02
   5.26402982E-05   1.89670008E-02
   1.13795002E-04   1.90209001E-02
   2.43220006E-06   1.91262998E-02
   6.94911978E-06   1.92115009E-02
   3.14454992E-05   1.92185994E-02
   2.48428005E-05   1.85656995E-02
   4.46476006E-05   1.88069995E-02
   2.17151992E-05   1.88452005E-02
   2.67539999E-05   1.91632994E-02
   2.22366998E-05   1.91731006E-02
   1.57923001E-04   1.92271005E-02
   2.60592992E-06   1.92843992E-02
   1.05973004E-05   1.93323996E-02
   6.94891014E-06   1.94176007E-02
   3.12702991E-06   1.94246992E-02
   3.24872017E-05   1.90484002E-02
   5.26054995E-04   1.90865006E-02
   4.03053018E-05   1.94045994E-02
   8.23481969E-05   1.94144994E-02
   9.32901021E-05   1.94684006E-02
   9.20746970E-06   1.95257999E-02
   1.05974996E-05   1.95738003E-02
   1.18138996E-05   1.96589995E-02
   9.10324015E-05   1.96660999E-02
   1.63474004E-04   1.91246998E-02
   9.67645028E-05   1.94428004E-02
   7.95720989E-05   1.94527004E-02
   1.15187002E-04   1.95065998E-02
   4.20428987E-05   1.95639003E-02
   5.21195989E-06   1.96119007E-02
   9.08614966E-05   1.96970999E-02
   5.69834992E-05   1.97042003E-02
   1.21615005E-06   1.97608992E-02
   2.11952993E-05   1.97707992E-02
   6.94912978E-06   1.98247004E-02
   2.77971003E-06   1.98819991E-02
   5.90678019E-06   1.99299995E-02
   6.94912978E-06   2.00152006E-02
   1.56356000E-05   2.00222991E-02
   4.72113015E-06   1.97806004E-02
   7.08152993E-06   1.98344998E-02
   1.14394998E-05   1.98918991E-02
   5.08423000E-06   1.99398994E-02
   1.38001997E-05   2.00251006E-02
   1.38001997E-05   2.00321991E-02
   1.59040992E-05   1.98884998E-02
   2.96482995E-05   1.99458003E-02
   4.06416002E-05   1.99938007E-02
   1.94378008E-05   2.00789999E-02
   2.37578006E-05   2.00861003E-02
   6.10377981E-07   2.00511999E-02
   1.83110001E-06   2.01363005E-02
   8.34147977E-06   2.01434996E-02
   1.59890999E-06   2.00992003E-02
   2.28417002E-06   2.01843996E-02
   1.14200998E-06   2.01915000E-02
   1.04238995E-06   2.02695001E-02
   1.58105995E-05   2.02766992E-02
   4.91878018E-06   2.02837996E-02
       -1137       -1137
   4.57799993E-02   1.26400002E-04
   3.76317999E-03   2.15440011E-03
   3.03294007E-02   2.30269996E-03
   7.36735016E-03   2.50884006E-03
   2.73186993E-02   2.75018997E-03
   9.25335009E-03   2.78836000E-03
   1.32315001E-03   3.10644996E-03
   1.91547000E-03   3.11631011E-03
   8.56891973E-04   3.17023997E-03
   6.38304977E-03   3.22757009E-03
   1.63151999E-03   3.27559002E-03
   4.83265007E-03   3.36076994E-03
   1.64576003E-03   3.36788991E-03
   4.24366997E-04   9.46419965E-03
   1.71204992E-02   9.79049969E-03
   1.52467005E-03   1.05859004E-02
   3.13610001E-03   1.11197000E-02
   1.22411002E-03   1.12835001E-02
   1.69681007E-04   1.33114997E-02
   2.88561010E-03   1.34597998E-02
   3.47863010E-04   1.36658996E-02
   5.32482984E-04   1.39073003E-02
   1.76824004E-04   1.39455004E-02
   7.34495989E-05   1.42635005E-02
   5.33858984E-05   1.42734004E-02
   3.97853983E-05   1.43272998E-02
   6.08671980E-04   1.43847000E-02
   7.75286026E-05   1.44327004E-02
   9.24924971E-05   1.45178996E-02
   2.95831996E-05   1.45250000E-02
   1.82501003E-02   1.01167997E-02
   4.21117991E-02   1.09122004E-02
   2.13357992E-02   1.14460001E-02
   2.77872998E-02   1.16098002E-02
   4.60029021E-03   1.36377998E-02
   7.83292018E-03   1.37860999E-02
   1.04858996E-02   1.39921997E-02
   5.08486014E-03   1.42336003E-02
   6.63752016E-03   1.42718004E-02
   4.10414010E-04   1.45897996E-02
   3.35957011E-04   1.45997005E-02
   1.14594004E-03   1.46535998E-02
   1.75358006E-03   1.47110000E-02
   2.38092011E-03   1.47590004E-02
   9.39853024E-04   1.48441996E-02
   1.21737004E-03   1.48513000E-02
   8.79684987E-04   1.17076002E-02
   1.68769006E-02   1.22413998E-02
   2.57067010E-03   1.24051999E-02
   3.41053994E-04   1.44331995E-02
   7.15821004E-03   1.45814996E-02
   3.78469995E-04   1.47876004E-02
   3.42378998E-03   1.50290001E-02
   5.06321026E-04   1.50672002E-02
   1.39405995E-04   1.53852003E-02
   7.03889018E-05   1.53951002E-02
   8.12665967E-05   1.54489996E-02
   1.51178997E-03   1.55063998E-02
   8.33066006E-05   1.55544002E-02
   6.12040982E-04   1.56395994E-02
   8.97681020E-05   1.56466998E-02
   1.60176996E-02   1.27752004E-02
   6.18993007E-02   1.29389996E-02
   8.43645015E-04   1.49670001E-02
   3.48452991E-03   1.51153002E-02
   3.86503991E-03   1.53214000E-02
   6.32912992E-03   1.55627998E-02
   1.32189002E-02   1.56009998E-02
   1.32654002E-03   1.59189999E-02
   2.64317007E-03   1.59288999E-02
   2.10832004E-04   1.59827992E-02
   7.36190996E-04   1.60402004E-02
   8.61346023E-04   1.60882007E-02
   1.13232003E-03   1.61734000E-02
   2.37178989E-03   1.61805004E-02
   3.02125001E-03   1.31027997E-02
   2.64878006E-04   1.51308002E-02
   3.98139982E-03   1.52791003E-02
   5.43379982E-04   1.54852001E-02
   1.00355996E-02   1.57265998E-02
   1.17678999E-03   1.57648008E-02
   5.28747973E-04   1.60828009E-02
   2.00958006E-04   1.60927009E-02
   6.29053975E-05   1.61466002E-02
   8.08268029E-04   1.62039995E-02
   1.19005002E-04   1.62519999E-02
   1.71743997E-03   1.63371991E-02
   2.08437006E-04   1.63442995E-02
   1.63215009E-05   1.71588007E-02
   7.79344002E-04   1.73071008E-02
   7.82045026E-05   1.75132006E-02
   1.40093995E-04   1.77545995E-02
   3.80833008E-05   1.77928004E-02
   1.70012008E-05   1.81108005E-02
   9.86089981E-06   1.81207005E-02
   7.48081993E-06   1.81745999E-02
   1.64569996E-04   1.82319991E-02
   1.73405006E-05   1.82799995E-02
   2.41420003E-05   1.83652006E-02
   6.46037006E-06   1.83722991E-02
   7.98395020E-04   1.74554009E-02
   1.78822002E-03   1.76615007E-02
   8.18795001E-04   1.79028995E-02
   9.61637008E-04   1.79411005E-02
   5.54256985E-05   1.82591006E-02
   3.50236987E-05   1.82690006E-02
   1.94156994E-04   1.83228999E-02
   3.53640004E-04   1.83802992E-02
   4.06014005E-04   1.84282996E-02
   1.50981999E-04   1.85135007E-02
   1.76822999E-04   1.85205992E-02
   4.08058004E-05   1.78676993E-02
   7.89580983E-04   1.81089994E-02
   1.08471999E-04   1.81472003E-02
   2.85634997E-05   1.84652992E-02
   1.32613004E-05   1.84751004E-02
   1.87025998E-05   1.85291003E-02
   3.77785007E-04   1.85864009E-02
   1.80229999E-05   1.86343994E-02
   1.41466997E-04   1.87196005E-02
   1.90419996E-05   1.87267009E-02
   6.21583022E-04   1.83504000E-02
   2.23402004E-03   1.83885004E-02
   1.80228002E-04   1.87065993E-02
   3.61129991E-04   1.87164992E-02
   3.46843008E-05   1.87704004E-02
   1.72065993E-04   1.88277997E-02
   1.76132002E-04   1.88758001E-02
   2.22047005E-04   1.89609993E-02
   4.03621001E-04   1.89680997E-02
   1.15950999E-04   1.84266996E-02
   7.85488010E-05   1.87448002E-02
   3.06043003E-05   1.87547002E-02
   8.84125984E-06   1.88085996E-02
   1.95859000E-04   1.88659001E-02
   2.38016000E-05   1.89139005E-02
   3.85271007E-04   1.89990997E-02
   4.11448018E-05   1.90062001E-02
   4.42048986E-06   1.90629009E-02
   3.12839984E-05   1.90728009E-02
   4.08054984E-06   1.91267002E-02
   1.12212001E-05   1.91840008E-02
   6.12048007E-06   1.92319993E-02
   2.99226995E-05   1.93172004E-02
   1.29209002E-05   1.93243008E-02
   2.04021990E-06   1.90826003E-02
   2.38015991E-06   1.91364996E-02
   6.46061017E-06   1.91939007E-02
   2.72040006E-06   1.92418993E-02
   5.98484003E-05   1.93271004E-02
   5.10045993E-06   1.93342008E-02
   1.02009994E-06   1.91904996E-02
   4.11440997E-05   1.92478001E-02
   4.08046981E-06   1.92958005E-02
   6.12037002E-06   1.93809997E-02
   1.36010999E-06   1.93881001E-02
   3.91046997E-05   1.93051007E-02
   8.56888000E-05   1.93531998E-02
   3.16231999E-05   1.94383003E-02
   3.60437989E-05   1.94454994E-02
   2.04021990E-06   1.94012001E-02
   3.16233018E-05   1.94863994E-02
   4.08054984E-06   1.94934998E-02
   1.81152991E-05   1.95714999E-02
   6.40288999E-05   1.95787009E-02
   3.44321006E-06   1.95857994E-02
       -1137       -1137
   4.79114999E-04   5.99920005E-03
   2.14731001E-04   6.32550009E-03
   1.85122993E-02   7.12089986E-03
   2.75826990E-03   7.65469996E-03
   5.38033992E-03   7.81849958E-03
   1.94367996E-04   9.84650012E-03
   3.68000001E-05   9.99480020E-03
   3.04291002E-03   1.02009000E-02
   3.24052002E-04   1.04422998E-02
   5.96311002E-04   1.04804998E-02
   3.09041992E-04   1.07984999E-02
   5.27694996E-04   1.08083999E-02
   4.53754983E-05   1.08623002E-02
   7.86007968E-06   1.09197004E-02
   6.31290022E-04   1.09676998E-02
   5.21633010E-05   1.10529000E-02
   9.32476032E-05   1.10600004E-02
   1.78635003E-06   6.65180013E-03
   3.10426001E-02   7.44719990E-03
   1.34038005E-03   7.98099954E-03
   1.03032002E-02   8.14479962E-03
   4.53747016E-05   1.01728002E-02
   7.50287018E-06   1.03211002E-02
   5.29576978E-03   1.05272001E-02
   2.64378992E-04   1.07685998E-02
   1.68917002E-03   1.08067999E-02
   2.71169993E-04   1.11248000E-02
   6.53443974E-04   1.11346999E-02
   1.10759001E-05   1.11886002E-02
   2.14361989E-06   1.12460004E-02
   1.10719004E-03   1.12939999E-02
   4.82309988E-05   1.13792000E-02
   2.90458003E-04   1.13863004E-02
   3.73340994E-02   8.24259967E-03
   3.91456001E-02   8.77640024E-03
   5.02768010E-02   8.94020032E-03
   4.88902023E-03   1.09681999E-02
   7.35870004E-03   1.11165000E-02
   1.54836001E-02   1.13225998E-02
   8.72175954E-03   1.15639996E-02
   1.11175003E-02   1.16021996E-02
   8.96036974E-04   1.19201997E-02
   1.07508001E-03   1.19300997E-02
   1.21257000E-03   1.19840000E-02
   1.67708006E-03   1.20414002E-02
   3.39742005E-03   1.20893996E-02
   1.59409002E-03   1.21745998E-02
   2.01011007E-03   1.21817002E-02
   5.18104015E-03   9.31019988E-03
   9.65123028E-02   9.47399996E-03
   6.70274021E-04   1.15019996E-02
   3.49779002E-04   1.16502997E-02
   6.02512015E-03   1.18564004E-02
   1.93999999E-03   1.20978002E-02
   1.51332999E-02   1.21360002E-02
   4.84138000E-04   1.24540003E-02
   1.62026996E-03   1.24639003E-02
   1.64708006E-04   1.25177996E-02
   8.07481993E-05   1.25751998E-02
   1.23153999E-03   1.26232002E-02
   3.44781991E-04   1.27084004E-02
   2.56173010E-03   1.27154998E-02
   6.37945980E-02   9.63780005E-03
   1.31908001E-03   1.16657997E-02
   2.19749007E-03   1.18140997E-02
   8.67560040E-03   1.20201996E-02
   1.82265006E-02   1.22616002E-02
   2.29694005E-02   1.22998003E-02
   5.07073011E-03   1.26178004E-02
   4.57515009E-03   1.26277003E-02
   3.26208014E-04   1.26815997E-02
   4.90208971E-04   1.27389999E-02
   1.83328998E-03   1.27870003E-02
   3.23113007E-03   1.28722005E-02
   4.01028013E-03   1.28792999E-02
   2.07231005E-05   1.36938002E-02
   8.57514988E-06   1.38421003E-02
   8.02160997E-04   1.40482001E-02
   8.50379001E-05   1.42895998E-02
   1.55061003E-04   1.43277999E-02
   3.89456000E-05   1.46458000E-02
   7.50338004E-05   1.46557000E-02
   9.64683022E-06   1.47096002E-02
   1.78646997E-06   1.47670005E-02
   1.66138998E-04   1.48149999E-02
   1.39340000E-05   1.49002001E-02
   2.46527998E-05   1.49072995E-02
   1.24506000E-03   1.41965002E-02
   6.35925026E-05   1.44378999E-02
   3.93349008E-04   1.44761000E-02
   4.07283987E-05   1.47941001E-02
   9.18189980E-05   1.48040000E-02
   2.14360011E-06   1.48579003E-02
   2.59735010E-04   1.49633000E-02
   1.14325003E-05   1.50485002E-02
   6.82355021E-05   1.50555996E-02
   1.53142004E-03   1.44026997E-02
   1.34770002E-03   1.46439997E-02
   1.89214002E-03   1.46821998E-02
   1.13973998E-04   1.50002996E-02
   1.43985002E-04   1.50100999E-02
   1.99001006E-04   1.50640998E-02
   2.83328001E-04   1.51214004E-02
   6.64911000E-04   1.51693998E-02
   2.46515992E-04   1.52546000E-02
   3.41203006E-04   1.52617004E-02
   1.73995999E-04   1.48854004E-02
   3.00111994E-03   1.49234999E-02
   5.96645987E-05   1.52415996E-02
   1.87932004E-04   1.52514996E-02
   2.10788003E-05   1.53053999E-02
   1.46478997E-05   1.53628001E-02
   2.75827013E-04   1.54108005E-02
   6.14495002E-05   1.54959997E-02
   5.11973980E-04   1.55031001E-02
   2.08157999E-03   1.49617000E-02
   6.17032987E-04   1.52797997E-02
   5.46286989E-04   1.52896997E-02
   3.89439010E-05   1.53436000E-02
   8.89647999E-05   1.54008996E-02
   3.98369011E-04   1.54488999E-02
   5.36273001E-04   1.55341001E-02
   7.26731028E-04   1.55411996E-02
   2.85831993E-06   1.55979004E-02
   8.43153030E-05   1.56078003E-02
   8.21766025E-06   1.56616997E-02
   8.57473970E-06   1.57190003E-02
   2.25090007E-05   1.57670006E-02
   9.64636001E-06   1.58521999E-02
   9.93181020E-05   1.58593003E-02
   3.00104002E-05   1.56175997E-02
   1.64343001E-05   1.56714991E-02
   1.89355997E-05   1.57289002E-02
   2.89390991E-05   1.57769006E-02
   3.00104002E-05   1.58620998E-02
   8.75296973E-05   1.58692002E-02
   1.11605004E-06   1.57255009E-02
   3.72025994E-07   1.57827996E-02
   4.27812993E-05   1.58307999E-02
   3.72026011E-06   1.59159992E-02
   6.32427009E-06   1.59230996E-02
   6.20003993E-05   1.58881992E-02
   2.61435002E-06   1.59732997E-02
   1.60599993E-05   1.59805007E-02
   7.28364030E-05   1.59361996E-02
   5.08396988E-05   1.60214007E-02
   7.24733982E-05   1.60284992E-02
   5.35914978E-06   1.61064994E-02
   9.14616030E-05   1.61137003E-02
   6.35937977E-05   1.61208007E-02
       -1137       -1137
   1.21617001E-02   0.00000000    
   1.50972996E-02   3.15399993E-05
   1.56685002E-02   8.88700015E-05
   1.90129001E-02   1.36889998E-04
   1.06400996E-02   2.22069997E-04
   1.39624998E-02   2.29190002E-04
   2.93031009E-03   2.75750004E-04
   2.57005007E-03   2.92779994E-04
   2.96700001E-03   3.01290012E-04
   1.50145002E-04   3.20680003E-04
   1.84335993E-04   3.21319996E-04
   3.38966987E-04   3.20330000E-04
   4.65564989E-02   1.65539997E-04
   1.19604999E-02   4.06890002E-04
   2.73669995E-02   4.45059995E-04
  0.207030997       7.63149990E-04
  0.251433015       7.73010019E-04
   1.19933002E-02   8.26939999E-04
   1.21248998E-02   8.84270004E-04
   1.03281997E-02   9.32289986E-04
   2.44532991E-03   1.01747003E-03
   5.36500011E-03   1.02458999E-03
   2.37583998E-03   1.07114995E-03
   2.05068011E-03   1.08818000E-03
   1.65671995E-03   1.09668996E-03
   3.70699017E-05   1.11607998E-03
   7.54370994E-05   1.11672003E-03
   2.77807994E-04   1.11573003E-03
   2.78044995E-02   3.44900007E-04
   5.87379979E-03   4.93199972E-04
   9.38085001E-03   6.99340017E-04
   9.50388983E-03   9.40689992E-04
   1.14099998E-02   9.78859956E-04
   1.04965996E-02   1.29695004E-03
   9.85269994E-03   1.30680995E-03
   4.28191014E-03   1.36074005E-03
   1.05873996E-03   1.41807005E-03
   1.58042996E-03   1.46608998E-03
   1.41211995E-03   1.55127002E-03
   1.83937000E-03   1.55838998E-03
   7.83521973E-04   1.60495006E-03
   1.76549001E-04   1.62197999E-03
   2.44204013E-04   1.63048995E-03
   2.10590006E-05   1.64987997E-03
   2.58191994E-05   1.65052002E-03
   8.87103015E-05   1.64953002E-03
   3.80112007E-02   5.08699974E-04
   9.15357028E-04   6.56999997E-04
   1.25626996E-02   8.63139983E-04
   1.30263995E-02   1.10449002E-03
   1.78784002E-02   1.14266004E-03
   1.23742996E-02   1.46075001E-03
   1.86410993E-02   1.47061003E-03
   5.77114010E-03   1.52454001E-03
   2.29626006E-04   1.58187002E-03
   2.08567991E-03   1.62988994E-03
   2.14122003E-03   1.71506999E-03
   2.77637993E-03   1.72218995E-03
   1.05246005E-03   1.76875002E-03
   4.15411014E-05   1.78577995E-03
   3.22100008E-04   1.79429003E-03
   3.23097011E-05   1.81368005E-03
   3.86563988E-05   1.81431998E-03
   1.19005999E-04   1.81332999E-03
   2.22516991E-03   2.53670011E-03
   3.94594995E-03   2.68499996E-03
   6.20350987E-03   2.89114006E-03
   7.43967015E-03   3.13248998E-03
   1.03278998E-02   3.17066000E-03
   5.64158987E-03   3.48874996E-03
   6.99714012E-03   3.49861011E-03
   8.93225020E-04   3.55253997E-03
   9.07844980E-04   3.60987009E-03
   1.40607997E-03   3.65789002E-03
   1.33931998E-03   3.74306994E-03
   1.84449996E-03   3.75018991E-03
   1.75269000E-04   3.79674998E-03
   1.57957998E-04   3.81377991E-03
   2.29110999E-04   3.82229011E-03
   2.04112002E-05   3.84168001E-03
   2.61788009E-05   3.84232006E-03
   2.01157000E-05   3.84133006E-03
   1.52483000E-04   2.83330004E-03
   4.85699013E-04   3.03943991E-03
   2.36791006E-04   3.28079006E-03
   1.14030001E-04   3.31896008E-03
   2.33684004E-05   3.63705005E-03
   4.94287000E-04   3.64690996E-03
   5.95608028E-04   3.70084005E-03
   5.05819989E-05   3.75816994E-03
   7.70574989E-05   3.80619010E-03
   3.63836989E-05   3.89137003E-03
   2.57342999E-05   3.89848999E-03
   1.08998996E-04   3.94504983E-03
   8.28248994E-06   3.96207999E-03
   1.18314001E-05   3.97058995E-03
   5.91589981E-07   3.98998009E-03
   4.43696990E-07   3.99061991E-03
   1.24234002E-05   3.98962991E-03
   4.76398011E-04   3.24558001E-03
   6.36553974E-04   3.48692993E-03
   1.42518000E-03   3.52509995E-03
   8.54895974E-04   3.84318992E-03
   1.28643005E-03   3.85305006E-03
   9.41549020E-04   3.90698016E-03
   9.53980998E-05   3.96431005E-03
   1.82221003E-04   4.01232997E-03
   1.12406997E-04   4.09751013E-03
   2.41379006E-04   4.10463009E-03
   1.72608998E-04   4.15119017E-03
   1.61218995E-05   4.16821986E-03
   2.88420997E-05   4.17672982E-03
   1.77486004E-06   4.19611996E-03
   3.40187989E-06   4.19675978E-03
   1.95236007E-05   4.19576978E-03
   9.65825966E-05   3.72828008E-03
   2.63268012E-04   3.76645010E-03
   4.46661987E-04   4.08454007E-03
   2.70138006E-03   4.09439998E-03
   1.09882001E-03   4.14833007E-03
   3.40186016E-05   4.20565996E-03
   1.09451001E-04   4.25367989E-03
   2.72143006E-05   4.33886005E-03
   3.96379000E-05   4.34598001E-03
   1.99814996E-04   4.39254008E-03
   5.32455988E-06   4.40956978E-03
   1.68610004E-05   4.41808021E-03
   4.43706995E-07   4.43746988E-03
   5.91602998E-07   4.43811016E-03
   2.26285993E-05   4.43712017E-03
   2.18298999E-04   3.80461989E-03
   2.40436010E-03   4.12270986E-03
   1.53947005E-03   4.13256977E-03
   1.51780003E-03   4.18649986E-03
   1.87830992E-05   4.24383022E-03
   2.41672999E-04   4.29185014E-03
   3.50519986E-05   4.37702984E-03
   6.37475969E-05   4.38414980E-03
   2.75842001E-04   4.43070987E-03
   3.10584005E-06   4.44774004E-03
   3.71235001E-05   4.45625000E-03
   4.43704010E-07   4.47564013E-03
   8.87388978E-07   4.47627995E-03
   3.12076008E-05   4.47528996E-03
   6.27257978E-04   4.44079982E-03
   4.09896998E-03   4.45066020E-03
   7.62876007E-04   4.50458983E-03
   4.73288992E-06   4.56192018E-03
   1.02940001E-04   4.60994011E-03
   7.20311000E-05   4.69511980E-03
   4.36909992E-04   4.70224023E-03
   1.36660005E-04   4.74879984E-03
   8.87398983E-07   4.76583000E-03
   1.47895998E-05   4.77433996E-03
   1.03532000E-06   4.79373010E-03
   6.21175013E-06   4.79436992E-03
   1.53816000E-05   4.79337992E-03
   1.41647004E-03   4.46052011E-03
   9.41828010E-04   4.51445021E-03
   9.79457036E-05   4.57178010E-03
   1.66680999E-04   4.61980002E-03
   4.75568988E-04   4.70498018E-03
   2.63899012E-04   4.71210014E-03
   1.68750994E-04   4.75866022E-03
   1.65213005E-05   4.77568991E-03
   2.44861003E-05   4.78419987E-03
   7.22775985E-06   4.80359001E-03
   3.68776000E-06   4.80422983E-03
   1.90286992E-05   4.80323983E-03
   8.22935035E-05   4.56837984E-03
   1.37884999E-04   4.62571019E-03
   2.12806000E-04   4.67373012E-03
   1.98504000E-04   4.75890981E-03
   2.72087986E-04   4.76602977E-03
   3.17078993E-05   4.81258985E-03
   2.40382997E-05   4.82962001E-03
   3.46572997E-05   4.83812997E-03
   3.09687994E-06   4.85752011E-03
   3.83437009E-06   4.85815993E-03
   3.68695009E-06   4.85716993E-03
   4.13469979E-06   4.68304008E-03
   1.46190996E-05   4.73106001E-03
   5.16836008E-06   4.81624017E-03
   4.57773012E-06   4.82336013E-03
   2.52518003E-05   4.86992020E-03
   1.32899004E-06   4.88694990E-03
   2.21494997E-06   4.89545986E-03
   1.47660003E-07   4.91485000E-03
   2.80560994E-06   4.91449982E-03
   1.67128001E-05   4.77907993E-03
   1.95234006E-05   4.86426009E-03
   4.12644986E-05   4.87138005E-03
   3.90458008E-05   4.91794012E-03
   2.51427991E-06   4.93496982E-03
   5.32453987E-06   4.94347978E-03
   2.95800987E-07   4.96286992E-03
   5.91601008E-07   4.96351020E-03
   4.43705994E-06   4.96252021E-03
   1.77487004E-06   4.94943978E-03
   5.32461991E-06   4.95656021E-03
   3.62366991E-05   5.00311982E-03
   8.87405008E-07   5.02014998E-03
   2.95804989E-06   5.02865994E-03
   1.47896998E-07   5.04868990E-03
   4.14133001E-06   5.04769990E-03
   4.43704994E-06   4.96368017E-03
   4.96952998E-05   5.01023978E-03
   7.39495022E-07   5.02726994E-03
   6.35994002E-06   5.03577990E-03
   1.47893999E-07   5.05517004E-03
   1.47893999E-07   5.05580986E-03
   5.62030982E-06   5.05481986E-03
   2.67216001E-06   5.05679986E-03
   3.81747986E-06   5.07383002E-03
   5.47186983E-06   5.08233998E-03
   5.08992002E-07   5.10173012E-03
   6.36235995E-07   5.10236993E-03
   6.36235995E-07   5.10137994E-03
   1.47893005E-07   5.09086018E-03
   4.43701992E-07   5.09937014E-03
   4.43701992E-07   5.11841010E-03
   3.62571001E-07   5.10788010E-03
   1.20850999E-07   5.12791006E-03
   6.04274987E-07   5.12692006E-03
       -1137       -1137
   7.21776998E-03   8.05899981E-05
   1.64103005E-02   1.18759999E-04
   2.85269003E-02   4.36850009E-04
   2.38856003E-02   4.46710008E-04
   3.12338001E-03   5.00640017E-04
   4.39867005E-03   5.57970023E-04
   2.03999993E-03   6.05990004E-04
   1.68272003E-03   6.91169989E-04
   3.09200003E-03   6.98290009E-04
   5.89879986E-04   7.44850026E-04
   6.87390973E-04   7.61880015E-04
   3.12479999E-04   7.70389976E-04
   2.58617001E-05   7.89779995E-04
   4.36515984E-05   7.90419988E-04
   6.72074020E-05   7.89429992E-04
   4.72075008E-02   1.85999997E-05
   4.91693988E-02   1.66900005E-04
   3.56473997E-02   3.73040006E-04
   1.68015007E-02   6.14390010E-04
   2.49557998E-02   6.52559975E-04
  0.148820996       9.70649999E-04
  0.233033001       9.80510027E-04
   1.14499005E-02   1.03444001E-03
   9.34389979E-03   1.09177001E-03
   7.77770998E-03   1.13979005E-03
   3.22426995E-03   1.22496998E-03
   4.81782015E-03   1.23209006E-03
   2.28632009E-03   1.27865002E-03
   1.56965002E-03   1.29567995E-03
   1.25459000E-03   1.30419002E-03
   5.02406983E-05   1.32358004E-03
   6.95132985E-05   1.32421998E-03
   2.58785993E-04   1.32322998E-03
   7.30072008E-03   1.82400006E-04
   5.56171983E-02   3.30699986E-04
   4.57595009E-03   5.36840002E-04
   1.56225997E-03   7.78189977E-04
   2.69863009E-03   8.16360000E-04
   7.49744009E-03   1.13444997E-03
   4.61238995E-03   1.14430999E-03
   1.17307995E-03   1.19823997E-03
   8.08459986E-03   1.25556998E-03
   8.56045983E-04   1.30359002E-03
   1.21564997E-04   1.38876995E-03
   4.41131007E-04   1.39589002E-03
   2.17271998E-04   1.44244998E-03
   1.28242001E-03   1.45948003E-03
   1.34419999E-04   1.46798999E-03
   1.64724997E-06   1.48738001E-03
   6.25945995E-06   1.48801995E-03
   2.47087992E-05   1.48702995E-03
   5.67340991E-04   2.21040007E-03
   8.76658037E-03   2.35869992E-03
   1.09967997E-03   2.56484002E-03
   3.38309997E-04   2.80618994E-03
   1.00407004E-03   2.84435996E-03
   6.16386023E-05   3.16244992E-03
   7.38592003E-04   3.17231007E-03
   2.12230007E-04   3.22623993E-03
   1.25133002E-03   3.28357005E-03
   2.24136005E-04   3.33158998E-03
   4.13248999E-05   3.41676991E-03
   1.61100004E-04   3.42389010E-03
   4.06237014E-05   3.47044994E-03
   1.98923997E-04   3.48748011E-03
   3.57210993E-05   3.49599007E-03
   7.00435010E-07   3.51537997E-03
   2.10131998E-06   3.51602002E-03
   4.55283998E-06   3.51503002E-03
   6.85360003E-03   2.50700000E-03
   1.84151996E-02   2.71314010E-03
   1.87333003E-02   2.95449002E-03
   2.93179005E-02   2.99266004E-03
   1.17121004E-02   3.31075001E-03
   1.91837009E-02   3.32060992E-03
   2.15010997E-03   3.37454001E-03
   2.59801000E-03   3.43186990E-03
   4.13496979E-03   3.47989006E-03
   3.38654011E-03   3.56506999E-03
   5.18281013E-03   3.57218995E-03
   4.34968009E-04   3.61875002E-03
   4.39165015E-04   3.63577995E-03
   6.72410999E-04   3.64428991E-03
   5.14823005E-05   3.66368005E-03
   7.31945984E-05   3.66432010E-03
   5.00817005E-05   3.66333011E-03
   4.67870006E-04   2.91927997E-03
   1.09267002E-03   3.16062989E-03
   1.01597002E-03   3.19879991E-03
   7.61935022E-03   3.51689011E-03
   2.11228011E-03   3.52675002E-03
   1.70907995E-04   3.58067988E-03
   2.68228003E-03   3.63801001E-03
   1.77214999E-04   3.68602993E-03
   1.54099005E-04   3.77121009E-03
   1.61446995E-04   3.77833005E-03
   3.15196012E-05   3.82488989E-03
   4.27613006E-04   3.84192006E-03
   2.80173008E-05   3.85043002E-03
   2.10131998E-06   3.86981992E-03
   2.10131998E-06   3.87045997E-03
   3.50216010E-06   3.86946998E-03
   6.94473973E-04   3.40198004E-03
   1.34687999E-03   3.44015006E-03
   7.78864021E-04   3.75824003E-03
   1.12381997E-03   3.76809994E-03
   8.01978022E-05   3.82203003E-03
   2.64369999E-03   3.87935992E-03
   2.27291006E-04   3.92737985E-03
   2.03817006E-04   4.01256001E-03
   2.18539994E-04   4.01967997E-03
   1.61098997E-05   4.06624004E-03
   4.18500014E-04   4.08327021E-03
   3.64219013E-05   4.09178017E-03
   3.15193006E-06   4.11116984E-03
   3.15193006E-06   4.11181012E-03
   1.75101002E-06   4.11082013E-03
   3.68431007E-04   3.47832008E-03
   1.80815998E-03   3.79641005E-03
   4.52459994E-04   3.80626996E-03
   1.93667001E-04   3.86020006E-03
   4.18704003E-03   3.91753018E-03
   1.74404995E-04   3.96555010E-03
   1.89112005E-04   4.05072980E-03
   1.09966000E-04   4.05785022E-03
   3.74705996E-05   4.10440983E-03
   6.64687017E-04   4.12144000E-03
   2.69659995E-05   4.12994996E-03
   2.80168001E-06   4.14934009E-03
   1.40080999E-06   4.14997991E-03
   4.20253991E-06   4.14898992E-03
   3.05946008E-03   4.11449978E-03
   1.95177998E-02   4.12436016E-03
   9.45567990E-06   4.17828979E-03
   1.52511999E-03   4.23562014E-03
   1.60671002E-03   4.28364007E-03
   1.53387999E-04   4.36882023E-03
   3.85230989E-04   4.37594019E-03
   1.75099001E-06   4.42249980E-03
   2.39533998E-04   4.43952996E-03
   2.58092012E-04   4.44803992E-03
   2.45126989E-06   4.46743006E-03
   5.60337003E-06   4.46806988E-03
   3.50209007E-07   4.46707988E-03
   1.01808005E-03   4.13422007E-03
   1.47443003E-04   4.18815017E-03
   2.43258011E-03   4.24548006E-03
   3.94684990E-04   4.29349998E-03
   2.13626001E-04   4.37868014E-03
   8.51001023E-05   4.38580010E-03
   2.83666996E-05   4.43236018E-03
   3.77163989E-04   4.44938987E-03
   6.19876009E-05   4.45789983E-03
   3.15192005E-06   4.47728997E-03
   1.05062998E-06   4.47792979E-03
   3.15192005E-06   4.47693979E-03
   1.96103992E-05   4.24207980E-03
   3.08894989E-04   4.29941015E-03
   3.46712986E-05   4.34743008E-03
   9.10526978E-06   4.43260977E-03
   3.18685015E-05   4.43973020E-03
   7.35422009E-06   4.48628981E-03
   4.90294005E-05   4.50331997E-03
   5.60337003E-06   4.51182993E-03
   3.50209007E-07   4.53185989E-03
   7.00421026E-07   4.53086989E-03
   2.30079997E-04   4.35674004E-03
   6.06559974E-04   4.40475997E-03
   4.80821996E-04   4.48994013E-03
   7.45224999E-04   4.49706009E-03
   6.26858964E-05   4.54362016E-03
   7.70453989E-05   4.56064986E-03
   9.87591993E-05   4.56915982E-03
   7.35416006E-06   4.58854996E-03
   1.05060999E-05   4.58918978E-03
   7.35416006E-06   4.58819978E-03
   1.67360995E-05   4.45277989E-03
   3.27611015E-05   4.53796005E-03
   2.81296998E-05   4.54508001E-03
   6.40964981E-06   4.59164008E-03
   9.86371015E-05   4.60866978E-03
   5.34136007E-06   4.61718021E-03
   3.56089998E-07   4.63656988E-03
   3.56089998E-07   4.63721016E-03
   7.12181986E-07   4.63622017E-03
   1.43581001E-05   4.62314021E-03
   3.29198992E-05   4.63026017E-03
   1.75103003E-06   4.67681978E-03
   7.63466014E-05   4.69384994E-03
   5.25326004E-06   4.70235990E-03
   3.50215998E-07   4.72175004E-03
   3.50215998E-07   4.72238986E-03
   3.50215998E-07   4.72139986E-03
   8.49454045E-06   4.63738013E-03
   6.37091989E-06   4.68394021E-03
   1.19630997E-04   4.70096990E-03
   4.24727023E-06   4.70947986E-03
   3.53937992E-07   4.72887000E-03
   3.53937992E-07   4.72950982E-03
   7.07878996E-07   4.72851982E-03
   6.69706026E-07   4.73049982E-03
   9.37570985E-06   4.74752998E-03
   1.00454997E-06   4.75603994E-03
   5.23531980E-06   4.76456014E-03
   1.30883000E-05   4.77307010E-03
   8.72541023E-07   4.79245977E-03
   1.45419995E-06   4.79310006E-03
   8.72541023E-07   4.79211006E-03
   3.50209007E-07   4.78158006E-03
       -1137       -1137
   1.57711003E-02   1.75249996E-04
   2.29802001E-02   1.85109995E-04
   3.21117998E-03   2.39040004E-04
   3.02648009E-03   2.96370010E-04
   9.07742977E-03   3.44389991E-04
   1.71043002E-03   4.29570006E-04
   1.88919995E-03   4.36689996E-04
   6.18034974E-04   4.83250013E-04
   5.04611991E-04   5.00280003E-04
   1.38729997E-03   5.08790021E-04
   2.54624993E-05   5.28179982E-04
   2.66192001E-05   5.28819975E-04
   6.98287986E-05   5.27829980E-04
   4.40431982E-02   0.00000000    
   6.35763034E-02   2.09600003E-05
  0.193691000       3.39049991E-04
  0.233757004       3.48909991E-04
   1.94345005E-02   4.02840000E-04
   2.03006994E-02   4.60170006E-04
   2.21333001E-02   5.08190016E-04
   7.17253983E-03   5.93370001E-04
   1.04631996E-02   6.00490021E-04
   3.83585994E-03   6.47049979E-04
   3.39688989E-03   6.64080027E-04
   3.46710999E-03   6.72589988E-04
   1.05320003E-04   6.91980007E-04
   1.44478006E-04   6.92620000E-04
   4.46929014E-04   6.91630004E-04
   1.51562999E-04   1.41499995E-03
   4.61465999E-04   1.56330003E-03
   1.08045004E-02   1.76944002E-03
   6.70168025E-04   2.01078993E-03
   8.65725975E-04   2.04895996E-03
   2.25791009E-03   2.36704992E-03
   4.09111008E-03   2.37691007E-03
   6.01721003E-05   2.43083993E-03
   6.54390024E-05   2.48817005E-03
   1.53595000E-03   2.53618998E-03
   1.03045000E-04   2.62136990E-03
   1.29748994E-04   2.62849010E-03
   1.16584997E-05   2.67504994E-03
   1.01542000E-05   2.69208010E-03
   2.29797995E-04   2.70059006E-03
   1.50429003E-06   2.71997997E-03
   1.50429003E-06   2.72062002E-03
   1.50429003E-06   2.71963002E-03
   1.88037995E-06   1.71159999E-03
   1.36364000E-02   1.91773998E-03
   3.06503003E-04   2.15909001E-03
   3.07927001E-03   2.19726004E-03
   1.65131001E-03   2.51535000E-03
   8.41687992E-03   2.52520991E-03
   8.76259001E-05   2.57914001E-03
   1.88037995E-06   2.63646990E-03
   1.98914995E-03   2.68449006E-03
   5.45303010E-05   2.76966998E-03
   4.41904005E-04   2.77678994E-03
   1.65473994E-05   2.82335002E-03
   3.76074013E-07   2.84037995E-03
   2.98984989E-04   2.84888991E-03
   7.52148026E-07   2.86828005E-03
   6.01711008E-06   2.86892010E-03
   1.88037995E-06   2.86793010E-03
   1.73301008E-02   2.12387997E-03
   2.58086007E-02   2.36522988E-03
   3.34630013E-02   2.40339991E-03
   2.41976995E-02   2.72149011E-03
   2.76248995E-02   2.73135002E-03
   2.60966993E-03   2.78528011E-03
   3.04910005E-03   2.84261000E-03
   6.37219008E-03   2.89062993E-03
   4.49135993E-03   2.97581009E-03
   5.83459996E-03   2.98293005E-03
   5.25743992E-04   3.02948989E-03
   5.27251977E-04   3.04652005E-03
   1.00449997E-03   3.05503001E-03
   6.80681987E-05   3.07441992E-03
   8.23598966E-05   3.07505997E-03
   6.05464011E-05   3.07406997E-03
   1.77884998E-04   2.60658003E-03
   4.30457015E-03   2.64475006E-03
   6.90466026E-04   2.96284002E-03
   7.86892045E-03   2.97269993E-03
   8.46164985E-05   3.02663003E-03
   1.84276996E-05   3.08395992E-03
   3.67542007E-03   3.13198008E-03
   5.07697005E-05   3.21716000E-03
   6.55480020E-04   3.22427996E-03
   1.50425003E-05   3.27084004E-03
   2.63235006E-06   3.28786997E-03
   5.49071003E-04   3.29637993E-03
   7.52138988E-07   3.31577007E-03
   9.02574993E-06   3.31640989E-03
   1.88035995E-06   3.31541989E-03
   1.84770999E-03   2.68292008E-03
   6.28867978E-03   3.00101005E-03
   5.16533013E-03   3.01086996E-03
   1.17711003E-04   3.06480005E-03
   3.14758014E-04   3.12212994E-03
   4.70008003E-03   3.17015010E-03
   6.44579995E-04   3.25533003E-03
   5.67493029E-04   3.26244999E-03
   2.14358006E-05   3.30901006E-03
   4.70090017E-05   3.32603999E-03
   7.00226985E-04   3.33454995E-03
   9.40181963E-06   3.35394009E-03
   7.89731985E-06   3.35457991E-03
   2.63232005E-06   3.35358991E-03
   1.06881000E-03   3.31910001E-03
   2.76963003E-02   3.32895992E-03
   2.50851997E-04   3.38289002E-03
   2.99729989E-04   3.44021991E-03
   3.27793998E-03   3.48824007E-03
   1.39522002E-04   3.57341999E-03
   1.02704996E-03   3.58053995E-03
   4.43772988E-05   3.62710003E-03
   4.96426001E-05   3.64412996E-03
   4.86259989E-04   3.65263992E-03
   2.25635995E-06   3.67203006E-03
   1.42907002E-05   3.67267011E-03
   4.88892010E-06   3.67168011E-03
   1.10072996E-02   3.33882007E-03
   4.23076010E-04   3.39274993E-03
   1.50509004E-03   3.45008005E-03
   3.90890986E-03   3.49809998E-03
   1.35312998E-03   3.58327990E-03
   9.20628023E-04   3.59040010E-03
   7.25835998E-05   3.63695994E-03
   2.50075012E-04   3.65399010E-03
   5.87420014E-04   3.66250006E-03
   2.03086001E-05   3.68188997E-03
   1.31626002E-05   3.68253002E-03
   8.27362965E-06   3.68154002E-03
   6.76934997E-06   3.44668003E-03
   1.31627003E-05   3.50400992E-03
   3.72681010E-04   3.55203007E-03
   1.42908002E-05   3.63721000E-03
   1.84279997E-05   3.64432996E-03
   2.63239008E-06   3.69089004E-03
   2.25637996E-06   3.70791997E-03
   5.56597006E-05   3.71642993E-03
   3.76076002E-07   3.73582006E-03
   3.76076002E-07   3.73646012E-03
   3.76076002E-07   3.73546989E-03
   4.47617989E-04   3.60935996E-03
   3.00930992E-06   3.69453989E-03
   4.77706999E-05   3.70166008E-03
   2.63288007E-06   3.74821993E-03
   6.73297982E-05   3.77376005E-03
   7.52290021E-07   3.79379001E-03
   3.76145010E-07   3.79280001E-03
   5.55455976E-04   3.65737989E-03
   6.42728002E-04   3.74256005E-03
   8.22851027E-04   3.74968001E-03
   7.52152991E-05   3.79624008E-03
   7.74720029E-05   3.81327001E-03
   1.73384993E-04   3.82177997E-03
   9.77809032E-06   3.84117011E-03
   1.16583997E-05   3.84180993E-03
   8.64988033E-06   3.84081993E-03
   3.76075991E-06   3.82773997E-03
   1.06054002E-04   3.83485993E-03
   2.63239008E-06   3.88142001E-03
   3.76076002E-07   3.89844994E-03
   9.62757986E-05   3.90696013E-03
   1.50427002E-06   3.92699009E-03
   3.76076002E-07   3.92600009E-03
   4.58819995E-05   3.84197989E-03
   3.38469999E-06   3.88853997E-03
   7.14523003E-06   3.90556990E-03
   1.22598998E-04   3.91408009E-03
   1.50425001E-06   3.93347023E-03
   1.12820999E-06   3.93411005E-03
   3.76070005E-07   3.93312005E-03
   3.45373991E-07   3.93510005E-03
   3.45373991E-07   3.95213021E-03
   1.03612001E-05   3.96064017E-03
   1.05620002E-05   3.97766987E-03
   1.11674999E-05   3.98617983E-03
   1.24079997E-06   4.00556996E-03
   1.55103999E-06   4.00620978E-03
   9.30621979E-07   4.00521979E-03
       -1137       -1137
   5.10804988E-02   5.95700003E-05
   7.41299009E-03   6.66900014E-05
   1.05243002E-03   1.13249997E-04
   5.40919020E-04   1.30279994E-04
   1.14475004E-03   1.38789997E-04
   7.51759973E-04   1.58180002E-04
   1.02953003E-04   1.58819996E-04
   1.17666998E-04   1.57830000E-04
   1.06224998E-05   8.81200016E-04
   8.59623018E-04   1.02950004E-03
   7.67289021E-04   1.23564003E-03
   2.96532996E-02   1.47698994E-03
   3.45970993E-03   1.51515997E-03
   1.60374008E-02   1.83325005E-03
   3.84295010E-03   1.84310996E-03
   1.63426994E-05   1.89704006E-03
   1.61791002E-04   1.95436995E-03
   1.12768997E-04   2.00239010E-03
   3.56421992E-03   2.08757003E-03
   4.43688012E-04   2.09468999E-03
   3.26843997E-06   2.14125006E-03
   2.69651991E-05   2.15828000E-03
   1.71587999E-05   2.16678996E-03
   5.14802014E-05   2.18618009E-03
   5.71973987E-06   2.18681991E-03
   8.17135003E-07   2.18582992E-03
   4.44517005E-04   1.17780000E-03
   3.57497996E-03   1.38393999E-03
   2.68587992E-02   1.62529002E-03
   1.62443996E-03   1.66346005E-03
   1.14593003E-02   1.98154990E-03
   6.07613008E-03   1.99141004E-03
   1.20115001E-04   2.04533990E-03
   1.66697995E-04   2.10267003E-03
   5.87484974E-04   2.15068995E-03
   3.19483993E-03   2.23587011E-03
   2.37779997E-04   2.24299007E-03
   2.20616002E-05   2.28954991E-03
   2.77818999E-05   2.30658008E-03
   9.06998030E-05   2.31509004E-03
   4.57585011E-05   2.33447994E-03
   3.26840996E-06   2.33511999E-03
   2.45137994E-06   2.33413000E-03
   1.25015003E-03   1.59007998E-03
   5.20176999E-02   1.83143001E-03
   1.98150007E-03   1.86960003E-03
   2.30841991E-03   2.18769000E-03
   1.76911999E-03   2.19754991E-03
   1.39719996E-04   2.25148001E-03
   4.98462003E-04   2.30880990E-03
   3.92207992E-04   2.35683005E-03
   6.26320997E-03   2.44200998E-03
   2.68016011E-04   2.44912994E-03
   2.61481000E-05   2.49569002E-03
   7.92594001E-05   2.51271995E-03
   5.96514983E-05   2.52122991E-03
   8.98848011E-05   2.54062004E-03
   3.26844997E-06   2.54126010E-03
   3.26844997E-06   2.54027010E-03
   4.79361005E-02   2.07277993E-03
   9.40615013E-02   2.11094995E-03
   5.61073013E-02   2.42903992E-03
   6.65512010E-02   2.43890006E-03
   6.52144989E-03   2.49282992E-03
   6.06048014E-03   2.55016005E-03
   1.13423001E-02   2.59817997E-03
   1.42326001E-02   2.68335990E-03
   1.62077993E-02   2.69048009E-03
   1.29763002E-03   2.73703993E-03
   1.04995002E-03   2.75407010E-03
   1.83355995E-03   2.76258006E-03
   2.11634004E-04   2.78196996E-03
   2.27985001E-04   2.78261001E-03
   1.48712003E-04   2.78162002E-03
   1.48553995E-03   2.14911997E-03
   6.55995980E-02   2.46720994E-03
   3.13299010E-03   2.47707008E-03
   3.84045998E-04   2.53099995E-03
   2.12458006E-04   2.58833007E-03
   3.44830012E-04   2.63634999E-03
   1.13680996E-02   2.72152992E-03
   4.16716997E-04   2.72865011E-03
   6.78206998E-05   2.77520996E-03
   3.43184001E-05   2.79223989E-03
   5.31131009E-05   2.80075008E-03
   1.63427001E-04   2.82013998E-03
   5.71971987E-06   2.82078004E-03
   7.35419007E-06   2.81979004E-03
   6.44690990E-02   2.78529990E-03
  0.185106993       2.79516005E-03
   3.75232007E-03   2.84908991E-03
   2.06662994E-03   2.90642004E-03
   5.20517991E-04   2.95443996E-03
   7.41954986E-03   3.03961989E-03
   1.07457004E-02   3.04674008E-03
   7.52593973E-04   3.09329992E-03
   3.50541988E-04   3.11033009E-03
   8.49827993E-05   3.11884005E-03
   1.09499997E-04   3.13822995E-03
   1.51989007E-04   3.13887000E-03
   8.98869985E-05   3.13788000E-03
   4.29189019E-03   2.80501996E-03
   7.04200007E-04   2.85895006E-03
   6.29377028E-04   2.91627995E-03
   3.89497000E-04   2.96430010E-03
   8.19945987E-03   3.04948003E-03
   5.34518971E-04   3.05659999E-03
   1.30433997E-04   3.10316007E-03
   9.39520978E-05   3.12019000E-03
   6.20256033E-05   3.12869996E-03
   1.16752002E-04   3.14809009E-03
   7.29747990E-06   3.14872991E-03
   1.45951999E-05   3.14773992E-03
   1.63889001E-06   2.91287992E-03
   2.54025999E-05   2.97021004E-03
   2.13058993E-05   3.01822997E-03
   7.92396022E-04   3.10340989E-03
   5.49018987E-05   3.11053009E-03
   8.19441993E-07   3.15708993E-03
   4.09701988E-06   3.17412009E-03
   3.27766998E-06   3.18263005E-03
   1.14717996E-05   3.20201996E-03
   8.19441993E-07   3.20266001E-03
   1.71588999E-05   3.02753993E-03
   8.82512977E-05   3.07556009E-03
   7.24795973E-04   3.16074002E-03
   3.59537989E-05   3.16785998E-03
   4.90264983E-06   3.21442005E-03
   5.71977989E-06   3.23144998E-03
   1.38906998E-05   3.23995994E-03
   1.06224998E-05   3.25935008E-03
   8.17140005E-07   3.25998990E-03
   8.17140005E-07   3.25899990E-03
   3.18689017E-05   3.12358001E-03
   1.37535005E-03   3.20875994E-03
   4.98486006E-05   3.21587990E-03
   4.08567985E-06   3.26243998E-03
   1.38913001E-05   3.27946991E-03
   9.80579989E-06   3.28798010E-03
   1.96127003E-05   3.30737000E-03
   8.17175021E-07   3.30801005E-03
   8.17175021E-07   3.30702006E-03
   1.01573998E-03   3.29394010E-03
   1.97088998E-03   3.30106006E-03
   1.56883005E-04   3.34761990E-03
   1.25838007E-04   3.36465007E-03
   2.22254006E-04   3.37316003E-03
   3.02331991E-05   3.39254993E-03
   2.77821000E-05   3.39318998E-03
   1.79766994E-05   3.39219999E-03
   5.72768986E-05   3.30818002E-03
   1.90913997E-05   3.35474010E-03
   1.11365998E-05   3.37177003E-03
   1.43190000E-05   3.38027999E-03
   5.56841005E-05   3.39966989E-03
   1.59100000E-06   3.40030994E-03
   1.59100000E-06   3.39931995E-03
   6.11299981E-07   3.41833010E-03
   6.11299981E-07   3.42684006E-03
   1.83390000E-06   3.44622997E-03
   4.93949983E-07   3.43536003E-03
   1.48184995E-06   3.44386999E-03
   9.87900989E-07   3.46325990E-03
   4.54991010E-07   3.45237995E-03
   1.81991004E-06   3.47177009E-03
       -1137       -1137
   7.40445012E-06   7.17399991E-04
   2.48461001E-04   8.65700014E-04
   1.65204995E-03   1.07183994E-03
   3.16495006E-03   1.31318998E-03
   3.25747989E-02   1.35136000E-03
   4.16124985E-03   1.66944996E-03
   1.67792998E-02   1.67930999E-03
   1.23402997E-05   1.73323997E-03
   1.72771997E-05   1.79056998E-03
   2.49273988E-04   1.83859002E-03
   3.73510004E-04   1.92376995E-03
   3.90300993E-03   1.93089002E-03
   3.29079990E-06   1.97744998E-03
   2.46814989E-06   1.99447991E-03
   3.78438999E-05   2.00299011E-03
   5.75884997E-06   2.02238001E-03
   5.26535987E-05   2.02302006E-03
   4.93607013E-06   1.01400004E-03
   4.88102017E-03   1.22014002E-03
   2.37768007E-04   1.46149006E-03
   3.36267985E-02   1.49965996E-03
   2.29199999E-03   1.81775005E-03
   9.85339005E-03   1.82760996E-03
   3.20846993E-05   1.88154005E-03
   1.64538994E-06   1.93886994E-03
   7.38782983E-04   1.98689010E-03
   6.58174986E-06   2.07207003E-03
   4.02207999E-03   2.07918999E-03
   5.75879994E-06   2.12575006E-03
   8.22714014E-07   2.14277999E-03
   1.11888003E-04   2.15128995E-03
   5.42974012E-05   2.17131991E-03
   8.22714014E-07   2.17032991E-03
   3.06788995E-03   1.42628001E-03
   3.05132009E-03   1.66763004E-03
   4.90658991E-02   1.70579995E-03
   2.03537010E-03   2.02388992E-03
   3.39296996E-03   2.03375006E-03
   3.15923011E-04   2.08767992E-03
   6.33481017E-04   2.14501005E-03
   9.53548006E-04   2.19302997E-03
   4.53309010E-04   2.27820990E-03
   5.83554991E-03   2.28533009E-03
   6.08806004E-05   2.33188993E-03
   9.95523005E-05   2.34892010E-03
   1.45629005E-04   2.35743006E-03
   6.58184990E-06   2.37681996E-03
   7.81569033E-05   2.37746001E-03
   6.58184990E-06   2.37647002E-03
   6.68045017E-04   1.90897996E-03
   6.94980994E-02   1.94714998E-03
   2.84494995E-03   2.26524007E-03
   3.93357985E-02   2.27509998E-03
   3.27446993E-04   2.32903007E-03
   6.25261018E-05   2.38635996E-03
   4.79651993E-04   2.43437989E-03
   1.80994000E-04   2.51956005E-03
   8.37931968E-03   2.52668001E-03
   5.67669013E-05   2.57324008E-03
   1.06951002E-05   2.59027001E-03
   7.32229964E-05   2.59877997E-03
   2.46816990E-06   2.61817011E-03
   1.12713002E-04   2.61880993E-03
   6.58185991E-06   2.61781993E-03
   7.69105032E-02   1.98531989E-03
   6.18092008E-02   2.30341009E-03
   9.94819999E-02   2.31327000E-03
   6.81702979E-03   2.36720010E-03
   7.23008998E-03   2.42452999E-03
   1.07931001E-02   2.47254991E-03
   1.19217997E-02   2.55773007E-03
   2.25214008E-02   2.56485003E-03
   1.34836999E-03   2.61141011E-03
   1.24146999E-03   2.62844004E-03
   1.74743996E-03   2.63695000E-03
   1.80168994E-04   2.65633990E-03
   3.11001000E-04   2.65697995E-03
   1.54672001E-04   2.65598996E-03
   5.35439979E-03   2.62150005E-03
  0.170248002       2.63135997E-03
   7.53619999E-04   2.68529006E-03
   4.54135006E-04   2.74261995E-03
   3.77647986E-04   2.79064011E-03
   4.71440988E-04   2.87582004E-03
   7.03189010E-03   2.88294000E-03
   1.43162993E-04   2.92950007E-03
   7.73366992E-05   2.94653000E-03
   5.92377000E-05   2.95503996E-03
   7.40469022E-06   2.97443010E-03
   9.37911973E-05   2.97506992E-03
   1.64544999E-05   2.97407992E-03
  0.116264999       2.64122011E-03
   3.86353000E-03   2.69514997E-03
   2.15798011E-03   2.75248010E-03
   7.14945025E-04   2.80050002E-03
   6.28325017E-03   2.88567995E-03
   1.35505004E-02   2.89279991E-03
   7.73360021E-04   2.93935998E-03
   3.72676004E-04   2.95638992E-03
   1.15996998E-04   2.96490011E-03
   9.46126020E-05   2.98429001E-03
   1.85936005E-04   2.98493006E-03
   9.13229014E-05   2.98394007E-03
   8.36245022E-07   2.74908007E-03
   8.36245022E-07   2.80640996E-03
   5.10110985E-05   2.85442988E-03
   4.51564010E-05   2.93961004E-03
   8.37070984E-04   2.94673000E-03
   7.52617007E-06   3.01882997E-03
   8.36245022E-07   3.03822011E-03
   1.08708000E-05   3.03885993E-03
   1.02840997E-04   2.91176001E-03
   4.11371002E-06   2.99693993E-03
   8.77888000E-04   3.00405989E-03
   1.56328006E-05   3.07616009E-03
   1.15188996E-05   3.09619005E-03
   7.48710008E-05   2.95977993E-03
   7.65154036E-05   3.04496009E-03
   1.29001995E-03   3.05208005E-03
   9.87294970E-06   3.09863989E-03
   1.64547000E-05   3.11567006E-03
   2.30372007E-05   3.12418002E-03
   8.22758011E-07   3.14356992E-03
   1.72780001E-05   3.14420997E-03
   8.22758011E-07   3.14321998E-03
   1.15182002E-05   3.13014002E-03
   1.44716003E-03   3.13725998E-03
   7.40448013E-06   3.18382005E-03
   8.22724019E-07   3.20084998E-03
   1.15182002E-05   3.20935994E-03
   1.97447007E-05   3.22938990E-03
   8.22724019E-07   3.22839990E-03
   1.59199000E-03   3.14437994E-03
   1.62897995E-04   3.19094001E-03
   1.51383007E-04   3.20796994E-03
   2.08975005E-04   3.21647990E-03
   2.22136005E-05   3.23587004E-03
   4.36049995E-05   3.23651009E-03
   1.89228995E-05   3.23552010E-03
   1.13878002E-06   3.26303998E-03
   1.70819999E-06   3.28306993E-03
   2.17908996E-06   3.28006991E-03
   1.45268996E-06   3.30010010E-03
   1.12273995E-06   3.28858010E-03
   1.68413999E-06   3.30861006E-03
       -1137       -1137
   6.56917989E-02   4.40699987E-05
  0.103377998       5.11899998E-05
   9.52044036E-03   9.77500022E-05
   7.70486007E-03   1.14779999E-04
   1.10881999E-02   1.23289996E-04
   8.29749973E-04   1.42680001E-04
   1.21271994E-03   1.43319994E-04
   1.06409995E-03   1.42329998E-04
   6.60671992E-03   0.00000000    
   2.19061002E-02   5.75000013E-06
   4.26255986E-02   5.96799982E-05
   5.13728000E-02   1.17010000E-04
   4.74309996E-02   1.65029996E-04
   4.25508991E-02   2.50209996E-04
   5.30355014E-02   2.57329986E-04
   8.41206033E-03   3.03890003E-04
   8.37854017E-03   3.20919993E-04
   7.67095992E-03   3.29430011E-04
   5.98547980E-04   3.48820002E-04
   7.16832001E-04   3.49459995E-04
   9.63607978E-04   3.48469999E-04
   3.95727996E-03   2.37240005E-04
   5.20577002E-03   2.47099990E-04
   1.74915008E-02   3.01029999E-04
   6.09201007E-03   3.58360005E-04
   6.36684010E-03   4.06379986E-04
   2.10464001E-03   4.91559971E-04
   2.90924008E-03   4.98679990E-04
   2.53483001E-03   5.45240007E-04
   9.87341045E-04   5.62269997E-04
   8.45762028E-04   5.70780016E-04
   2.91169999E-05   5.90169977E-04
   3.88225999E-05   5.90810028E-04
   2.77674000E-04   5.89819974E-04
   6.06065989E-03   2.75410013E-04
   7.09867012E-03   2.85270013E-04
   2.44757999E-02   3.39199993E-04
   9.67585016E-03   3.96529998E-04
   7.47678988E-03   4.44550009E-04
   2.30780989E-03   5.29729994E-04
   3.38434009E-03   5.36850013E-04
   3.52258002E-03   5.83409972E-04
   1.38828997E-03   6.00440020E-04
   1.10896002E-03   6.08949980E-04
   3.30346011E-05   6.28340000E-04
   4.53083012E-05   6.28979993E-04
   3.85647989E-04   6.27989997E-04
   9.25561041E-03   5.93499979E-04
   1.76049005E-02   6.03360008E-04
   2.14517992E-02   6.57289987E-04
   3.00396001E-03   7.14619993E-04
   1.25316000E-02   7.62639975E-04
   1.20645994E-03   8.47820018E-04
   7.75919005E-04   8.54939979E-04
   2.64127995E-03   9.01499996E-04
   3.90021014E-04   9.18529986E-04
   1.56192004E-03   9.27040004E-04
   1.71356005E-05   9.46430024E-04
   1.01595997E-05   9.47070017E-04
   2.80984998E-04   9.46080021E-04
   1.52997999E-02   6.13219978E-04
   2.77792998E-02   6.67150016E-04
   1.46270997E-03   7.24480022E-04
   1.34546999E-02   7.72500003E-04
   7.05758983E-04   8.57679988E-04
   1.73203996E-03   8.64800008E-04
   3.40742990E-03   9.11360024E-04
   1.84635996E-04   9.28390014E-04
   1.60726998E-03   9.36899974E-04
   1.01647001E-05   9.56289994E-04
   2.27573000E-05   9.56929987E-04
   3.62143997E-04   9.55939991E-04
   1.65548008E-02   7.21079996E-04
   2.44670995E-02   7.78410002E-04
   3.86825986E-02   8.26429983E-04
   3.75878997E-02   9.11610026E-04
   5.20903990E-02   9.18729987E-04
   5.43869007E-03   9.65290004E-04
   4.23606997E-03   9.82320053E-04
   6.23745983E-03   9.90830013E-04
   5.74723992E-04   1.01022003E-03
   7.39975017E-04   1.01085997E-03
   6.09603012E-04   1.00986997E-03
   1.89774996E-03   8.35740007E-04
   8.46832991E-03   8.83759989E-04
   3.39767989E-03   9.68939974E-04
   2.43601995E-03   9.76059993E-04
   3.02910991E-03   1.02262001E-03
   5.34643012E-04   1.03964994E-03
   1.02913997E-03   1.04816002E-03
   4.92686013E-05   1.06755004E-03
   3.10204996E-05   1.06818997E-03
   3.22973006E-04   1.06719998E-03
   5.16811991E-03   9.31780029E-04
   2.47166003E-03   1.01696001E-03
   5.79805998E-03   1.02407997E-03
   5.08259982E-03   1.07064005E-03
   1.32682000E-03   1.08766998E-03
   1.45136996E-03   1.09618006E-03
   3.71673996E-05   1.11556996E-03
   8.17705004E-05   1.11621001E-03
   5.46352996E-04   1.11522002E-03
   1.00778998E-03   1.10214006E-03
   3.05690011E-03   1.10926002E-03
   5.07656019E-03   1.15581998E-03
   4.92157007E-04   1.17285002E-03
   2.62741989E-04   1.18135998E-03
   2.94119000E-05   1.20075000E-03
   3.72555005E-05   1.20139006E-03
   5.43143018E-04   1.20039994E-03
   1.95844006E-03   1.11637998E-03
   6.75948011E-03   1.16294005E-03
   2.95937003E-04   1.17996999E-03
   7.27563980E-04   1.18847995E-03
   3.76989010E-05   1.20786997E-03
   5.08937992E-05   1.20851002E-03
   7.21950026E-04   1.20752002E-03
   3.91206995E-04   1.20950001E-03
   5.01242990E-04   1.22652994E-03
   7.56203022E-04   1.23504002E-03
   6.98571021E-05   1.25443004E-03
   8.90623996E-05   1.25506998E-03
   8.73212994E-05   1.25407998E-03
   3.63309991E-05   1.24355999E-03
   1.54406007E-04   1.25206995E-03
   7.26604003E-06   1.27145997E-03
   3.63310005E-06   1.27210002E-03
   5.63126996E-05   1.27111003E-03
   8.94999976E-05   1.26058003E-03
   3.44227010E-06   1.27997005E-03
   8.60545970E-06   1.28060998E-03
   7.91717030E-05   1.27961999E-03
       -1137       -1137
   2.14697998E-02   1.67300004E-05
   1.16403997E-02   1.01910002E-04
   1.77692007E-02   1.09029999E-04
   2.48102006E-03   1.55589994E-04
   2.73054000E-03   1.72619999E-04
   2.67541991E-03   1.81130003E-04
   1.34158006E-04   2.00519993E-04
   1.97597998E-04   2.01160001E-04
   2.72875011E-04   2.00170005E-04
  0.102202997       8.89400035E-05
  0.241651997       9.88000029E-05
   3.63408998E-02   1.52730005E-04
   2.94071008E-02   2.10059996E-04
   3.73883992E-02   2.58079992E-04
   2.09205002E-02   3.43260006E-04
   3.16940993E-02   3.50379996E-04
   7.22221006E-03   3.96940013E-04
   4.76046000E-03   4.13970003E-04
   5.95982000E-03   4.22479992E-04
   3.10469011E-04   4.41870012E-04
   4.28633008E-04   4.42510005E-04
   8.27318989E-04   4.41520009E-04
   4.23793010E-02   1.27110005E-04
   1.08476002E-02   1.36970004E-04
   5.73709002E-03   1.90899998E-04
   2.44852006E-02   2.48230004E-04
   5.06212981E-03   2.96249986E-04
   2.34003994E-03   3.81430000E-04
   2.58222991E-03   3.88549990E-04
   8.67080002E-04   4.35110007E-04
   2.79578008E-03   4.52139997E-04
   6.27889996E-04   4.60649986E-04
   3.02631997E-05   4.80040006E-04
   3.41736013E-05   4.80679999E-04
   9.57119992E-05   4.79690003E-04
   2.17277999E-03   4.45200014E-04
   1.21197999E-02   4.55060013E-04
   5.03678015E-03   5.08990022E-04
   2.02102009E-02   5.66320028E-04
   2.85461009E-03   6.14340010E-04
   5.97942015E-03   6.99519995E-04
   4.26896010E-03   7.06640014E-04
   1.01732998E-03   7.53199973E-04
   2.34957994E-03   7.70230021E-04
   4.03546990E-04   7.78739981E-04
   7.30761967E-05   7.98130000E-04
   5.95089987E-05   7.98769994E-04
   1.16618001E-04   7.97779998E-04
   6.04021014E-04   4.64920013E-04
   2.87066004E-03   5.18849993E-04
   3.19003016E-02   5.76179998E-04
   1.80695998E-03   6.24199980E-04
   1.26504004E-02   7.09380023E-04
   1.20194000E-03   7.16499984E-04
   4.32400993E-04   7.63060001E-04
   3.57130007E-03   7.80089991E-04
   2.41108995E-04   7.88600009E-04
   1.53208006E-04   8.07990029E-04
   1.56394999E-05   8.08630022E-04
   4.73528016E-05   8.07640026E-04
   1.44818996E-03   5.72779973E-04
   1.91337001E-02   6.30109978E-04
   3.65883997E-03   6.78130018E-04
   4.72236006E-03   7.63310003E-04
   3.36194993E-03   7.70430022E-04
   4.42680001E-04   8.16989981E-04
   2.10405001E-03   8.34019971E-04
   5.29075973E-04   8.42529989E-04
   5.66818999E-05   8.61920009E-04
   4.45379992E-05   8.62560002E-04
   4.85866003E-05   8.61570006E-04
   1.46740004E-02   6.87439984E-04
   3.86560000E-02   7.35460024E-04
   3.03697996E-02   8.20640009E-04
   5.07923998E-02   8.27760028E-04
   4.44235001E-03   8.74319987E-04
   4.22615977E-03   8.91349977E-04
   6.27321983E-03   8.99859995E-04
   4.66163998E-04   9.19250015E-04
   7.19187025E-04   9.19890008E-04
   5.10622980E-04   9.18900012E-04
   1.21505000E-03   7.83480005E-04
   5.06367022E-03   8.68659990E-04
   2.25733011E-03   8.75780010E-04
   5.26669028E-04   9.22340027E-04
   3.93006997E-03   9.39370017E-04
   3.31777992E-04   9.47879977E-04
   5.94439989E-05   9.67269996E-04
   3.04124005E-05   9.67909989E-04
   5.66747985E-05   9.66919994E-04
   1.19165995E-03   9.53839975E-04
   1.86610001E-03   9.60959995E-04
   5.53090998E-04   1.00752001E-03
   1.95587007E-03   1.02454994E-03
   4.94972977E-04   1.03306002E-03
   3.33380995E-05   1.05245004E-03
   2.64996997E-05   1.05308997E-03
   6.32555966E-05   1.05209998E-03
   2.37832006E-04   9.68080014E-04
   2.08740996E-04   1.01463997E-03
   2.44673993E-03   1.03167002E-03
   1.38299001E-04   1.04017998E-03
   1.68025999E-05   1.05957000E-03
   6.46262015E-06   1.06021005E-03
   2.26186003E-05   1.05922006E-03
   1.43208999E-05   1.06120005E-03
   1.76254995E-04   1.07822998E-03
   3.02945009E-05   1.08674006E-03
   4.40656004E-06   1.10612996E-03
   2.20314996E-06   1.10677001E-03
   3.30467992E-06   1.10578001E-03
   1.02555998E-04   1.09526003E-03
   2.55547988E-04   1.10376999E-03
   1.94017994E-05   1.12316001E-03
   2.99348994E-05   1.12379994E-03
   2.05110991E-05   1.12280995E-03
   6.33804984E-06   1.11227995E-03
   2.77303002E-06   1.13166997E-03
   1.18838000E-06   1.13231002E-03
   2.37668996E-06   1.13132002E-03
       -1137       -1137
   1.65084004E-02   3.91999993E-06
   4.64590006E-02   5.19399982E-05
   1.57891009E-02   1.37120005E-04
   2.47146003E-02   1.44239995E-04
   3.57243000E-03   1.90799998E-04
   2.56335991E-03   2.07830002E-04
   6.04631007E-03   2.16340006E-04
   2.16429005E-04   2.35729996E-04
   3.05449998E-04   2.36370004E-04
   4.04874008E-04   2.35379994E-04
  0.125341997       4.20899996E-05
  0.142581001       9.01099993E-05
  0.122807004       1.75289999E-04
  0.147856995       1.82410004E-04
   2.30436008E-02   2.28970006E-04
   2.04572994E-02   2.46000011E-04
   2.10580006E-02   2.54510000E-04
   1.66982005E-03   2.73899990E-04
   1.93248002E-03   2.74540012E-04
   2.61082011E-03   2.73549987E-04
   8.70755001E-04   2.39059998E-04
   6.18433021E-03   2.48919998E-04
   8.63731001E-03   3.02850007E-04
   4.64781001E-03   3.60180013E-04
   5.36889993E-02   4.08199994E-04
   2.01535993E-03   4.93380008E-04
   7.81792961E-03   5.00500028E-04
   1.09925005E-03   5.47059986E-04
   6.76708005E-04   5.64089976E-04
   5.84685989E-03   5.72599994E-04
   2.71841000E-05   5.91990014E-04
   8.64687026E-05   5.92630007E-04
   1.17992997E-04   5.91640011E-04
   4.27922979E-03   2.58779997E-04
   1.99395008E-02   3.12710006E-04
   1.65337995E-02   3.70040012E-04
   6.53913990E-02   4.18059994E-04
   1.58738997E-03   5.03239979E-04
   1.10018002E-02   5.10359998E-04
   3.07644997E-03   5.56920015E-04
   2.50859000E-03   5.73950005E-04
   7.21039996E-03   5.82460023E-04
   2.43107006E-05   6.01849984E-04
   1.25902996E-04   6.02489978E-04
   3.41211009E-04   6.01499982E-04
   1.07091000E-05   3.66639986E-04
   2.29055993E-04   4.23969992E-04
   4.91722021E-03   4.71990003E-04
   4.53345012E-04   5.57170017E-04
   7.80872011E-04   5.64289978E-04
   8.32937985E-06   6.10849995E-04
   2.49880995E-05   6.27879985E-04
   5.16119006E-04   6.36390003E-04
   6.24695986E-06   6.55780022E-04
   8.62677007E-06   6.56420016E-04
   1.18983996E-06   6.55430020E-04
   2.97479005E-07   4.81299998E-04
   5.54131996E-03   5.29319979E-04
   2.46607990E-04   6.14500022E-04
   7.10659020E-04   6.21619984E-04
   4.16461990E-05   6.68180001E-04
   3.27225007E-06   6.85209990E-04
   5.97927021E-04   6.93720009E-04
   2.97479005E-06   7.13110028E-04
   7.43686996E-06   7.13750022E-04
   4.75953993E-06   7.12760026E-04
   7.17575988E-03   5.77340019E-04
   8.29393044E-03   6.62520004E-04
   1.10887997E-02   6.69640023E-04
   1.02847000E-03   7.16199982E-04
   9.54294985E-04   7.33229972E-04
   1.94198999E-03   7.41739990E-04
   1.25375998E-04   7.61130010E-04
   1.55966001E-04   7.61770003E-04
   1.18406999E-04   7.60780007E-04
   1.56077003E-04   7.47699989E-04
   9.33612988E-04   7.54820008E-04
   6.21463987E-05   8.01380025E-04
   3.85936000E-05   8.18410015E-04
   8.47918971E-04   8.26919975E-04
   4.25655981E-06   8.46309995E-04
   1.07825999E-05   8.46949988E-04
   6.81059009E-06   8.45959992E-04
   8.48689000E-04   7.61940028E-04
   1.37591007E-04   8.08499986E-04
   1.07970001E-04   8.25529976E-04
   1.09104998E-03   8.34039995E-04
   1.21167996E-05   8.53430014E-04
   2.12704999E-05   8.54070007E-04
   1.56159003E-05   8.53080011E-04
   3.19653009E-06   8.72089993E-04
   9.48360976E-05   8.80600011E-04
   7.99137013E-07   8.99989973E-04
   1.59817000E-06   9.00630024E-04
   9.19204031E-05   8.97630001E-04
   5.43886017E-07   9.17020021E-04
   1.08773997E-06   9.17660014E-04
   2.71953013E-07   9.16670018E-04
   9.56728036E-05   9.06140020E-04
   1.04750998E-05   9.25529981E-04
   1.32682999E-05   9.26169974E-04
   9.54371990E-06   9.25179978E-04
       -1137       -1137
   1.12115999E-03   4.64999994E-06
   2.75499001E-03   1.31600000E-05
   1.06667995E-03   3.25500005E-05
   2.01201998E-04   3.31900010E-05
   2.38980996E-04   3.22000014E-05
   1.92159005E-02   0.00000000    
   4.26743999E-02   7.56999998E-06
  0.114418998       6.15000026E-05
  0.100340001       1.18830001E-04
  0.124641001       1.66850004E-04
  0.124981999       2.52030004E-04
  0.131261006       2.59149994E-04
   2.29789000E-02   3.05710011E-04
   1.69200003E-02   3.22740001E-04
   1.94252003E-02   3.31249990E-04
   1.60207995E-03   3.50640010E-04
   1.74616999E-03   3.51280003E-04
   2.63543008E-03   3.50290007E-04
   2.46540993E-03   1.74300003E-05
   8.95776041E-03   7.13600020E-05
   1.72504000E-02   1.28689993E-04
   8.06310028E-03   1.76710004E-04
  0.134735003       2.61890003E-04
   5.70783019E-03   2.69009994E-04
   1.28586998E-03   3.15570011E-04
   1.84289995E-03   3.32600001E-04
   9.84471990E-04   3.41109990E-04
   1.54411001E-03   3.60500009E-04
   7.16052964E-05   3.61140002E-04
   1.41894998E-04   3.60150007E-04
   8.82561028E-04   1.25289997E-04
   2.12066993E-03   1.82620002E-04
   1.69971003E-03   2.30639998E-04
   1.20917996E-02   3.15820012E-04
   2.31742999E-03   3.22940003E-04
   2.05147997E-04   3.69499990E-04
   2.39853005E-04   3.86530010E-04
   2.09103004E-04   3.95039999E-04
   1.33113004E-04   4.14429989E-04
   2.32843995E-05   4.15070012E-04
   2.24032992E-05   4.14079987E-04
   4.17333009E-04   2.39949994E-04
   2.19606003E-03   2.87970004E-04
   8.10073037E-03   3.73149989E-04
   9.90626984E-04   3.80270008E-04
   1.49804997E-04   4.26829996E-04
   9.70861001E-05   4.43859986E-04
   1.99447997E-04   4.52370004E-04
   9.13737022E-05   4.71759995E-04
   1.31791003E-05   4.72399988E-04
   1.53758992E-05   4.71409992E-04
   7.60528026E-04   3.35989986E-04
   1.56164002E-02   4.21170000E-04
   1.34653004E-03   4.28289990E-04
   7.77484966E-05   4.74850007E-04
   1.68315004E-04   4.91879997E-04
   1.43918995E-04   5.00390015E-04
   1.77409995E-04   5.19779976E-04
   1.53015008E-05   5.20420028E-04
   7.85752036E-06   5.19429974E-04
   1.02185002E-02   5.06350014E-04
   2.00113002E-02   5.13469975E-04
   1.86615996E-03   5.60029992E-04
   1.39214005E-03   5.77059982E-04
   2.56858999E-03   5.85570000E-04
   2.70618009E-04   6.04960020E-04
   2.78958993E-04   6.05600013E-04
   2.11759994E-04   6.04610017E-04
   2.79172993E-04   5.20589994E-04
   6.11888972E-05   5.67150011E-04
   6.46651970E-05   5.84180001E-04
   1.18903998E-04   5.92690019E-04
   1.80086994E-04   6.12079981E-04
   6.60550995E-06   6.12719974E-04
   6.25788016E-06   6.11729978E-04
   3.23927998E-06   6.13710028E-04
   6.47834986E-06   6.30740018E-04
   4.85890996E-06   6.39249978E-04
   1.08745999E-05   6.58639998E-04
   4.62749995E-07   6.59279991E-04
   6.94138976E-07   6.58289995E-04
   8.32930994E-07   6.47770008E-04
   7.49676019E-06   6.56280026E-04
   7.28884015E-06   6.75669988E-04
   6.24746974E-07   6.76309981E-04
   6.24746974E-07   6.75319985E-04
   1.35370999E-06   6.64789986E-04
   5.66867993E-06   6.84180006E-04
   3.38403993E-07   6.84819999E-04
   1.69212001E-07   6.83830003E-04
       -1137       -1137
   1.29051004E-02   2.33299997E-05
   8.55951011E-03   8.06600001E-05
   1.60824005E-02   1.28679996E-04
   7.50403013E-03   2.13859996E-04
  0.109218001       2.20980000E-04
   2.14164006E-03   2.67539988E-04
   1.37575006E-03   2.84570007E-04
   2.07851990E-03   2.93079996E-04
   1.04690997E-04   3.12469987E-04
   1.19026995E-03   3.13110009E-04
   2.40226000E-04   3.12120013E-04
   1.49678998E-02   0.00000000    
  0.112498000       3.31900010E-05
  0.120719999       9.05199995E-05
  0.112111002       1.38539996E-04
  0.109581001       2.23719995E-04
  0.199853003       2.30840000E-04
   2.26888992E-02   2.77399988E-04
   1.95480008E-02   2.94430007E-04
   1.77241005E-02   3.02939996E-04
   1.52110006E-03   3.22329986E-04
   2.41349009E-03   3.22970009E-04
   2.58357008E-03   3.21980013E-04
   1.58364000E-03   8.71200027E-05
   2.21280009E-03   1.44449994E-04
   3.57377995E-03   1.92470005E-04
   3.19968001E-03   2.77649990E-04
   1.49638001E-02   2.84770009E-04
   3.57195997E-04   3.31329997E-04
   2.56967993E-04   3.48359987E-04
   4.36025002E-04   3.56870005E-04
   3.32587006E-05   3.76259995E-04
   1.53091998E-04   3.76899989E-04
   3.87258006E-05   3.75909993E-04
   2.79128988E-04   2.01780000E-04
   3.80856008E-03   2.49800010E-04
   5.28741977E-04   3.34979995E-04
   1.20481001E-02   3.42099986E-04
   1.48516003E-04   3.88660002E-04
   6.39677965E-05   4.05689992E-04
   3.60548001E-04   4.14200011E-04
   4.92074014E-06   4.33590001E-04
   1.29280001E-04   4.34229994E-04
   1.52097000E-05   4.33239999E-04
   1.18225999E-03   2.97819992E-04
   1.94790994E-03   3.83000006E-04
   1.51305003E-02   3.90119996E-04
   1.20721001E-04   4.36680013E-04
   1.86609002E-04   4.53710003E-04
   2.26582997E-04   4.62219992E-04
   2.50810008E-05   4.81610012E-04
   1.60255004E-04   4.82250005E-04
   1.10531000E-05   4.81260009E-04
   1.37937997E-04   4.68179991E-04
   1.45132998E-02   4.75300010E-04
   7.96114982E-05   5.21860027E-04
   4.98115005E-05   5.38890017E-04
   2.14145999E-04   5.47399977E-04
   3.40592010E-06   5.66789997E-04
   1.54116002E-04   5.67429990E-04
   7.66315043E-06   5.66439994E-04
   1.64388996E-02   4.82420000E-04
   1.92372000E-03   5.28979988E-04
   1.79203996E-03   5.46009978E-04
   2.43618991E-03   5.54519997E-04
   2.19633002E-04   5.73910016E-04
   4.04591992E-04   5.74550009E-04
   2.17894005E-04   5.73560013E-04
   7.11048006E-06   5.75540005E-04
   9.10126982E-06   5.92569995E-04
   1.08076001E-05   6.01080013E-04
   5.68807025E-07   6.20469975E-04
   1.30828003E-05   6.21110026E-04
   1.42196996E-06   6.20119972E-04
   1.20540005E-06   6.09599985E-04
   1.08491004E-05   6.18110003E-04
   2.41090987E-07   6.37500023E-04
   1.06080997E-05   6.38140016E-04
   7.23245023E-07   6.37150020E-04
   3.85880003E-06   6.26620022E-04
   9.64646006E-07   6.46009983E-04
   8.26812993E-06   6.46649976E-04
   4.13409992E-07   6.45659980E-04
       -1137       -1137
   6.16448978E-03   4.24000018E-06
   6.51177997E-03   4.87999978E-06
   4.01571020E-03   3.88999979E-06
   9.94899031E-03   1.32400000E-05
   9.45947040E-03   3.02699991E-05
   1.94351003E-02   3.87799992E-05
   6.44377025E-04   5.81700006E-05
   1.15989998E-03   5.88100011E-05
   1.13413006E-03   5.78200015E-05
   6.33532032E-02   1.68900006E-05
   6.57505989E-02   2.40099998E-05
   3.89642008E-02   7.05700004E-05
   2.02533007E-02   8.75999976E-05
   3.72956991E-02   9.61100013E-05
   3.33715999E-03   1.15499999E-04
   4.02951986E-03   1.16140000E-04
   4.13605990E-03   1.15149996E-04
  0.163610995       6.49099966E-05
  0.127948999       7.20300013E-05
   1.68296993E-02   1.18589996E-04
   1.29835997E-02   1.35619994E-04
   9.05713998E-03   1.44129997E-04
   2.16670008E-03   1.63520002E-04
   1.66176003E-03   1.64159996E-04
   1.58013997E-03   1.63170000E-04
   7.89263994E-02   1.50089996E-04
  0.122048996       1.57210001E-04
   8.48565996E-03   2.03770003E-04
   3.26449014E-02   2.20799993E-04
   2.31120996E-02   2.29309997E-04
   1.40238996E-03   2.48700002E-04
   1.40238996E-03   2.49339995E-04
   1.04733999E-03   2.48349999E-04
   2.94789001E-02   1.64330006E-04
   6.55092997E-03   2.10889993E-04
   3.80165018E-02   2.27919998E-04
   1.76387001E-02   2.36430002E-04
   1.15448004E-03   2.55819992E-04
   6.17493992E-04   2.56460014E-04
   7.24887999E-04   2.55469989E-04
   1.09312001E-04   2.57450010E-04
   1.45236996E-03   2.74480000E-04
   1.10870996E-03   2.82989990E-04
   4.68483013E-05   3.02380009E-04
   3.12324009E-05   3.03020002E-04
   3.12324009E-05   3.02030006E-04
   4.88994003E-04   2.91509990E-04
   9.49199020E-04   3.00020009E-04
   2.30114994E-04   3.19409999E-04
   1.86963007E-04   3.20049992E-04
   1.43826997E-04   3.19059996E-04
   1.82386997E-04   3.08529998E-04
   1.30282002E-04   3.27919988E-04
   7.81683993E-05   3.28560011E-04
   9.11929019E-05   3.27569986E-04
       -1137       -1137
   1.35936998E-02   2.04099997E-05
   2.37687007E-02   2.89199997E-05
   1.66930002E-03   4.83100011E-05
   1.78864005E-03   4.89500017E-05
   2.30529997E-03   4.79599985E-05
   1.58847999E-02   7.02999978E-06
   3.73108014E-02   1.41500004E-05
   6.17669011E-03   6.07100010E-05
   1.60686998E-03   7.77399982E-05
   5.54043008E-03   8.62500019E-05
   5.35621017E-04   1.05640000E-04
   6.19327009E-04   1.06280000E-04
   8.36902997E-04   1.05289997E-04
  0.154241994       5.50500008E-05
  0.376906008       6.21700019E-05
   2.68881992E-02   1.08729997E-04
   9.61234979E-03   1.25759994E-04
   3.02648991E-02   1.34269998E-04
   2.62762001E-03   1.53660003E-04
   5.29607013E-03   1.54299996E-04
   2.77735991E-03   1.53310000E-04
   8.55842046E-03   1.40229997E-04
   9.08918977E-02   1.47350001E-04
   3.12770996E-03   1.93910004E-04
   3.14322999E-03   2.10939994E-04
   1.85173005E-02   2.19449998E-04
   1.71173000E-04   2.38840003E-04
   6.22406020E-04   2.39479996E-04
   3.26760986E-04   2.38490000E-04
   8.55744034E-02   1.54470006E-04
   8.75383988E-03   2.01029994E-04
   9.51526035E-03   2.18059999E-04
   4.32422012E-02   2.26570002E-04
   1.25761004E-03   2.45959993E-04
   1.47275999E-03   2.46599986E-04
   1.04256999E-03   2.45609990E-04
   7.39969983E-05   2.47590011E-04
   4.80983988E-04   2.64620001E-04
   1.34429999E-03   2.73129990E-04
   2.46660002E-05   2.92520010E-04
   3.69994013E-05   2.93160003E-04
   1.23334003E-05   2.92170007E-04
   4.53848988E-05   2.81649991E-04
   3.97130992E-04   2.90160009E-04
   3.40396982E-05   3.09550000E-04
   4.53848988E-05   3.10189993E-04
   4.53848988E-05   3.09199997E-04
   5.18353016E-04   2.98669998E-04
   1.05592000E-04   3.18059989E-04
   2.11184000E-04   3.18700011E-04
   1.05592000E-04   3.17709986E-04
       -1137       -1137
   3.65616009E-02   6.78000015E-06
   2.44079009E-02   2.38100001E-05
   4.90808003E-02   3.23200002E-05
   2.48877006E-03   5.17100016E-05
   5.49458992E-03   5.23499984E-05
   4.11554985E-03   5.13599989E-05
  0.289633989       1.11999998E-06
  0.288711995       8.24000017E-06
   3.05177998E-02   5.47999989E-05
   3.04132998E-02   7.18299998E-05
   2.98327003E-02   8.03400035E-05
   3.76555999E-03   9.97300012E-05
   3.67187010E-03   1.00370002E-04
   3.46810999E-03   9.93799986E-05
   1.90700998E-03   8.63000023E-05
  0.128769994       9.34199998E-05
   7.69212004E-03   1.39979995E-04
   1.36505999E-03   1.57009999E-04
   6.93386002E-03   1.65520003E-04
   7.73665015E-05   1.84909994E-04
   8.00972979E-04   1.85550001E-04
   6.92215981E-04   1.84560005E-04
   2.71968003E-02   1.00539997E-04
   8.96352995E-03   1.47100000E-04
   4.03164001E-03   1.64130004E-04
   3.76143004E-03   1.72639993E-04
   6.46264991E-04   1.92029998E-04
   3.69076995E-04   1.92670006E-04
   8.04912997E-04   1.91679996E-04
   6.32287003E-04   1.93660002E-04
   7.54236011E-04   2.10690006E-04
   1.15764001E-03   2.19199996E-04
   9.40636965E-05   2.38590001E-04
   1.23655002E-04   2.39229994E-04
   1.23895996E-04   2.38239998E-04
   6.73671020E-05   2.27719996E-04
   4.10403009E-04   2.36230000E-04
   9.64098035E-06   2.55619991E-04
   2.92806999E-05   2.56260013E-04
   5.96339014E-05   2.55269988E-04
   1.81498006E-04   2.44739989E-04
   4.18773016E-05   2.64130009E-04
   2.99877993E-05   2.64770002E-04
   8.55446997E-05   2.63780006E-04
       -1137       -1137
   1.08468998E-02   0.00000000    
   1.63688008E-02   1.45000004E-05
   1.32331997E-02   2.30099995E-05
   1.97806000E-03   4.23999991E-05
   2.32471991E-03   4.30399996E-05
   2.15140008E-03   4.20500000E-05
  0.136842996       2.89700001E-05
  0.589392006       3.60900012E-05
   4.84411009E-02   8.26500036E-05
   3.27990986E-02   9.96800009E-05
   5.51951006E-02   1.08189997E-04
   2.93847988E-03   1.27580002E-04
   6.53408002E-03   1.28219996E-04
   5.59712993E-03   1.27230000E-04
   2.57808007E-02   4.32099987E-05
   4.76224022E-03   8.97700011E-05
   2.83255000E-02   1.06799998E-04
   6.67212019E-03   1.15310002E-04
   1.75164000E-03   1.34700007E-04
   4.80588991E-04   1.35340000E-04
   4.43077006E-04   1.34350004E-04
   9.39532983E-05   1.36329996E-04
   2.16264999E-03   1.53360001E-04
   3.63845989E-04   1.61870004E-04
   1.19329001E-04   1.81259995E-04
   3.87545006E-05   1.81900003E-04
   1.75650002E-05   1.80910007E-04
   1.04073004E-03   1.70390005E-04
   2.45704991E-03   1.78899994E-04
   1.69000996E-04   1.98289999E-04
   2.66068004E-04   1.98930007E-04
   2.07243007E-04   1.97939997E-04
   7.18017036E-05   1.87409998E-04
   7.27650986E-05   2.06800003E-04
   1.37286997E-05   2.07439996E-04
   1.49644002E-05   2.06450000E-04
       -1137       -1137
   4.69394997E-02   3.46300003E-05
   3.33258994E-02   5.16600012E-05
   9.95140001E-02   6.01700012E-05
   2.69815000E-03   7.95599990E-05
   8.85714032E-03   8.01999995E-05
   4.30680020E-03   7.92100036E-05
  0.281643003       0.00000000    
  0.146470994       4.17500014E-05
  0.148693994       5.87799987E-05
  0.171913996       6.72899987E-05
   1.73452999E-02   8.66799965E-05
   1.67210996E-02   8.73199970E-05
   1.68379005E-02   8.63300011E-05
   1.57799004E-04   8.83100001E-05
   2.85560993E-04   1.05339997E-04
   1.38907996E-03   1.13850001E-04
   5.15430984E-05   1.33239999E-04
   8.56191982E-05   1.33880007E-04
   2.93132998E-05   1.32889996E-04
   1.14845997E-03   1.30879998E-04
   1.31832003E-05   1.50270003E-04
   5.25007017E-05   1.50909997E-04
   1.51664999E-05   1.49920001E-04
   1.11529999E-03   1.39390002E-04
   1.13356997E-04   1.58780007E-04
   1.47889004E-04   1.59420000E-04
   1.20964003E-04   1.58430004E-04
       -1137       -1137
          -1          -1
