   3.85314994E-03   7.25739971E-02
   7.04168016E-03   7.32979998E-02
   2.68169004E-03   7.71600008E-02
   1.60178996E-03   8.88207033E-02
   1.54838001E-03   8.91605020E-02
   6.63420011E-04   9.00524035E-02
   5.80909982E-05   9.06051993E-02
   3.65654996E-05   9.07867998E-02
   4.24347003E-04   9.29220989E-02
   4.03587997E-04   9.30778012E-02
   1.74839006E-04   9.33115035E-02
   1.71267002E-05   9.35638025E-02
   1.06368998E-05   9.36068967E-02
   6.33133013E-08   9.39399004E-02
   6.33133013E-08   9.39512998E-02
   1.08047003E-04   9.40212980E-02
   9.66204025E-05   9.40826014E-02
   4.13753005E-05   9.41385999E-02
   3.45071999E-06   9.42296013E-02
   2.12103009E-06   9.42379981E-02
   2.59285007E-04   7.40220025E-02
   4.34446009E-03   7.78840035E-02
   1.29555003E-03   8.95446986E-02
   1.00735997E-04   8.98844972E-02
   9.12578020E-04   9.07763988E-02
   5.83463989E-05   9.13292021E-02
   1.31983994E-04   9.15108025E-02
   3.33761011E-04   9.36461017E-02
   2.55802006E-05   9.38017964E-02
   2.30945006E-04   9.40354988E-02
   1.64304001E-05   9.42877978E-02
   3.74839983E-05   9.43308994E-02
   5.38209008E-07   9.46639031E-02
   7.59803015E-07   9.46751982E-02
   8.44027018E-05   9.47453007E-02
   6.07850006E-06   9.48065966E-02
   5.41340996E-05   9.48626027E-02
   3.26079999E-06   9.49535966E-02
   7.40801988E-06   9.49620008E-02
   1.76151004E-03   8.17459971E-02
   4.37954994E-04   9.34066996E-02
   7.90457998E-04   9.37464982E-02
   7.63303018E-04   9.46383998E-02
   1.42370001E-04   9.51912031E-02
   1.12829002E-04   9.53728035E-02
   1.09633998E-04   9.75081027E-02
   1.97175003E-04   9.76637974E-02
   1.94888999E-04   9.78974998E-02
   4.06514009E-05   9.81497988E-02
   3.21961015E-05   9.81929004E-02
   7.59808017E-07   9.85258967E-02
   8.23119990E-07   9.85371992E-02
   2.75111997E-05   9.86073017E-02
   4.66648999E-05   9.86685976E-02
   4.57780989E-05   9.87246037E-02
   8.13613042E-06   9.88155976E-02
   6.36362984E-06   9.88240018E-02
   1.64590005E-04  0.105067000    
   2.86288996E-04  0.105407000    
   1.09505003E-04  0.106298998    
   9.30760962E-06  0.106852002    
   5.50872983E-06  0.107033998    
   8.70594013E-05  0.109168999    
   7.47137019E-05  0.109324999    
   2.89365998E-05  0.109558001    
   2.75430989E-06  0.109811001    
   1.58293005E-06  0.109853998    
   2.21605005E-05  0.110267997    
   1.78876999E-05  0.110329002    
   6.87003012E-06  0.110385001    
   5.69851011E-07  0.110476002    
   3.16587005E-07  0.110485002    
   9.30756960E-06  0.105746999    
   1.71842999E-04  0.106638998    
   9.81408994E-06  0.107192002    
   1.78876999E-05  0.107372999    
   7.37969021E-05  0.109508999    
   4.68527014E-06  0.109664001    
   4.38151983E-05  0.109898001    
   2.78584002E-06  0.110150002    
   5.16034015E-06  0.110192999    
   6.33151984E-08  0.110526003    
   9.49769969E-08  0.110537998    
   1.86470006E-05  0.110607997    
   1.10807002E-06  0.110669002    
   1.02890999E-05  0.110725001    
   5.69849021E-07  0.110816002    
   1.01307000E-06  0.110823996    
   8.38323031E-05  0.107531004    
   2.51999008E-05  0.108084001    
   1.91853997E-05  0.108264998    
   2.74791000E-05  0.110399999    
   4.31808985E-05  0.110555999    
   4.29303000E-05  0.110789999    
   7.24999018E-06  0.111042000    
   5.50868981E-06  0.111084998    
   1.26630994E-07  0.111418001    
   1.26630994E-07  0.111429997    
   6.90163006E-06  0.111500002    
   1.02257000E-05  0.111561000    
   1.00990001E-05  0.111616999    
   1.45632998E-06  0.111708000    
   1.10806002E-06  0.111716002    
   6.33126973E-08  0.108635999    
   2.69089992E-06  0.108818002    
   2.34266008E-06  0.110953003    
   2.43758996E-06  0.111109003    
   6.14158989E-06  0.111342996    
   3.16574003E-08  0.111594997    
   7.28105022E-07  0.111638002    
   6.01486988E-07  0.112052999    
   5.69827023E-07  0.112113997    
   1.42463000E-06  0.112170003    
   1.58285999E-07  0.112268999    
   6.33121999E-07  0.108999997    
   1.36131996E-06  0.111134999    
   4.17867022E-06  0.111290999    
   4.62207981E-06  0.111524001    
   7.28098996E-07  0.111777000    
   3.48230998E-07  0.111819997    
   3.48230998E-07  0.112233996    
   9.81362973E-07  0.112295002    
   1.07633002E-06  0.112351000    
   1.58285005E-07  0.112442002    
   6.33121999E-08  0.112451002    
   1.15235998E-05  0.113270000    
   1.92800999E-05  0.113426000    
   7.28135001E-06  0.113660000    
   6.96497978E-07  0.113912001    
   3.79920010E-07  0.113954999    
   5.85687985E-06  0.114368998    
   4.62231992E-06  0.114431001    
   1.70953001E-06  0.114487000    
   1.26632003E-07  0.114578001    
   6.33153974E-08  0.114586003    
   6.01513989E-07  0.113582000    
   1.10170004E-05  0.113815002    
   6.96500024E-07  0.114068002    
   1.20303002E-06  0.114110999    
   3.16588000E-08  0.114455000    
   4.87541001E-06  0.114524998    
   2.84925989E-07  0.114586003    
   2.59607009E-06  0.114642002    
   1.26632997E-07  0.114733003    
   2.53275999E-07  0.114742003    
   5.50875984E-06  0.114049003    
   1.77285006E-06  0.114301004    
   1.32962998E-06  0.114344001    
   3.16588995E-08  0.114676997    
   3.16588995E-08  0.114689000    
   1.83614998E-06  0.114758998    
   2.62773005E-06  0.114820004    
   2.59608009E-06  0.114876002    
   3.48251007E-07  0.114967003    
   2.53276994E-07  0.114974998    
   1.99984996E-07  0.114597000    
   1.66660996E-07  0.115010999    
   1.66660996E-07  0.115071997    
   4.33314000E-07  0.115128003    
   3.33322987E-08  0.115227997    
   6.33153974E-08  0.114639997    
   9.49772030E-08  0.115053996    
   2.84924994E-07  0.115115002    
   3.16587005E-07  0.115171000    
   3.16587005E-08  0.115263000    
   3.16587005E-08  0.115271002    
   7.37889991E-07  0.115469001    
   1.13758006E-06  0.115529999    
   4.30444004E-07  0.115585998    
   3.07454009E-08  0.115676999    
   3.07454009E-08  0.115685001    
   3.15738014E-08  0.115590997    
   5.99899010E-07  0.115647003    
   3.15738014E-08  0.115737997    
   6.31454995E-08  0.115746997    
   2.98628009E-07  0.115703002    
   8.95894985E-08  0.115794003    
   5.97237033E-08  0.115803003    
       -1137       -1137
   5.58154983E-03   0.00000000    
   1.26598002E-02   3.21909989E-04
   1.68836992E-02   3.33250005E-04
   5.12565998E-03   4.03349986E-04
   4.12784982E-03   4.64620010E-04
   3.30135995E-03   5.20610018E-04
   8.78873980E-04   6.11650001E-04
   1.11407996E-03   6.19979983E-04
   3.60236987E-02   2.96399987E-04
  0.205107003       8.49200005E-04
  0.247756004       1.03080005E-03
   1.67698003E-02   3.16610001E-03
   6.52395980E-03   3.32179992E-03
   9.13915969E-03   3.55549995E-03
   3.20267007E-02   3.80781991E-03
   3.68846990E-02   3.85086006E-03
   1.93936992E-02   4.18390986E-03
   2.37265993E-02   4.19525011E-03
   4.03105980E-03   4.26534982E-03
   1.54107995E-03   4.32662014E-03
   2.14817002E-03   4.38260986E-03
   5.80517016E-03   4.47364990E-03
   6.55105989E-03   4.48198011E-03
   5.45278983E-03   1.07254004E-02
   1.14489002E-02   1.10652000E-02
   1.60757992E-02   1.19570997E-02
   1.13449004E-02   1.25099001E-02
   1.36928000E-02   1.26914997E-02
   2.46026996E-03   1.48267997E-02
   2.95478990E-03   1.49825001E-02
   4.13477002E-03   1.52161997E-02
   2.76377006E-03   1.54684996E-02
   3.32497992E-03   1.55116003E-02
   2.55166990E-04   1.58446003E-02
   2.64417002E-04   1.58558991E-02
   6.08638977E-04   1.59259997E-02
   7.04508973E-04   1.59872994E-02
   9.72049020E-04   1.60432998E-02
   5.34488994E-04   1.61342993E-02
   6.36729004E-04   1.61426999E-02
   1.31871002E-05   1.14050005E-02
   2.10811006E-04   1.22969002E-02
   7.41722004E-04   1.28496997E-02
   5.19648008E-03   1.30313002E-02
   2.04681000E-03   1.51666002E-02
   1.54130998E-06   1.53222997E-02
   4.33275018E-05   1.55560002E-02
   1.51051005E-04   1.58082992E-02
   8.15042993E-04   1.58514008E-02
   9.70965993E-05   1.61844008E-02
   3.34123994E-04   1.61956996E-02
   4.75245994E-04   1.62658002E-02
   3.42513999E-07   1.63270999E-02
   9.59035970E-06   1.63831003E-02
   2.86002996E-05   1.64740998E-02
   1.42991004E-04   1.64825004E-02
   7.10366992E-04   1.31887998E-02
   1.43577997E-03   1.37416003E-02
   8.85738002E-04   1.39231998E-02
   2.78616999E-03   1.60585009E-02
   5.58286993E-05   1.62141994E-02
   2.84967013E-04   1.64478999E-02
   1.58928000E-04   1.67002007E-02
   7.10676977E-05   1.67433005E-02
   1.09938002E-04   1.70763005E-02
   9.55637006E-05   1.70875993E-02
   6.41887018E-04   1.71576999E-02
   1.33577996E-05   1.72189996E-02
   6.33646996E-05   1.72750000E-02
   2.62016001E-05   1.73659995E-02
   1.06179004E-05   1.73744000E-02
   6.40326994E-04   1.42943999E-02
   1.76860001E-02   1.44760003E-02
   1.76390004E-03   1.66113004E-02
   2.23829993E-04   1.67670008E-02
   3.97663011E-04   1.70006994E-02
   3.03982990E-04   1.72530003E-02
   2.99732992E-03   1.72961000E-02
   2.51399993E-04   1.76291000E-02
   6.81617006E-04   1.76404007E-02
   3.96112999E-04   1.77104995E-02
   5.53165992E-05   1.77717991E-02
   9.57341981E-05   1.78277995E-02
   5.85697017E-05   1.79187991E-02
   5.32105973E-04   1.79271996E-02
   4.80845990E-03   1.46575999E-02
   2.16195988E-03   1.67929009E-02
   1.17833004E-03   1.69485994E-02
   2.35486004E-04   1.71822999E-02
   2.86408002E-03   1.74346007E-02
   1.71903998E-03   1.74777005E-02
   7.46705977E-04   1.78107005E-02
   5.52318990E-04   1.78219993E-02
   4.89126018E-04   1.78920999E-02
   2.73326994E-04   1.79533996E-02
   5.66870003E-05   1.80094000E-02
   5.08128025E-04   1.81003995E-02
   3.09299998E-04   1.81088001E-02
   2.62179004E-04   1.89282000E-02
   5.29492972E-04   1.90839004E-02
   7.20596989E-04   1.93176009E-02
   4.33253997E-04   1.95698999E-02
   5.25222975E-04   1.96129996E-02
   3.35648001E-05   1.99459996E-02
   3.28807982E-05   1.99573003E-02
   1.27915002E-04   2.00274009E-02
   1.26205006E-04   2.00887006E-02
   1.69542996E-04   2.01446991E-02
   8.39114000E-05   2.02357005E-02
   1.00525998E-04   2.02440992E-02
   1.14738004E-05   1.94732994E-02
   4.14435999E-05   1.97256003E-02
   1.92827007E-04   1.97687000E-02
   1.38717996E-05   2.01017000E-02
   5.44586983E-05   2.01130006E-02
   1.22957994E-04   2.01830994E-02
   2.56876001E-06   2.03003995E-02
   7.70655970E-06   2.03914009E-02
   3.40797014E-05   2.03997996E-02
   2.73997994E-05   1.97069999E-02
   4.48673018E-05   1.99593008E-02
   2.10631006E-05   2.00024005E-02
   2.62008998E-05   2.03354005E-02
   2.19191006E-05   2.03466993E-02
   1.66102996E-04   2.04167999E-02
   2.73997989E-06   2.04780996E-02
   1.21584999E-05   2.05341000E-02
   7.36394986E-06   2.06250995E-02
   3.25368001E-06   2.06335001E-02
   3.32224990E-05   2.02115998E-02
   5.31745027E-04   2.02546995E-02
   4.14433998E-05   2.05876995E-02
   8.42591980E-05   2.05991007E-02
   9.74411014E-05   2.06691995E-02
   1.01038004E-05   2.07304005E-02
   1.09598004E-05   2.07864009E-02
   1.26728000E-05   2.08774991E-02
   9.60701000E-05   2.08857991E-02
   1.64917001E-04   2.02977005E-02
   9.93283029E-05   2.06307992E-02
   8.11744030E-05   2.06420999E-02
   1.18677999E-04   2.07122006E-02
   4.50394000E-05   2.07735002E-02
   5.30886018E-06   2.08295006E-02
   9.59013996E-05   2.09205002E-02
   6.01106003E-05   2.09288001E-02
   1.19877996E-06   2.09637992E-02
   2.20917009E-05   2.09752005E-02
   7.36417996E-06   2.10452992E-02
   2.91128003E-06   2.11065002E-02
   5.99388022E-06   2.11625006E-02
   7.36417996E-06   2.12536007E-02
   1.67828002E-05   2.12619007E-02
   4.69895986E-06   2.09864993E-02
   7.13531017E-06   2.10565999E-02
   1.18340004E-05   2.11178996E-02
   5.04703985E-06   2.11739000E-02
   1.44447004E-05   2.12648995E-02
   1.42708996E-05   2.12731995E-02
   1.66677000E-05   2.11267006E-02
   3.13206001E-05   2.11880002E-02
   4.17613992E-05   2.12440006E-02
   2.01490002E-05   2.13350002E-02
   2.43608993E-05   2.13433001E-02
   7.34819025E-07   2.13051997E-02
   2.02086994E-06   2.13962998E-02
   8.63427977E-06   2.14045998E-02
   1.72671002E-06   2.13612001E-02
   2.37442009E-06   2.14523003E-02
   1.07925996E-06   2.14606002E-02
   1.19880997E-06   2.15432998E-02
   1.74681009E-05   2.15515997E-02
   5.59658019E-06   2.15600003E-02
       -1137       -1137
  0.112657003       1.25199993E-04
   3.62027995E-02   3.06800008E-04
   3.04042990E-03   2.44210009E-03
   2.52342001E-02   2.59779999E-03
   5.90253016E-03   2.83150002E-03
   2.19819006E-02   3.08381999E-03
   7.42830988E-03   3.12685990E-03
   1.09766005E-03   3.45990993E-03
   1.57466996E-03   3.47124995E-03
   7.10667984E-04   3.54134990E-03
   5.46455011E-03   3.60261998E-03
   1.34594005E-03   3.65860993E-03
   4.06761980E-03   3.74964997E-03
   1.38073997E-03   3.75797995E-03
   3.46062996E-04   1.00013996E-02
   1.44896004E-02   1.03412000E-02
   1.27093995E-03   1.12330997E-02
   2.74208002E-03   1.17859002E-02
   9.73392976E-04   1.19674997E-02
   1.39363998E-04   1.41027998E-02
   2.47054989E-03   1.42585002E-02
   2.94188008E-04   1.44921998E-02
   4.76048008E-04   1.47444997E-02
   1.43778001E-04   1.47876004E-02
   6.01618995E-05   1.51206004E-02
   4.41560987E-05   1.51319001E-02
   3.33928001E-05   1.52019998E-02
   5.37030981E-04   1.52633004E-02
   6.76115014E-05   1.53192999E-02
   8.63815003E-05   1.54103003E-02
   2.51141992E-05   1.54186999E-02
   1.55252004E-02   1.06809996E-02
   3.48624997E-02   1.15729002E-02
   1.75733007E-02   1.21256998E-02
   2.23184004E-02   1.23073002E-02
   3.92998988E-03   1.44426003E-02
   6.73547992E-03   1.45982997E-02
   8.79660994E-03   1.48320002E-02
   4.26694984E-03   1.50843002E-02
   5.44155017E-03   1.51273999E-02
   3.43853986E-04   1.54603999E-02
   2.76512990E-04   1.54716996E-02
   1.00507995E-03   1.55418003E-02
   1.55503000E-03   1.56030999E-02
   2.05979007E-03   1.56590994E-02
   8.25378986E-04   1.57501008E-02
   1.04372995E-03   1.57584995E-02
   7.08181004E-04   1.24647999E-02
   1.33803999E-02   1.30176004E-02
   2.06537009E-03   1.31991999E-02
   2.86472001E-04   1.53345000E-02
   5.97607996E-03   1.54902004E-02
   3.09363008E-04   1.57239009E-02
   2.77527003E-03   1.59761999E-02
   4.16997995E-04   1.60192996E-02
   1.10661997E-04   1.63522996E-02
   5.51947996E-05   1.63636003E-02
   7.00981036E-05   1.64337009E-02
   1.29957998E-03   1.64950006E-02
   7.00981036E-05   1.65509991E-02
   5.19109017E-04   1.66420005E-02
   7.69973994E-05   1.66503992E-02
   1.26938997E-02   1.35704000E-02
   4.87024002E-02   1.37520004E-02
   7.44833029E-04   1.58872996E-02
   2.88943993E-03   1.60429999E-02
   3.09782010E-03   1.62767004E-02
   5.11283986E-03   1.65289994E-02
   1.06052998E-02   1.65720992E-02
   1.08684006E-03   1.69050992E-02
   2.15700991E-03   1.69163998E-02
   1.90966995E-04   1.69865005E-02
   6.28652982E-04   1.70478001E-02
   7.11187022E-04   1.71038006E-02
   9.56234988E-04   1.71948001E-02
   1.98812992E-03   1.72032006E-02
   2.37976993E-03   1.39335999E-02
   2.12493003E-04   1.60689000E-02
   3.21216998E-03   1.62246004E-02
   4.41832992E-04   1.64583009E-02
   8.05091020E-03   1.67105999E-02
   9.46297019E-04   1.67536996E-02
   4.32725996E-04   1.70866996E-02
   1.64202997E-04   1.70980003E-02
   5.18835004E-05   1.71681009E-02
   6.70083973E-04   1.72294006E-02
   9.96242015E-05   1.72853991E-02
   1.43894996E-03   1.73764005E-02
   1.74968998E-04   1.73847992E-02
   1.35225000E-05   1.82041992E-02
   6.73387025E-04   1.83598995E-02
   6.67884015E-05   1.85936000E-02
   1.26675994E-04   1.88459009E-02
   3.11859985E-05   1.88890006E-02
   1.40747998E-05   1.92220006E-02
   8.27928034E-06   1.92332994E-02
   6.34765001E-06   1.93034001E-02
   1.46550999E-04   1.93646997E-02
   1.54550999E-05   1.94207001E-02
   2.29070993E-05   1.95116997E-02
   5.51966014E-06   1.95201002E-02
   6.94037008E-04   1.85155999E-02
   1.51285005E-03   1.87493004E-02
   6.91868016E-04   1.90015994E-02
   7.92020990E-04   1.90446991E-02
   4.66386009E-05   1.93776991E-02
   2.87006005E-05   1.93889998E-02
   1.72201006E-04   1.94591004E-02
   3.16816004E-04   1.95204001E-02
   3.54349002E-04   1.95764005E-02
   1.33570007E-04   1.96674000E-02
   1.52326000E-04   1.96758006E-02
   3.39438011E-05   1.89830009E-02
   6.46847009E-04   1.92352999E-02
   9.02428001E-05   1.92783996E-02
   2.31814993E-05   1.96113996E-02
   1.04866003E-05   1.96227003E-02
   1.62822998E-05   1.96927991E-02
   3.28950991E-04   1.97541006E-02
   1.54542995E-05   1.98100992E-02
   1.21145997E-04   1.99011005E-02
   1.65579004E-05   1.99094992E-02
   5.12478990E-04   1.94876008E-02
   1.82794000E-03   1.95307005E-02
   1.50958003E-04   1.98637005E-02
   3.00527987E-04   1.98750999E-02
   3.22890010E-05   1.99452005E-02
   1.49849002E-04   2.00063996E-02
   1.48749998E-04   2.00624000E-02
   1.91247003E-04   2.01535001E-02
   3.45242006E-04   2.01618001E-02
   9.52116025E-05   1.95736997E-02
   6.56800985E-05   1.99068002E-02
   2.53899998E-05   1.99181009E-02
   7.45156012E-06   1.99881997E-02
   1.65580001E-04   2.00494993E-02
   2.04221997E-05   2.01054998E-02
   3.29234987E-04   2.01964993E-02
   3.53253999E-05   2.02047992E-02
   3.86362990E-06   2.02398002E-02
   2.62170997E-05   2.02511996E-02
   3.58768011E-06   2.03213003E-02
   9.93446974E-06   2.03824993E-02
   5.24349980E-06   2.04384997E-02
   2.59413991E-05   2.05295999E-02
   1.13147998E-05   2.05378998E-02
   1.65580002E-06   2.02625003E-02
   1.93174992E-06   2.03326009E-02
   5.51941002E-06   2.03939006E-02
   2.20780998E-06   2.04498991E-02
   5.18833003E-05   2.05409005E-02
   4.41560996E-06   2.05492005E-02
   8.27895974E-07   2.04026997E-02
   3.75326999E-05   2.04639994E-02
   3.86362990E-06   2.05199998E-02
   5.79568996E-06   2.06109993E-02
   1.37986001E-06   2.06192993E-02
   3.61515013E-05   2.05252003E-02
   7.69947001E-05   2.05812007E-02
   2.89767995E-05   2.06723008E-02
   3.17361992E-05   2.06806008E-02
   1.65578001E-06   2.06371993E-02
   2.78735006E-05   2.07282994E-02
   3.86355987E-06   2.07365993E-02
   1.87799997E-05   2.08193008E-02
   6.52945964E-05   2.08276007E-02
   3.52318011E-06   2.08359994E-02
       -1137       -1137
   4.25917009E-04   6.13939995E-03
   1.85901998E-04   6.47919998E-03
   1.80456005E-02   7.37110013E-03
   2.82143010E-03   7.92390015E-03
   5.67386020E-03   8.10549967E-03
   1.74458997E-04   1.02407997E-02
   3.12630982E-05   1.03965001E-02
   2.99799000E-03   1.06301997E-02
   3.40528990E-04   1.08824996E-02
   6.49112975E-04   1.09256003E-02
   3.30779993E-04   1.12586003E-02
   5.59371023E-04   1.12699000E-02
   4.16836992E-05   1.13399997E-02
   6.72303986E-06   1.14013003E-02
   6.40063023E-04   1.14572998E-02
   5.74810983E-05   1.15483003E-02
   1.05890998E-04   1.15566999E-02
   3.02479006E-02   7.71090016E-03
   1.29219994E-03   8.26369971E-03
   9.56389960E-03   8.44530016E-03
   3.96680989E-05   1.05806002E-02
   7.05906996E-06   1.07362997E-02
   5.21548977E-03   1.09700002E-02
   2.54816987E-04   1.12223001E-02
   1.57335005E-03   1.12653999E-02
   2.81365996E-04   1.15983998E-02
   6.70632988E-04   1.16096996E-02
   9.74863997E-06   1.16798002E-02
   2.35308994E-06   1.17410999E-02
   1.12212996E-03   1.17971003E-02
   4.87446014E-05   1.18880998E-02
   2.81710003E-04   1.18965004E-02
   3.59283984E-02   8.60279985E-03
   3.76763009E-02   9.15560033E-03
   4.77387011E-02   9.33719985E-03
   4.80715977E-03   1.14724999E-02
   7.23097986E-03   1.16282003E-02
   1.50669999E-02   1.18618999E-02
   8.54239985E-03   1.21141998E-02
   1.07624996E-02   1.21572996E-02
   8.99609004E-04   1.24903005E-02
   1.07172003E-03   1.25016002E-02
   1.22357998E-03   1.25716999E-02
   1.69932004E-03   1.26329996E-02
   3.40602011E-03   1.26890000E-02
   1.63314003E-03   1.27800005E-02
   2.03344994E-03   1.27884001E-02
   4.92843008E-03   9.70839988E-03
   9.17138979E-02   9.89000034E-03
   6.83735008E-04   1.20253004E-02
   3.44225991E-04   1.21809999E-02
   5.84826991E-03   1.24147004E-02
   1.87238003E-03   1.26670003E-02
   1.45987999E-02   1.27101000E-02
   4.83064010E-04   1.30431000E-02
   1.61112996E-03   1.30543998E-02
   1.72112996E-04   1.31245004E-02
   8.20240020E-05   1.31858001E-02
   1.22896000E-03   1.32417995E-02
   3.47583991E-04   1.33328000E-02
   2.57567992E-03   1.33411996E-02
   6.05200008E-02   1.00715999E-02
   1.38826005E-03   1.22068999E-02
   2.05412996E-03   1.23626003E-02
   8.29165988E-03   1.25962999E-02
   1.75586008E-02   1.28485998E-02
   2.21366007E-02   1.28916996E-02
   5.04796999E-03   1.32246995E-02
   4.54400014E-03   1.32360002E-02
   3.51958995E-04   1.33060999E-02
   4.72616986E-04   1.33673996E-02
   1.80175004E-03   1.34234000E-02
   3.25085991E-03   1.35144005E-02
   4.03183978E-03   1.35228001E-02
   1.88253998E-05   1.43422000E-02
   7.73155989E-06   1.44979004E-02
   7.96672015E-04   1.47315999E-02
   8.87444985E-05   1.49838999E-02
   1.68076993E-04   1.50269996E-02
   4.06750005E-05   1.53599996E-02
   7.79871989E-05   1.53713003E-02
   9.07603044E-06   1.54414000E-02
   1.68076997E-06   1.55026997E-02
   1.70105006E-04   1.55587001E-02
   1.51277000E-05   1.56497005E-02
   2.79008000E-05   1.56580992E-02
   1.23598997E-03   1.48873003E-02
   6.21923027E-05   1.51396003E-02
   3.71800008E-04   1.51827000E-02
   4.23560014E-05   1.55157000E-02
   9.41274993E-05   1.55269997E-02
   2.01691000E-06   1.55971004E-02
   2.65564013E-04   1.57143995E-02
   1.14302002E-05   1.58054009E-02
   6.72313981E-05   1.58137996E-02
   1.50598004E-03   1.51209999E-02
   1.33147999E-03   1.53732998E-02
   1.84483000E-03   1.54163996E-02
   1.15303999E-04   1.57494005E-02
   1.44550999E-04   1.57606993E-02
   2.02701005E-04   1.58307999E-02
   2.90107011E-04   1.58920996E-02
   6.73658971E-04   1.59481000E-02
   2.54813989E-04   1.60390995E-02
   3.47586989E-04   1.60475001E-02
   1.70107000E-04   1.56255998E-02
   2.93881004E-03   1.56686995E-02
   6.01745014E-05   1.60016995E-02
   1.88581005E-04   1.60131007E-02
   2.25222993E-05   1.60831995E-02
   1.47909996E-05   1.61444005E-02
   2.80359993E-04   1.62004009E-02
   6.25272005E-05   1.62914991E-02
   5.22737973E-04   1.62997991E-02
   2.03912007E-03   1.57117005E-02
   6.22882973E-04   1.60447992E-02
   5.49608027E-04   1.60560999E-02
   4.30284999E-05   1.61262006E-02
   8.67288036E-05   1.61875002E-02
   3.99698998E-04   1.62435006E-02
   5.48632990E-04   1.63345002E-02
   7.42913981E-04   1.63428001E-02
   3.02546005E-06   1.63777992E-02
   8.77368002E-05   1.63892005E-02
   8.74010038E-06   1.64592993E-02
   9.07609956E-06   1.65205002E-02
   2.35306998E-05   1.65765006E-02
   1.00848001E-05   1.66676007E-02
   1.04206003E-04   1.66759007E-02
   3.12636002E-05   1.64004993E-02
   1.74806992E-05   1.64705999E-02
   1.98333000E-05   1.65318996E-02
   2.99192998E-05   1.65879000E-02
   3.15994002E-05   1.66788995E-02
   9.14340999E-05   1.66871995E-02
   1.01875003E-06   1.65407006E-02
   3.39586990E-07   1.66020002E-02
   4.38058996E-05   1.66580006E-02
   4.07500011E-06   1.67490002E-02
   7.13086001E-06   1.67573001E-02
   6.33244999E-05   1.67191997E-02
   2.73837009E-06   1.68102998E-02
   1.60873005E-05   1.68185998E-02
   7.53018976E-05   1.67752001E-02
   5.37865017E-05   1.68663003E-02
   7.53018976E-05   1.68746002E-02
   5.71468991E-06   1.69572998E-02
   9.78254975E-05   1.69655997E-02
   6.75671035E-05   1.69740003E-02
       -1137       -1137
   1.56727992E-02   1.91500003E-05
   1.63582992E-02   8.04200026E-05
   1.94927994E-02   1.36410003E-04
   1.11143999E-02   2.27450000E-04
   1.44098001E-02   2.35779997E-04
   2.84189009E-04   3.30890005E-04
   3.56912002E-04   3.31849995E-04
   2.99907010E-03   2.87570001E-04
   2.62546004E-03   3.05710011E-04
   2.89055007E-03   3.15229991E-04
   6.29579008E-05   3.35060002E-04
   7.37404989E-05   3.35669989E-04
   3.10348987E-04   3.34020006E-04
   4.30064984E-02   2.01200004E-04
   1.07966000E-02   4.53520013E-04
   2.68651005E-02   4.96560009E-04
  0.209737003       8.29609984E-04
  0.253313005       8.40950001E-04
   1.20476000E-02   9.11050010E-04
   1.23044001E-02   9.72319976E-04
   9.86433029E-03   1.02831004E-03
   2.38085003E-03   1.11934997E-03
   5.54569019E-03   1.12767995E-03
   2.54471996E-03   1.22278999E-03
   2.93850992E-03   1.22374995E-03
   2.35576998E-03   1.17946998E-03
   2.02811998E-03   1.19761005E-03
   1.50232995E-03   1.20713003E-03
   1.45186996E-05   1.22695998E-03
   3.01865002E-05   1.22757000E-03
   2.46089010E-04   1.22592004E-03
   2.80402992E-02   3.64600011E-04
   5.87385008E-03   5.20300004E-04
   9.96578019E-03   7.53999979E-04
   9.50722955E-03   1.00632000E-03
   1.12971999E-02   1.04936003E-03
   1.06266998E-02   1.38240994E-03
   1.00491997E-02   1.39374996E-03
   4.40359022E-03   1.46385003E-03
   1.09345000E-03   1.52511999E-03
   1.72357005E-03   1.58110994E-03
   1.47626002E-03   1.67214999E-03
   1.90562999E-03   1.68047997E-03
   1.39721000E-04   1.77559000E-03
   1.19746997E-04   1.77654997E-03
   7.94044987E-04   1.73227000E-03
   1.77823007E-04   1.75040995E-03
   2.52853992E-04   1.75993005E-03
   8.91249965E-06   1.77976000E-03
   1.03498996E-05   1.78037002E-03
   7.99221016E-05   1.77871995E-03
   3.81559990E-02   5.46200026E-04
   9.01840976E-04   7.01899990E-04
   1.28239002E-02   9.35600023E-04
   1.29608000E-02   1.18791999E-03
   1.76401995E-02   1.23096001E-03
   1.26729999E-02   1.56401005E-03
   1.88941006E-02   1.57534995E-03
   5.90015994E-03   1.64545001E-03
   2.40630994E-04   1.70671998E-03
   2.18287995E-03   1.76271005E-03
   2.23373994E-03   1.85374997E-03
   2.86725000E-03   1.86207995E-03
   1.55678004E-04   1.95718999E-03
   2.32286999E-04   1.95814995E-03
   1.05967000E-03   1.91386999E-03
   4.25485996E-05   1.93201005E-03
   3.19968007E-04   1.94153003E-03
   1.36563003E-05   1.96135999E-03
   1.55247999E-05   1.96197000E-03
   1.06505999E-04   1.96031993E-03
   2.21958989E-03   2.68150005E-03
   3.94997001E-03   2.83719995E-03
   6.12949999E-03   3.07089998E-03
   7.40372017E-03   3.32321995E-03
   1.02410996E-02   3.36626009E-03
   5.64777013E-03   3.69930989E-03
   6.98215002E-03   3.71064991E-03
   9.13958997E-04   3.78075009E-03
   9.38960002E-04   3.84201994E-03
   1.43449998E-03   3.89800989E-03
   1.39542995E-03   3.98905016E-03
   1.91303005E-03   3.99737991E-03
   9.60243997E-05   4.09248983E-03
   1.14281997E-04   4.09345003E-03
   1.77244001E-04   4.04916983E-03
   1.59418007E-04   4.06731013E-03
   2.22368995E-04   4.07683011E-03
   8.48088985E-06   4.09665983E-03
   1.04929004E-05   4.09726985E-03
   1.81120995E-05   4.09562001E-03
   1.49207001E-04   2.99290009E-03
   4.88310994E-04   3.22659989E-03
   2.34022998E-04   3.47892009E-03
   1.07088999E-04   3.52196000E-03
   2.12750001E-05   3.85501003E-03
   5.11743012E-04   3.86635005E-03
   6.09049981E-04   3.93645000E-03
   5.07436016E-05   3.99771985E-03
   7.90623017E-05   4.05371003E-03
   3.73746989E-05   4.14475007E-03
   2.55877003E-05   4.15307982E-03
   1.43750995E-07   4.24819021E-03
   5.31878004E-06   4.24914993E-03
   1.09827000E-04   4.20487020E-03
   8.04992032E-06   4.22301004E-03
   1.14994000E-05   4.23253002E-03
   2.87492014E-07   4.25236020E-03
   1.43750995E-07   4.25297022E-03
   1.10685996E-05   4.25131992E-03
   4.55094996E-04   3.46029992E-03
   6.62073027E-04   3.71261989E-03
   1.46725995E-03   3.75566003E-03
   9.32911003E-04   4.08871006E-03
   1.36283995E-03   4.10004985E-03
   9.50138026E-04   4.17015003E-03
   9.94682996E-05   4.23141988E-03
   1.80108997E-04   4.28741006E-03
   1.21466001E-04   4.37845010E-03
   2.59607012E-04   4.38677985E-03
   1.48054996E-05   4.48188977E-03
   1.89741004E-05   4.48284997E-03
   1.71774998E-04   4.43856977E-03
   1.65300007E-05   4.45671007E-03
   2.71667996E-05   4.46623005E-03
   7.18708975E-07   4.48605977E-03
   1.43748002E-06   4.48666979E-03
   1.72495002E-05   4.48501995E-03
   9.87539970E-05   3.96494009E-03
   2.44369003E-04   4.00798023E-03
   4.51208005E-04   4.34103003E-03
   2.64822994E-03   4.35236981E-03
   1.11553003E-03   4.42247000E-03
   3.43551983E-05   4.48373985E-03
   1.16859002E-04   4.53973003E-03
   2.91802007E-05   4.63077007E-03
   3.83799998E-05   4.63909982E-03
   6.89971012E-06   4.73421020E-03
   3.20549989E-05   4.73516993E-03
   1.99953996E-04   4.69089020E-03
   5.31864998E-06   4.70903004E-03
   1.71067004E-05   4.71855002E-03
   1.43747997E-07   4.73838020E-03
   1.43747997E-07   4.73899022E-03
   2.01243001E-05   4.73733991E-03
   2.17342007E-04   4.05101990E-03
   2.33109994E-03   4.38407017E-03
   1.51802006E-03   4.39540995E-03
   1.53481006E-03   4.46551014E-03
   1.81118994E-05   4.52677999E-03
   2.55143008E-04   4.58277017E-03
   3.36359008E-05   4.67381021E-03
   6.62656967E-05   4.68213996E-03
   2.86047998E-05   4.77724988E-03
   1.98376001E-05   4.77821007E-03
   2.74707010E-04   4.73392988E-03
   2.87487001E-06   4.75207018E-03
   3.72301001E-05   4.76159016E-03
   1.43747997E-07   4.78141988E-03
   2.87487012E-07   4.78202989E-03
   2.75996008E-05   4.78038006E-03
   6.32342009E-04   4.71711997E-03
   4.12710989E-03   4.72846022E-03
   7.76930014E-04   4.79855994E-03
   4.74354010E-06   4.85982979E-03
   1.14991999E-04   4.91581997E-03
   7.57535017E-05   5.00686001E-03
   4.45326004E-04   5.01519023E-03
   1.95498997E-05   5.11030015E-03
   5.23236013E-05   5.11125987E-03
   1.36994000E-04   5.06698014E-03
   8.62453987E-07   5.08511998E-03
   1.58118000E-05   5.09463996E-03
   4.31236998E-07   5.11447014E-03
   2.44370995E-06   5.11508016E-03
   1.37994002E-05   5.11342986E-03
   1.42779003E-03   4.73980000E-03
   9.58645018E-04   4.80990019E-03
   1.04359002E-04   4.87117004E-03
   1.80689007E-04   4.92716022E-03
   4.90747974E-04   5.01819979E-03
   2.72687990E-04   5.02653001E-03
   5.33284983E-05   5.12163993E-03
   3.95302995E-05   5.12260012E-03
   1.69049003E-04   5.07831993E-03
   1.71067004E-05   5.09646023E-03
   2.51553993E-05   5.10598021E-03
   3.01864998E-06   5.12580993E-03
   1.43748002E-06   5.12641994E-03
   1.69617997E-05   5.12477010E-03
   8.63941968E-05   4.87999991E-03
   1.46188002E-04   4.94127022E-03
   2.22371003E-04   4.99725994E-03
   2.11738006E-04   5.08829998E-03
   2.88649986E-04   5.09663019E-03
   1.32248997E-05   5.19174011E-03
   1.56690003E-05   5.19269984E-03
   3.29188988E-05   5.14842011E-03
   2.48690994E-05   5.16655995E-03
   3.44986984E-05   5.17607993E-03
   1.29371006E-06   5.19591011E-03
   1.58118996E-06   5.19652013E-03
   3.30617991E-06   5.19486982E-03
   4.16859984E-06   5.00254007E-03
   1.55250000E-05   5.05852979E-03
   5.46230012E-06   5.14956983E-03
   4.59985995E-06   5.15790004E-03
   1.14991997E-06   5.25397016E-03
   2.64495993E-05   5.20968996E-03
   1.29370005E-06   5.22782980E-03
   2.29992997E-06   5.23734977E-03
   2.73120008E-06   5.25614014E-03
   1.71070005E-05   5.11451997E-03
   2.15615000E-05   5.20556001E-03
   4.54244000E-05   5.21389022E-03
   1.86867999E-06   5.30900015E-03
   2.44373996E-06   5.30995987E-03
   4.01063990E-05   5.26568014E-03
   2.58742989E-06   5.28381998E-03
   5.17494982E-06   5.29333996E-03
   1.43750000E-07   5.31317014E-03
   2.87490991E-07   5.31378016E-03
   4.02493015E-06   5.31212986E-03
   1.86863997E-06   5.29660005E-03
   5.46222009E-06   5.30492980E-03
   1.14989996E-06   5.40004019E-03
   6.18125978E-06   5.40099991E-03
   3.79482990E-05   5.35672018E-03
   8.62443983E-07   5.37486002E-03
   3.16231990E-06   5.38438000E-03
   3.88105991E-06   5.40316990E-03
   4.88729984E-06   5.31326002E-03
   5.74962996E-06   5.40836994E-03
   3.59360001E-06   5.40933013E-03
   5.17486988E-05   5.36504993E-03
   7.18711021E-07   5.38318977E-03
   6.61235981E-06   5.39271021E-03
   5.17486978E-06   5.41150011E-03
   7.18713977E-07   5.50444005E-03
   2.29991997E-06   5.46015985E-03
   2.87487012E-07   5.48782013E-03
   2.87487012E-07   5.50661003E-03
   1.43746007E-07   5.50539978E-03
   2.73115006E-06   5.46112005E-03
   1.43746007E-07   5.47925988E-03
   2.87483005E-07   5.48877986E-03
   2.87483005E-07   5.50757023E-03
   3.21172001E-06   5.41683985E-03
   4.52561017E-06   5.43498015E-03
   6.27780992E-06   5.44450013E-03
   2.91974999E-07   5.46432985E-03
   2.91974999E-07   5.46493987E-03
   5.83941016E-07   5.46329003E-03
   1.45445995E-07   5.45311999E-03
   4.36328008E-07   5.46263997E-03
   4.36328008E-07   5.48142986E-03
   4.09237998E-07   5.47215994E-03
   5.45634009E-07   5.49094984E-03
       -1137       -1137
   8.44671018E-03   1.13720002E-04
   1.77059006E-02   1.56759997E-04
   2.83975005E-02   4.89810016E-04
   2.33610999E-02   5.01149974E-04
   3.11640999E-03   5.71249984E-04
   4.50032996E-03   6.32520008E-04
   1.91063003E-03   6.88510016E-04
   1.83283002E-03   7.79549999E-04
   3.25942994E-03   7.87879981E-04
   3.95406998E-04   8.82990018E-04
   3.20035004E-04   8.83949979E-04
   5.82706009E-04   8.39670014E-04
   6.83996012E-04   8.57810024E-04
   2.79552012E-04   8.67330004E-04
   1.13059996E-05   8.87160015E-04
   1.78622995E-05   8.87769973E-04
   5.89916999E-05   8.86120019E-04
   4.76134010E-02   2.47999997E-05
   4.93476987E-02   1.80500007E-04
   3.34532000E-02   4.14200011E-04
   1.65905003E-02   6.66519976E-04
   2.59540007E-02   7.09560001E-04
  0.149828002       1.04261003E-03
  0.235230997       1.05395005E-03
   1.17114000E-02   1.12405000E-03
   9.62779019E-03   1.18531997E-03
   7.53253000E-03   1.24131003E-03
   3.34088993E-03   1.33234996E-03
   5.18374005E-03   1.34068006E-03
   1.86405005E-03   1.43578998E-03
   2.96253990E-03   1.43675006E-03
   2.31123995E-03   1.39246997E-03
   1.57734996E-03   1.41061004E-03
   1.15757005E-03   1.42013002E-03
   2.09754999E-05   1.43995997E-03
   2.90046992E-05   1.44056999E-03
   2.31376995E-04   1.43892004E-03
   7.22412998E-03   2.06400000E-04
   5.58708012E-02   3.62099992E-04
   4.51799016E-03   5.95799997E-04
   1.77059998E-03   8.48120020E-04
   2.71528005E-03   8.91159987E-04
   7.87696987E-03   1.22421002E-03
   4.73674992E-03   1.23555004E-03
   1.18949998E-03   1.30564999E-03
   8.29366036E-03   1.36691995E-03
   8.65562994E-04   1.42291002E-03
   1.41088007E-04   1.51394994E-03
   4.61624004E-04   1.52228004E-03
   1.41586002E-04   1.61738996E-03
   6.73514005E-05   1.61835004E-03
   2.17281995E-04   1.57406996E-03
   1.27916003E-03   1.59221003E-03
   1.29128006E-04   1.60173001E-03
   8.19306990E-07   1.62155996E-03
   2.45797992E-06   1.62216998E-03
   2.19580998E-05   1.62052002E-03
   5.22113987E-04   2.34170002E-03
   8.17534979E-03   2.49739992E-03
   1.00009004E-03   2.73109996E-03
   3.27872986E-04   2.98341992E-03
   9.28702008E-04   3.02646006E-03
   6.56990014E-05   3.35951010E-03
   6.80172991E-04   3.37085011E-03
   1.99953996E-04   3.44095007E-03
   1.19758002E-03   3.50221992E-03
   2.10433005E-04   3.55821010E-03
   4.12613990E-05   3.64924991E-03
   1.55204994E-04   3.65757989E-03
   9.52182972E-07   3.75269004E-03
   7.61743013E-06   3.75365000E-03
   3.77709985E-05   3.70937004E-03
   1.85358993E-04   3.72751011E-03
   3.17396007E-05   3.73703009E-03
   3.17396001E-07   3.75686004E-03
   9.52182972E-07   3.75747005E-03
   3.80863003E-06   3.75581998E-03
   6.41330006E-03   2.65310006E-03
   1.70313995E-02   2.88680010E-03
   1.73844993E-02   3.13912006E-03
   2.70892996E-02   3.18215997E-03
   1.09443003E-02   3.51521000E-03
   1.78113002E-02   3.52655002E-03
   2.06008996E-03   3.59664997E-03
   2.50497996E-03   3.65792005E-03
   3.94721981E-03   3.71391000E-03
   3.29171005E-03   3.80495004E-03
   5.00942022E-03   3.81328003E-03
   1.86610006E-04   3.90839018E-03
   2.89449992E-04   3.90934991E-03
   4.12280002E-04   3.86506994E-03
   4.13206988E-04   3.88321001E-03
   6.10315008E-04   3.89272999E-03
   2.03117997E-05   3.91256018E-03
   2.76115006E-05   3.91317019E-03
   4.22109006E-05   3.91151989E-03
   4.24642989E-04   3.12049990E-03
   9.80366953E-04   3.37282009E-03
   9.24822991E-04   3.41586000E-03
   7.02121016E-03   3.74891004E-03
   1.95246004E-03   3.76025005E-03
   1.59008006E-04   3.83035000E-03
   2.54402007E-03   3.89162009E-03
   1.65984005E-04   3.94761004E-03
   1.44090998E-04   4.03865008E-03
   1.54238005E-04   4.04697983E-03
   9.99729964E-05   4.14209021E-03
   2.79282995E-05   4.14304994E-03
   2.88814008E-05   4.09877021E-03
   3.94803006E-04   4.11691004E-03
   2.47550997E-05   4.12643002E-03
   9.52123003E-07   4.14626021E-03
   9.52123003E-07   4.14687023E-03
   2.85643000E-06   4.14521992E-03
   6.57934987E-04   3.62514006E-03
   1.21012004E-03   3.66817997E-03
   7.14113005E-04   4.00123000E-03
   9.74057999E-04   4.01256979E-03
   7.99799018E-05   4.08266997E-03
   2.51362007E-03   4.14393982E-03
   2.12023006E-04   4.19993000E-03
   2.01542003E-04   4.29097004E-03
   2.05029006E-04   4.29929979E-03
   6.34771004E-06   4.39441018E-03
   1.14257000E-05   4.39536991E-03
   1.58684998E-05   4.35109017E-03
   3.87214008E-04   4.36923001E-03
   3.23729000E-05   4.37874999E-03
   1.26949999E-06   4.39858017E-03
   1.26949999E-06   4.39919019E-03
   1.58684998E-06   4.39753989E-03
   3.34835000E-04   3.71122011E-03
   1.54755998E-03   4.04427014E-03
   3.98633012E-04   4.05560993E-03
   1.83441996E-04   4.12571011E-03
   3.96144995E-03   4.18697996E-03
   1.63456003E-04   4.24297014E-03
   1.73288994E-04   4.33401018E-03
   1.04416999E-04   4.34233993E-03
   1.20602999E-05   4.43744985E-03
   4.12598001E-06   4.43841005E-03
   3.49114016E-05   4.39412985E-03
   6.11896976E-04   4.41227015E-03
   2.41195994E-05   4.42179013E-03
   9.52146991E-07   4.44161985E-03
   6.34765001E-07   4.44222987E-03
   3.49113998E-06   4.44058003E-03
   2.86558992E-03   4.37731994E-03
   1.82581004E-02   4.38866019E-03
   1.07907999E-05   4.45875991E-03
   1.45807001E-03   4.52003023E-03
   1.52723002E-03   4.57601994E-03
   1.45037004E-04   4.66705998E-03
   3.50057991E-04   4.67539020E-03
   8.12466969E-05   4.77050012E-03
   2.45645002E-04   4.77145985E-03
   1.90430001E-06   4.72718012E-03
   2.22811999E-04   4.74531995E-03
   2.33272993E-04   4.75483993E-03
   9.52136986E-07   4.77467012E-03
   1.90430001E-06   4.77528013E-03
   3.17380000E-07   4.77362983E-03
   9.51176975E-04   4.39999998E-03
   1.39009004E-04   4.47010016E-03
   2.30540009E-03   4.53137001E-03
   3.75448988E-04   4.58736019E-03
   1.92969994E-04   4.67839977E-03
   7.83927971E-05   4.68672998E-03
   2.50095996E-04   4.78183990E-03
   2.60239995E-05   4.78280010E-03
   2.63429993E-05   4.73851990E-03
   3.47221008E-04   4.75666020E-03
   5.61761990E-05   4.76618018E-03
   1.26947998E-06   4.78600990E-03
   3.17381989E-07   4.78661992E-03
   2.53898997E-06   4.78497008E-03
   1.90431001E-05   4.54019988E-03
   3.03731009E-04   4.60147019E-03
   3.33257012E-05   4.65745991E-03
   9.52142000E-06   4.74849995E-03
   3.14208992E-05   4.75683017E-03
   3.17381989E-07   4.85194009E-03
   1.58682997E-06   4.85289982E-03
   7.29978001E-06   4.80862008E-03
   4.69719016E-05   4.82675992E-03
   5.07813002E-06   4.83627990E-03
   3.17381989E-07   4.85672010E-03
   6.34761989E-07   4.85506980E-03
   2.28190998E-04   4.66274004E-03
   5.94120007E-04   4.71873023E-03
   4.78911999E-04   4.80976980E-03
   7.37574010E-04   4.81810002E-03
   2.47552998E-05   4.91320994E-03
   3.77688993E-05   4.91417013E-03
   6.09363997E-05   4.86988993E-03
   7.42655029E-05   4.88802977E-03
   9.20380990E-05   4.89755021E-03
   2.85645001E-06   4.91737993E-03
   4.12590998E-06   4.91798995E-03
   6.34754997E-06   4.91634011E-03
   1.61856005E-05   4.77471994E-03
   3.14206009E-05   4.86575998E-03
   2.72924008E-05   4.87409020E-03
   2.18973000E-05   4.96920012E-03
   5.39538996E-06   4.97015985E-03
   6.03002991E-06   4.92588012E-03
   9.23553016E-05   4.94401995E-03
   4.76056994E-06   4.95353993E-03
   3.17379005E-07   4.97337012E-03
   6.34754997E-07   4.97232983E-03
   1.49172001E-05   4.95680002E-03
   3.17386985E-05   4.96512977E-03
   1.58685998E-06   5.06024016E-03
   2.53902999E-06   5.06119989E-03
   1.90434002E-06   5.01692016E-03
   7.39504976E-05   5.03505999E-03
   4.76069999E-06   5.04457997E-03
   3.17386991E-07   5.06441016E-03
   3.17386991E-07   5.06502017E-03
   3.17386991E-07   5.06336987E-03
   8.77813000E-06   4.97345999E-03
   3.25118003E-06   5.06856991E-03
   9.75350986E-07   5.06953010E-03
   6.17708019E-06   5.02524991E-03
   1.16716001E-04   5.04339021E-03
   4.22653011E-06   5.05291019E-03
   3.25118009E-07   5.07273991E-03
   6.50234995E-07   5.07170008E-03
   3.49121001E-06   5.16464002E-03
   3.80854999E-06   5.13850013E-03
   3.49121001E-06   5.14802011E-03
   3.17385002E-07   5.12132002E-03
   5.71283999E-06   5.13945986E-03
   9.52151993E-07   5.14897984E-03
   6.47997979E-07   5.07703982E-03
   9.71995996E-06   5.09518012E-03
   9.71995973E-07   5.10470010E-03
   6.03017997E-06   5.11331996E-03
   1.42824001E-05   5.12283994E-03
   3.17386991E-07   5.14267012E-03
   6.34771027E-07   5.14328014E-03
   9.52155972E-07   5.14162984E-03
   3.17389009E-07   5.13235992E-03
       -1137       -1137
   1.63474996E-02   1.50709995E-04
   2.39225999E-02   1.62049997E-04
   3.52638005E-03   2.32150007E-04
   3.38546000E-03   2.93419987E-04
   9.88816004E-03   3.49409995E-04
   1.90511998E-03   4.40450007E-04
   2.12513003E-03   4.48779989E-04
   1.61153002E-04   5.43889997E-04
   2.66954012E-04   5.44850016E-04
   6.70126989E-04   5.00569993E-04
   5.49716991E-04   5.18710003E-04
   1.43697998E-03   5.28229983E-04
   1.15539997E-05   5.48059994E-04
   1.15539997E-05   5.48670010E-04
   6.66877968E-05   5.47019998E-04
   6.54567033E-02   0.00000000    
  0.208904997       3.32310010E-04
  0.252065986       3.43649997E-04
   2.13783998E-02   4.13750007E-04
   2.26473995E-02   4.75020002E-04
   2.38850005E-02   5.31009980E-04
   7.88062997E-03   6.22050022E-04
   1.15435999E-02   6.30380004E-04
   2.13652989E-03   7.25489983E-04
   2.39839009E-03   7.26450002E-04
   4.16890020E-03   6.82169979E-04
   3.69218993E-03   7.00309989E-04
   3.55005008E-03   7.09830027E-04
   4.64186014E-05   7.29659980E-04
   6.16214966E-05   7.30269996E-04
   4.33584006E-04   7.28619983E-04
   1.12014000E-04   1.44979998E-03
   4.08643013E-04   1.60550000E-03
   1.02188000E-02   1.83920003E-03
   6.48560992E-04   2.09152000E-03
   8.53586011E-04   2.13455991E-03
   2.40261992E-03   2.46760994E-03
   4.36680997E-03   2.47894996E-03
   4.73637010E-05   2.54904991E-03
   5.63518988E-05   2.61031999E-03
   1.48632994E-03   2.66630994E-03
   1.03715996E-04   2.75734998E-03
   1.33099995E-04   2.76567996E-03
   2.90394000E-05   2.86078989E-03
   5.11668986E-05   2.86175008E-03
   8.98878989E-06   2.81747011E-03
   8.64312005E-06   2.83560995E-03
   2.10893995E-04   2.84512993E-03
   6.91433002E-07   2.86496012E-03
   6.91433002E-07   2.86556990E-03
   1.03716002E-06   2.86392006E-03
   1.29733002E-02   1.99489994E-03
   2.99042993E-04   2.24721991E-03
   2.99252011E-03   2.29026005E-03
   1.62106997E-03   2.62331008E-03
   8.08889978E-03   2.63465010E-03
   8.26261967E-05   2.70475005E-03
   1.72846001E-06   2.76601990E-03
   1.93954003E-03   2.82201008E-03
   5.60053013E-05   2.91304989E-03
   4.47361002E-04   2.92138010E-03
   1.83228003E-05   3.01649002E-03
   9.36896977E-05   3.01744998E-03
   1.55579000E-05   2.97317002E-03
   3.45724004E-07   2.99131009E-03
   2.76576990E-04   3.00083007E-03
   3.45724004E-07   3.02066002E-03
   2.41995008E-06   3.02127004E-03
   1.72846001E-06   3.01961997E-03
   1.63192991E-02   2.22859997E-03
   2.44066995E-02   2.48091994E-03
   3.15677002E-02   2.52396008E-03
   2.31937002E-02   2.85701011E-03
   2.64515001E-02   2.86834990E-03
   2.53925007E-03   2.93845008E-03
   2.99306004E-03   2.99971993E-03
   6.17269007E-03   3.05571011E-03
   4.44201007E-03   3.14674992E-03
   5.75189991E-03   3.15507990E-03
   3.69573012E-04   3.25019006E-03
   4.06556996E-04   3.25115002E-03
   5.06117998E-04   3.20687005E-03
   5.05085976E-04   3.22500989E-03
   9.24777007E-04   3.23453010E-03
   2.69654993E-05   3.25436005E-03
   3.14587996E-05   3.25497007E-03
   5.18560009E-05   3.25332000E-03
   1.70789994E-04   2.73323990E-03
   4.11668979E-03   2.77628005E-03
   6.70370995E-04   3.10933008E-03
   7.59090018E-03   3.12067010E-03
   8.26281976E-05   3.19077005E-03
   1.65949004E-05   3.25203990E-03
   3.55666992E-03   3.30803008E-03
   5.11680992E-05   3.39906989E-03
   6.53073017E-04   3.40740010E-03
   8.64331014E-06   3.50251002E-03
   7.32948029E-05   3.50346998E-03
   1.45199001E-05   3.45919002E-03
   2.42001011E-06   3.47733009E-03
   5.04077005E-04   3.48685007E-03
   3.45731991E-07   3.50668002E-03
   3.45731996E-06   3.50729004E-03
   1.38286998E-06   3.50563996E-03
   1.75675005E-03   2.81931995E-03
   6.02775998E-03   3.15236999E-03
   4.92889993E-03   3.16371000E-03
   1.18238997E-04   3.23380996E-03
   3.03547014E-04   3.29508004E-03
   4.53661010E-03   3.35106999E-03
   6.41331018E-04   3.44211003E-03
   5.62503003E-04   3.45044001E-03
   7.50231993E-05   3.54554993E-03
   5.77366991E-05   3.54650989E-03
   2.10898997E-05   3.50222993E-03
   4.35617003E-05   3.52037000E-03
   6.40987011E-04   3.52988997E-03
   3.80299002E-06   3.54971993E-03
   3.11150006E-06   3.55032994E-03
   2.07434005E-06   3.54868011E-03
   1.04027998E-03   3.48542002E-03
   2.68840995E-02   3.49676004E-03
   2.65525014E-04   3.56685999E-03
   3.01482010E-04   3.62813007E-03
   3.21274996E-03   3.68412002E-03
   1.41398006E-04   3.77516006E-03
   1.02645997E-03   3.78349004E-03
   2.90397002E-05   3.87859996E-03
   3.33972013E-04   3.87955992E-03
   4.59809016E-05   3.83527996E-03
   4.87475991E-05   3.85342003E-03
   4.52206004E-04   3.86294001E-03
   1.03717002E-06   3.88276996E-03
   5.53143991E-06   3.88337998E-03
   4.49441995E-06   3.88172991E-03
   1.06926002E-02   3.50810005E-03
   4.57377988E-04   3.57820000E-03
   1.47759996E-03   3.63947009E-03
   3.83302011E-03   3.69546004E-03
   1.36250001E-03   3.78650008E-03
   9.16851975E-04   3.79483006E-03
   3.37428006E-04   3.88993998E-03
   2.69656011E-04   3.89089994E-03
   7.70936967E-05   3.84661998E-03
   2.39228000E-04   3.86476004E-03
   5.46571973E-04   3.87428002E-03
   8.29717010E-06   3.89410998E-03
   5.18563002E-06   3.89471999E-03
   7.60569992E-06   3.89306992E-03
   5.53139989E-06   3.64829996E-03
   1.24460003E-05   3.70957004E-03
   3.70972004E-04   3.76555999E-03
   1.45196000E-05   3.85660003E-03
   1.93610995E-05   3.86493001E-03
   3.11144004E-06   3.96003993E-03
   5.18573006E-06   3.96100013E-03
   2.07430003E-06   3.91671993E-03
   2.07430003E-06   3.93486023E-03
   5.25489995E-05   3.94438021E-03
   3.45725994E-07   3.96317011E-03
   4.50127001E-04   3.82683007E-03
   2.76578999E-06   3.91787011E-03
   4.80556009E-05   3.92619986E-03
   3.80290999E-06   4.02130978E-03
   1.90146002E-05   4.02226998E-03
   2.41996008E-06   3.97798978E-03
   6.43035019E-05   4.00565006E-03
   3.45725994E-07   4.02608979E-03
   3.45725994E-07   4.02443996E-03
   5.52457001E-04   3.88282002E-03
   6.50627015E-04   3.97385983E-03
   8.29717028E-04   3.98219004E-03
   5.11662001E-05   4.07729996E-03
   5.84260015E-05   4.07826016E-03
   7.39836032E-05   4.03397996E-03
   7.60569965E-05   4.05211980E-03
   1.63866003E-04   4.06163977E-03
   3.80283996E-06   4.08146996E-03
   4.49430991E-06   4.08207998E-03
   7.60569992E-06   4.08043014E-03
   3.80289998E-06   4.06489987E-03
   1.10284003E-04   4.07323008E-03
   1.72847001E-06   4.16834000E-03
   1.41740002E-05   4.16930020E-03
   2.41996008E-06   4.12502000E-03
   3.45724999E-07   4.14315984E-03
   9.23081025E-05   4.15267982E-03
   6.91434025E-07   4.17312002E-03
   3.45724999E-07   4.17147018E-03
   4.77095018E-05   4.08155983E-03
   1.34826996E-05   4.17667022E-03
   1.10628998E-05   4.17762995E-03
   3.45718991E-06   4.13335022E-03
   6.91423020E-06   4.15149005E-03
   1.17194999E-04   4.16101003E-03
   6.91422997E-07   4.18084022E-03
   6.91422997E-07   4.18144977E-03
   3.45719002E-07   4.17979993E-03
   4.49429990E-06   4.27273987E-03
   6.91421008E-07   4.22846014E-03
   6.91421008E-07   4.24659997E-03
   7.25988002E-06   4.25611995E-03
   6.91416972E-07   4.27370006E-03
   1.03713000E-06   4.22941986E-03
   3.11135000E-06   4.24756017E-03
   8.29711007E-06   4.25708015E-03
   3.45724004E-07   4.18514013E-03
   3.45724004E-07   4.20327997E-03
   1.03716002E-05   4.21279995E-03
   1.07169999E-05   4.23093978E-03
   1.21000003E-05   4.24046023E-03
   6.91424020E-07   4.26028995E-03
   6.91424020E-07   4.26089996E-03
   1.03715001E-06   4.25925013E-03
       -1137       -1137
   5.03587984E-02   6.92500034E-05
   7.22636981E-03   7.75799999E-05
   8.24202038E-03   1.72689994E-04
   8.89288029E-04   1.73649998E-04
   1.00127002E-03   1.29370004E-04
   5.02179028E-04   1.47510000E-04
   1.03263999E-03   1.57029994E-04
   2.94132013E-04   1.76860005E-04
   3.88617991E-05   1.77470007E-04
   1.00593003E-04   1.75819994E-04
   6.85838995E-06   8.97000020E-04
   7.87951984E-04   1.05269998E-03
   7.35356007E-04   1.28640002E-03
   2.85537001E-02   1.53871998E-03
   3.35671008E-03   1.58176001E-03
   1.60805993E-02   1.91481004E-03
   3.73025006E-03   1.92615006E-03
   1.52415996E-05   1.99624989E-03
   1.55454007E-04   2.05751997E-03
   1.11257999E-04   2.11350992E-03
   3.55500006E-03   2.20454996E-03
   4.47327009E-04   2.21287995E-03
   1.88984995E-04   2.30799010E-03
   3.65777014E-05   2.30895006E-03
   3.81008999E-06   2.26467010E-03
   2.51469992E-05   2.28280993E-03
   1.60021991E-05   2.29232991E-03
   2.05746001E-05   2.31216010E-03
   2.28602994E-06   2.31277011E-03
   3.82538012E-04   1.20840000E-03
   3.35751008E-03   1.44210004E-03
   2.58871000E-02   1.69442000E-03
   1.50357001E-03   1.73746003E-03
   1.18215997E-02   2.07051006E-03
   6.40713982E-03   2.08185008E-03
   1.08963002E-04   2.15195003E-03
   1.51647997E-04   2.21322011E-03
   5.67706011E-04   2.26921006E-03
   3.18922009E-03   2.36025010E-03
   2.27842000E-04   2.36858008E-03
   1.34877002E-04   2.46369001E-03
   7.08677981E-05   2.46464997E-03
   1.98124999E-05   2.42037000E-03
   2.43848008E-05   2.43851007E-03
   8.30607969E-05   2.44803005E-03
   1.82883996E-05   2.46786000E-03
   1.52411997E-06   2.46847002E-03
   1.52411997E-06   2.46681995E-03
   1.16966001E-03   1.67579995E-03
   4.96717989E-02   1.92812004E-03
   1.89289998E-03   1.97116006E-03
   2.09099008E-03   2.30421009E-03
   1.67942001E-03   2.31555011E-03
   1.37162002E-04   2.38565006E-03
   4.79331007E-04   2.44691991E-03
   3.77190008E-04   2.50291009E-03
   6.19293982E-03   2.59394990E-03
   2.66707008E-04   2.60227988E-03
   1.90512001E-05   2.69739004E-03
   1.37161996E-05   2.69835000E-03
   2.59082008E-05   2.65407003E-03
   7.39159004E-05   2.67221010E-03
   5.48667995E-05   2.68173008E-03
   3.58155994E-05   2.70156004E-03
   1.52412997E-06   2.70217005E-03
   2.28599993E-06   2.70051998E-03
   4.59968001E-02   2.18043989E-03
   8.99768993E-02   2.22348003E-03
   5.45435995E-02   2.55653006E-03
   6.44456968E-02   2.56787008E-03
   6.43135980E-03   2.63797003E-03
   6.02815021E-03   2.69924011E-03
   1.11691002E-02   2.75523006E-03
   1.42291998E-02   2.84627010E-03
   1.62000991E-02   2.85460008E-03
   8.71739991E-04   2.94971000E-03
   1.00510998E-03   2.95066996E-03
   1.26416003E-03   2.90639000E-03
   1.01959996E-03   2.92453007E-03
   1.71682006E-03   2.93405005E-03
   8.53450983E-05   2.95388000E-03
   8.83913017E-05   2.95449002E-03
   1.28778003E-04   2.95283995E-03
   1.41888997E-03   2.26651994E-03
   6.43012971E-02   2.59956997E-03
   3.03604989E-03   2.61090999E-03
   3.74141004E-04   2.68100994E-03
   1.98127003E-04   2.74228002E-03
   3.39112012E-04   2.79826997E-03
   1.12567004E-02   2.88931001E-03
   4.14554001E-04   2.89763999E-03
   9.47978988E-04   2.99274991E-03
   3.96264004E-05   2.99371011E-03
   6.47720008E-05   2.94942991E-03
   3.04795994E-05   2.96756998E-03
   4.95318018E-05   2.97708996E-03
   6.47720008E-05   2.99691991E-03
   2.28599993E-06   2.99752993E-03
   6.85827990E-06   2.99588009E-03
   6.35308996E-02   2.93262000E-03
  0.182049006       2.94396002E-03
   3.86259006E-03   3.01405997E-03
   2.17405008E-03   3.07533005E-03
   4.84646007E-04   3.13132000E-03
   7.49135017E-03   3.22236004E-03
   1.09885000E-02   3.23069002E-03
   1.79766002E-03   3.32579995E-03
   2.67765997E-03   3.32675991E-03
   7.65080971E-04   3.28247994E-03
   3.58904013E-04   3.30062001E-03
   7.46762016E-05   3.31013999E-03
   4.41970988E-05   3.32996994E-03
   6.01977990E-05   3.33057996E-03
   8.15341991E-05   3.32892989E-03
   3.97136994E-03   2.95530003E-03
   6.59752986E-04   3.02539999E-03
   6.33260992E-04   3.08667007E-03
   3.58766003E-04   3.14266002E-03
   7.73723982E-03   3.23370006E-03
   5.08882978E-04   3.24203004E-03
   2.42315000E-03   3.33713996E-03
   1.07551998E-04   3.33809992E-03
   1.20393997E-04   3.29381996E-03
   9.23004991E-05   3.31196003E-03
   5.37757987E-05   3.32148001E-03
   4.41447992E-05   3.34130996E-03
   2.40777990E-06   3.34191998E-03
   1.20393997E-05   3.34026990E-03
   1.52412997E-06   3.09549994E-03
   2.43850991E-05   3.15677002E-03
   2.13367002E-05   3.21275997E-03
   8.06985016E-04   3.30380001E-03
   5.56293016E-05   3.31212999E-03
   4.87701982E-05   3.40723991E-03
   7.62035006E-06   3.40820011E-03
   7.62034972E-07   3.36391991E-03
   3.81002997E-06   3.38205998E-03
   3.04796004E-06   3.39157996E-03
   4.57208989E-06   3.41140991E-03
   1.60020008E-05   3.21804010E-03
   8.76320992E-05   3.27403005E-03
   7.46774022E-04   3.36507009E-03
   3.50529990E-05   3.37340008E-03
   2.59082008E-05   3.46851000E-03
   6.85828991E-06   3.46946996E-03
   4.57208989E-06   3.42518999E-03
   5.33407001E-06   3.44333006E-03
   1.29545997E-05   3.45285004E-03
   4.57208989E-06   3.47267999E-03
   7.62034972E-07   3.47163994E-03
   3.12422999E-05   3.33002000E-03
   1.40210998E-03   3.42106004E-03
   5.10561003E-05   3.42939002E-03
   5.33408002E-06   3.52449995E-03
   3.04797004E-06   3.52545991E-03
   3.81003997E-06   3.48117994E-03
   1.37162997E-05   3.49932001E-03
   9.14440989E-06   3.50883999E-03
   8.38244978E-06   3.52866994E-03
   7.62037018E-07   3.52762989E-03
   1.05548999E-03   3.51210008E-03
   2.03997991E-03   3.52043007E-03
   1.19638004E-04   3.61553999E-03
   1.15825998E-04   3.61649995E-03
   1.58502007E-04   3.57221998E-03
   1.26498999E-04   3.59036005E-03
   2.15653999E-04   3.59988003E-03
   1.21922003E-05   3.61970998E-03
   1.14306004E-05   3.62032000E-03
   1.60021009E-05   3.61866993E-03
   3.19844003E-05   3.52876005E-03
   1.76319998E-04   3.62386997E-03
   6.56102020E-06   3.62482993E-03
   1.06613998E-05   3.58054996E-03
   5.74065007E-06   3.59869003E-03
   8.20121022E-06   3.60821001E-03
   1.23017999E-05   3.62803997E-03
   8.20120988E-07   3.62699991E-03
   3.04792002E-06   3.71897989E-03
   3.42919993E-05   3.71994008E-03
   9.90611989E-06   3.67565989E-03
   4.57202987E-06   3.69379995E-03
   7.62025024E-07   3.70331993E-03
   7.62025024E-07   3.72314989E-03
   7.62025024E-07   3.72375990E-03
   7.62025024E-07   3.72211006E-03
   1.52411997E-06   3.67662008E-03
   7.62029003E-07   3.69475991E-03
   7.62029003E-07   3.70427989E-03
   7.62029003E-07   3.72411008E-03
   8.83936025E-07   3.65047995E-03
   8.83936025E-07   3.65999993E-03
   8.83936025E-07   3.67983012E-03
   7.18502008E-07   3.66862002E-03
   2.15539990E-06   3.67814000E-03
   7.18502008E-07   3.69796995E-03
   7.37948028E-07   3.68765998E-03
   1.47595995E-06   3.70748993E-03
       -1137       -1137
   1.31117004E-05   7.15399976E-04
   2.59919994E-04   8.71099997E-04
   1.56262005E-03   1.10480003E-03
   3.13207996E-03   1.35712000E-03
   3.16075012E-02   1.40016002E-03
   4.10545990E-03   1.73321005E-03
   1.68657005E-02   1.74454995E-03
   1.38826999E-05   1.81465002E-03
   1.92820007E-05   1.87591999E-03
   2.42177004E-04   1.93191005E-03
   3.83336010E-04   2.02294998E-03
   3.91949993E-03   2.03127996E-03
   3.85628991E-05   2.12639011E-03
   1.77388996E-04   2.12735008E-03
   3.08503991E-06   2.08307011E-03
   3.08503991E-06   2.10120995E-03
   3.47077003E-05   2.11072993E-03
   2.31390004E-06   2.13056011E-03
   2.00529994E-05   2.13116989E-03
   8.48420041E-06   1.02680002E-03
   4.74481005E-03   1.26050005E-03
   2.31390004E-04   1.51282002E-03
   3.25731002E-02   1.55586004E-03
   2.31538992E-03   1.88890996E-03
   1.01723000E-02   1.90024998E-03
   3.31654992E-05   1.97035004E-03
   2.31390004E-06   2.03161989E-03
   7.37328024E-04   2.08761008E-03
   6.17028991E-06   2.17864988E-03
   4.02835011E-03   2.18698010E-03
   2.46810996E-05   2.28209002E-03
   1.04125000E-04   2.28304998E-03
   6.17028991E-06   2.23877002E-03
   7.71286011E-07   2.25691008E-03
   1.05662999E-04   2.26643006E-03
   2.08238998E-05   2.28687003E-03
   7.71286011E-07   2.28521996E-03
   2.91467994E-03   1.49419997E-03
   2.93482002E-03   1.74652005E-03
   4.71090004E-02   1.78955996E-03
   1.95985008E-03   2.12261011E-03
   3.14827007E-03   2.13394989E-03
   3.06203990E-04   2.20405008E-03
   6.23193977E-04   2.26531993E-03
   9.29397997E-04   2.32131011E-03
   4.55044006E-04   2.41234992E-03
   5.79224015E-03   2.42067990E-03
   1.77388993E-05   2.51579005E-03
   2.85375008E-05   2.51675001E-03
   5.86171009E-05   2.47247005E-03
   9.56358999E-05   2.49060988E-03
   1.34977003E-04   2.50013010E-03
   3.08505992E-06   2.51996005E-03
   3.00796000E-05   2.52057007E-03
   5.39887014E-06   2.51892000E-03
   6.45536988E-04   1.99883990E-03
   6.70424029E-02   2.04188004E-03
   2.78660003E-03   2.37493007E-03
   3.85789983E-02   2.38627009E-03
   3.23908986E-04   2.45637004E-03
   6.40149010E-05   2.51763989E-03
   4.73549007E-04   2.57363007E-03
   1.81245006E-04   2.66467012E-03
   8.35813023E-03   2.67300010E-03
   4.01071993E-05   2.76811002E-03
   5.51466015E-04   2.76906998E-03
   5.55326005E-05   2.72479001E-03
   1.00262996E-05   2.74293008E-03
   6.86440035E-05   2.75245006E-03
   7.71272028E-07   2.77228002E-03
   4.31912995E-05   2.77289003E-03
   5.39875009E-06   2.77123996E-03
   7.39929006E-02   2.08491995E-03
   6.05896004E-02   2.41796998E-03
   9.76886973E-02   2.42931000E-03
   6.75706007E-03   2.49940995E-03
   7.21829012E-03   2.56068003E-03
   1.06883002E-02   2.61666998E-03
   1.20221004E-02   2.70771002E-03
   2.25398000E-02   2.71604001E-03
   9.64106002E-04   2.81114993E-03
   1.46457995E-03   2.81210989E-03
   1.32040004E-03   2.76782992E-03
   1.20855996E-03   2.78596999E-03
   1.64518994E-03   2.79548997E-03
   7.32705012E-05   2.81531992E-03
   1.21094003E-04   2.81592994E-03
   1.34977003E-04   2.81428010E-03
   5.33244014E-03   2.75102002E-03
  0.169459000       2.76236003E-03
   7.64335971E-04   2.83245998E-03
   4.71253996E-04   2.89373007E-03
   3.75623989E-04   2.94972002E-03
   4.81255993E-04   3.04076006E-03
   7.12190010E-03   3.04909004E-03
   1.50396998E-04   3.14419996E-03
   2.08089990E-03   3.14515992E-03
   1.43459998E-04   3.10087996E-03
   7.78992035E-05   3.11902002E-03
   5.63032991E-05   3.12854000E-03
   3.08502990E-06   3.14836996E-03
   3.70216003E-05   3.14897997E-03
   1.46537004E-05   3.14732990E-03
  0.115640000       2.77370005E-03
   3.99524020E-03   2.84380000E-03
   2.29463005E-03   2.90507008E-03
   6.80292025E-04   2.96106003E-03
   6.42195018E-03   3.05210007E-03
   1.38365002E-02   3.06043006E-03
   2.51214998E-03   3.15553998E-03
   3.10975011E-03   3.15649994E-03
   7.91356026E-04   3.11221997E-03
   3.87198001E-04   3.13036004E-03
   1.04901999E-04   3.13988002E-03
   3.85640997E-05   3.15970997E-03
   7.40437972E-05   3.16031999E-03
   8.25285024E-05   3.15866992E-03
   7.71250996E-07   2.91389995E-03
   7.71250996E-07   2.97517003E-03
   4.93599982E-05   3.03115998E-03
   4.55021000E-05   3.12220003E-03
   8.44520982E-04   3.13053001E-03
   9.25490986E-06   3.22563993E-03
   4.70470004E-05   3.22659989E-03
   6.94129994E-06   3.20997997E-03
   4.62730986E-06   3.23041994E-03
   1.04127001E-04   3.09243007E-03
   3.85638987E-06   3.18347011E-03
   9.07049980E-04   3.19180009E-03
   5.39898019E-06   3.28691001E-03
   2.46817999E-05   3.28786997E-03
   1.46540997E-05   3.27125005E-03
   4.62764001E-06   3.29169002E-03
   7.48117964E-05   3.14842002E-03
   7.86699020E-05   3.23946006E-03
   1.32038002E-03   3.24779004E-03
   3.85624980E-06   3.34289996E-03
   6.94155005E-06   3.34385992E-03
   9.25525001E-06   3.29957996E-03
   1.61966000E-05   3.31772002E-03
   2.15948003E-05   3.32724000E-03
   7.71279019E-07   3.34706996E-03
   6.94155005E-06   3.34767997E-03
   7.71279019E-07   3.34602990E-03
   1.15695002E-05   3.33050010E-03
   1.50931999E-03   3.33883008E-03
   6.94156006E-06   3.43394000E-03
   9.33234987E-05   3.43489996E-03
   7.71278974E-06   3.39062000E-03
   7.71279019E-07   3.40876007E-03
   1.15695002E-05   3.41828004E-03
   7.71278974E-06   3.43872001E-03
   7.71279019E-07   3.43706994E-03
   1.65359001E-03   3.34716006E-03
   1.14144997E-04   3.44226998E-03
   2.06697994E-04   3.44322994E-03
   1.65050995E-04   3.39894998E-03
   1.51932996E-04   3.41709005E-03
   2.03611999E-04   3.42661003E-03
   9.25518998E-06   3.44643998E-03
   1.77385991E-05   3.44705000E-03
   1.69676005E-05   3.44539993E-03
   3.16213991E-05   3.53834010E-03
   1.54257998E-06   3.49405990E-03
   7.71286011E-07   3.51219997E-03
   7.71286011E-07   3.52171995E-03
   7.71286011E-07   3.54215992E-03
   1.00265997E-05   3.53930006E-03
   9.25548011E-06   3.49502009E-03
   4.62758999E-06   3.51315993E-03
   7.71298005E-07   3.52267991E-03
   7.71298005E-07   3.54251009E-03
   7.71298005E-07   3.54312011E-03
   7.71298005E-07   3.54147004E-03
   1.73532999E-06   3.47839994E-03
   8.67661981E-07   3.49883991E-03
   2.48093011E-06   3.49654001E-03
   8.26959024E-07   3.51697998E-03
   1.68538998E-06   3.50605999E-03
   8.42694988E-07   3.52649996E-03
       -1137       -1137
   6.46620989E-02   4.33499990E-05
  0.100478999       5.16799992E-05
   5.59560023E-03   1.46790000E-04
   5.97062986E-03   1.47750005E-04
   9.25053004E-03   1.03470004E-04
   7.47130020E-03   1.21609999E-04
   1.02776997E-02   1.31130000E-04
   3.31031013E-04   1.50959997E-04
   4.63291013E-04   1.51569999E-04
   9.18432022E-04   1.49920001E-04
   5.65594994E-03   0.00000000    
   1.78573001E-02   0.00000000    
   4.10091989E-02   6.87499996E-05
   4.96409982E-02   1.30019995E-04
   4.40110005E-02   1.86010002E-04
   3.91823985E-02   2.77050014E-04
   4.87672016E-02   2.85379996E-04
   3.96616990E-04   3.80490004E-04
   6.81550999E-04   3.81449994E-04
   7.97350984E-03   3.37170000E-04
   7.93174002E-03   3.55310010E-04
   6.79800007E-03   3.64829990E-04
   2.22332004E-04   3.84660001E-04
   2.56377010E-04   3.85269988E-04
   8.15168023E-04   3.83620005E-04
   3.75188002E-03   2.39629997E-04
   4.63721994E-03   2.50970013E-04
   1.70124993E-02   3.21069994E-04
   6.04290981E-03   3.82339989E-04
   5.76992985E-03   4.38329997E-04
   2.01007002E-03   5.29369980E-04
   3.08262999E-03   5.37700020E-04
   3.26067995E-04   6.32809999E-04
   3.14673991E-04   6.33770018E-04
   2.42268993E-03   5.89489995E-04
   9.50422022E-04   6.07630005E-04
   7.28469982E-04   6.17149984E-04
   1.12542002E-05   6.36979996E-04
   1.58710009E-05   6.37590012E-04
   2.36319000E-04   6.35939999E-04
   5.40080015E-03   2.82669993E-04
   6.56407978E-03   2.94010009E-04
   2.37495005E-02   3.64109990E-04
   9.34385043E-03   4.25380014E-04
   6.92196004E-03   4.81369992E-04
   2.42758007E-03   5.72410005E-04
   3.37940990E-03   5.80739987E-04
   3.45829991E-04   6.75850024E-04
   4.79715993E-04   6.76809985E-04
   3.35764000E-03   6.32530020E-04
   1.30628003E-03   6.50669972E-04
   9.75536997E-04   6.60190010E-04
   1.39947997E-05   6.80020021E-04
   1.77459005E-05   6.80629979E-04
   3.26920999E-04   6.78980025E-04
   9.02101956E-03   6.15719997E-04
   1.70063004E-02   6.27060013E-04
   2.09378991E-02   6.97160023E-04
   2.93542002E-03   7.58429989E-04
   1.27496999E-02   8.14419996E-04
   1.21697003E-03   9.05459980E-04
   7.78098998E-04   9.13790020E-04
   1.41245997E-04   1.00890000E-03
   1.29852997E-04   1.00985996E-03
   2.51416001E-03   9.65579995E-04
   3.68339999E-04   9.83719947E-04
   1.49768998E-03   9.93240043E-04
   6.92519006E-06   1.01307000E-03
   3.89551997E-06   1.01368001E-03
   2.38195993E-04   1.01203006E-03
   1.48745999E-02   6.38399972E-04
   2.70674005E-02   7.08499982E-04
   1.38717995E-03   7.69770006E-04
   1.34691996E-02   8.25760013E-04
   7.04506994E-04   9.16799996E-04
   1.73432997E-03   9.25129978E-04
   1.36481001E-04   1.02024002E-03
   2.26802993E-04   1.02119998E-03
   3.23723000E-03   9.76920011E-04
   1.69086998E-04   9.95059963E-04
   1.51483004E-03   1.00457994E-03
   4.03970989E-06   1.02441001E-03
   8.80107018E-06   1.02502003E-03
   3.06291011E-04   1.02336996E-03
   1.69770997E-02   7.78599991E-04
   2.52839997E-02   8.39870016E-04
   3.96945998E-02   8.95860023E-04
   3.94872017E-02   9.86899948E-04
   5.45746982E-02   9.95230046E-04
   4.74102003E-03   1.09033997E-03
   5.87642984E-03   1.09130004E-03
   5.49313985E-03   1.04701996E-03
   4.26883018E-03   1.06516003E-03
   6.07251981E-03   1.07468001E-03
   2.41593996E-04   1.09450996E-03
   2.99720996E-04   1.09511998E-03
   5.48582000E-04   1.09347003E-03
   1.95824006E-03   9.01139982E-04
   8.89542978E-03   9.57129989E-04
   3.56219010E-03   1.04817003E-03
   2.49228999E-03   1.05650001E-03
   2.70669989E-04   1.15161005E-03
   1.67117003E-04   1.15257001E-03
   3.08077992E-03   1.10829005E-03
   5.34056977E-04   1.12643000E-03
   1.01900997E-03   1.13594998E-03
   1.99823007E-05   1.15578005E-03
   1.27153999E-05   1.15638995E-03
   2.92457989E-04   1.15473999E-03
   5.04451990E-03   1.01312005E-03
   2.33422010E-03   1.10415998E-03
   5.79300988E-03   1.11248996E-03
   1.26245001E-03   1.20760000E-03
   1.53141003E-03   1.20855996E-03
   5.04095014E-03   1.16427999E-03
   1.33154995E-03   1.18241995E-03
   1.34421000E-03   1.19194004E-03
   1.45321001E-05   1.21177000E-03
   3.08814015E-05   1.21238001E-03
   4.83198994E-04   1.21073006E-03
   1.05031999E-03   1.19520002E-03
   3.24669993E-03   1.20353000E-03
   1.18415999E-04   1.29864004E-03
   8.40338980E-05   1.29960000E-03
   5.12784999E-03   1.25532004E-03
   4.88910999E-04   1.27345999E-03
   2.31087004E-04   1.28297997E-03
   1.14587001E-05   1.30281004E-03
   1.52781995E-05   1.30342005E-03
   4.88910999E-04   1.30176998E-03
   2.08504009E-03   1.21185998E-03
   9.35788994E-05   1.30697002E-03
   1.70318002E-04   1.30792998E-03
   6.93596015E-03   1.26365002E-03
   2.90099997E-04   1.28178997E-03
   7.01855985E-04   1.29130995E-03
   1.68452007E-05   1.31114002E-03
   2.05883007E-05   1.31175003E-03
   6.60680991E-04   1.31009996E-03
   1.81654002E-06   1.40207994E-03
   7.26579992E-06   1.40304002E-03
   5.61287976E-04   1.35876006E-03
   3.26961999E-05   1.37690001E-03
   1.54403999E-04   1.38641999E-03
   5.26781005E-05   1.40521000E-03
   3.63291997E-06   1.40399998E-03
   6.93866983E-04   1.35972002E-03
   1.81654996E-05   1.37785997E-03
   1.85287994E-04   1.38737995E-03
   6.53941970E-05   1.40616996E-03
   4.34762012E-04   1.31544005E-03
   5.54571976E-04   1.33358000E-03
   8.05774995E-04   1.34309998E-03
   3.09169991E-05   1.36293005E-03
   3.86452011E-05   1.36353995E-03
   8.50232027E-05   1.36189000E-03
   3.98437987E-05   1.35171995E-03
   1.63360004E-04   1.36124005E-03
   1.99228998E-06   1.38107000E-03
   1.99228998E-06   1.38168002E-03
   5.37909982E-05   1.38002995E-03
   9.82151032E-05   1.37076003E-03
   2.08974006E-06   1.39058998E-03
   4.17928004E-06   1.39120000E-03
   8.35854007E-05   1.38955005E-03
       -1137       -1137
   1.93537995E-02   3.03100005E-05
   1.11667998E-02   1.21350000E-04
   1.66206993E-02   1.29680004E-04
   6.49045978E-04   2.24789997E-04
   9.67920991E-04   2.25750002E-04
   2.22215010E-03   1.81469994E-04
   2.46736989E-03   1.99610004E-04
   2.26348010E-03   2.09129998E-04
   4.83527001E-05   2.28959994E-04
   6.82715036E-05   2.29569996E-04
   2.17306995E-04   2.27919998E-04
   9.29877982E-02   8.39299973E-05
  0.227146998       9.52699993E-05
   3.49182002E-02   1.65370002E-04
   2.84618009E-02   2.26639997E-04
   3.48520018E-02   2.82630004E-04
   1.94994994E-02   3.73669987E-04
   2.89223995E-02   3.81999998E-04
   5.74964972E-04   4.77110007E-04
   1.08516996E-03   4.78069996E-04
   6.84429985E-03   4.33790003E-04
   4.49179998E-03   4.51930013E-04
   5.28849009E-03   4.61449992E-04
   1.16875002E-04   4.81280003E-04
   1.52969005E-04   4.81889991E-04
   6.92373025E-04   4.80240007E-04
   4.21704017E-02   1.26970001E-04
   1.07417004E-02   1.38310003E-04
   5.46891987E-03   2.08409998E-04
   2.35533006E-02   2.69679993E-04
   4.73459018E-03   3.25670000E-04
   2.19216989E-03   4.16710012E-04
   2.47079995E-03   4.25039994E-04
   2.05051998E-04   5.20150003E-04
   1.15105002E-04   5.21110022E-04
   8.16120009E-04   4.76829999E-04
   2.59882002E-03   4.94970009E-04
   5.52824000E-04   5.04489988E-04
   1.14836002E-05   5.24319999E-04
   1.27138001E-05   5.24930016E-04
   8.02491995E-05   5.23280003E-04
   2.10501999E-03   4.60020005E-04
   1.13030998E-02   4.71359992E-04
   5.11521008E-03   5.41460002E-04
   2.01405007E-02   6.02730026E-04
   2.62912991E-03   6.58719975E-04
   6.07221993E-03   7.49760016E-04
   4.61184001E-03   7.58089998E-04
   2.00126000E-04   8.53199977E-04
   1.26996005E-04   8.54159996E-04
   1.01616001E-03   8.09879974E-04
   2.26249010E-03   8.28019984E-04
   3.51318013E-04   8.37540021E-04
   2.96642993E-05   8.57369974E-04
   2.47422995E-05   8.57979991E-04
   1.03617997E-04   8.56329978E-04
   5.70452015E-04   4.82700008E-04
   2.82318005E-03   5.52800018E-04
   3.08915991E-02   6.14069984E-04
   1.71288999E-03   6.70059992E-04
   1.26711996E-02   7.61099975E-04
   1.21828006E-03   7.69430015E-04
   4.72981010E-05   8.64539994E-04
   2.56999992E-05   8.65500013E-04
   4.15571005E-04   8.21219990E-04
   3.33342003E-03   8.39360000E-04
   2.16803994E-04   8.48879979E-04
   6.12402000E-05   8.68709991E-04
   6.15166982E-06   8.69320007E-04
   4.04640996E-05   8.67669994E-04
   1.71261001E-03   6.22900028E-04
   2.23753992E-02   6.84169994E-04
   4.28903988E-03   7.40160001E-04
   5.60685014E-03   8.31199985E-04
   3.94434994E-03   8.39530025E-04
   1.27538005E-04   9.34640004E-04
   2.62663991E-04   9.35600023E-04
   5.14674990E-04   8.91320000E-04
   2.37750006E-03   9.09460010E-04
   5.89078001E-04   9.18979989E-04
   2.73280002E-05   9.38810001E-04
   1.97363006E-05   9.39420017E-04
   5.01014001E-05   9.37770004E-04
   1.61832999E-02   7.45440018E-04
   4.23792005E-02   8.01430026E-04
   3.39682996E-02   8.92470009E-04
   5.66882007E-02   9.00799991E-04
   4.48326021E-03   9.95910028E-04
   6.06686017E-03   9.96869989E-04
   4.78990003E-03   9.52590024E-04
   4.52199019E-03   9.70729976E-04
   6.51990995E-03   9.80249955E-04
   2.09794001E-04   1.00008002E-03
   3.11481999E-04   1.00069004E-03
   4.88994003E-04   9.99039970E-04
   1.35886995E-03   8.57419975E-04
   5.82347997E-03   9.48460016E-04
   2.64360989E-03   9.56789998E-04
   1.48405001E-04   1.05189998E-03
   2.13348001E-04   1.05286005E-03
   6.02915010E-04   1.00857997E-03
   4.41217003E-03   1.02672004E-03
   3.50933988E-04   1.03624002E-03
   2.78272000E-05   1.05606997E-03
   1.39137001E-05   1.05667999E-03
   5.87461000E-05   1.05503004E-03
   1.59703998E-03   1.03950000E-03
   2.43354007E-03   1.04782998E-03
   5.01487986E-04   1.14294002E-03
   8.32083984E-04   1.14389998E-03
   7.38434028E-04   1.09962001E-03
   2.58680992E-03   1.11775997E-03
   6.22730993E-04   1.12727995E-03
   1.76348003E-05   1.14711002E-03
   1.32259001E-05   1.14772003E-03
   7.38434028E-05   1.14606996E-03
   3.86331987E-04   1.05615996E-03
   1.38347998E-04   1.15127000E-03
   7.07098006E-05   1.15222996E-03
   3.36133002E-04   1.10795000E-03
   3.96692008E-03   1.12608995E-03
   2.18286004E-04   1.13561004E-03
   1.02480999E-05   1.15544000E-03
   4.09909990E-06   1.15605001E-03
   3.17683989E-05   1.15439994E-03
   1.02481999E-06   1.24638004E-03
   5.12387987E-06   1.24734000E-03
   1.53720994E-05   1.20306003E-03
   3.01291002E-04   1.22119999E-03
   1.22975998E-05   1.23071996E-03
   2.04958997E-06   1.25055003E-03
   1.02481999E-06   1.25116005E-03
   2.04958997E-06   1.24950998E-03
   1.02483000E-06   1.24829996E-03
   2.45961000E-05   1.20401999E-03
   4.08899999E-04   1.22215995E-03
   1.63971999E-05   1.23168004E-03
   4.09916993E-06   1.25151000E-03
   2.04960998E-06   1.25047006E-03
   2.37749991E-05   1.15974003E-03
   2.89866992E-04   1.17787998E-03
   4.84650991E-05   1.18739996E-03
   2.74321997E-06   1.20723003E-03
   1.82880001E-06   1.20784005E-03
   4.57192982E-06   1.20618998E-03
   1.91227999E-04   1.19602005E-03
   4.58713999E-04   1.20554003E-03
   1.46295997E-05   1.22536998E-03
   2.19438007E-05   1.22598000E-03
   3.34385004E-05   1.22433004E-03
   1.34919001E-05   1.21506001E-03
   2.89103991E-06   1.23488996E-03
   9.63695015E-07   1.23549998E-03
   4.81829011E-06   1.23385002E-03
       -1137       -1137
   1.58913992E-02   0.00000000    
   4.52132002E-02   4.89300000E-05
   1.59083009E-02   1.39969998E-04
   2.44312994E-02   1.48299994E-04
   7.20005017E-04   2.43410002E-04
   6.16930018E-04   2.44369992E-04
   3.50794010E-03   2.00089999E-04
   2.50928011E-03   2.18229994E-04
   5.63408993E-03   2.27750003E-04
   8.77690036E-05   2.47579999E-04
   1.17623997E-04   2.48189986E-04
   3.52853996E-04   2.46540003E-04
  0.124958001       3.59799997E-05
  0.139055997       9.19700033E-05
  0.121692002       1.83009994E-04
  0.146497995       1.91340005E-04
   2.42318003E-03   2.86449998E-04
   3.22893006E-03   2.87409988E-04
   2.27617007E-02   2.43129994E-04
   2.01201998E-02   2.61270005E-04
   1.96339004E-02   2.70790013E-04
   6.68424007E-04   2.90619995E-04
   7.46664009E-04   2.91230011E-04
   2.28630006E-03   2.89579999E-04
   9.23128973E-04   2.26320000E-04
   4.78975987E-03   2.37660002E-04
   9.11779981E-03   3.07759998E-04
   4.85348003E-03   3.69029993E-04
   5.46161011E-02   4.25020000E-04
   2.11037998E-03   5.16059983E-04
   7.90886022E-03   5.24390023E-04
   1.83823999E-04   6.19500002E-04
   1.71760999E-04   6.20460021E-04
   1.12856005E-03   5.76179998E-04
   6.86170999E-04   5.94320009E-04
   5.62789012E-03   6.03839988E-04
   1.14892000E-05   6.23669999E-04
   3.36045996E-05   6.24280015E-04
   1.07706997E-04   6.22630003E-04
   3.88528989E-03   2.49000004E-04
   2.10280996E-02   3.19100014E-04
   1.71282999E-02   3.80370009E-04
   6.58674985E-02   4.36359987E-04
   1.61342998E-03   5.27400000E-04
   1.11558996E-02   5.35729981E-04
   6.82118989E-04   6.30840019E-04
   8.82059976E-04   6.31799980E-04
   3.16536007E-03   5.87520015E-04
   2.53428007E-03   6.05660025E-04
   6.86726999E-03   6.15180004E-04
   9.96769995E-06   6.35010016E-04
   4.92725012E-05   6.35619974E-04
   3.11868993E-04   6.33970019E-04
   2.00821996E-05   3.89199995E-04
   2.38120003E-04   4.50469990E-04
   4.93881013E-03   5.06460026E-04
   4.56162001E-04   5.97500009E-04
   7.75753986E-04   6.05829991E-04
   5.70912016E-05   7.00940029E-04
   5.45092007E-05   7.01899990E-04
   1.11884001E-05   6.57620025E-04
   2.52463997E-05   6.75759977E-04
   4.88578982E-04   6.85280014E-04
   2.29509010E-06   7.05110026E-04
   3.15591001E-06   7.05719984E-04
   1.14759996E-06   7.04069971E-04
   5.61561016E-03   5.67729992E-04
   2.50738987E-04   6.58769975E-04
   7.05469982E-04   6.67100016E-04
   4.50418993E-05   7.62209995E-04
   9.46736982E-05   7.63170014E-04
   4.27466002E-05   7.18889991E-04
   3.72956993E-06   7.37030001E-04
   5.71213022E-04   7.46549980E-04
   1.14759996E-06   7.66379992E-04
   2.86895011E-06   7.66990008E-04
   4.30332011E-06   7.65339995E-04
   7.12017016E-03   6.23720000E-04
   8.39044992E-03   7.14759983E-04
   1.11924000E-02   7.23090023E-04
   1.03191996E-03   8.18200002E-04
   1.23130996E-03   8.19160021E-04
   9.99812968E-04   7.74879998E-04
   9.23214015E-04   7.93020008E-04
   1.82260002E-03   8.02539987E-04
   5.10673017E-05   8.22369999E-04
   6.11077994E-05   8.22980015E-04
   1.02129998E-04   8.21330003E-04
   1.69749997E-04   8.05800024E-04
   1.01646001E-03   8.14130006E-04
   2.38350003E-05   9.09239985E-04
   4.18560994E-05   9.10200004E-04
   6.51102964E-05   8.65919981E-04
   4.12752015E-05   8.84059991E-04
   8.74333025E-04   8.93580029E-04
   1.74400998E-06   9.13409982E-04
   4.65072981E-06   9.14019998E-04
   6.39475002E-06   9.12369986E-04
   9.38088982E-04   8.22459988E-04
   7.60006005E-05   9.17570025E-04
   1.04322004E-04   9.18529986E-04
   1.45837999E-04   8.74250021E-04
   1.14984003E-04   8.92389973E-04
   1.14120997E-03   9.01910011E-04
   5.32841977E-06   9.21740022E-04
   8.97417976E-06   9.22349980E-04
   1.48640001E-05   9.20700026E-04
   2.86882994E-07   1.01268000E-03
   2.29500006E-06   1.01363997E-03
   7.17197008E-06   9.69360000E-04
   2.86883005E-06   9.87499952E-04
   1.02696999E-04   9.97020048E-04
   2.86882994E-07   1.01746002E-03
   5.73755983E-07   1.01580995E-03
   8.60682974E-07   1.01460004E-03
   7.17233979E-06   9.70320019E-04
   6.02472983E-06   9.88460029E-04
   1.21928999E-04   9.97980009E-04
   2.86898000E-07   1.01780996E-03
   5.73785996E-07   1.01841998E-03
   5.73785996E-07   1.01677002E-03
   3.53135010E-06   9.44180007E-04
   1.01525999E-04   9.53699986E-04
   2.94281989E-07   9.73529997E-04
   5.88553974E-07   9.74140014E-04
   9.98454998E-05   9.71839996E-04
   3.06279986E-07   9.91669949E-04
   6.12550025E-07   9.92279965E-04
   3.06279986E-07   9.90630011E-04
   1.14688999E-04   9.81359975E-04
   5.36221978E-06   1.00119004E-03
   6.55387021E-06   1.00179994E-03
   1.04258997E-05   1.00014999E-03
       -1137       -1137
   1.31440000E-03   3.41300001E-05
   1.52191997E-03   3.50900009E-05
   1.20923005E-03   8.94999994E-06
   2.74906005E-03   1.84700002E-05
   4.37520997E-04   3.83000006E-05
   8.01482020E-05   3.89099987E-05
   2.15029999E-04   3.72600007E-05
   2.72205006E-02   0.00000000    
  0.118510999       5.54399994E-05
  0.105924003       1.16709998E-04
  0.127076000       1.72700005E-04
  0.128377005       2.63739988E-04
  0.134810999       2.72069999E-04
   1.91124994E-03   3.67180008E-04
   1.37823005E-03   3.68139998E-04
   2.35993005E-02   3.23860004E-04
   1.73665006E-02   3.42000014E-04
   1.88694000E-02   3.51519993E-04
   6.62207021E-04   3.71350005E-04
   6.97228010E-04   3.71959992E-04
   2.41535995E-03   3.70310008E-04
   2.16173008E-03   0.00000000    
   8.98147002E-03   6.67799977E-05
   1.77461002E-02   1.28050000E-04
   8.21102969E-03   1.84039993E-04
  0.137227997       2.75080005E-04
   5.81427012E-03   2.83409987E-04
   8.09326011E-04   3.78519995E-04
   1.72978005E-04   3.79480014E-04
   1.27272005E-03   3.35199991E-04
   1.82322995E-03   3.53340001E-04
   9.44202999E-04   3.62860010E-04
   6.31525007E-04   3.82689992E-04
   2.84661000E-05   3.83300008E-04
   1.25250997E-04   3.81649996E-04
   8.74612015E-04   1.36880000E-04
   2.13597994E-03   1.98149995E-04
   1.64499006E-03   2.54140003E-04
   1.23023996E-02   3.45179986E-04
   2.14728992E-03   3.53509997E-04
   4.83946002E-04   4.48620005E-04
   3.94609990E-04   4.49579995E-04
   2.02322000E-04   4.05300001E-04
   2.35622007E-04   4.23440011E-04
   1.94897002E-04   4.32959991E-04
   5.43073984E-05   4.52790002E-04
   8.32125988E-06   4.53399989E-04
   1.97087993E-05   4.51750006E-04
   4.47152997E-04   2.59419990E-04
   2.14723009E-03   3.15409998E-04
   8.48133024E-03   4.06450010E-04
   9.88894026E-04   4.14779992E-04
   7.88308971E-05   5.09889971E-04
   6.56932971E-05   5.10849990E-04
   1.51526998E-04   4.66569996E-04
   1.01168000E-04   4.84710006E-04
   1.84806006E-04   4.94230015E-04
   3.81011014E-05   5.14060026E-04
   5.25549012E-06   5.14669984E-04
   1.40140000E-05   5.13019972E-04
   7.49066996E-04   3.71400005E-04
   1.68558005E-02   4.62439988E-04
   1.43855996E-03   4.70769999E-04
   2.05267002E-04   5.65879978E-04
   1.12421003E-04   5.66839997E-04
   7.70772967E-05   5.22559974E-04
   1.62662996E-04   5.40699984E-04
   1.36267001E-04   5.50220022E-04
   7.66520971E-05   5.70049975E-04
   6.38777010E-06   5.70659991E-04
   6.81352003E-06   5.69009979E-04
   1.08976997E-02   5.53480000E-04
   2.12751999E-02   5.61809982E-04
   1.76069001E-03   6.56920020E-04
   2.40958994E-03   6.57879980E-04
   1.90168002E-03   6.13600016E-04
   1.42207998E-03   6.31740026E-04
   2.54598004E-03   6.41260005E-04
   1.16051997E-04   6.61090016E-04
   1.15182003E-04   6.61699974E-04
   1.91829007E-04   6.60050020E-04
   3.26042995E-04   5.70140022E-04
   1.93304993E-04   6.65250001E-04
   6.24926033E-05   6.66210020E-04
   6.71508969E-05   6.21929998E-04
   7.29718013E-05   6.40070008E-04
   1.29641005E-04   6.49589987E-04
   8.61700973E-05   6.69419998E-04
   3.10522000E-06   6.70030015E-04
   6.21040999E-06   6.68380002E-04
   2.18981995E-06   7.60359981E-04
   1.27005997E-05   7.61320000E-04
   3.02192002E-05   7.17039977E-04
   1.22623997E-05   7.35179987E-04
   2.49639997E-05   7.44700024E-04
   7.88332000E-06   7.64529977E-04
   8.75915021E-07   7.65139994E-04
   2.62769004E-06   7.63489981E-04
   8.75912008E-07   7.62280019E-04
   1.79556991E-05   7.17999996E-04
   8.75911974E-06   7.36140006E-04
   1.13878004E-05   7.45659985E-04
   1.09495004E-05   7.65489996E-04
   4.37968993E-07   7.66100013E-04
   1.31389004E-06   7.64450000E-04
   4.56889984E-06   6.73719973E-04
   9.13834992E-06   6.91859983E-04
   7.02889020E-06   7.01380020E-04
   6.67752010E-06   7.21209974E-04
   3.51454986E-07   7.21819990E-04
   7.02888997E-07   7.20169977E-04
   1.27995997E-06   7.09999993E-04
   1.02398999E-05   7.19519972E-04
   4.48007995E-06   7.39349984E-04
   3.20011992E-07   7.39960000E-04
   6.40004998E-07   7.38309987E-04
   2.58081991E-06   7.29040010E-04
   4.79330993E-06   7.48870021E-04
   3.68684994E-07   7.49479979E-04
   3.68684994E-07   7.47830025E-04
       -1137       -1137
   1.19883996E-02   1.23999998E-05
   8.35601985E-03   7.36700022E-05
   1.55557999E-02   1.29659995E-04
   7.45515991E-03   2.20700007E-04
  0.106098004       2.29030004E-04
   2.87380011E-04   3.24140012E-04
   4.28575004E-04   3.25100002E-04
   2.06598989E-03   2.80820008E-04
   1.33402995E-03   2.98959989E-04
   1.91332004E-03   3.08479997E-04
   4.17014999E-05   3.28310009E-04
   4.48394014E-04   3.28919996E-04
   2.06440003E-04   3.27270012E-04
  0.116126999       2.37400000E-05
  0.123392999       8.50099968E-05
  0.112608001       1.40999997E-04
  0.111703999       2.32039994E-04
  0.201350003       2.40370005E-04
   1.20479998E-03   3.35479999E-04
   2.50979001E-03   3.36439989E-04
   2.29122005E-02   2.92159995E-04
   1.96260996E-02   3.10300005E-04
   1.69632994E-02   3.19820014E-04
   6.25102024E-04   3.39649996E-04
   9.46322980E-04   3.40260012E-04
   2.32819002E-03   3.38610000E-04
   1.60286995E-03   9.38399971E-05
   2.28080992E-03   1.55109999E-04
   3.50043993E-03   2.11100007E-04
   3.11228004E-03   3.02139990E-04
   1.50984004E-02   3.10470001E-04
   4.62625991E-04   4.05580009E-04
   7.24763027E-04   4.06539999E-04
   3.59214988E-04   3.62260005E-04
   2.59440014E-04   3.80399986E-04
   4.09998000E-04   3.89919995E-04
   1.26996001E-05   4.09750006E-04
   5.94154008E-05   4.10359993E-04
   3.49225011E-05   4.08710010E-04
   3.01629014E-04   2.16379995E-04
   3.88100999E-03   2.72370002E-04
   5.62052999E-04   3.63410014E-04
   1.28723998E-02   3.71739996E-04
   7.51824991E-05   4.66850004E-04
   1.68465995E-04   4.67809994E-04
   1.54893001E-04   4.23530000E-04
   6.83885009E-05   4.41670010E-04
   3.44653003E-04   4.51189990E-04
   2.26449993E-06   4.71020001E-04
   5.34434985E-05   4.71629988E-04
   1.44925998E-05   4.69980005E-04
   1.19094003E-03   3.28360009E-04
   2.09003990E-03   4.19399992E-04
   1.59622002E-02   4.27730003E-04
   1.44813996E-04   5.22840011E-04
   1.99058995E-04   5.23799972E-04
   1.13622998E-04   4.79520008E-04
   1.73865003E-04   4.97660018E-04
   2.19997004E-04   5.07179997E-04
   1.06794996E-05   5.27010008E-04
   6.53562020E-05   5.27620025E-04
   9.39764959E-06   5.25970012E-04
   1.38949006E-04   5.10439975E-04
   1.52845001E-02   5.18770015E-04
   4.70168015E-05   6.13879994E-04
   1.77565002E-04   6.14840013E-04
   7.51421030E-05   5.70559991E-04
   4.91167993E-05   5.88700001E-04
   2.13673993E-04   5.98219980E-04
   1.25942995E-06   6.18049991E-04
   6.29682982E-05   6.18660008E-04
   6.71664020E-06   6.17009995E-04
   1.71876997E-02   5.27099997E-04
   1.96705991E-03   6.22209976E-04
   2.33824993E-03   6.23169995E-04
   1.92553003E-03   5.78889973E-04
   1.79720996E-03   5.97029983E-04
   2.37946003E-03   6.06550020E-04
   9.25986024E-05   6.26379973E-04
   1.63952005E-04   6.26989990E-04
   1.94117994E-04   6.25339977E-04
   4.12882997E-07   7.17320014E-04
   9.90907029E-06   7.18279975E-04
   1.89926996E-05   6.74000010E-04
   7.01888985E-06   6.92140020E-04
   1.27983003E-05   7.01659999E-04
   4.12882997E-07   7.21490011E-04
   7.84457006E-06   7.22100027E-04
   1.65147003E-06   7.20450014E-04
   4.95453014E-06   7.19239993E-04
   3.55074990E-05   6.74960029E-04
   1.44512996E-05   6.93099981E-04
   2.18822006E-05   7.02620018E-04
   8.25748998E-07   7.22449971E-04
   9.08337006E-06   7.23059988E-04
   2.89005993E-06   7.21409975E-04
   9.09243045E-06   6.30680006E-04
   1.21229996E-05   6.48820016E-04
   1.28808997E-05   6.58339995E-04
   3.78855987E-07   6.78170007E-04
   6.81930987E-06   6.78780023E-04
   1.51536995E-06   6.77130010E-04
   1.86674004E-06   6.66960026E-04
   1.45607000E-05   6.76480005E-04
   6.72032002E-06   6.96919975E-04
   1.12010002E-06   6.95270021E-04
   6.89894978E-06   6.85999985E-04
   7.96060988E-07   7.05829996E-04
   6.10286997E-06   7.06440012E-04
   7.96060988E-07   7.04790000E-04
       -1137       -1137
   5.55785000E-02   2.43000000E-06
   2.74840998E-03   3.39000007E-06
   1.62954995E-04   6.59999978E-06
   1.68430997E-04   7.21000015E-06
   2.30047997E-04   5.55999986E-06
   4.13042009E-02   7.25299979E-05
   5.31014008E-03   7.34900023E-05
   3.93261015E-03   2.92099994E-05
   3.57339997E-03   4.73500004E-05
   7.48600997E-03   5.68700016E-05
   9.98164978E-05   7.67000020E-05
   1.69687002E-04   7.73099964E-05
   2.79480009E-04   7.56599984E-05
   3.96107994E-02   3.03600009E-05
   6.32366017E-02   3.86899992E-05
   4.58340012E-02   1.33800000E-04
   1.09901996E-02   1.34760005E-04
   2.31592003E-02   9.04800036E-05
   1.26911001E-02   1.08619999E-04
   2.18936000E-02   1.18140000E-04
   1.06847996E-03   1.37969997E-04
   1.23202999E-03   1.38579999E-04
   2.23514996E-03   1.36930001E-04
  0.121913999       8.63500027E-05
   9.59137008E-02   9.46799992E-05
   6.46831021E-02   1.89789993E-04
   3.81273008E-03   1.90749997E-04
   9.51240957E-03   1.46470004E-04
   6.89740991E-03   1.64609999E-04
   4.82117012E-03   1.74129993E-04
   5.39008994E-04   1.93960004E-04
   3.89277004E-04   1.94570006E-04
   7.78538000E-04   1.92919993E-04
   3.17418985E-02   1.77390000E-04
   5.36101013E-02   1.85719997E-04
   5.97994998E-02   2.80829991E-04
   1.19679999E-02   2.81790009E-04
   3.69319995E-03   2.37510001E-04
   1.59101002E-02   2.55649997E-04
   1.09697999E-02   2.65170005E-04
   2.39557005E-04   2.84999987E-04
   2.39557005E-04   2.85610004E-04
   3.89276014E-04   2.83959991E-04
   1.04007004E-02   1.94049993E-04
   8.32045004E-02   2.89160002E-04
   2.78473995E-03   2.90119991E-04
   2.45540007E-03   2.45839998E-04
   1.22071998E-02   2.63980008E-04
   5.87895978E-03   2.73499987E-04
   1.59706004E-04   2.93329998E-04
   8.98330982E-05   2.93939986E-04
   2.39551999E-04   2.92290002E-04
   1.79669005E-03   3.84270010E-04
   1.08899996E-02   3.85230000E-04
   7.45618995E-03   3.40950006E-04
   6.42840005E-03   3.59089987E-04
   9.35265981E-03   3.68609995E-04
   3.19412007E-04   3.88440007E-04
   4.29223001E-04   3.89049994E-04
   7.48621009E-04   3.87400010E-04
   5.98871993E-05   3.86189990E-04
   2.19587993E-04   3.41909996E-04
   6.88707980E-04   3.60050006E-04
   2.99434992E-04   3.69570014E-04
   2.99434996E-05   3.89399996E-04
   9.98165979E-06   3.90010013E-04
   1.99632996E-05   3.88360000E-04
   7.98567999E-05   2.97630002E-04
   8.78392020E-04   3.15770012E-04
   6.48831017E-04   3.25289991E-04
   9.98214000E-06   3.45120003E-04
   9.98214000E-06   3.45729990E-04
   1.99643000E-05   3.44080006E-04
   3.19420011E-04   3.33909993E-04
   5.49010991E-04   3.43430002E-04
   5.98902989E-05   3.63260013E-04
   3.99271994E-05   3.63870000E-04
   7.98570036E-05   3.62219987E-04
   1.19782002E-04   3.52950010E-04
   3.99263990E-05   3.72779992E-04
   1.99638998E-05   3.73390008E-04
   5.98890001E-05   3.71739996E-04
       -1137       -1137
   3.20411008E-03   6.11900032E-05
   3.97906005E-02   6.21500003E-05
   4.26245993E-03   1.78699993E-05
   3.55685991E-03   3.60099984E-05
   5.36934985E-03   4.55299996E-05
   1.66571001E-04   6.53600000E-05
   1.66571001E-04   6.59700017E-05
   3.33142991E-04   6.43199965E-05
   8.44893977E-03   1.90200008E-05
   1.62115991E-02   2.73500009E-05
   4.92853986E-04   1.22459998E-04
   3.41229998E-02   1.23420003E-04
   3.83734005E-03   7.91400016E-05
   9.41704027E-04   9.72799971E-05
   2.32349010E-03   1.06799998E-04
   1.32012006E-04   1.26629995E-04
   1.40824006E-04   1.27239997E-04
   4.04857012E-04   1.25589999E-04
  0.140397996       7.50100007E-05
  0.324452013       8.33399972E-05
   9.65488981E-03   1.78450005E-04
   6.34369999E-02   1.79409995E-04
   1.62732992E-02   1.35130002E-04
   5.77350985E-03   1.53269997E-04
   1.65733993E-02   1.62790006E-04
   7.21702992E-04   1.82620002E-04
   1.37297995E-03   1.83230004E-04
   1.46974996E-03   1.81580006E-04
   4.31312993E-03   1.66049998E-04
   4.36662994E-02   1.74379995E-04
   1.57087005E-03   2.69490003E-04
   5.25570996E-02   2.70449993E-04
   1.81051996E-03   2.26169999E-04
   1.81933003E-03   2.44310009E-04
   8.94598011E-03   2.53829989E-04
   3.54998992E-05   2.73660000E-04
   1.33120993E-04   2.74269987E-04
   1.77495007E-04   2.72620004E-04
   3.30661982E-02   1.82710006E-04
   9.22358036E-03   2.77820014E-04
   7.43957013E-02   2.78780004E-04
   3.69629008E-03   2.34499996E-04
   4.19832999E-03   2.52639991E-04
   1.90542005E-02   2.62160000E-04
   2.28824007E-04   2.81990011E-04
   2.37625994E-04   2.82599998E-04
   3.78461002E-04   2.80949986E-04
   1.76015001E-05   3.72929993E-04
   7.62152998E-03   3.73890012E-04
   1.76015004E-04   3.29609989E-04
   4.40037984E-05   3.47749999E-04
   7.04100006E-04   3.57270008E-04
   8.80116022E-06   3.77099990E-04
   1.76015001E-05   3.77710006E-04
   1.76015001E-05   3.76059994E-04
   3.73149989E-03   3.74850002E-04
   6.53016986E-03   3.30570008E-04
   5.46539994E-03   3.48709989E-04
   8.55467003E-03   3.58229998E-04
   2.99231004E-04   3.78060009E-04
   3.60820006E-04   3.78669996E-04
   6.60070975E-04   3.77020013E-04
   6.16090983E-05   2.86289986E-04
   3.34449986E-04   3.04429996E-04
   8.62528977E-04   3.13950004E-04
   8.80156040E-06   3.33779986E-04
   8.80156040E-06   3.34390003E-04
   8.80156040E-06   3.32739990E-04
   3.52046009E-05   3.22570006E-04
   2.64036004E-04   3.32090014E-04
   8.80130028E-06   3.51919996E-04
   8.80130028E-06   3.52530013E-04
   3.52046009E-05   3.50880000E-04
   3.60817998E-04   3.41609993E-04
   3.52034986E-05   3.61440005E-04
   6.16054967E-05   3.62049992E-04
   7.92096980E-05   3.60400009E-04
       -1137       -1137
   2.45805997E-02   5.23599992E-05
   4.06326018E-02   5.33200000E-05
   2.69421991E-02   9.03999990E-06
   1.78105999E-02   2.71800000E-05
   3.40466015E-02   3.66999993E-05
   7.64801982E-04   5.65299997E-05
   1.58535002E-03   5.71400014E-05
   2.62901001E-03   5.54899998E-05
  0.241760999       4.90999992E-06
  0.227495998       1.32400000E-05
   4.89870012E-02   1.08350003E-04
   4.73233983E-02   1.09310000E-04
   2.41720993E-02   6.50299990E-05
   2.40580998E-02   8.31700017E-05
   2.24197991E-02   9.26900029E-05
   1.21540995E-03   1.12520000E-04
   1.13481004E-03   1.13130001E-04
   2.42911000E-03   1.11480003E-04
   1.80464005E-03   9.59500030E-05
  0.127531007       1.04280000E-04
   1.29877997E-03   1.99389993E-04
   4.36836993E-03   2.00349998E-04
   7.09385984E-03   1.56070004E-04
   1.32684002E-03   1.74209999E-04
   6.03361987E-03   1.83729993E-04
   3.16736005E-05   2.03560005E-04
   2.88842013E-04   2.04170006E-04
   5.73657977E-04   2.02519994E-04
   2.83358004E-02   1.12610003E-04
   4.38690977E-03   2.07720004E-04
   3.02146003E-03   2.08679994E-04
   8.83217994E-03   1.64400000E-04
   3.94533994E-03   1.82539996E-04
   3.49850999E-03   1.92060004E-04
   2.57617998E-04   2.11890001E-04
   1.42763995E-04   2.12500003E-04
   7.12043024E-04   2.10850005E-04
   1.70720000E-06   3.02830013E-04
   1.70599000E-04   3.03790002E-04
   8.88725976E-04   2.59510009E-04
   7.28012019E-05   2.77649990E-04
   3.00351996E-04   2.87169998E-04
   3.29254999E-06   3.07000009E-04
   1.03655002E-05   3.07609997E-04
   6.48740024E-05   3.05960013E-04
   1.62188007E-05   3.04749992E-04
   1.11160998E-03   2.60469998E-04
   1.96093999E-04   2.78610009E-04
   1.79256996E-04   2.88129988E-04
   8.65834045E-06   3.07959999E-04
   7.56074996E-06   3.08569986E-04
   8.12146027E-05   3.06920003E-04
   6.02444983E-04   2.16190005E-04
   7.13168003E-04   2.34330000E-04
   1.05783006E-03   2.43849994E-04
   3.70271991E-05   2.63680005E-04
   4.69316983E-05   2.64289993E-04
   1.05423002E-04   2.62640009E-04
   6.64597028E-05   2.52469996E-04
   3.91434995E-04   2.61990004E-04
   4.02410978E-06   2.81819986E-04
   1.12189000E-05   2.82430003E-04
   5.32880986E-05   2.80779990E-04
   1.84999997E-04   2.71510013E-04
   1.81700998E-05   2.91339995E-04
   1.25610004E-05   2.91950011E-04
   8.35321989E-05   2.90299999E-04
       -1137       -1137
   1.05117001E-02   4.70800005E-05
   6.64365990E-03   4.80400013E-05
   1.83840003E-02   3.76000003E-06
   1.05376001E-02   2.18999994E-05
   8.69437028E-03   3.14200006E-05
   4.85013996E-04   5.12500010E-05
   5.55547012E-04   5.18599991E-05
   1.26379996E-03   5.02100011E-05
  0.116351999       3.46800007E-05
  0.493582010       4.30100008E-05
   3.49561013E-02   1.38119998E-04
   7.77276009E-02   1.39080003E-04
   4.33803983E-02   9.48000015E-05
   2.90687997E-02   1.12939997E-04
   4.66746986E-02   1.22459998E-04
   1.05972996E-03   1.42289995E-04
   2.22892012E-03   1.42899997E-04
   4.41564992E-03   1.41249999E-04
   2.00392008E-02   5.13400009E-05
   1.92475002E-02   1.46449995E-04
   4.54004016E-03   1.47409999E-04
   4.13723011E-03   1.03129998E-04
   2.27837991E-02   1.21270001E-04
   5.12247998E-03   1.30789995E-04
   5.53791004E-04   1.50620006E-04
   1.53405999E-04   1.51229993E-04
   3.47229012E-04   1.49579995E-04
   7.11008033E-05   2.41560003E-04
   1.59452995E-03   2.42519993E-04
   9.10765026E-04   1.98239999E-04
   1.91799004E-03   2.16379995E-04
   1.08232000E-03   2.25900003E-04
   2.11608003E-05   2.45730014E-04
   5.27607008E-05   2.46340001E-04
   9.56474032E-05   2.44689989E-04
   4.20401993E-05   2.43479997E-04
   3.23053013E-04   1.99200003E-04
   3.06637003E-03   2.17339999E-04
   3.30674986E-04   2.26859993E-04
   3.86551983E-05   2.46690004E-04
   8.46442981E-06   2.47299991E-04
   2.65218005E-05   2.45650008E-04
   1.05849998E-04   1.54919995E-04
   2.13811011E-03   1.73060005E-04
   3.59199999E-04   1.82579999E-04
   4.94533015E-05   2.02409996E-04
   1.56178994E-05   2.03019998E-04
   1.73527005E-05   2.01370000E-04
   1.12154998E-03   1.91200001E-04
   2.55593006E-03   2.00719995E-04
   7.59148024E-05   2.20550006E-04
   1.14895003E-04   2.21159993E-04
   1.99782997E-04   2.19509995E-04
   1.01393001E-04   2.10240003E-04
   4.28396997E-05   2.30070000E-04
   7.96500990E-06   2.30680002E-04
   2.04516000E-05   2.29030004E-04
       -1137       -1137
   1.74596999E-02   8.21299982E-05
   6.43804967E-02   8.30900026E-05
   2.12225001E-02   3.88100016E-05
   1.51377004E-02   5.69500007E-05
   4.31868993E-02   6.64699983E-05
   5.17431996E-04   8.63000023E-05
   1.55658997E-03   8.69099968E-05
   1.75801001E-03   8.52599987E-05
  0.135811001       0.00000000    
  0.193075001       9.04600020E-05
  0.171488002       9.14199991E-05
   9.24452022E-02   4.71400017E-05
   9.38394964E-02   6.52800009E-05
  0.103588000       7.48000020E-05
   4.50110994E-03   9.46299988E-05
   4.18274011E-03   9.52400005E-05
   9.49663017E-03   9.35900025E-05
   2.93609992E-05   1.85569996E-04
   2.47952994E-03   1.86530000E-04
   1.68255996E-03   1.42250006E-04
   4.52451000E-04   1.60390002E-04
   4.18925006E-03   1.69909996E-04
   1.16685997E-05   1.89740007E-04
   1.02762999E-04   1.90349994E-04
   7.67895035E-05   1.88699996E-04
   4.73193999E-04   1.87490004E-04
   3.17220995E-03   1.43209996E-04
   2.32340000E-03   1.61350006E-04
   5.03076985E-03   1.70870000E-04
   9.86294035E-05   1.90699997E-04
   9.59932004E-05   1.91309999E-04
   1.98762005E-04   1.89660001E-04
   2.28146993E-04   9.89300024E-05
   3.88474989E-04   1.17069998E-04
   1.76782999E-03   1.26590006E-04
   2.79465003E-05   1.46420003E-04
   4.44565994E-05   1.47030005E-04
   3.69351001E-05   1.45380007E-04
   1.61806000E-07   1.35209993E-04
   1.52078003E-03   1.44730002E-04
   7.92812989E-06   1.64559999E-04
   2.86398008E-05   1.65170000E-04
   1.95784996E-05   1.63520002E-04
   1.54883997E-03   1.54249996E-04
   6.77666030E-05   1.74080007E-04
   8.46308976E-05   1.74689994E-04
   1.55057001E-04   1.73039996E-04
       -1137       -1137
          -1          -1
