   3.78082995E-03   7.61059970E-02
   7.09825009E-03   7.68570006E-02
   2.50982004E-03   8.11569989E-02
   1.57740002E-03   9.33258981E-02
   1.56194996E-03   9.36795026E-02
   6.26344001E-04   9.46780965E-02
   5.49625001E-05   9.52501968E-02
   3.35246004E-05   9.54511017E-02
   4.21380013E-04   9.76943001E-02
   4.10854991E-04   9.78574976E-02
   1.67078004E-04   9.81220007E-02
   1.65174006E-05   9.83854011E-02
   9.92784044E-06   9.84338000E-02
   5.75528993E-08   9.87818986E-02
   5.75528993E-08   9.87948999E-02
   1.09786000E-04   9.88814011E-02
   1.01033002E-04   9.89466980E-02
   4.06034014E-05   9.90116000E-02
   3.45323997E-06   9.91085023E-02
   2.04312005E-06   9.91180986E-02
   2.41656002E-04   7.76079968E-02
   3.99857014E-03   8.19080025E-02
   1.31307996E-03   9.40769017E-02
   9.45854990E-05   9.44304988E-02
   8.50440993E-04   9.54291001E-02
   5.51353987E-05   9.60012004E-02
   1.21775003E-04   9.62020978E-02
   3.41325998E-04   9.84452963E-02
   2.42864007E-05   9.86085013E-02
   2.18091998E-04   9.88729969E-02
   1.57679005E-05   9.91363972E-02
   3.51632989E-05   9.91848037E-02
   5.17953026E-07   9.95329022E-02
   7.48170010E-07   9.95459035E-02
   8.82817985E-05   9.96323973E-02
   5.92754986E-06   9.96977016E-02
   5.24559000E-05   9.97626036E-02
   3.25153997E-06   9.98594984E-02
   7.19392983E-06   9.98691022E-02
   1.60173001E-03   8.62080008E-02
   4.11476009E-04   9.83769000E-02
   7.29330990E-04   9.87304971E-02
   7.02632999E-04   9.97290984E-02
   1.29492997E-04  0.100300997    
   1.02152997E-04  0.100501999    
   1.03822000E-04  0.102744997    
   1.83409997E-04  0.102908999    
   1.81657000E-04  0.103173003    
   3.76103017E-05  0.103436001    
   2.96392991E-05  0.103485003    
   7.48182003E-07  0.103832997    
   7.76956995E-07  0.103845999    
   2.66462994E-05  0.103932001    
   4.45738006E-05  0.103997998    
   4.37956005E-05  0.104062997    
   7.79831043E-06  0.104160003    
   6.07184984E-06  0.104169004    
   1.62664001E-04  0.110546000    
   2.90349999E-04  0.110899001    
   1.03648999E-04  0.111897998    
   8.83404027E-06  0.112470001    
   5.06442984E-06  0.112671003    
   8.67580020E-05  0.114914000    
   7.64861979E-05  0.115076996    
   2.77398995E-05  0.115341999    
   2.67614996E-06  0.115604997    
   1.49638004E-06  0.115653999    
   2.25886997E-05  0.116100997    
   1.88197992E-05  0.116167001    
   6.73340992E-06  0.116231002    
   5.46733986E-07  0.116328001    
   3.16537012E-07  0.116338000    
   8.69017003E-06  0.111253001    
   1.60672993E-04  0.112251997    
   9.35209027E-06  0.112824000    
   1.63731002E-05  0.113025002    
   7.55358997E-05  0.115267999    
   4.40249005E-06  0.115431003    
   4.14954993E-05  0.115695000    
   2.70487999E-06  0.115959004    
   4.80539984E-06  0.116007000    
   5.75508992E-08  0.116355002    
   8.63269989E-08  0.116368003    
   1.95380999E-05  0.116455004    
   1.06468997E-06  0.116520002    
   1.00139996E-05  0.116585001    
   5.75508977E-07  0.116682000    
   9.78363005E-07  0.116691999    
   7.80404007E-05  0.113250002    
   2.31355007E-05  0.113821998    
   1.74955003E-05  0.114023000    
   2.62156009E-05  0.116265997    
   4.07178995E-05  0.116429999    
   4.04589009E-05  0.116694003    
   6.79098002E-06  0.116958000    
   5.12218003E-06  0.117005996    
   1.15096000E-07  0.117353998    
   1.15096000E-07  0.117366999    
   6.73350996E-06  0.117453001    
   9.92765035E-06  0.117518999    
   9.75516014E-06  0.117583998    
   1.40997997E-06  0.117680997    
   1.06470998E-06  0.117689997    
   5.75501993E-08  0.114394002    
   2.44593002E-06  0.114595003    
   2.24436008E-06  0.116838999    
   2.33078003E-06  0.117002003    
   5.69756003E-06  0.117265999    
   2.87756006E-08  0.117530003    
   6.90593026E-07  0.117578000    
   5.75501986E-07  0.118026003    
   5.75501986E-07  0.118091002    
   1.35247001E-06  0.118156001    
   1.43866998E-07  0.118262000    
   6.04262027E-07  0.114795998    
   1.26614998E-06  0.117039002    
   3.82687995E-06  0.117202997    
   4.25884991E-06  0.117467001    
   6.90588024E-07  0.117730998    
   3.45305011E-07  0.117779002    
   3.16529992E-07  0.118225999    
   9.20801995E-07  0.118291996    
   1.00711998E-06  0.118357003    
   1.43864995E-07  0.118454002    
   5.75496983E-08  0.118463002    
   1.15680004E-05  0.119282998    
   1.98839007E-05  0.119446002    
   7.02109992E-06  0.119709998    
   6.61819001E-07  0.119974002    
   3.74085005E-07  0.120021999    
   6.01406009E-06  0.120470002    
   4.89175000E-06  0.120535001    
   1.69768998E-06  0.120600000    
   1.43866998E-07  0.120696999    
   8.63259970E-08  0.120705999    
   5.46733020E-07  0.119608998    
   1.05317004E-05  0.119873002    
   6.90602008E-07  0.120136999    
   1.12220005E-06  0.120185003    
   2.87760002E-08  0.120532997    
   2.87760002E-08  0.120545998    
   5.15084002E-06  0.120632999    
   2.58982993E-07  0.120697998    
   2.53214989E-06  0.120762996    
   1.43867993E-07  0.120860003    
   2.30208002E-07  0.120870002    
   5.23695007E-06  0.120137997    
   1.66894995E-06  0.120401002    
   1.26615998E-06  0.120449997    
   2.87754993E-08  0.120797999    
   2.87754993E-08  0.120811000    
   1.81282996E-06  0.120897003    
   2.56106000E-06  0.120963000    
   2.53211010E-06  0.121027999    
   3.45306006E-07  0.121123999    
   2.58978986E-07  0.121133998    
   2.01421003E-07  0.120713003    
   1.72645002E-07  0.121160999    
   1.72645002E-07  0.121225998    
   4.02864998E-07  0.121290997    
   2.87760997E-08  0.121398002    
   6.03679027E-08  0.120761998    
   9.05523976E-08  0.121209003    
   2.71660014E-07  0.121274002    
   3.01845006E-07  0.121339001    
   3.01844985E-08  0.121436000    
   3.01844985E-08  0.121445999    
   7.69055021E-07  0.121656999    
   1.25330996E-06  0.121721998    
   4.27251990E-07  0.121786997    
   2.84835000E-08  0.121884003    
   2.84835000E-08  0.121894002    
   2.76472001E-08  0.121786997    
   6.08217022E-07  0.121852003    
   2.76472001E-08  0.121949002    
   5.52932988E-08  0.121959001    
   3.11209988E-07  0.121917002    
   8.48743014E-08  0.122014001    
   5.65825005E-08  0.122024000    
       -1137       -1137
   4.22261981E-03   0.00000000    
   1.24227004E-02   3.04919988E-04
   1.64666995E-02   3.17909988E-04
   5.28588984E-03   4.04360006E-04
   4.33041994E-03   4.69669991E-04
   3.33992997E-03   5.34579973E-04
   9.05462017E-04   6.31499977E-04
   1.13007997E-03   6.41149993E-04
   3.46783996E-02   5.01099974E-04
  0.200847000       1.07320002E-03
  0.240165994       1.27410004E-03
   1.66008007E-02   3.51729989E-03
   6.44918997E-03   3.68049997E-03
   8.89426004E-03   3.94500000E-03
   3.23585011E-02   4.20845021E-03
   3.69974002E-02   4.25683009E-03
   1.88478008E-02   4.60491981E-03
   2.29566004E-02   4.61790990E-03
   4.07723989E-03   4.70435992E-03
   1.56808004E-03   4.76966985E-03
   2.14466010E-03   4.83457977E-03
   6.08350988E-03   4.93150018E-03
   6.80758990E-03   4.94115008E-03
   5.58824977E-03   1.13177998E-02
   1.17908996E-02   1.16713997E-02
   1.61089003E-02   1.26700001E-02
   1.12629002E-02   1.32421004E-02
   1.34019004E-02   1.34429997E-02
   2.54566991E-03   1.56861991E-02
   3.07516009E-03   1.58494003E-02
   4.19776002E-03   1.61138996E-02
   2.79445993E-03   1.63773000E-02
   3.31916008E-03   1.64257009E-02
   2.59257009E-04   1.67737994E-02
   2.65326991E-04   1.67868007E-02
   6.44172018E-04   1.68733001E-02
   7.53202010E-04   1.69386007E-02
   1.01279002E-03   1.70035008E-02
   5.60985005E-04   1.71003994E-02
   6.59041980E-04   1.71099994E-02
   1.22982001E-05   1.20249996E-02
   2.17663997E-04   1.30236000E-02
   7.65174977E-04   1.35957003E-02
   5.21840015E-03   1.37965996E-02
   2.13194010E-03   1.60397999E-02
   1.51622999E-06   1.62029993E-02
   4.51488013E-05   1.64675005E-02
   1.57682996E-04   1.67309009E-02
   8.37606029E-04   1.67792998E-02
   9.97319003E-05   1.71274003E-02
   3.41985986E-04   1.71403997E-02
   5.06079989E-04   1.72269009E-02
   3.36926007E-07   1.72921997E-02
   1.02761996E-05   1.73570998E-02
   3.09975003E-05   1.74540002E-02
   1.52123001E-04   1.74636003E-02
   7.55372981E-04   1.40222004E-02
   1.41329004E-03   1.45942997E-02
   8.80712003E-04   1.47952000E-02
   2.81267008E-03   1.70383994E-02
   5.84564987E-05   1.72016006E-02
   3.08787014E-04   1.74660999E-02
   1.67118997E-04   1.77295003E-02
   7.58093011E-05   1.77778993E-02
   1.03439001E-04   1.81259997E-02
   9.09712035E-05   1.81389991E-02
   6.61882979E-04   1.82255004E-02
   1.43199004E-05   1.82907991E-02
   7.05833008E-05   1.83556993E-02
   2.89757008E-05   1.84525996E-02
   1.17918999E-05   1.84621997E-02
   6.28034002E-04   1.51664000E-02
   1.71080995E-02   1.53673002E-02
   1.75742002E-03   1.76104996E-02
   2.31811006E-04   1.77737009E-02
   3.88993009E-04   1.80382002E-02
   3.03740992E-04   1.83016006E-02
   2.96060997E-03   1.83499996E-02
   2.51012010E-04   1.86981000E-02
   6.78233977E-04   1.87110994E-02
   4.02633013E-04   1.87976006E-02
   5.87934992E-05   1.88628994E-02
   9.58577002E-05   1.89277995E-02
   6.08164992E-05   1.90246999E-02
   5.43804024E-04   1.90343000E-02
   4.63264016E-03   1.55681996E-02
   2.12321989E-03   1.78114008E-02
   1.19315996E-03   1.79746002E-02
   2.28762001E-04   1.82390995E-02
   2.82128993E-03   1.85024999E-02
   1.69064000E-03   1.85509007E-02
   7.42223987E-04   1.88989993E-02
   5.46311028E-04   1.89120006E-02
   4.90043021E-04   1.89985000E-02
   2.84189009E-04   1.90638006E-02
   5.62651003E-05   1.91287007E-02
   5.18342014E-04   1.92255992E-02
   3.14848992E-04   1.92351993E-02
   2.73924990E-04   2.00545993E-02
   5.57101972E-04   2.02178005E-02
   7.37158989E-04   2.04822998E-02
   4.40194010E-04   2.07457002E-02
   5.26611984E-04   2.07940992E-02
   3.43665015E-05   2.11421996E-02
   3.31865012E-05   2.11552009E-02
   1.36788003E-04   2.12417003E-02
   1.36457995E-04   2.13070009E-02
   1.78068003E-04   2.13718992E-02
   8.86107009E-05   2.14687996E-02
   1.04617997E-04   2.14783996E-02
   1.21289004E-05   2.06454992E-02
   4.36318005E-05   2.09088996E-02
   2.00128998E-04   2.09573004E-02
   1.44869000E-05   2.13054009E-02
   5.60986991E-05   2.13184003E-02
   1.32239002E-04   2.14048997E-02
   2.69537009E-06   2.15351004E-02
   8.42323971E-06   2.16320008E-02
   3.67247994E-05   2.16416009E-02
   3.03237994E-05   2.09100004E-02
   4.54848014E-05   2.11734008E-02
   2.07209996E-05   2.12217998E-02
   2.54378992E-05   2.15699002E-02
   2.13949006E-05   2.15828996E-02
   1.73520006E-04   2.16694009E-02
   3.03237994E-06   2.17346996E-02
   1.38140003E-05   2.17995998E-02
   7.74936962E-06   2.18965001E-02
   3.20077993E-06   2.19061002E-02
   3.38616010E-05   2.14368999E-02
   5.34533989E-04   2.14853007E-02
   4.21154982E-05   2.18333993E-02
   8.55778999E-05   2.18464006E-02
   1.01079000E-04   2.19327994E-02
   1.09498997E-05   2.19981000E-02
   1.12869002E-05   2.20630001E-02
   1.33078001E-05   2.21599005E-02
   9.98948017E-05   2.21695993E-02
   1.65427002E-04   2.15336997E-02
   1.00908001E-04   2.18816996E-02
   8.20435016E-05   2.18947008E-02
   1.21468001E-04   2.19812002E-02
   4.80121998E-05   2.20465008E-02
   5.22230994E-06   2.21113991E-02
   1.00067999E-04   2.22082995E-02
   6.24980021E-05   2.22180001E-02
   1.17918000E-06   2.22298000E-02
   2.25737003E-05   2.22427994E-02
   7.58089982E-06   2.23293006E-02
   3.03234992E-06   2.23945994E-02
   5.89613001E-06   2.24594995E-02
   7.91769980E-06   2.25563999E-02
   1.76878002E-05   2.25661006E-02
   4.71697012E-06   2.22558007E-02
   7.24415986E-06   2.23423000E-02
   1.22979000E-05   2.24076007E-02
   5.05387015E-06   2.24725008E-02
   1.48249001E-05   2.25693993E-02
   1.46558996E-05   2.25791000E-02
   1.75221994E-05   2.24287007E-02
   3.33091011E-05   2.24939995E-02
   4.31984008E-05   2.25588996E-02
   2.09916998E-05   2.26559006E-02
   2.48080996E-05   2.26655006E-02
   7.07596996E-07   2.26242002E-02
   2.12288001E-06   2.27211993E-02
   9.19947979E-06   2.27307994E-02
   1.91855997E-06   2.26891991E-02
   2.34485992E-06   2.27860995E-02
   1.06586003E-06   2.27956995E-02
   1.34771005E-06   2.28829999E-02
   1.87002006E-05   2.28925999E-02
   6.09967992E-06   2.29023006E-02
       -1137       -1137
  0.105238996       3.22200009E-04
   3.37776989E-02   5.23100025E-04
   2.90044001E-03   2.76629999E-03
   2.47837994E-02   2.92950007E-03
   5.56475995E-03   3.19400011E-03
   2.08544992E-02   3.45745008E-03
   7.03221001E-03   3.50582995E-03
   1.07064995E-03   3.85391992E-03
   1.52099004E-03   3.86691000E-03
   6.93954004E-04   3.95336002E-03
   5.50151989E-03   4.01866995E-03
   1.30115997E-03   4.08357987E-03
   4.00363980E-03   4.18049982E-03
   1.35478005E-03   4.19015018E-03
   3.33742006E-04   1.05667999E-02
   1.45122996E-02   1.09203998E-02
   1.25103001E-03   1.19190002E-02
   2.82842992E-03   1.24910995E-02
   9.12813994E-04   1.26919998E-02
   1.35244001E-04   1.49352001E-02
   2.50264001E-03   1.50984004E-02
   2.93780991E-04   1.53628998E-02
   5.02061972E-04   1.56263001E-02
   1.37633004E-04   1.56746991E-02
   5.76983985E-05   1.60227995E-02
   4.31394001E-05   1.60358008E-02
   3.30818002E-05   1.61223002E-02
   5.58198022E-04   1.61876008E-02
   6.90749002E-05   1.62524991E-02
   9.42187035E-05   1.63493995E-02
   2.48777997E-05   1.63589995E-02
   1.56334992E-02   1.12739997E-02
   3.41035016E-02   1.22726001E-02
   1.71051994E-02   1.28447004E-02
   2.11450998E-02   1.30455997E-02
   3.97113012E-03   1.52888000E-02
   6.85195997E-03   1.54520003E-02
   8.71498045E-03   1.57165006E-02
   4.22756979E-03   1.59798991E-02
   5.25890011E-03   1.60282999E-02
   3.38498998E-04   1.63764004E-02
   2.67316005E-04   1.63893998E-02
   1.03908998E-03   1.64758991E-02
   1.62425998E-03   1.65411998E-02
   2.09400989E-03   1.66060999E-02
   8.49057978E-04   1.67030003E-02
   1.04570005E-03   1.67126004E-02
   6.71726011E-04   1.32711995E-02
   1.25105996E-02   1.38432998E-02
   1.95851992E-03   1.40442001E-02
   2.83986010E-04   1.62873995E-02
   5.89207001E-03   1.64506007E-02
   2.97488004E-04   1.67151000E-02
   2.65199994E-03   1.69785004E-02
   4.04671999E-04   1.70268994E-02
   1.03220002E-04   1.73749998E-02
   5.08164012E-05   1.73879992E-02
   7.09309024E-05   1.74745005E-02
   1.31352001E-03   1.75397992E-02
   6.90765009E-05   1.76046994E-02
   5.14797983E-04   1.77015997E-02
   7.75459994E-05   1.77111998E-02
   1.18565001E-02   1.44154001E-02
   4.51590009E-02   1.46163004E-02
   7.75743974E-04   1.68594997E-02
   2.83181993E-03   1.70226991E-02
   2.92614009E-03   1.72872003E-02
   4.86559002E-03   1.75506007E-02
   1.00215999E-02   1.75989997E-02
   1.04461005E-03   1.79471001E-02
   2.06521992E-03   1.79600995E-02
   2.03782998E-04   1.80466007E-02
   6.31486007E-04   1.81118995E-02
   6.88932021E-04   1.81767996E-02
   9.44060972E-04   1.82737000E-02
   1.94631994E-03   1.82833001E-02
   2.20888993E-03   1.48171997E-02
   2.01142000E-04   1.70604009E-02
   3.05476994E-03   1.72236003E-02
   4.23721998E-04   1.74880996E-02
   7.60807982E-03   1.77515000E-02
   8.95895006E-04   1.77999008E-02
   4.15785995E-04   1.81479994E-02
   1.57468996E-04   1.81610007E-02
   5.02861003E-05   1.82475001E-02
   6.52413000E-04   1.83128007E-02
   9.79238030E-05   1.83777008E-02
   1.40906998E-03   1.84745993E-02
   1.71505002E-04   1.84841994E-02
   1.32328996E-05   1.93035994E-02
   6.87857973E-04   1.94668006E-02
   6.69578003E-05   1.97313000E-02
   1.34970993E-04   1.99947003E-02
   2.99061994E-05   2.00430993E-02
   1.34970996E-05   2.03911997E-02
   8.20465993E-06   2.04041991E-02
   6.35181004E-06   2.04907004E-02
   1.53504006E-04   2.05559991E-02
   1.58788007E-05   2.06208993E-02
   2.51426009E-05   2.07177997E-02
   5.29313002E-06   2.07273997E-02
   7.13544025E-04   1.96300000E-02
   1.51066005E-03   1.98944993E-02
   6.90240995E-04   2.01578997E-02
   7.68299971E-04   2.02063005E-02
   4.63167016E-05   2.05543991E-02
   2.77886993E-05   2.05674004E-02
   1.80236995E-04   2.06538998E-02
   3.34526994E-04   2.07192004E-02
   3.63113999E-04   2.07841005E-02
   1.38418996E-04   2.08810009E-02
   1.53241999E-04   2.08905991E-02
   3.30832991E-05   2.01590005E-02
   6.24375010E-04   2.04224009E-02
   8.84031033E-05   2.04707999E-02
   2.19684007E-05   2.08189003E-02
   9.79276956E-06   2.08318997E-02
   1.66742993E-05   2.09183991E-02
   3.36923986E-04   2.09836997E-02
   1.53511992E-05   2.10485999E-02
   1.21484998E-04   2.11455002E-02
   1.69394007E-05   2.11551003E-02
   4.97300003E-04   2.06859000E-02
   1.76079001E-03   2.07343008E-02
   1.48210995E-04   2.10823994E-02
   2.93507997E-04   2.10954007E-02
   3.51993003E-05   2.11817995E-02
   1.52980007E-04   2.12471001E-02
   1.47151994E-04   2.13120002E-02
   1.92670006E-04   2.14089006E-02
   3.44581989E-04   2.14185994E-02
   9.18383012E-05   2.07826998E-02
   6.43140011E-05   2.11306997E-02
   2.48776996E-05   2.11437009E-02
   7.41043004E-06   2.12302003E-02
   1.64616999E-04   2.12955009E-02
   2.06433997E-05   2.13603992E-02
   3.28717986E-04   2.14572996E-02
   3.51991985E-05   2.14670002E-02
   3.70526004E-06   2.14788001E-02
   2.59363005E-05   2.14917995E-02
   3.44066007E-06   2.15783007E-02
   1.00575999E-05   2.16435995E-02
   5.02855983E-06   2.17084996E-02
   2.64666996E-05   2.18054000E-02
   1.16457004E-05   2.18151007E-02
   1.58788998E-06   2.15048008E-02
   1.85259000E-06   2.15913001E-02
   5.55758015E-06   2.16566008E-02
   2.11728002E-06   2.17215009E-02
   5.24052011E-05   2.18183994E-02
   4.49926983E-06   2.18281001E-02
   7.93980007E-07   2.16777008E-02
   4.02279984E-05   2.17429996E-02
   3.96985979E-06   2.18078997E-02
   6.61672993E-06   2.19049007E-02
   1.32329001E-06   2.19145007E-02
   3.91709000E-05   2.18083002E-02
   8.09893972E-05   2.18732003E-02
   3.07012997E-05   2.19701994E-02
   3.28179012E-05   2.19797995E-02
   1.85259000E-06   2.19381992E-02
   2.85833994E-05   2.20350996E-02
   3.96987980E-06   2.20446996E-02
   1.87949008E-05   2.21320000E-02
   6.52478993E-05   2.21416000E-02
   3.55818997E-06   2.21513007E-02
       -1137       -1137
   3.71837988E-04   6.26680022E-03
   1.58998999E-04   6.62040012E-03
   1.76203996E-02   7.61900004E-03
   2.90309009E-03   8.19110032E-03
   6.01339992E-03   8.39199964E-03
   1.54880006E-04   1.06352000E-02
   2.59723001E-05   1.07984003E-02
   2.95571005E-03   1.10628996E-02
   3.59806989E-04   1.13263000E-02
   7.10727007E-04   1.13746999E-02
   3.52534989E-04   1.17228003E-02
   5.91339020E-04   1.17357997E-02
   3.76913013E-05   1.18223000E-02
   5.70132988E-06   1.18875997E-02
   6.46164000E-04   1.19524999E-02
   6.27156987E-05   1.20494002E-02
   1.20047000E-04   1.20590003E-02
   1.26689997E-06   6.97400002E-03
   2.95180995E-02   7.97259994E-03
   1.25772995E-03   8.54470022E-03
   8.88775010E-03   8.74559954E-03
   3.42085004E-05   1.09887999E-02
   7.91854018E-06   1.11520002E-02
   5.14252018E-03   1.14165004E-02
   2.47054995E-04   1.16798999E-02
   1.46437995E-03   1.17282998E-02
   2.91397009E-04   1.20764002E-02
   6.86387997E-04   1.20893996E-02
   8.55212966E-06   1.21758999E-02
   2.53390999E-06   1.22411996E-02
   1.13327999E-03   1.23060998E-02
   4.90948005E-05   1.24030001E-02
   2.70813005E-04   1.24126002E-02
   3.46070006E-02   8.97120032E-03
   3.62830982E-02   9.54329967E-03
   4.53388989E-02   9.74419992E-03
   4.73116012E-03   1.19874002E-02
   7.11217010E-03   1.21505996E-02
   1.46655999E-02   1.24150999E-02
   8.36942997E-03   1.26785003E-02
   1.04184998E-02   1.27269002E-02
   9.00510000E-04   1.30749997E-02
   1.06549996E-03   1.30880000E-02
   1.23212999E-03   1.31745003E-02
   1.71674998E-03   1.32398000E-02
   3.39900004E-03   1.33047001E-02
   1.66038994E-03   1.34015996E-02
   2.03987001E-03   1.34111997E-02
   4.69608977E-03   1.01154000E-02
   8.72981995E-02   1.03163002E-02
   6.98724005E-04   1.25594996E-02
   3.41119012E-04   1.27226999E-02
   5.68231987E-03   1.29872002E-02
   1.80664996E-03   1.32505996E-02
   1.40984999E-02   1.32990004E-02
   4.79837006E-04   1.36471000E-02
   1.59539003E-03   1.36601003E-02
   1.79580995E-04   1.37465997E-02
   8.36179970E-05   1.38119003E-02
   1.22233003E-03   1.38768004E-02
   3.47454014E-04   1.39736999E-02
   2.57019000E-03   1.39833000E-02
   5.75217009E-02   1.05172005E-02
   1.46015000E-03   1.27603998E-02
   1.92386995E-03   1.29236002E-02
   7.93104991E-03   1.31881004E-02
   1.69191007E-02   1.34514999E-02
   2.13463996E-02   1.34998998E-02
   4.99934005E-03   1.38480002E-02
   4.48714010E-03   1.38609996E-02
   3.77549004E-04   1.39474999E-02
   4.54518013E-04   1.40127996E-02
   1.76393997E-03   1.40776997E-02
   3.24396999E-03   1.41746001E-02
   4.02134983E-03   1.41842002E-02
   1.71037009E-05   1.50036002E-02
   6.65102016E-06   1.51667995E-02
   7.92131992E-04   1.54312998E-02
   9.28013033E-05   1.56947002E-02
   1.81797994E-04   1.57430992E-02
   4.27572995E-05   1.60911996E-02
   8.10834972E-05   1.61042009E-02
   8.55185044E-06   1.61907002E-02
   1.58355999E-06   1.62560008E-02
   1.72928994E-04   1.63208991E-02
   1.64701996E-05   1.64177995E-02
   3.10385003E-05   1.64273996E-02
   1.22828002E-03   1.55945001E-02
   6.11305004E-05   1.58578996E-02
   3.50937014E-04   1.59063004E-02
   4.37099989E-05   1.62544008E-02
   9.62873964E-05   1.62674002E-02
   1.58363002E-06   1.63538996E-02
   2.70184013E-04   1.64841004E-02
   1.17192003E-05   1.65810008E-02
   6.55659023E-05   1.65906008E-02
   1.48201000E-03   1.58590004E-02
   1.31607999E-03   1.61224008E-02
   1.79870997E-03   1.61707997E-02
   1.16244999E-04   1.65189002E-02
   1.44427002E-04   1.65318996E-02
   2.06191005E-04   1.66184008E-02
   2.95829988E-04   1.66836996E-02
   6.79420016E-04   1.67485997E-02
   2.61312991E-04   1.68455001E-02
   3.51268012E-04   1.68551002E-02
   1.66294005E-04   1.63858999E-02
   2.87406007E-03   1.64343007E-02
   6.04966008E-05   1.67823993E-02
   1.88455000E-04   1.67954005E-02
   2.40719000E-05   1.68817993E-02
   1.48863001E-05   1.69470999E-02
   2.83484987E-04   1.70120001E-02
   6.33443997E-05   1.71089005E-02
   5.28302975E-04   1.71185993E-02
   1.99449994E-03   1.64826997E-02
   6.25850982E-04   1.68306995E-02
   5.50500990E-04   1.68437008E-02
   4.75099987E-05   1.69302002E-02
   8.42536974E-05   1.69955008E-02
   3.98762990E-04   1.70604009E-02
   5.55891020E-04   1.71572994E-02
   7.51625979E-04   1.71670001E-02
   2.85064993E-06   1.71788000E-02
   9.02679021E-05   1.71917994E-02
   9.50174035E-06   1.72783006E-02
   9.50174035E-06   1.73435993E-02
   2.40712998E-05   1.74084995E-02
   1.04517003E-05   1.75053999E-02
   1.08004999E-04   1.75151005E-02
   3.19899991E-05   1.72048006E-02
   1.83702996E-05   1.72913000E-02
   2.09045993E-05   1.73566006E-02
   3.04064997E-05   1.74215008E-02
   3.26236004E-05   1.75183993E-02
   9.47048975E-05   1.75280999E-02
   9.50187996E-07   1.73777007E-02
   3.16739005E-07   1.74429994E-02
   4.49764993E-05   1.75078996E-02
   4.43429008E-06   1.76049005E-02
   8.23526989E-06   1.76145006E-02
   6.49313006E-05   1.75732002E-02
   2.85068995E-06   1.76701993E-02
   1.58359999E-05   1.76797993E-02
   7.75990993E-05   1.76382009E-02
   5.63815011E-05   1.77350994E-02
   7.79194015E-05   1.77446995E-02
   6.01819011E-06   1.78319998E-02
   1.02311998E-04   1.78415999E-02
   7.06339997E-05   1.78513005E-02
       -1137       -1137
   1.44673996E-02   6.96000006E-06
   1.59259997E-02   7.22699988E-05
   1.85366999E-02   1.37180003E-04
   1.07095996E-02   2.34100007E-04
   1.37919001E-02   2.43749993E-04
   5.57529973E-04   3.46199988E-04
   6.86847023E-04   3.47349996E-04
   2.85248994E-03   3.00479995E-04
   2.48641009E-03   3.19679995E-04
   2.59742001E-03   3.30179988E-04
   2.48082011E-04   3.48180009E-04
   5.56538999E-02   0.00000000    
   3.69049013E-02   2.46200012E-04
   9.17765033E-03   5.09649981E-04
   2.48955991E-02   5.58029977E-04
  0.197091997       9.06119996E-04
  0.237016007       9.19110025E-04
   1.12539995E-02   1.00556004E-03
   1.16165997E-02   1.07086997E-03
   8.71916953E-03   1.13578001E-03
   2.16084998E-03   1.23269996E-03
   5.33531001E-03   1.24234997E-03
   5.12789004E-03   1.34480000E-03
   5.81166986E-03   1.34594995E-03
   2.16784002E-03   1.29907997E-03
   1.86192000E-03   1.31828000E-03
   1.25638000E-03   1.32877997E-03
   1.90167993E-04   1.34677999E-03
   2.63518002E-02   3.90600006E-04
   5.48586017E-03   5.53800026E-04
   9.88260005E-03   8.18300003E-04
   8.85300990E-03   1.08175003E-03
   1.03959003E-02   1.13013003E-03
   1.00133000E-02   1.47821999E-03
   9.55189019E-03   1.49120996E-03
   4.21610009E-03   1.57765998E-03
   1.05008006E-03   1.64297002E-03
   1.74485997E-03   1.70787994E-03
   1.42764999E-03   1.80480001E-03
   1.82199001E-03   1.81445002E-03
   2.79503001E-04   1.91690004E-03
   2.37781001E-04   1.91804999E-03
   7.45824014E-04   1.87118002E-03
   1.65553996E-04   1.89038005E-03
   2.40327994E-04   1.90088002E-03
   6.44622996E-05   1.91888004E-03
   3.57568003E-02   5.91500022E-04
   8.31086014E-04   7.54699984E-04
   1.22306999E-02   1.01919996E-03
   1.19799003E-02   1.28265005E-03
   1.61828995E-02   1.33103004E-03
   1.20898001E-02   1.67912000E-03
   1.78314000E-02   1.69210997E-03
   5.61388023E-03   1.77855999E-03
   2.34691004E-04   1.84387004E-03
   2.12412002E-03   1.90877996E-03
   2.15080008E-03   2.00570002E-03
   2.73365993E-03   2.01534992E-03
   3.14926991E-04   2.11780006E-03
   4.58413997E-04   2.11895001E-03
   9.89199965E-04   2.07208004E-03
   4.05192986E-05   2.09127995E-03
   2.92328012E-04   2.10177992E-03
   8.54535028E-05   2.11978005E-03
   2.12339009E-03   2.83470005E-03
   3.79130011E-03   2.99789989E-03
   5.80469007E-03   3.26239993E-03
   7.05356989E-03   3.52584990E-03
   9.71977971E-03   3.57423001E-03
   5.37867006E-03   3.92231997E-03
   6.62745023E-03   3.93531006E-03
   8.92109994E-04   4.02176008E-03
   9.25978995E-04   4.08707000E-03
   1.39474997E-03   4.15197993E-03
   1.37946999E-03   4.24889987E-03
   1.88171002E-03   4.25854977E-03
   1.96043999E-04   4.36099991E-03
   2.29614001E-04   4.36215010E-03
   1.70107000E-04   4.31527989E-03
   1.52594002E-04   4.33448004E-03
   2.03137999E-04   4.34498023E-03
   1.48437002E-05   4.36297990E-03
   1.39216005E-04   3.16109997E-03
   4.70466999E-04   3.42560001E-03
   2.20792004E-04   3.68904998E-03
   9.50846006E-05   3.73743009E-03
   1.87221995E-05   4.08551982E-03
   5.05526026E-04   4.09850990E-03
   5.93497010E-04   4.18495992E-03
   4.80097988E-05   4.25026985E-03
   7.68949976E-05   4.31517977E-03
   3.63752988E-05   4.41210018E-03
   2.38035009E-05   4.42175008E-03
   2.67459001E-07   4.52420022E-03
   1.11001000E-05   4.52534994E-03
   1.04976003E-04   4.47848020E-03
   7.35529011E-06   4.49767988E-03
   1.04307001E-05   4.50818008E-03
   9.09363007E-06   4.52618022E-03
   4.13634989E-04   3.69010004E-03
   6.60495018E-04   3.95355001E-03
   1.44592999E-03   4.00192989E-03
   9.73458984E-04   4.35002008E-03
   1.37939001E-03   4.36301017E-03
   9.13801021E-04   4.44946019E-03
   9.86926971E-05   4.51477012E-03
   1.68501007E-04   4.57968004E-03
   1.24908998E-04   4.67659999E-03
   2.64925009E-04   4.68624989E-03
   3.33005992E-05   4.78870003E-03
   4.07888983E-05   4.78985021E-03
   1.62085998E-04   4.74298000E-03
   1.57800005E-05   4.76218015E-03
   2.38038992E-05   4.77267988E-03
   1.40416996E-05   4.79068002E-03
   9.58870005E-05   4.21700021E-03
   2.15168999E-04   4.26538009E-03
   4.33565991E-04   4.61346982E-03
   2.46320991E-03   4.62645991E-03
   1.07795000E-03   4.71290993E-03
   3.28977985E-05   4.77821985E-03
   1.19165001E-04   4.84312978E-03
   2.92870991E-05   4.94005019E-03
   3.51718008E-05   4.94970009E-03
   1.41753999E-05   5.05215023E-03
   6.21858999E-05   5.05329994E-03
   1.89372004E-04   5.00643020E-03
   4.94821006E-06   5.02562989E-03
   1.63155000E-05   5.03613008E-03
   1.63155000E-05   5.05413022E-03
   2.05806995E-04   4.31375997E-03
   2.14289990E-03   4.66185017E-03
   1.42135005E-03   4.67483979E-03
   1.47659995E-03   4.76128981E-03
   1.63155000E-05   4.82660020E-03
   2.56633008E-04   4.89151012E-03
   3.06258989E-05   4.98843007E-03
   6.51303999E-05   4.99807997E-03
   5.53649988E-05   5.10053011E-03
   3.89166016E-05   5.10167982E-03
   2.59041000E-04   5.05481008E-03
   2.54094994E-06   5.07401023E-03
   3.51718991E-05   5.08450996E-03
   2.23332008E-05   5.10251010E-03
   6.06334012E-04   5.00993989E-03
   3.94889992E-03   5.02292998E-03
   7.48667982E-04   5.10938000E-03
   4.68065991E-06   5.17468993E-03
   1.22362006E-04   5.23959985E-03
   7.54263019E-05   5.33651980E-03
   4.27282997E-04   5.34617016E-03
   3.99866003E-05   5.44861984E-03
   1.04717998E-04   5.44977002E-03
   1.29316002E-04   5.40289981E-03
   8.02379986E-07   5.42209996E-03
   1.56470996E-05   5.43260016E-03
   1.11002000E-05   5.45059983E-03
   1.36470003E-03   5.03592007E-03
   9.20102000E-04   5.12237009E-03
   1.05788000E-04   5.18768001E-03
   1.85896002E-04   5.25258994E-03
   4.75960987E-04   5.34950988E-03
   2.65056995E-04   5.35915978E-03
   1.08056003E-04   5.46160992E-03
   7.94372027E-05   5.46276011E-03
   1.59019997E-04   5.41588990E-03
   1.68501992E-05   5.43509005E-03
   2.42056994E-05   5.44558978E-03
   1.36409999E-05   5.46358991E-03
   8.58579006E-05   5.20882010E-03
   1.46435006E-04   5.27413003E-03
   2.19333000E-04   5.33903996E-03
   2.12378000E-04   5.43595990E-03
   2.87945004E-04   5.44560980E-03
   2.74165996E-05   5.54805994E-03
   3.19637984E-05   5.54921012E-03
   3.20965992E-05   5.50233992E-03
   2.42063998E-05   5.52154006E-03
   3.19637984E-05   5.53203980E-03
   2.80840004E-06   5.55003993E-03
   4.01193984E-06   5.33943996E-03
   1.56469996E-05   5.40434988E-03
   5.34922992E-06   5.50126983E-03
   4.41317979E-06   5.51092019E-03
   2.40725990E-06   5.61452005E-03
   2.59449007E-05   5.56764985E-03
   1.20363995E-06   5.58684999E-03
   2.13968997E-06   5.59735019E-03
   2.27347005E-06   5.61534986E-03
   1.63157001E-05   5.46925981E-03
   2.27350993E-05   5.56618022E-03
   4.73426007E-05   5.57583012E-03
   4.14579017E-06   5.67827979E-03
   5.48292019E-06   5.67942997E-03
   3.89171000E-05   5.63255977E-03
   2.54097995E-06   5.65175992E-03
   4.54704013E-06   5.66226011E-03
   3.34339006E-06   5.68025978E-03
   2.00600994E-06   5.66310016E-03
   5.08174980E-06   5.67275006E-03
   2.40724989E-06   5.77520020E-03
   1.25708002E-05   5.77634992E-03
   3.73117000E-05   5.72948018E-03
   8.02372995E-07   5.74867986E-03
   3.07584992E-06   5.75918006E-03
   3.20952995E-06   5.77718019E-03
   4.94822007E-06   5.68239996E-03
   1.15007997E-05   5.78485010E-03
   7.35539015E-06   5.78599982E-03
   5.05532989E-05   5.73913008E-03
   6.68649022E-07   5.75833023E-03
   6.55280019E-06   5.76882996E-03
   4.41319980E-06   5.78683009E-03
   5.47169009E-07   5.88729978E-03
   3.00953002E-06   5.88844996E-03
   4.78779020E-06   5.84158022E-03
   5.47169009E-07   5.87128010E-03
   4.10377993E-07   5.88927977E-03
   9.62537001E-07   5.88960014E-03
   5.63762978E-06   5.84272994E-03
   4.12520990E-07   5.86193008E-03
   6.87523993E-07   5.87242981E-03
   5.50026016E-07   5.89042995E-03
   3.44313003E-06   5.79586020E-03
   5.00802980E-06   5.81505988E-03
   6.57291002E-06   5.82556007E-03
   6.26002020E-07   5.84356021E-03
   1.39793002E-07   5.83426002E-03
   4.19375993E-07   5.84476022E-03
   4.19375993E-07   5.86275989E-03
   2.81980988E-07   5.85525995E-03
   5.63961976E-07   5.87326009E-03
       -1137       -1137
   9.81684960E-03   1.56049995E-04
   1.89420003E-02   2.04430005E-04
   2.83496007E-02   5.52519981E-04
   2.29100008E-02   5.65510010E-04
   3.12369992E-03   6.51960028E-04
   4.61424980E-03   7.17270013E-04
   1.79250003E-03   7.82179995E-04
   1.98036991E-03   8.79100000E-04
   3.41153005E-03   8.88750015E-04
   8.34285980E-04   9.91199980E-04
   6.56181015E-04   9.92350047E-04
   5.75323997E-04   9.45480017E-04
   6.79143996E-04   9.64679988E-04
   2.47804011E-04   9.75180010E-04
   5.00218994E-05   9.93179972E-04
   4.73809987E-02   3.70000016E-05
   4.98111993E-02   2.00199996E-04
   3.14541012E-02   4.64699988E-04
   1.65116005E-02   7.28150015E-04
   2.72585992E-02   7.76530011E-04
  0.151122004       1.12461997E-03
  0.237976000       1.13760994E-03
   1.20078996E-02   1.22405996E-03
   9.94801987E-03   1.28937000E-03
   7.27541978E-03   1.35428004E-03
   3.45555996E-03   1.45119999E-03
   5.57402009E-03   1.46085001E-03
   4.01264988E-03   1.56330003E-03
   6.31766021E-03   1.56444998E-03
   2.33108993E-03   1.51758001E-03
   1.57754996E-03   1.53678004E-03
   1.04699004E-03   1.54728000E-03
   2.05000993E-04   1.56528002E-03
   7.19291018E-03   2.37900007E-04
   5.63771985E-02   4.01099998E-04
   4.47183009E-03   6.65600004E-04
   2.03118008E-03   9.29049973E-04
   2.74971989E-03   9.77430027E-04
   8.29763990E-03   1.32551999E-03
   4.87761991E-03   1.33850996E-03
   1.20826997E-03   1.42495998E-03
   8.51885974E-03   1.49027002E-03
   8.74978025E-04   1.55517994E-03
   1.65810998E-04   1.65210001E-03
   4.82016010E-04   1.66175002E-03
   3.18330014E-04   1.76420005E-03
   1.46135993E-04   1.76535000E-03
   2.16825007E-04   1.71848002E-03
   1.27006997E-03   1.73768005E-03
   1.22508995E-04   1.74818002E-03
   1.86963007E-05   1.76618004E-03
   4.71506006E-04   2.48109992E-03
   7.51115987E-03   2.64430000E-03
   8.93245975E-04   2.90880003E-03
   3.14528996E-04   3.17225000E-03
   8.44880997E-04   3.22063011E-03
   7.04311969E-05   3.56872007E-03
   6.14928023E-04   3.58170993E-03
   1.83867000E-04   3.66815994E-03
   1.12201995E-03   3.73347010E-03
   1.92342995E-04   3.79838003E-03
   4.04472012E-05   3.89529997E-03
   1.45675003E-04   3.90495011E-03
   1.97997997E-06   4.00740001E-03
   1.44250998E-05   4.00855020E-03
   3.42263993E-05   3.96167999E-03
   1.67730002E-04   3.98088014E-03
   2.74353006E-05   3.99137987E-03
   3.11136000E-06   4.00938001E-03
   5.90856979E-03   2.80750007E-03
   1.55079002E-02   3.07200011E-03
   1.58641003E-02   3.33545008E-03
   2.46169008E-02   3.38382996E-03
   1.00055998E-02   3.73191992E-03
   1.61653999E-02   3.74491001E-03
   1.93645002E-03   3.83136002E-03
   2.36545992E-03   3.89666995E-03
   3.69046000E-03   3.96157987E-03
   3.11915996E-03   4.05849982E-03
   4.71817981E-03   4.06815019E-03
   3.66035005E-04   4.17059986E-03
   5.56110987E-04   4.17175004E-03
   3.81298014E-04   4.12487984E-03
   3.78191005E-04   4.14407998E-03
   5.36307984E-04   4.15458018E-03
   3.33774988E-05   4.17257985E-03
   3.77891993E-04   3.33649991E-03
   8.60447006E-04   3.59995011E-03
   8.24538001E-04   3.64832999E-03
   6.31760992E-03   3.99642019E-03
   1.76416000E-03   4.00940981E-03
   1.44823993E-04   4.09585983E-03
   2.36186991E-03   4.16117022E-03
   1.51611996E-04   4.22608014E-03
   1.30115994E-04   4.32300009E-03
   1.43130994E-04   4.33264999E-03
   1.91200001E-04   4.43510013E-03
   5.28946985E-05   4.43624984E-03
   2.57407992E-05   4.38938010E-03
   3.54426011E-04   4.40857979E-03
   2.12149007E-05   4.41907998E-03
   2.26279008E-06   4.43708012E-03
   6.11253025E-04   3.86340008E-03
   1.07056997E-03   3.91178019E-03
   6.47159002E-04   4.25986992E-03
   8.25644995E-04   4.27286001E-03
   7.86327000E-05   4.35931003E-03
   2.33556004E-03   4.42461995E-03
   1.92059000E-04   4.48952988E-03
   1.93475003E-04   4.58644982E-03
   1.87534999E-04   4.59610019E-03
   1.21630001E-05   4.69854986E-03
   2.00836002E-05   4.69970005E-03
   1.52742996E-05   4.65282984E-03
   3.47905996E-04   4.67202999E-03
   2.74355007E-05   4.68253018E-03
   1.41424005E-06   4.70052985E-03
   2.97852996E-04   3.96016007E-03
   1.28931005E-03   4.30824980E-03
   3.43110994E-04   4.32123989E-03
   1.69994993E-04   4.40768991E-03
   3.66307003E-03   4.47299983E-03
   1.49062995E-04   4.53791022E-03
   1.54157999E-04   4.63483017E-03
   9.61710030E-05   4.64448007E-03
   2.00836002E-05   4.74693021E-03
   7.35417007E-06   4.74807993E-03
   3.16795013E-05   4.70121019E-03
   5.46751020E-04   4.72040987E-03
   2.06491004E-05   4.73091006E-03
   2.82846008E-06   4.74891020E-03
   2.61943997E-03   4.65634000E-03
   1.66599993E-02   4.66933008E-03
   1.21630001E-05   4.75578010E-03
   1.35569996E-03   4.82109003E-03
   1.41109002E-03   4.88599995E-03
   1.34072994E-04   4.98291990E-03
   3.08015005E-04   4.99256980E-03
   1.58112001E-04   5.09501994E-03
   4.70950996E-04   5.09617012E-03
   2.26275006E-06   5.04929991E-03
   2.00262002E-04   5.06850006E-03
   2.02523006E-04   5.07899979E-03
   2.82844013E-07   5.09699993E-03
   8.66962015E-04   4.68232017E-03
   1.28130006E-04   4.76877019E-03
   2.12213001E-03   4.83408011E-03
   3.47352994E-04   4.89899004E-03
   1.68579005E-04   4.99590999E-03
   7.01505996E-05   5.00555988E-03
   4.84818011E-04   5.10801002E-03
   4.95013010E-05   5.10916021E-03
   2.40425998E-05   5.06229000E-03
   3.08880000E-04   5.08149015E-03
   4.86522003E-05   5.09198988E-03
   1.98001999E-06   5.10999002E-03
   1.78197006E-05   4.85522021E-03
   2.91064003E-04   4.92053013E-03
   3.11137010E-05   4.98544006E-03
   9.61699971E-06   5.08236000E-03
   2.99825006E-05   5.09200990E-03
   2.82842990E-07   5.19446004E-03
   3.11137001E-06   5.19561023E-03
   6.50564016E-06   5.14874002E-03
   4.35600014E-05   5.16794017E-03
   4.52567019E-06   5.17843990E-03
   5.65702976E-07   5.19644003E-03
   2.20618997E-04   4.98584006E-03
   5.66005998E-04   5.05074998E-03
   4.62172990E-04   5.14766993E-03
   7.06863008E-04   5.15731983E-03
   4.95005006E-05   5.25976997E-03
   7.38247036E-05   5.26092015E-03
   5.74195001E-05   5.21404995E-03
   6.95822964E-05   5.23325009E-03
   8.23091978E-05   5.24374982E-03
   5.09134998E-06   5.26174996E-03
   1.49913003E-05   5.11565991E-03
   2.91348006E-05   5.21257985E-03
   2.60220004E-05   5.22223022E-03
   4.29924985E-05   5.32467989E-03
   1.04655001E-05   5.32583008E-03
   5.65699020E-06   5.27895987E-03
   8.51376026E-05   5.29816002E-03
   4.24270002E-06   5.30866021E-03
   5.65698997E-07   5.32665988E-03
   1.47257997E-05   5.30949980E-03
   2.91685992E-05   5.31915016E-03
   2.83168993E-06   5.42159984E-03
   4.81397001E-06   5.42275002E-03
   1.98227008E-06   5.37587982E-03
   6.90962988E-05   5.39507996E-03
   4.24761993E-06   5.40558016E-03
   2.83168987E-07   5.42357983E-03
   8.37137031E-06   5.32880006E-03
   5.77335004E-06   5.43125020E-03
   1.44331000E-06   5.43239992E-03
   5.77335004E-06   5.38553018E-03
   1.07678003E-04   5.40472986E-03
   3.75264995E-06   5.41523006E-03
   5.77335015E-07   5.43323020E-03
   1.61879996E-06   5.53369988E-03
   1.34902002E-05   5.53485006E-03
   7.01497993E-06   5.50718000E-03
   5.93592995E-06   5.51768020E-03
   5.65232995E-07   5.53599978E-03
   5.65232995E-07   5.48913004E-03
   1.07393998E-05   5.50833018E-03
   1.41305998E-06   5.51882992E-03
   6.00277986E-07   5.44225983E-03
   9.00425039E-06   5.46145998E-03
   9.00424993E-07   5.47196018E-03
   5.94494986E-06   5.48066013E-03
   1.37672996E-05   5.49115986E-03
   9.38667995E-07   5.50915999E-03
   2.82848987E-07   5.50166005E-03
       -1137       -1137
   1.59513000E-02   1.26019993E-04
   2.34229006E-02   1.39009993E-04
   3.69812991E-03   2.25459997E-04
   3.62007995E-03   2.90769996E-04
   1.02941999E-02   3.55680007E-04
   2.01874995E-03   4.52600012E-04
   2.27169995E-03   4.62249998E-04
   3.41820007E-04   5.64699993E-04
   5.62748988E-04   5.65850001E-04
   6.90807006E-04   5.18980029E-04
   5.68074000E-04   5.38180000E-04
   1.40251999E-03   5.48680022E-04
   5.99365012E-05   5.66679984E-04
   5.13909012E-02   0.00000000    
  0.215725005       3.26920010E-04
  0.260325998       3.39910010E-04
   2.25751009E-02   4.26359999E-04
   2.41470002E-02   4.91669984E-04
   2.45722998E-02   5.56580024E-04
   8.22893996E-03   6.53500028E-04
   1.21000996E-02   6.63149985E-04
   4.62150015E-03   7.65600009E-04
   5.11184987E-03   7.66750018E-04
   4.32852982E-03   7.19879987E-04
   3.82927991E-03   7.39080017E-04
   3.44576011E-03   7.49579980E-04
   3.76804004E-04   7.67580001E-04
   7.77011010E-05   1.48250000E-03
   3.57688987E-04   1.64569996E-03
   9.60141979E-03   1.91019999E-03
   6.25076995E-04   2.17365008E-03
   8.36776977E-04   2.22202996E-03
   2.52951006E-03   2.57011992E-03
   4.60240012E-03   2.58311001E-03
   3.52337011E-05   2.66956002E-03
   4.65591984E-05   2.73486995E-03
   1.42004003E-03   2.79978011E-03
   1.02240003E-04   2.89670005E-03
   1.33701993E-04   2.90634995E-03
   6.51185983E-05   3.00880009E-03
   1.12620997E-04   3.00995004E-03
   6.60615979E-06   2.96308007E-03
   6.92076992E-06   2.98227998E-03
   1.88733000E-04   2.99277995E-03
   6.29155977E-07   3.01078008E-03
   6.29143983E-07   1.80890004E-03
   1.22509003E-02   2.07339996E-03
   2.90669996E-04   2.33684992E-03
   2.87463004E-03   2.38523004E-03
   1.57059997E-03   2.73332000E-03
   7.65558984E-03   2.74631009E-03
   7.70702973E-05   2.83276010E-03
   2.83119994E-06   2.89807003E-03
   1.86557998E-03   2.96297995E-03
   5.69377989E-05   3.05989990E-03
   4.44191013E-04   3.06955003E-03
   3.68065994E-05   3.17199994E-03
   1.82767995E-04   3.17314989E-03
   1.44697997E-05   3.12627992E-03
   6.29143983E-07   3.14548006E-03
   2.49461009E-04   3.15598003E-03
   1.25828001E-06   3.17397993E-03
   1.52551997E-02   2.33789999E-03
   2.28870008E-02   2.60134996E-03
   2.95313001E-02   2.64973007E-03
   2.19464991E-02   2.99782003E-03
   2.49929000E-02   3.01080989E-03
   2.44398997E-03   3.09725991E-03
   2.90155993E-03   3.16257006E-03
   5.90641005E-03   3.22747999E-03
   4.31879004E-03   3.32439994E-03
   5.57301007E-03   3.33405007E-03
   7.47104990E-04   3.43649997E-03
   8.09386023E-04   3.43764992E-03
   4.79101989E-04   3.39077995E-03
   4.74691013E-04   3.40998010E-03
   8.30779027E-04   3.42048006E-03
   4.21520999E-05   3.43847997E-03
   1.62008000E-04   2.86479993E-03
   3.87695991E-03   2.91318004E-03
   6.40775019E-04   3.26127000E-03
   7.20909005E-03   3.27426009E-03
   7.92717983E-05   3.36071011E-03
   1.44695996E-05   3.42602003E-03
   3.39131989E-03   3.49092996E-03
   5.00173010E-05   3.58784990E-03
   6.34179974E-04   3.59750004E-03
   1.76155008E-05   3.69994994E-03
   1.43133002E-04   3.70109989E-03
   1.35270002E-05   3.65422992E-03
   1.88726005E-06   3.67343007E-03
   4.50474006E-04   3.68393003E-03
   1.25824999E-06   3.70192993E-03
   1.64637004E-03   2.96155992E-03
   5.67450980E-03   3.30965011E-03
   4.62119980E-03   3.32263997E-03
   1.16705000E-04   3.40908999E-03
   2.87195988E-04   3.47439991E-03
   4.31561004E-03   3.53931007E-03
   6.22541993E-04   3.63623002E-03
   5.43583999E-04   3.64587991E-03
   1.49108004E-04   3.74833005E-03
   1.12618000E-04   3.74948001E-03
   2.04477001E-05   3.70261003E-03
   3.96354990E-05   3.72180995E-03
   5.71570999E-04   3.73230991E-03
   1.88726995E-06   3.75031005E-03
   9.96588962E-04   3.65774008E-03
   2.56545004E-02   3.67072993E-03
   2.78713007E-04   3.75717995E-03
   2.97588005E-04   3.82249011E-03
   3.08347004E-03   3.88740003E-03
   1.40621007E-04   3.98431998E-03
   1.00066001E-03   3.99396988E-03
   5.91415010E-05   4.09642002E-03
   6.63433981E-04   4.09757020E-03
   4.71882995E-05   4.05069999E-03
   4.65589983E-05   4.06990014E-03
   4.06431005E-04   4.08039987E-03
   4.08948017E-06   4.09840001E-03
   1.02131004E-02   3.68372002E-03
   4.88542020E-04   3.77017003E-03
   1.42183003E-03   3.83547996E-03
   3.67959007E-03   3.90038989E-03
   1.34165003E-03   3.99731006E-03
   8.91820004E-04   4.00695996E-03
   6.77604985E-04   4.10941010E-03
   5.36362000E-04   4.11055982E-03
   8.08475015E-05   4.06369008E-03
   2.22721006E-04   4.08289023E-03
   4.92013001E-04   4.09338996E-03
   6.92069989E-06   4.11139010E-03
   4.40407985E-06   3.85662005E-03
   1.10102001E-05   3.92193021E-03
   3.63024999E-04   3.98684014E-03
   1.41562005E-05   4.08376008E-03
   1.98189991E-05   4.09340998E-03
   6.92073991E-06   4.19586012E-03
   1.19540000E-05   4.19700984E-03
   1.57284001E-06   4.15014010E-03
   1.57284001E-06   4.16933978E-03
   4.84451994E-05   4.17983998E-03
   4.44198988E-04   4.05215006E-03
   2.51665006E-06   4.14907001E-03
   4.71884014E-05   4.15871991E-03
   8.17913042E-06   4.26117005E-03
   3.80642996E-05   4.26232023E-03
   2.20204993E-06   4.21545003E-03
   5.94556986E-05   4.24514990E-03
   3.14584014E-07   4.26315004E-03
   5.39180997E-04   4.11705999E-03
   6.43001986E-04   4.21397993E-03
   8.16949003E-04   4.22362983E-03
   1.05068997E-04   4.32607997E-03
   1.17966003E-04   4.32723016E-03
   7.14080015E-05   4.28035995E-03
   7.26677026E-05   4.29956010E-03
   1.50064006E-04   4.31005983E-03
   6.29147007E-06   4.32805996E-03
   4.08949018E-06   4.31089988E-03
   1.10731999E-04   4.32054978E-03
   3.46042998E-06   4.42299992E-03
   2.86263003E-05   4.42415010E-03
   2.51664005E-06   4.37727990E-03
   3.14582991E-07   4.39648004E-03
   8.55663020E-05   4.40697977E-03
   3.14582991E-07   4.42497991E-03
   4.78164984E-05   4.33020014E-03
   2.79987999E-05   4.43264982E-03
   2.23359002E-05   4.43380000E-03
   3.46045999E-06   4.38692980E-03
   6.60618980E-06   4.40612994E-03
   1.08216998E-04   4.41663014E-03
   3.14586003E-07   4.43462981E-03
   6.11731991E-07   4.53509996E-03
   1.80454008E-05   4.53625014E-03
   1.22345000E-06   4.48937993E-03
   1.22345000E-06   4.50858008E-03
   1.34590000E-05   4.51907981E-03
   6.09959989E-06   4.53739986E-03
   1.92600010E-06   4.49053012E-03
   6.09959989E-06   4.50972980E-03
   1.60508007E-05   4.52023000E-03
   3.21030996E-07   4.53823013E-03
   3.14565995E-07   4.44365991E-03
   3.14565995E-07   4.46286006E-03
   9.43685973E-06   4.47335979E-03
   9.75188959E-06   4.49255994E-03
   1.17543996E-05   4.50306013E-03
   1.06857999E-06   4.52105980E-03
       -1137       -1137
   4.88769002E-02   8.14000014E-05
   7.01534003E-03   9.10500021E-05
   1.67564005E-02   1.93500004E-04
   1.76853000E-03   1.94649998E-04
   9.51909984E-04   1.47779996E-04
   4.59909003E-04   1.66979997E-04
   9.15560988E-04   1.77480004E-04
   8.18726985E-05   1.95479995E-04
   4.27152008E-06   9.10400006E-04
   7.26896978E-04   1.07360003E-03
   7.08390027E-04   1.33809994E-03
   2.75927000E-02   1.60155003E-03
   3.26496991E-03   1.64993003E-03
   1.61380004E-02   1.99802010E-03
   3.62030999E-03   2.01100996E-03
   1.42383997E-05   2.09745998E-03
   1.48788997E-04   2.16276990E-03
   1.08918997E-04   2.22768006E-03
   3.53190000E-03   2.32460001E-03
   4.49240004E-04   2.33424990E-03
   4.00101009E-04   2.43670004E-03
   7.19070013E-05   2.43784999E-03
   3.55964994E-06   2.39098002E-03
   2.34932995E-05   2.41017994E-03
   1.49505004E-05   2.42067990E-03
   3.23941000E-04   1.23679999E-03
   3.16174002E-03   1.50130002E-03
   2.50586998E-02   1.76474999E-03
   1.39540003E-03   1.81312999E-03
   1.22373998E-02   2.16121995E-03
   6.77199988E-03   2.17421004E-03
   9.75333969E-05   2.26066005E-03
   1.34557005E-04   2.32596998E-03
   5.45338029E-04   2.39087990E-03
   3.16819991E-03   2.48780008E-03
   2.17142006E-04   2.49744998E-03
   2.94025987E-04   2.59989989E-03
   1.58764000E-04   2.60105007E-03
   1.70866006E-05   2.55418010E-03
   2.13590993E-05   2.57338001E-03
   7.40421965E-05   2.58387998E-03
   1.42383999E-06   2.60188011E-03
   1.09784002E-03   1.76580006E-03
   4.75924015E-02   2.02924991E-03
   1.81040994E-03   2.07763002E-03
   1.89017004E-03   2.42571998E-03
   1.59342005E-03   2.43871007E-03
   1.33851994E-04   2.52516009E-03
   4.58499999E-04   2.59047002E-03
   3.61665006E-04   2.65537994E-03
   6.09369017E-03   2.75229989E-03
   2.63418013E-04   2.76195002E-03
   3.55966004E-05   2.86439992E-03
   2.70538003E-05   2.86555011E-03
   2.49175991E-05   2.81867990E-03
   6.83460967E-05   2.83788005E-03
   4.91231003E-05   2.84838001E-03
   2.13592989E-06   2.86637992E-03
   4.42630015E-02   2.29270011E-03
   8.63180980E-02   2.34107999E-03
   5.29075004E-02   2.68916995E-03
   6.23407997E-02   2.70216004E-03
   6.34367997E-03   2.78861006E-03
   5.99210989E-03   2.85391998E-03
   1.09847002E-02   2.91882991E-03
   1.41433002E-02   3.01575009E-03
   1.60936993E-02   3.02539999E-03
   1.80698000E-03   3.12784989E-03
   2.05113995E-03   3.12900008E-03
   1.22666999E-03   3.08213010E-03
   9.82515980E-04   3.10133002E-03
   1.58628996E-03   3.11182998E-03
   1.07510001E-04   3.12982989E-03
   1.35551998E-03   2.38946010E-03
   6.27546981E-02   2.73755006E-03
   2.93163001E-03   2.75053992E-03
   3.63077008E-04   2.83698994E-03
   1.83687007E-04   2.90230010E-03
   3.31051997E-04   2.96721002E-03
   1.10809002E-02   3.06412997E-03
   4.08654014E-04   3.07378010E-03
   1.96496001E-03   3.17623001E-03
   7.97379980E-05   3.17737996E-03
   6.12271979E-05   3.13050998E-03
   2.77659001E-05   3.14970990E-03
   4.55656009E-05   3.16021009E-03
   4.98339978E-06   3.17821000E-03
   6.23224005E-02   3.08564003E-03
  0.178175002       3.09863011E-03
   3.97770014E-03   3.18507990E-03
   2.29173992E-03   3.25039006E-03
   4.49234998E-04   3.31529998E-03
   7.47686019E-03   3.41221993E-03
   1.10937003E-02   3.42187006E-03
   3.75184999E-03   3.52431997E-03
   5.53032011E-03   3.52546992E-03
   7.77431007E-04   3.47859995E-03
   3.68781009E-04   3.49780009E-03
   6.54988035E-05   3.50830005E-03
   6.76330019E-05   3.52629996E-03
   3.71383992E-03   3.11161997E-03
   6.23299973E-04   3.19806999E-03
   6.47003006E-04   3.26337991E-03
   3.33908014E-04   3.32829007E-03
   7.32827978E-03   3.42521002E-03
   4.86156991E-04   3.43485991E-03
   4.79105022E-03   3.53731005E-03
   2.11110993E-04   3.53846001E-03
   1.12025002E-04   3.49159003E-03
   9.04776971E-05   3.51078995E-03
   4.73940017E-05   3.52128991E-03
   9.33515003E-06   3.53929005E-03
   1.42388001E-06   3.28452000E-03
   2.27819000E-05   3.34982993E-03
   2.13596995E-05   3.41474009E-03
   8.17340973E-04   3.51166003E-03
   5.55330007E-05   3.52130993E-03
   1.05371000E-04   3.62376007E-03
   1.56629994E-05   3.62491002E-03
   7.11970017E-07   3.57804005E-03
   3.55973998E-06   3.59723996E-03
   2.84776002E-06   3.60773993E-03
   1.49506004E-05   3.41514009E-03
   8.54336977E-05   3.48005001E-03
   7.61768024E-04   3.57696996E-03
   3.34612996E-05   3.58662009E-03
   5.76677994E-05   3.68907000E-03
   1.56625993E-05   3.69021995E-03
   4.27153009E-06   3.64334998E-03
   4.98339978E-06   3.66254989E-03
   1.21031999E-05   3.67305009E-03
   7.11951998E-07   3.69104999E-03
   3.06127986E-05   3.54495994E-03
   1.41602999E-03   3.64187988E-03
   5.12590013E-05   3.65153002E-03
   9.96661038E-06   3.75397992E-03
   5.69544000E-06   3.75513011E-03
   4.27136001E-06   3.70825990E-03
   1.28148004E-05   3.72746005E-03
   8.54301015E-06   3.73796001E-03
   1.08073000E-03   3.73880006E-03
   2.07961001E-03   3.74844996E-03
   2.54871993E-04   3.85090010E-03
   2.42053007E-04   3.85205005E-03
   1.58046998E-04   3.80518008E-03
   1.25296996E-04   3.82437999E-03
   2.05037999E-04   3.83487996E-03
   1.35262999E-05   3.85288009E-03
   2.83964000E-05   3.75810009E-03
   3.26223002E-04   3.86055000E-03
   1.25466004E-05   3.86169995E-03
   8.58488966E-06   3.81482998E-03
   4.62241997E-06   3.83402989E-03
   6.60380010E-06   3.84453009E-03
   6.60380010E-07   3.86252999E-03
   3.67372013E-05   3.96300014E-03
   1.33651003E-04   3.96414986E-03
   1.83694992E-05   3.91728012E-03
   8.23437040E-06   3.93647980E-03
   1.26678003E-06   3.94698000E-03
   1.90031005E-06   3.96498013E-03
   2.23790994E-06   3.96530004E-03
   2.98366990E-06   3.91842984E-03
   2.23790994E-06   3.93762998E-03
   7.45949023E-07   3.94813018E-03
   9.28243992E-07   3.89076001E-03
   9.28243992E-07   3.90125997E-03
   1.18209005E-06   3.90995992E-03
   2.36408005E-06   3.92046012E-03
   1.66319001E-06   3.93095985E-03
       -1137       -1137
   2.10093003E-05   7.09499989E-04
   2.78197986E-04   8.72700009E-04
   1.48515997E-03   1.13720004E-03
   3.11167003E-03   1.40065001E-03
   3.08127999E-02   1.44903001E-03
   4.05328022E-03   1.79711997E-03
   1.69635005E-02   1.81011006E-03
   1.59382998E-05   1.89655996E-03
   2.24575997E-05   1.96186989E-03
   2.35454005E-04   2.02678004E-03
   3.91222013E-04   2.12369999E-03
   3.92065989E-03   2.13334989E-03
   7.89675032E-05   2.23580003E-03
   3.68751993E-04   2.23694998E-03
   3.62226001E-06   2.19008001E-03
   3.62226001E-06   2.20927992E-03
   3.18776983E-05   2.21978012E-03
   1.37650004E-05   1.03589997E-03
   4.62793000E-03   1.30040001E-03
   2.26762000E-04   1.56384998E-03
   3.16611007E-02   1.61222997E-03
   2.34073005E-03   1.96031993E-03
   1.05346004E-02   1.97331002E-03
   3.47743007E-05   2.05976004E-03
   3.62226001E-06   2.12506996E-03
   7.35339010E-04   2.18997989E-03
   5.79582002E-06   2.28690007E-03
   4.01702011E-03   2.29654997E-03
   5.36111984E-05   2.39900011E-03
   2.24575997E-04   2.40015006E-03
   5.79582002E-06   2.35328008E-03
   7.24471988E-07   2.37248000E-03
   9.92548012E-05   2.38297996E-03
   7.24471988E-07   2.40098010E-03
   2.78201001E-03   1.56490004E-03
   2.82919011E-03   1.82835001E-03
   4.53786999E-02   1.87673001E-03
   1.88877003E-03   2.22481997E-03
   2.92257010E-03   2.23781005E-03
   2.96309998E-04   2.32426007E-03
   6.10738993E-04   2.38957000E-03
   9.04149027E-04   2.45447992E-03
   4.53518995E-04   2.55140010E-03
   5.72563987E-03   2.56105000E-03
   3.62229985E-05   2.66349991E-03
   5.28876008E-05   2.66465009E-03
   5.50600016E-05   2.61777989E-03
   8.98346989E-05   2.63698003E-03
   1.22432000E-04   2.64748000E-03
   5.07121013E-06   2.66547990E-03
   6.23747997E-04   2.09180010E-03
   6.48353025E-02   2.14017997E-03
   2.71956995E-03   2.48826994E-03
   3.76783982E-02   2.50126002E-03
   3.20213003E-04   2.58771004E-03
   6.52017989E-05   2.65301997E-03
   4.65090998E-04   2.71792989E-03
   1.80389994E-04   2.81485007E-03
   8.28912016E-03   2.82449997E-03
   8.25883035E-05   2.92695011E-03
   1.12873001E-03   2.92810006E-03
   5.36104999E-05   2.88123009E-03
   1.01420001E-05   2.90043000E-03
   6.37505000E-05   2.91092996E-03
   4.34666981E-06   2.92893010E-03
   7.13697970E-02   2.18856009E-03
   5.93541004E-02   2.53665005E-03
   9.57567021E-02   2.54963990E-03
   6.70218980E-03   2.63608992E-03
   7.19896983E-03   2.70140008E-03
   1.05732996E-02   2.76631000E-03
   1.20553998E-02   2.86322995E-03
   2.24329997E-02   2.87288008E-03
   2.01840000E-03   2.97532999E-03
   3.01891007E-03   2.97647994E-03
   1.28819002E-03   2.92960997E-03
   1.16859004E-03   2.94881011E-03
   1.53015996E-03   2.95931008E-03
   1.13023998E-04   2.97730998E-03
   5.29085007E-03   2.88474001E-03
  0.167897999       2.89773010E-03
   7.73015025E-04   2.98418012E-03
   4.88298014E-04   3.04949004E-03
   3.71658010E-04   3.11439997E-03
   4.86112986E-04   3.21131991E-03
   7.13841990E-03   3.22097004E-03
   3.17310012E-04   3.32341995E-03
   4.29242989E-03   3.32456990E-03
   1.42001998E-04   3.27769993E-03
   7.82443021E-05   3.29690007E-03
   5.21635011E-05   3.30740004E-03
   1.23157997E-05   3.32539994E-03
  0.114467002       2.91071995E-03
   4.13175020E-03   2.99716997E-03
   2.44589010E-03   3.06247990E-03
   6.45515975E-04   3.12739005E-03
   6.47839997E-03   3.22431000E-03
   1.39709003E-02   3.23395990E-03
   5.30829979E-03   3.33641004E-03
   6.45148009E-03   3.33755999E-03
   8.05617019E-04   3.29069002E-03
   4.00647987E-04   3.30988993E-03
   9.34597992E-05   3.32038989E-03
   7.09976011E-05   3.33839003E-03
   7.24449990E-07   3.14892991E-03
   4.92617000E-05   3.21384007E-03
   4.63651995E-05   3.31076002E-03
   8.58478015E-04   3.32040992E-03
   1.95594002E-05   3.42286006E-03
   1.00694000E-04   3.42401001E-03
   6.52006020E-06   3.40683991E-03
   1.04318002E-04   3.27915000E-03
   4.34657022E-06   3.37606994E-03
   9.27301007E-04   3.38572008E-03
   1.15910998E-05   3.48816998E-03
   5.50574987E-05   3.48931993E-03
   1.44885998E-05   3.47215007E-03
   7.38953022E-05   3.34405992E-03
   7.96922977E-05   3.44098010E-03
   1.33884000E-03   3.45063000E-03
   7.96922996E-06   3.55307991E-03
   1.37649004E-05   3.55423009E-03
   9.41813960E-06   3.50735988E-03
   1.52130997E-05   3.52656003E-03
   2.02842002E-05   3.53705999E-03
   7.24469999E-07   3.55505990E-03
   1.23154996E-05   3.53790005E-03
   1.55099004E-03   3.54754995E-03
   1.52128996E-05   3.65000009E-03
   1.98498004E-04   3.65115004E-03
   7.96913992E-06   3.60428006E-03
   7.24461017E-07   3.62347998E-03
   1.08671002E-05   3.63397994E-03
   7.24461017E-07   3.65198008E-03
   1.69307995E-03   3.55720008E-03
   2.44872994E-04   3.65964998E-03
   4.39035008E-04   3.66079994E-03
   1.65175996E-04   3.61392996E-03
   1.50691994E-04   3.63313011E-03
   1.94161999E-04   3.64363007E-03
   1.44892001E-05   3.66162998E-03
   3.62636001E-06   3.76209989E-03
   1.38521005E-04   3.76325008E-03
   3.62636001E-06   3.71638010E-03
   2.17581010E-06   3.73558002E-03
   1.45055003E-06   3.74607998E-03
   6.95269991E-05   3.76440003E-03
   1.84036999E-05   3.71753005E-03
   8.86139969E-06   3.73672997E-03
   2.04486992E-06   3.74722993E-03
   1.36325002E-06   3.76523007E-03
   1.87030003E-06   3.70035996E-03
   2.69410998E-06   3.71956010E-03
   1.96299993E-06   3.73006007E-03
       -1137       -1137
   6.29729033E-02   4.37000017E-05
   9.67729986E-02   5.33499988E-05
   1.22547001E-02   1.55799993E-04
   1.29592996E-02   1.56950002E-04
   8.90360959E-03   1.10080000E-04
   7.14355987E-03   1.29280001E-04
   9.36891977E-03   1.39779993E-04
   7.54429027E-04   1.57779999E-04
   5.03006997E-03   0.00000000    
   1.70044005E-02   0.00000000    
   3.84195000E-02   8.10600031E-05
   4.69936989E-02   1.46370003E-04
   3.97448987E-02   2.11279999E-04
   3.49776000E-02   3.08199989E-04
   4.34575006E-02   3.17850005E-04
   8.50288023E-04   4.20299999E-04
   1.43773004E-03   4.21450008E-04
   7.31938984E-03   3.74580006E-04
   7.27328984E-03   3.93780007E-04
   5.78188989E-03   4.04279999E-04
   6.40253013E-04   4.22279991E-04
   3.52867995E-03   2.45069998E-04
   4.12914995E-03   2.58059998E-04
   1.63723007E-02   3.44509986E-04
   5.90114994E-03   4.09820001E-04
   5.13932994E-03   4.74730012E-04
   1.87876006E-03   5.71649987E-04
   3.22261010E-03   5.81300003E-04
   6.88772008E-04   6.83750026E-04
   6.65800006E-04   6.84899976E-04
   2.27632001E-03   6.38030004E-04
   8.93784978E-04   6.57229975E-04
   6.09837996E-04   6.67729997E-04
   1.90599007E-04   6.85730018E-04
   4.80856979E-03   2.93449993E-04
   6.03247993E-03   3.06439993E-04
   2.27135997E-02   3.92890011E-04
   8.89682025E-03   4.58199997E-04
   6.29309984E-03   5.23109979E-04
   2.52245995E-03   6.20029983E-04
   3.33053991E-03   6.29679998E-04
   7.38199975E-04   7.32130022E-04
   9.98742995E-04   7.33279972E-04
   3.13777011E-03   6.86410000E-04
   1.20280997E-03   7.05609971E-04
   8.32130027E-04   7.16109993E-04
   2.62879010E-04   7.34110014E-04
   8.68810993E-03   6.41539984E-04
   1.62524004E-02   6.54530013E-04
   2.01222003E-02   7.40979973E-04
   2.82275002E-03   8.06290016E-04
   1.27357002E-02   8.71199998E-04
   1.20297004E-03   9.68120003E-04
   7.66881974E-04   9.77769960E-04
   2.85969989E-04   1.08021998E-03
   2.62062007E-04   1.08137005E-03
   2.34774989E-03   1.03449996E-03
   3.40717001E-04   1.05369999E-03
   1.39740005E-03   1.06419995E-03
   1.91287996E-04   1.08219997E-03
   1.42951002E-02   6.67519984E-04
   2.59927996E-02   7.53970002E-04
   1.29287003E-03   8.19279987E-04
   1.32485004E-02   8.84190027E-04
   6.89429988E-04   9.81110032E-04
   1.70389004E-03   9.90760047E-04
   2.79989996E-04   1.09320995E-03
   4.53741988E-04   1.09436002E-03
   3.01772007E-03   1.04749005E-03
   1.51336004E-04   1.06668996E-03
   1.39097997E-03   1.07719004E-03
   2.45758012E-04   1.09518995E-03
   1.75109003E-02   8.40420020E-04
   2.62697991E-02   9.05730005E-04
   4.08286005E-02   9.70639987E-04
   4.13874015E-02   1.06756005E-03
   5.70164993E-02   1.07720995E-03
   1.03380997E-02   1.17965997E-03
   1.26275998E-02   1.18081004E-03
   5.56810014E-03   1.13393995E-03
   4.30322019E-03   1.15313998E-03
   5.86237013E-03   1.16363994E-03
   4.77931986E-04   1.18163996E-03
   2.01722002E-03   9.71039990E-04
   9.31539014E-03   1.03595003E-03
   3.71452002E-03   1.13286998E-03
   2.53882003E-03   1.14251999E-03
   5.72450983E-04   1.24497002E-03
   3.36202997E-04   1.24611997E-03
   3.12402006E-03   1.19924999E-03
   5.32470993E-04   1.21845002E-03
   9.97715048E-04   1.22894999E-03
   2.56242987E-04   1.24695001E-03
   4.97206999E-03   1.10085995E-03
   2.21521012E-03   1.19778002E-03
   5.84074017E-03   1.20743003E-03
   2.80772010E-03   1.30988006E-03
   3.38194007E-03   1.31103001E-03
   5.06292982E-03   1.26416003E-03
   1.35385001E-03   1.28335995E-03
   1.24660996E-03   1.29386003E-03
   4.17979987E-04   1.31186005E-03
   1.08592003E-03   1.29469996E-03
   3.44734010E-03   1.30434998E-03
   2.58835003E-04   1.40680000E-03
   1.80058007E-04   1.40794995E-03
   5.15425019E-03   1.36107998E-03
   4.83907992E-04   1.38028001E-03
   2.00686001E-04   1.39077997E-03
   4.22018988E-04   1.40877999E-03
   2.18612002E-03   1.31399999E-03
   2.02451003E-04   1.41645002E-03
   3.69607005E-04   1.41759997E-03
   7.01483991E-03   1.37072999E-03
   2.84162990E-04   1.38993002E-03
   6.63065992E-04   1.40042999E-03
   5.75770973E-04   1.41843001E-03
   1.43935004E-05   1.51890004E-03
   3.05873982E-05   1.52004999E-03
   1.17852003E-03   1.47318002E-03
   6.65725020E-05   1.49238005E-03
   3.20269988E-04   1.50288001E-03
   9.53643976E-05   1.52088003E-03
   2.37209006E-05   1.52120006E-03
   1.45598000E-03   1.47432997E-03
   3.64927982E-05   1.49353000E-03
   3.85004008E-04   1.50402996E-03
   1.18604999E-04   1.52202998E-03
   4.47856000E-04   1.42746000E-03
   5.65817987E-04   1.44666003E-03
   7.85753014E-04   1.45715999E-03
   7.59758987E-05   1.47516001E-03
   3.82729013E-05   1.46586006E-03
   1.57126997E-04   1.47636002E-03
   4.63307006E-05   1.49436004E-03
   9.00422965E-05   1.48685998E-03
   7.02780017E-05   1.50486000E-03
       -1137       -1137
   1.70304999E-02   4.80800009E-05
   1.04933996E-02   1.44999998E-04
   1.53013002E-02   1.54649999E-04
   1.29673001E-03   2.57100008E-04
   1.89624005E-03   2.58249987E-04
   2.01605004E-03   2.11380000E-04
   2.25968007E-03   2.30580001E-04
   1.91406999E-03   2.41079993E-04
   1.69958003E-04   2.59080000E-04
   8.31459984E-02   8.18699991E-05
  0.210648000       9.48599991E-05
   3.29562016E-02   1.81309995E-04
   2.70822998E-02   2.46620009E-04
   3.18454988E-02   3.11529991E-04
   1.77226998E-02   4.08449996E-04
   2.57111005E-02   4.18100011E-04
   1.25235005E-03   5.20550006E-04
   2.32264004E-03   5.21700014E-04
   6.33177999E-03   4.74830013E-04
   4.13133018E-03   4.94030013E-04
   4.54038009E-03   5.04529977E-04
   5.50983998E-04   5.22529997E-04
   4.19869982E-02   1.30250002E-04
   1.06188003E-02   1.43240002E-04
   5.12224017E-03   2.29690006E-04
   2.22691000E-02   2.95000005E-04
   4.32946021E-03   3.59909987E-04
   2.01639999E-03   4.56829992E-04
   2.30448996E-03   4.66480007E-04
   3.91189998E-04   5.68930001E-04
   2.32678998E-04   5.70080010E-04
   7.52354972E-04   5.23209979E-04
   2.36078002E-03   5.42410009E-04
   4.71080013E-04   5.52909973E-04
   6.36065015E-05   5.70909993E-04
   1.97158009E-03   4.78339993E-04
   1.02227004E-02   4.91329993E-04
   4.98015014E-03   5.77780011E-04
   1.92444995E-02   6.43089996E-04
   2.30897008E-03   7.07999978E-04
   5.88897988E-03   8.04919982E-04
   4.73838998E-03   8.14569998E-04
   4.22490004E-04   9.17020021E-04
   2.78860010E-04   9.18169972E-04
   9.66195017E-04   8.71299999E-04
   2.07297993E-03   8.90500029E-04
   2.88531010E-04   9.00999992E-04
   8.44733004E-05   9.19000013E-04
   5.34577004E-04   5.04320022E-04
   2.72402004E-03   5.90769981E-04
   2.94001997E-02   6.56080025E-04
   1.59162004E-03   7.20990007E-04
   1.24281999E-02   8.17910011E-04
   1.20420998E-03   8.27560027E-04
   9.05791021E-05   9.30009992E-04
   5.31769983E-05   9.31160001E-04
   3.89410008E-04   8.84290028E-04
   3.03412997E-03   9.03489999E-04
   1.89176993E-04   9.13990021E-04
   3.25676992E-05   9.31989984E-04
   2.00541993E-03   6.77219999E-04
   2.59473994E-02   7.42529985E-04
   4.96832002E-03   8.07440025E-04
   6.59029977E-03   9.04359971E-04
   4.56110016E-03   9.14009986E-04
   3.01577995E-04   1.01646001E-03
   6.18493010E-04   1.01760996E-03
   5.91225980E-04   9.70739988E-04
   2.65281997E-03   9.89940017E-04
   6.38936006E-04   1.00043998E-03
   4.94105989E-05   1.01844000E-03
   1.79683995E-02   8.07840028E-04
   4.67072986E-02   8.72750010E-04
   3.80881988E-02   9.69670014E-04
   6.34047985E-02   9.79320030E-04
   1.04476996E-02   1.08177005E-03
   1.39001999E-02   1.08292000E-03
   5.19629009E-03   1.03605003E-03
   4.86169988E-03   1.05524994E-03
   6.73985016E-03   1.06575002E-03
   4.57026006E-04   1.08375004E-03
   1.49615004E-03   9.37659992E-04
   6.63171988E-03   1.03458005E-03
   3.05805006E-03   1.04422995E-03
   3.42473009E-04   1.14667998E-03
   5.01594972E-04   1.14783004E-03
   6.81482023E-04   1.10095995E-03
   4.89673996E-03   1.12015998E-03
   3.64962005E-04   1.13065995E-03
   5.70779994E-05   1.14865997E-03
   2.06855009E-03   1.13150000E-03
   3.07276007E-03   1.14115002E-03
   1.42740004E-03   1.24360004E-03
   2.31719995E-03   1.24474999E-03
   9.58177028E-04   1.19788002E-03
   3.30468011E-03   1.21708005E-03
   7.52847001E-04   1.22758001E-03
   8.38052001E-05   1.24558003E-03
   5.27639000E-04   1.15080003E-03
   3.88410990E-04   1.25325006E-03
   2.06040000E-04   1.25440001E-03
   4.58021008E-04   1.20753003E-03
   5.41300979E-03   1.22672995E-03
   2.88184005E-04   1.23723003E-03
   3.75886011E-05   1.25523005E-03
   1.84452001E-05   1.35569996E-03
   3.40514998E-05   1.35685003E-03
   4.39828000E-05   1.30998006E-03
   8.71189986E-04   1.32917997E-03
   3.26324989E-05   1.33968005E-03
   4.25639018E-06   1.35767995E-03
   7.20775006E-06   1.35799998E-03
   7.06373976E-05   1.31113001E-03
   1.18360005E-03   1.33033004E-03
   4.61312011E-05   1.34083000E-03
   5.76623006E-06   1.35883002E-03
   3.52237003E-05   1.26426003E-03
   4.21328994E-04   1.28345995E-03
   6.77361022E-05   1.29396003E-03
   5.41891995E-06   1.31196005E-03
   2.81121000E-04   1.30265998E-03
   6.45928027E-04   1.31316006E-03
   4.26410006E-05   1.33115996E-03
   2.22180006E-05   1.32366002E-03
   6.83583994E-06   1.34166004E-03
       -1137       -1137
   5.05637005E-02   4.70300001E-05
   1.84172001E-02   1.43950005E-04
   2.78932992E-02   1.53600005E-04
   1.87159004E-03   2.56050000E-04
   1.61460997E-03   2.57200008E-04
   3.97338998E-03   2.10330007E-04
   2.82784994E-03   2.29529993E-04
   6.02832017E-03   2.40030000E-04
   3.41228006E-04   2.58029992E-04
  0.123783998       3.04999994E-05
  0.135414004       9.54100033E-05
  0.120599002       1.92330001E-04
  0.144791007       2.01980001E-04
   5.57215977E-03   3.04429996E-04
   7.11223017E-03   3.05580004E-04
   2.23507993E-02   2.58710003E-04
   1.96500998E-02   2.77910003E-04
   1.80783998E-02   2.88409996E-04
   1.93366001E-03   3.06409987E-04
   9.69689980E-04   2.13840001E-04
   3.60711990E-03   2.26830001E-04
   9.54645034E-03   3.13280005E-04
   4.98519000E-03   3.78589990E-04
   5.45471013E-02   4.43500001E-04
   2.15626997E-03   5.40420006E-04
   7.85764027E-03   5.50070021E-04
   4.18884010E-04   6.52519986E-04
   3.97500000E-04   6.53669995E-04
   1.14108005E-03   6.06800022E-04
   6.79655001E-04   6.25999994E-04
   5.27691003E-03   6.36500015E-04
   9.33970005E-05   6.54499978E-04
   3.56850005E-03   2.39820001E-04
   2.20947992E-02   3.26270005E-04
   1.76031999E-02   3.91579990E-04
   6.55689985E-02   4.56490001E-04
   1.61458005E-03   5.53409976E-04
   1.11451000E-02   5.63059992E-04
   1.61290006E-03   6.65510015E-04
   2.00335006E-03   6.66660024E-04
   3.21840006E-03   6.19789993E-04
   2.52139010E-03   6.38990023E-04
   6.40839990E-03   6.49489986E-04
   2.71655997E-04   6.67490007E-04
   3.47202003E-05   4.12719994E-04
   2.55472987E-04   4.78030008E-04
   5.02821011E-03   5.42939990E-04
   4.63222997E-04   6.39859994E-04
   7.78247020E-04   6.49510010E-04
   1.25617997E-04   7.51959975E-04
   1.20810000E-04   7.53109984E-04
   1.58072999E-05   7.06240011E-04
   2.65340004E-05   7.25439982E-04
   4.64915996E-04   7.35940004E-04
   1.41134001E-06   7.53940025E-04
   1.41137002E-06   5.43339993E-04
   5.75549994E-03   6.08249975E-04
   2.58854008E-04   7.05169979E-04
   7.11638015E-04   7.14819995E-04
   1.00215999E-04   8.17270018E-04
   2.16519999E-04   8.18420027E-04
   4.46012018E-05   7.71549996E-04
   4.79882010E-06   7.90750026E-04
   5.46790019E-04   8.01249989E-04
   3.95203006E-06   8.19250010E-04
   7.25984992E-03   6.73160015E-04
   8.71160999E-03   7.70080020E-04
   1.15900002E-02   7.79729977E-04
   2.22975994E-03   8.82180000E-04
   2.62324000E-03   8.83330009E-04
   9.97568015E-04   8.36459978E-04
   9.14855977E-04   8.55660008E-04
   1.74000999E-03   8.66159971E-04
   8.75058977E-05   8.84159992E-04
   1.75380002E-04   8.67000024E-04
   1.05078996E-03   8.76649981E-04
   5.10081991E-05   9.79100005E-04
   9.31321993E-05   9.80249955E-04
   6.44756001E-05   9.33379983E-04
   4.21242985E-05   9.52580012E-04
   8.49367992E-04   9.63079976E-04
   5.44465001E-06   9.81079997E-04
   9.86570027E-04   8.86299997E-04
   1.67392005E-04   9.88750020E-04
   2.26385993E-04   9.89899971E-04
   1.47357001E-04   9.43029998E-04
   1.16864001E-04   9.62230028E-04
   1.12797006E-03   9.72729991E-04
   1.29856999E-05   9.90730012E-04
   1.94793006E-06   1.09120004E-03
   1.11320996E-05   1.09234999E-03
   1.53066994E-05   1.04548002E-03
   5.84409008E-06   1.06468005E-03
   2.03988006E-04   1.07518001E-03
   1.11321003E-06   1.09318004E-03
   6.81474012E-06   1.09349994E-03
   1.59005995E-05   1.04662997E-03
   1.27780004E-05   1.06583000E-03
   2.43620001E-04   1.07632997E-03
   1.41966996E-06   1.09432999E-03
   2.96075001E-07   9.99759999E-04
   3.55291991E-06   1.01896003E-03
   9.71120025E-05   1.02945999E-03
   9.48200977E-05   1.04866002E-03
   3.08863008E-07   1.06666004E-03
   1.12278001E-04   1.05915999E-03
   9.30321039E-06   1.07716001E-03
       -1137       -1137
   2.70268996E-03   4.09800014E-05
   3.18685989E-03   4.21299992E-05
   1.26057002E-03   1.44599999E-05
   2.75158999E-03   2.49599998E-05
   1.89287006E-04   4.29600004E-05
  0.123156004       4.98299996E-05
  0.110407002       1.15139999E-04
  0.128085002       1.80050003E-04
  0.130645007       2.76970008E-04
  0.136984006       2.86619994E-04
   4.21715016E-03   3.89069988E-04
   3.16734007E-03   3.90219997E-04
   2.38643996E-02   3.43349995E-04
   1.75570007E-02   3.62549996E-04
   1.79399997E-02   3.73049988E-04
   2.09726999E-03   3.91050009E-04
   8.87366012E-03   6.28199996E-05
   1.81779992E-02   1.28130006E-04
   8.28242954E-03   1.93040003E-04
  0.138513997       2.89960008E-04
   5.84430015E-03   2.99609994E-04
   1.46913005E-03   4.02059988E-04
   3.71747010E-04   4.03209997E-04
   1.24626001E-03   3.56339995E-04
   1.79709995E-03   3.75539996E-04
   8.88374983E-04   3.86039988E-04
   1.05407998E-04   4.04040009E-04
   8.76647013E-04   1.49269996E-04
   2.15922995E-03   2.14579995E-04
   1.60139997E-03   2.79489992E-04
   1.23594999E-02   3.76409997E-04
   1.97716011E-03   3.86060012E-04
   1.03627006E-03   4.88510006E-04
   8.42801994E-04   4.89660015E-04
   1.99105998E-04   4.42790013E-04
   2.29462006E-04   4.61990014E-04
   1.79577997E-04   4.72490006E-04
   1.69168998E-05   4.90489998E-04
   4.88438003E-04   2.79889995E-04
   2.08990998E-03   3.44800006E-04
   8.75594001E-03   4.41720011E-04
   9.77315009E-04   4.51369997E-04
   1.56164999E-04   5.53819991E-04
   1.33606998E-04   5.54970000E-04
   1.55294998E-04   5.08100027E-04
   1.06710002E-04   5.27299999E-04
   1.70054002E-04   5.37800021E-04
   1.25797997E-05   5.55799983E-04
   7.20983022E-04   4.09709988E-04
   1.75768994E-02   5.06629993E-04
   1.48692005E-03   5.16280008E-04
   4.22813988E-04   6.18729973E-04
   2.33890998E-04   6.19879982E-04
   7.49679020E-05   5.73010009E-04
   1.52938999E-04   5.92209981E-04
   1.25082006E-04   6.02710003E-04
   5.56905979E-06   6.20710023E-04
   1.14035998E-02   6.03549997E-04
   2.21964009E-02   6.13200013E-04
   3.83444992E-03   7.15649978E-04
   5.16144000E-03   7.16799987E-04
   1.90108002E-03   6.69930014E-04
   1.41973002E-03   6.89129985E-04
   2.44951993E-03   6.99630007E-04
   1.64829995E-04   7.17630028E-04
   3.59202997E-04   6.22850028E-04
   4.35063004E-04   7.25299993E-04
   1.41857003E-04   7.26450002E-04
   7.01071986E-05   6.79580029E-04
   7.71178966E-05   6.98780001E-04
   1.32379995E-04   7.09280022E-04
   5.77351011E-06   7.27279985E-04
   2.67552005E-05   8.27750016E-04
   5.35090003E-05   8.28900025E-04
   5.98808983E-05   7.82029994E-04
   2.37822005E-05   8.01230024E-04
   4.62911994E-05   8.11729988E-04
   4.67159998E-06   8.29730008E-04
   6.73457998E-06   8.30049976E-04
   4.45504011E-05   7.83180003E-04
   2.12387004E-05   8.02379975E-04
   2.69382999E-05   8.12879996E-04
   3.10818996E-06   8.30880017E-04
   6.26282008E-06   7.36309972E-04
   1.20441000E-05   7.55510002E-04
   8.67155995E-06   7.66010024E-04
   9.63501975E-07   7.84009986E-04
   1.82486997E-06   7.74709973E-04
   1.27746998E-05   7.85209995E-04
   9.12483017E-07   8.03210016E-04
   6.80902986E-06   7.95710017E-04
   5.23776976E-07   8.13709979E-04
       -1137       -1137
   1.06916996E-02   1.45000001E-06
   8.17420986E-03   6.67600034E-05
   1.52621996E-02   1.31670007E-04
   7.43915979E-03   2.28589997E-04
  0.103780001       2.38239998E-04
   6.31832983E-04   3.40689992E-04
   7.70837010E-04   3.41840001E-04
   2.00582994E-03   2.94969999E-04
   1.29779999E-03   3.14170000E-04
   1.76452997E-03   3.24669993E-04
   1.72346001E-04   3.42670013E-04
  0.113004997       1.44400001E-05
  0.124000996       7.97500034E-05
  0.111400999       1.44660007E-04
  0.111510001       2.41579997E-04
  0.198932007       2.51229998E-04
   2.92292004E-03   3.53679992E-04
   5.44991996E-03   3.54830001E-04
   2.26278007E-02   3.07959999E-04
   1.92361008E-02   3.27160000E-04
   1.57602001E-02   3.37659993E-04
   1.97546999E-03   3.55660013E-04
   1.62432005E-03   1.00890000E-04
   2.34742998E-03   1.66200000E-04
   3.41549003E-03   2.31109996E-04
   3.01502994E-03   3.28030001E-04
   1.50215998E-02   3.37679987E-04
   1.00893003E-03   4.40130010E-04
   1.55042997E-03   4.41279990E-04
   3.60016013E-04   3.94409988E-04
   2.60733999E-04   4.13609989E-04
   3.80134006E-04   4.24110010E-04
   2.99630992E-05   4.42110002E-04
   3.22568987E-04   2.31509999E-04
   3.85594997E-03   2.96420010E-04
   5.83769986E-04   3.93339986E-04
   1.33154001E-02   4.02990001E-04
   1.58587995E-04   5.05439995E-04
   3.36894009E-04   5.06590004E-04
   1.58587995E-04   4.59720002E-04
   7.16823997E-05   4.78920003E-04
   3.18103004E-04   4.89420025E-04
   1.25449997E-05   5.07419987E-04
   1.20418996E-03   3.61329992E-04
   2.23046006E-03   4.58249997E-04
   1.67877004E-02   4.67900012E-04
   3.10323987E-04   5.70349977E-04
   4.11760004E-04   5.71499986E-04
   1.08770000E-04   5.24630013E-04
   1.62712997E-04   5.43829985E-04
   2.12365005E-04   5.54330007E-04
   7.76914021E-06   5.72330027E-04
   1.41291006E-04   5.55170001E-04
   1.61243994E-02   5.64820017E-04
   1.02179998E-04   6.67269982E-04
   3.79706005E-04   6.68419991E-04
   7.27462029E-05   6.21550018E-04
   4.83557997E-05   6.40749990E-04
   2.11500999E-04   6.51250011E-04
   5.88686999E-06   6.69249974E-04
   1.79442000E-02   5.74469974E-04
   4.29379987E-03   6.76919997E-04
   5.02806995E-03   6.78070006E-04
   1.92656997E-03   6.31199975E-04
   1.79421005E-03   6.50400005E-04
   2.29916000E-03   6.60900027E-04
   1.67046994E-04   6.78899989E-04
   6.06778985E-06   7.79370021E-04
   4.81095994E-05   7.80519971E-04
   4.29085012E-05   7.33649998E-04
   1.51693002E-05   7.52850028E-04
   2.68713993E-05   7.63349992E-04
   3.03385991E-06   7.81350012E-04
   3.86624997E-05   7.81669980E-04
   7.60210023E-05   7.34800007E-04
   2.91041997E-05   7.53999979E-04
   4.38755014E-05   7.64500001E-04
   5.64726997E-06   7.82500021E-04
   1.09171997E-05   6.87929976E-04
   1.41009996E-05   7.07130006E-04
   1.36463996E-05   7.17630028E-04
   1.81945995E-06   7.35629990E-04
   2.67229007E-06   7.26329978E-04
   1.81718005E-05   7.36829999E-04
   1.06893003E-06   7.54830020E-04
   1.23507998E-05   7.47330021E-04
   1.02922002E-06   7.65329984E-04
       -1137       -1137
  0.122262001       5.59000000E-06
   5.95584000E-03   6.74000012E-06
   2.00944007E-04   7.56999998E-06
   5.33973984E-02   9.20399980E-05
   8.42345972E-03   9.31899995E-05
   1.84948999E-03   4.63200013E-05
   2.09968002E-03   6.55199983E-05
   4.24849987E-03   7.60199982E-05
   1.15973002E-04   9.40199971E-05
   3.16862985E-02   4.52499989E-05
   6.37521967E-02   5.48999997E-05
   5.75540997E-02   1.57350005E-04
   1.36011997E-02   1.58499999E-04
   1.37259001E-02   1.11629997E-04
   7.61234993E-03   1.30829998E-04
   1.22993998E-02   1.41330005E-04
   1.13727001E-03   1.59329997E-04
   1.24396002E-02   1.32400000E-05
   8.41237977E-02   1.10159999E-04
   6.45660013E-02   1.19810000E-04
   8.11510012E-02   2.22260001E-04
   4.71231015E-03   2.23409996E-04
   5.29215019E-03   1.76539994E-04
   3.65618011E-03   1.95739995E-04
   2.51483009E-03   2.06240002E-04
   3.72348994E-04   2.24239993E-04
   1.47238001E-02   2.07079996E-04
   2.78280005E-02   2.16729997E-04
   7.34219998E-02   3.19179991E-04
   1.19762998E-02   3.20330000E-04
   1.82516000E-03   2.73459998E-04
   8.42379034E-03   2.92659999E-04
   5.69518004E-03   3.03159992E-04
   1.64804995E-04   3.21160012E-04
   6.22643996E-03   2.26379998E-04
  0.104873002       3.28830007E-04
   3.22308997E-03   3.29979986E-04
   1.49555004E-03   2.83110014E-04
   6.36686990E-03   3.02310014E-04
   3.16213001E-03   3.12810007E-04
   1.22085999E-04   3.30809999E-04
   1.26812998E-02   4.31280001E-04
   2.75059007E-02   4.32430010E-04
   8.86000041E-03   3.85560008E-04
   7.63713010E-03   4.04760009E-04
   1.06672999E-02   4.15260001E-04
   7.67864985E-04   4.33259993E-04
   2.43978997E-04   4.33579989E-04
   2.74480990E-04   3.86709988E-04
   8.66144022E-04   4.05909988E-04
   3.47686000E-04   4.16410010E-04
   1.82989006E-05   4.34410002E-04
   5.47529999E-05   3.39839986E-04
   5.68051997E-04   3.59039987E-04
   3.96944000E-04   3.69540008E-04
   6.84411998E-06   3.87540000E-04
   2.16892993E-04   3.78239987E-04
   3.36541998E-04   3.88740009E-04
   5.23505987E-05   4.06740000E-04
   7.68612008E-05   3.99240002E-04
   3.41580017E-05   4.17239993E-04
       -1137       -1137
   5.69174998E-03   7.90499980E-05
   5.30933999E-02   8.01999995E-05
   2.20112992E-03   3.33300013E-05
   2.56073009E-03   5.25299984E-05
   3.10003990E-03   6.30299983E-05
   1.36408999E-04   8.10299971E-05
   5.36892982E-03   3.22599990E-05
   1.01600997E-02   4.19099997E-05
   6.62832987E-04   1.44360005E-04
   4.76686992E-02   1.45509999E-04
   2.92837992E-03   9.86399973E-05
   6.86927990E-04   1.17839998E-04
   1.28949003E-03   1.28340005E-04
   2.41026006E-04   1.46339997E-04
  0.127489001       9.71699992E-05
  0.274085999       1.06820000E-04
   1.43758003E-02   2.09270002E-04
   9.34937000E-02   2.10419996E-04
   1.09171001E-02   1.63549994E-04
   3.80919990E-03   1.82749995E-04
   9.90250986E-03   1.93250002E-04
   8.42218986E-04   2.11249993E-04
   2.66932999E-03   1.94089997E-04
   2.70351004E-02   2.03739997E-04
   2.06129998E-03   3.06189992E-04
   7.36009032E-02   3.07340000E-04
   1.25259999E-03   2.60469998E-04
   1.24655000E-03   2.79669999E-04
   5.11982013E-03   2.90169992E-04
   1.03377002E-04   3.08170012E-04
   1.81284007E-02   2.13389998E-04
   1.06459996E-02   3.15840007E-04
  0.100711003       3.16989986E-04
   2.09317007E-03   2.70120014E-04
   2.45998008E-03   2.89320014E-04
   1.07300999E-02   2.99820007E-04
   1.80442003E-04   3.17819999E-04
   1.54288995E-04   4.18290001E-04
   2.19564997E-02   4.19440010E-04
   2.49222998E-04   3.72570008E-04
   5.93399018E-05   3.91770009E-04
   9.31643008E-04   4.02270001E-04
   1.78017999E-05   4.20269993E-04
   1.82578005E-02   4.20589990E-04
   8.84039979E-03   3.73719988E-04
   7.35501014E-03   3.92919988E-04
   1.11496001E-02   4.03420010E-04
   7.63771008E-04   4.21420002E-04
   4.69324987E-05   3.26849986E-04
   2.54779996E-04   3.46049987E-04
   5.83324989E-04   3.56550008E-04
   6.70492000E-06   3.74550000E-04
   2.79904998E-05   3.65249987E-04
   1.74945002E-04   3.75750009E-04
   2.09931004E-05   3.93750001E-04
   2.41400994E-04   3.86250002E-04
   5.45065013E-05   4.04249993E-04
       -1137       -1137
   4.02011983E-02   5.79100015E-05
   6.65023997E-02   5.90599993E-05
   2.28716005E-02   1.21900002E-05
   1.52243003E-02   3.13899982E-05
   2.74531003E-02   4.18900017E-05
   1.91652996E-03   5.98900006E-05
  0.201410994       1.07200003E-05
  0.183476001       2.03700001E-05
   8.71623978E-02   1.22819998E-04
   8.20586011E-02   1.23970007E-04
   2.00849008E-02   7.70999977E-05
   1.99576002E-02   9.62999984E-05
   1.74844004E-02   1.06799998E-04
   1.72248005E-03   1.24800004E-04
   1.65542006E-03   1.07640000E-04
  0.120424002       1.17290001E-04
   2.37500994E-03   2.19740003E-04
   8.07073992E-03   2.20889997E-04
   6.32689986E-03   1.74019995E-04
   1.23207003E-03   1.93219996E-04
   5.03988005E-03   2.03720003E-04
   4.45196987E-04   2.21719994E-04
   2.78698001E-02   1.26939995E-04
   8.72549973E-03   2.29390003E-04
   5.87235019E-03   2.30539998E-04
   8.34176037E-03   1.83669996E-04
   3.68902995E-03   2.02869996E-04
   3.08734993E-03   2.13370004E-04
   5.85913018E-04   2.31369995E-04
   1.65760994E-05   3.31840012E-04
   6.15326979E-04   3.32989992E-04
   1.61160005E-03   2.86119990E-04
   1.35708993E-04   3.05319991E-04
   4.92785010E-04   3.15820012E-04
   1.03090999E-04   3.33820004E-04
   9.66728985E-05   3.34140001E-04
   1.96706993E-03   2.87269999E-04
   3.46285990E-04   3.06469999E-04
   2.89907010E-04   3.16969992E-04
   1.25651000E-04   3.34970013E-04
   5.53207996E-04   2.40399997E-04
   6.48715999E-04   2.59599998E-04
   9.25005006E-04   2.70099990E-04
   8.38604028E-05   2.88100011E-04
   6.16545003E-05   2.78799998E-04
   3.50813003E-04   2.89299991E-04
   4.34799986E-05   3.07300012E-04
   1.67766993E-04   2.99800013E-04
   7.07814033E-05   3.17800004E-04
       -1137       -1137
   1.87701993E-02   5.75099984E-05
   1.13503002E-02   5.86599999E-05
   1.69900004E-02   1.17899999E-05
   9.70027037E-03   3.09899988E-05
   7.95723032E-03   4.14899987E-05
   9.92045039E-04   5.94900011E-05
   9.92048979E-02   4.23300007E-05
  0.415149003       5.19800014E-05
   6.29384965E-02   1.54430003E-04
  0.138820007       1.55579997E-04
   3.88143994E-02   1.08710003E-04
   2.56967004E-02   1.27909996E-04
   3.91709991E-02   1.38410003E-04
   3.37661011E-03   1.56409995E-04
   1.60498004E-02   6.16300022E-05
   3.34358998E-02   1.64080004E-04
   7.68243987E-03   1.65229998E-04
   3.65977990E-03   1.18360003E-04
   1.88653003E-02   1.37559997E-04
   4.03696997E-03   1.48060004E-04
   2.65862007E-04   1.66059996E-04
   7.26394006E-04   2.66529998E-04
   5.86787006E-03   2.67680007E-04
   1.66419998E-03   2.20810005E-04
   3.38814990E-03   2.40010006E-04
   1.79516000E-03   2.50509998E-04
   1.48227002E-04   2.68509990E-04
   2.75939994E-04   2.68829986E-04
   6.32755982E-04   2.21959999E-04
   5.67009021E-03   2.41160000E-04
   5.96257974E-04   2.51660007E-04
   4.51591004E-05   2.69659999E-04
   1.07385000E-04   1.75089997E-04
   1.94929005E-03   1.94289998E-04
   3.24639987E-04   2.04790005E-04
   1.49838997E-05   2.22789997E-04
   1.09429006E-03   2.13489999E-04
   2.39539007E-03   2.23990006E-04
   1.67823004E-04   2.41989997E-04
   1.23960999E-04   2.34489999E-04
   2.32994007E-05   2.52489990E-04
       -1137       -1137
   2.44730003E-02   8.95199992E-05
   8.96672010E-02   9.06700006E-05
   1.38523001E-02   4.37999988E-05
   9.81551968E-03   6.29999995E-05
   2.67919991E-02   7.34999994E-05
   9.90565983E-04   9.14999982E-05
   8.92437994E-02   0.00000000    
  0.273786008       9.91699999E-05
  0.240187004       1.00320001E-04
   6.06477000E-02   5.34499995E-05
   6.13129996E-02   7.26500002E-05
   6.43239990E-02   8.31500001E-05
   5.33145992E-03   1.01149999E-04
   2.31551006E-04   2.01620001E-04
   7.01654982E-03   2.02769996E-04
   2.35550990E-03   1.55899994E-04
   6.53721974E-04   1.75099995E-04
   5.66822989E-03   1.85600002E-04
   9.34994969E-05   2.03599993E-04
   2.27242010E-03   2.03920004E-04
   4.41067992E-03   1.57050003E-04
   3.27728991E-03   1.76250003E-04
   6.76906994E-03   1.86749996E-04
   2.40606998E-04   2.04750002E-04
   3.01827007E-04   1.10180001E-04
   4.80101997E-04   1.29380001E-04
   2.00280012E-03   1.39879994E-04
   4.15778995E-05   1.57880000E-04
   1.18228002E-06   1.48580002E-04
   1.74324994E-03   1.59079995E-04
   2.18736004E-05   1.77080001E-04
   1.81655004E-03   1.69580002E-04
   1.64753001E-04   1.87579994E-04
       -1137       -1137
          -1          -1
