   3.69359995E-03   7.97519982E-02
   7.12264003E-03   8.05300027E-02
   2.33509997E-03   8.53120014E-02
   1.54624996E-03   9.79928970E-02
   1.56799995E-03   9.83603969E-02
   5.87704999E-04   9.94770005E-02
   5.16358014E-05  0.100069001    
   3.04712994E-05  0.100290000    
   4.16369992E-04  0.102642000    
   4.15994989E-04  0.102812998    
   1.58620998E-04  0.103111997    
   1.58080002E-05  0.103386000    
   9.20398998E-06  0.103441000    
   5.19989989E-08  0.103804000    
   5.19989989E-08  0.103818998    
   1.10784000E-04  0.103922002    
   1.04885999E-04  0.103991002    
   3.95464012E-05  0.104065999    
   3.43202009E-06  0.104170002    
   1.97593999E-06  0.104180999    
   2.24204006E-04   8.13079998E-02
   3.66239995E-03   8.60899985E-02
   1.32609997E-03   9.87709016E-02
   8.81947999E-05   9.91384014E-02
   7.88345002E-04  0.100254998    
   5.19768000E-05  0.100846998    
   1.11075999E-04  0.101067998    
   3.47708003E-04  0.103419997    
   2.29071993E-05  0.103591003    
   2.04600001E-04  0.103890002    
   1.51330996E-05  0.104163997    
   3.26558984E-05  0.104218997    
   4.94005974E-07  0.104581997    
   7.02027990E-07  0.104597002    
   9.18869991E-05  0.104699999    
   5.74605019E-06  0.104768999    
   5.04944001E-05  0.104843996    
   3.24991993E-06  0.104947999    
   6.96829011E-06  0.104959004    
   1.44874002E-03   9.08719972E-02
   3.84043989E-04  0.103552997    
   6.67929999E-04  0.103919998    
   6.42544008E-04  0.105036996    
   1.17345000E-04  0.105628997    
   9.16538993E-05  0.105850004    
   9.76575029E-05  0.108202003    
   1.69367006E-04  0.108373001    
   1.68097002E-04  0.108672000    
   3.46845991E-05  0.108946003    
   2.70938999E-05  0.109001003    
   7.02027023E-07  0.109364003    
   7.28033001E-07  0.109379001    
   2.55849009E-05  0.109481998    
   4.21982004E-05  0.109550998    
   4.15768009E-05  0.109626003    
   7.48817001E-06  0.109729998    
   5.79825019E-06  0.109741002    
   1.60006006E-04  0.116233997    
   2.93265999E-04  0.116600998    
   9.74713985E-05  0.117718004    
   8.32027035E-06  0.118309997    
   4.62797016E-06  0.118531004    
   8.60361033E-05  0.120883003    
   7.79244001E-05  0.121054001    
   2.63906004E-05  0.121352002    
   2.54799011E-06  0.121627003    
   1.37808001E-06  0.121680997    
   2.28805002E-05  0.122162998    
   1.96562996E-05  0.122231998    
   6.57816008E-06  0.122307003    
   5.46012984E-07  0.122409999    
   2.86014000E-07  0.122422002    
   8.03428975E-06  0.116968997    
   1.49037995E-04  0.118084997    
   8.91835043E-06  0.118676998    
   1.48994004E-05  0.118899003    
   7.69366015E-05  0.121250004    
   4.10832990E-06  0.121421002    
   3.89771994E-05  0.121720001    
   2.62611002E-06  0.121995002    
   4.44608986E-06  0.122048996    
   5.20022994E-08  0.122412004    
   7.80027989E-08  0.122427002    
   2.03336003E-05  0.122529998    
   1.01403998E-06  0.122599997    
   9.64632000E-06  0.122675002    
   5.72034992E-07  0.122777998    
   9.62048944E-07  0.122789003    
   7.21772012E-05  0.119202003    
   2.12937994E-05  0.119794004    
   1.59119008E-05  0.120015003    
   2.48290999E-05  0.122367002    
   3.80897982E-05  0.122538000    
   3.78799996E-05  0.122837000    
   6.36992991E-06  0.123111002    
   4.75788011E-06  0.123166002    
   1.03994999E-07  0.123529002    
   1.03994999E-07  0.123544000    
   6.49994990E-06  0.123646997    
   9.51609036E-06  0.123715997    
   9.38606991E-06  0.123791002    
   1.37805000E-06  0.123894997    
   1.01397995E-06  0.123906001    
   5.19994998E-08  0.120385997    
   2.18402010E-06  0.120607004    
   2.10610006E-06  0.122959003    
   2.26194993E-06  0.123130001    
   5.30413990E-06  0.123428002    
   2.60001993E-08  0.123703003    
   6.24013012E-07  0.123756997    
   2.60001993E-08  0.124135002    
   5.46000024E-07  0.124237999    
   5.72004978E-07  0.124307998    
   1.29989996E-06  0.124383003    
   1.29989999E-07  0.124498002    
   5.46004003E-07  0.120829001    
   1.17000002E-06  0.123180002    
   3.50988989E-06  0.123351000    
   3.92612992E-06  0.123649999    
   6.24018980E-07  0.123925000    
   3.12015004E-07  0.123979002    
   3.12015004E-07  0.124459997    
   8.58019007E-07  0.124530002    
   9.62004947E-07  0.124605000    
   1.29990994E-07  0.124707997    
   7.79993030E-08  0.124719001    
   1.15699004E-05  0.125532001    
   2.04367007E-05  0.125703007    
   6.73434988E-06  0.126001000    
   6.50013021E-07  0.126276001    
   3.38026013E-07  0.126330003    
   6.16225998E-06  0.126811996    
   5.14809017E-06  0.126881003    
   1.69000998E-06  0.126956001    
   1.29994007E-07  0.127058998    
   7.80006033E-08  0.127070993    
   5.19998991E-07  0.125873998    
   9.98408996E-06  0.126172006    
   6.76007005E-07  0.126447007    
   1.06596997E-06  0.126500994    
   2.60004995E-08  0.126865000    
   2.60004995E-08  0.126879007    
   5.40805013E-06  0.126982003    
   2.60005010E-07  0.127051994    
   2.47003004E-06  0.127127007    
   1.55996005E-07  0.127230003    
   2.34001007E-07  0.127241999    
   4.96607981E-06  0.126470998    
   1.58600994E-06  0.126745999    
   1.17000002E-06  0.126800001    
   2.60004001E-08  0.127162993    
   2.60004001E-08  0.127177998    
   1.76801996E-06  0.127280995    
   2.49595996E-06  0.127351001    
   2.47002004E-06  0.127425998    
   3.38018992E-07  0.127528995    
   2.60003986E-07  0.127540007    
   1.82003006E-07  0.127075002    
   1.82003006E-07  0.127555996    
   1.55997995E-07  0.127626002    
   3.90000992E-07  0.127700999    
   2.60007003E-08  0.127814993    
   5.20008996E-08  0.127129003    
   1.03997998E-07  0.127609998    
   2.60008989E-07  0.127680004    
   2.86014995E-07  0.127755001    
   2.60008992E-08  0.127857998    
   2.60008992E-08  0.127868995    
   7.97487985E-07  0.128090993    
   1.33773995E-06  0.128160998    
   4.37338997E-07  0.128235996    
   2.57260009E-08  0.128338993    
   2.57260009E-08  0.128350005    
   2.52363996E-08  0.128230006    
   6.05679986E-07  0.128306001    
   2.52363996E-08  0.128408998    
   5.04718010E-08  0.128419995    
   3.18854006E-07  0.128380999    
   7.97091033E-08  0.128483996    
   5.31398001E-08  0.128494993    
       -1137       -1137
   1.21630002E-02   2.75750004E-04
   1.61070991E-02   2.90530006E-04
   5.44520002E-03   3.93700000E-04
   4.53160983E-03   4.63200005E-04
   3.38731008E-03   5.38350025E-04
   9.35239019E-04   6.41539984E-04
   1.15360005E-03   6.52769988E-04
   3.35868001E-02   7.30999978E-04
  0.196558997       1.32279994E-03
  0.233018994       1.54440000E-03
   1.64848994E-02   3.89589998E-03
   6.40363013E-03   4.06679977E-03
   8.68729968E-03   4.36560018E-03
   3.26937996E-02   4.64035990E-03
   3.70956995E-02   4.69456008E-03
   1.82728991E-02   5.05774980E-03
   2.21519005E-02   5.07252989E-03
   4.13036998E-03   5.17569995E-03
   1.59958994E-03   5.24519989E-03
   2.14779004E-03   5.32035017E-03
   6.39022980E-03   5.42353978E-03
   7.09783006E-03   5.43477014E-03
   5.74953016E-03   1.19278003E-02
   1.21969003E-02   1.22953001E-02
   1.61798000E-02   1.34119000E-02
   1.12020001E-02   1.40036996E-02
   1.31329000E-02   1.42253004E-02
   2.64318008E-03   1.65768005E-02
   3.21187009E-03   1.67477001E-02
   4.26934985E-03   1.70465000E-02
   2.82958010E-03   1.73212998E-02
   3.31526995E-03   1.73755009E-02
   2.62838003E-04   1.77385993E-02
   2.65328010E-04   1.77533999E-02
   6.82969985E-04   1.78565998E-02
   8.06798984E-04   1.79261006E-02
   1.05690002E-03   1.80012006E-02
   5.90951997E-04   1.81044005E-02
   6.84990024E-04   1.81156993E-02
   1.12964999E-05   1.26628000E-02
   2.26599004E-04   1.37793999E-02
   7.90467020E-04   1.43712005E-02
   5.25163999E-03   1.45928003E-02
   2.22949008E-03   1.69443004E-02
   1.32912999E-06   1.71151999E-02
   4.75136003E-05   1.74139999E-02
   1.64961995E-04   1.76887996E-02
   8.62751971E-04   1.77430008E-02
   1.02334998E-04   1.81060992E-02
   3.49370996E-04   1.81208998E-02
   5.40421985E-04   1.82240997E-02
   3.32262999E-07   1.82936005E-02
   1.11304998E-05   1.83687005E-02
   3.35582990E-05   1.84719004E-02
   1.62811994E-04   1.84831992E-02
   8.05092975E-04   1.48959998E-02
   1.40568998E-03   1.54878004E-02
   8.87040980E-04   1.57094002E-02
   2.84459000E-03   1.80609003E-02
   6.18014965E-05   1.82317998E-02
   3.35268996E-04   1.85305998E-02
   1.78768998E-04   1.88053995E-02
   8.30631980E-05   1.88596006E-02
   9.65271029E-05   1.92226991E-02
   8.63930982E-05   1.92374997E-02
   6.82673999E-04   1.93406995E-02
   1.56169008E-05   1.94102004E-02
   7.87503013E-05   1.94853004E-02
   3.27298985E-05   1.95885003E-02
   1.37898996E-05   1.95998009E-02
   6.16166973E-04   1.60796009E-02
   1.65576991E-02   1.63011998E-02
   1.75407005E-03   1.86526999E-02
   2.40406007E-04   1.88235994E-02
   3.82613012E-04   1.91223994E-02
   3.03695997E-04   1.93971992E-02
   2.92505999E-03   1.94514003E-02
   2.49876000E-04   1.98145006E-02
   6.72715018E-04   1.98292993E-02
   4.09202010E-04   1.99324992E-02
   6.24656022E-05   2.00020000E-02
   9.65258005E-05   2.00771000E-02
   6.32965966E-05   2.01802999E-02
   5.58218977E-04   2.01916005E-02
   4.46465006E-03   1.65228005E-02
   2.08683009E-03   1.88743006E-02
   1.21061003E-03   1.90452002E-02
   2.24122996E-04   1.93440001E-02
   2.78004003E-03   1.96187999E-02
   1.66241999E-03   1.96729992E-02
   7.35196983E-04   2.00360995E-02
   5.38636988E-04   2.00509001E-02
   4.90616017E-04   2.01540999E-02
   2.95575010E-04   2.02236008E-02
   5.63216017E-05   2.02987008E-02
   5.30326972E-04   2.04019006E-02
   3.21653992E-04   2.04131994E-02
   2.87088013E-04   2.12258007E-02
   5.88292023E-04   2.13967003E-02
   7.55080022E-04   2.16955002E-02
   4.47745988E-04   2.19703000E-02
   5.28155011E-04   2.20244993E-02
   3.50556002E-05   2.23875996E-02
   3.32277014E-05   2.24024002E-02
   1.46368999E-04   2.25056000E-02
   1.47868996E-04   2.25751009E-02
   1.87067999E-04   2.26502009E-02
   9.37026998E-05   2.27534007E-02
   1.09150002E-04   2.27646995E-02
   1.29587997E-05   2.18663998E-02
   4.61872987E-05   2.21411996E-02
   2.08006997E-04   2.21954007E-02
   1.47868004E-05   2.25584991E-02
   5.74840014E-05   2.25732997E-02
   1.42548000E-04   2.26764996E-02
   2.99046997E-06   2.28211004E-02
   9.13733038E-06   2.29243003E-02
   3.95403986E-05   2.29355991E-02
   3.35600016E-05   2.21651997E-02
   4.66860001E-05   2.24399995E-02
   2.09339996E-05   2.24942006E-02
   2.44230996E-05   2.28572991E-02
   2.07680005E-05   2.28720997E-02
   1.81419993E-04   2.29752995E-02
   3.32280001E-06   2.30448004E-02
   1.56170008E-05   2.31199004E-02
   8.30635963E-06   2.32231002E-02
   3.32280001E-06   2.32344009E-02
   3.45570006E-05   2.27147005E-02
   5.37469983E-04   2.27688998E-02
   4.28649000E-05   2.31321007E-02
   8.65635011E-05   2.31468994E-02
   1.04671002E-04   2.32500993E-02
   1.17959999E-05   2.33196001E-02
   1.17959999E-05   2.33947001E-02
   1.41219998E-05   2.34979000E-02
   1.04510997E-04   2.35091001E-02
   1.65969002E-04   2.28231009E-02
   1.02339996E-04   2.31862999E-02
   8.25753013E-05   2.32011005E-02
   1.24109007E-04   2.33043004E-02
   5.11707985E-05   2.33737994E-02
   5.31647993E-06   2.34488994E-02
   1.04330000E-04   2.35520992E-02
   6.51285009E-05   2.35632993E-02
   1.32920002E-06   2.35495009E-02
   2.27609999E-05   2.35642996E-02
   7.97466964E-06   2.36674007E-02
   3.15669990E-06   2.37368997E-02
   5.98107999E-06   2.38121003E-02
   8.30635963E-06   2.39153001E-02
   1.86079997E-05   2.39265002E-02
   4.81805000E-06   2.35791001E-02
   7.47630020E-06   2.36821994E-02
   1.29588998E-05   2.37517003E-02
   4.98415011E-06   2.38269009E-02
   1.56168007E-05   2.39301007E-02
   1.52848006E-05   2.39413008E-02
   1.86075995E-05   2.37853993E-02
   3.58852012E-05   2.38549002E-02
   4.50230982E-05   2.39300001E-02
   2.19295998E-05   2.40332000E-02
   2.55846007E-05   2.40445007E-02
   8.30617978E-07   2.39994992E-02
   2.32584989E-06   2.41027009E-02
   9.80153982E-06   2.41139997E-02
   2.07529001E-06   2.40746997E-02
   2.45250999E-06   2.41778996E-02
   9.43208022E-07   2.41890997E-02
   1.49528000E-06   2.42810994E-02
   2.04357002E-05   2.42922995E-02
   6.47929983E-06   2.43034996E-02
       -1137       -1137
   9.72955972E-02   5.44800016E-04
   3.14126983E-02   7.66400015E-04
   2.75964988E-03   3.11790011E-03
   2.42895000E-02   3.28879990E-03
   5.21731982E-03   3.58760008E-03
   1.97168998E-02   3.86236003E-03
   6.63500978E-03   3.91656021E-03
   1.03754003E-03   4.27974993E-03
   1.45931996E-03   4.29453002E-03
   6.74474984E-04   4.39770008E-03
   5.51634980E-03   4.46720002E-03
   1.25028996E-03   4.54234984E-03
   3.93468980E-03   4.64553991E-03
   1.32993003E-03   4.65676980E-03
   3.21011001E-04   1.11498004E-02
   1.45324003E-02   1.15173003E-02
   1.22906000E-03   1.26339002E-02
   2.90784007E-03   1.32256998E-02
   8.52575991E-04   1.34472996E-02
   1.30988003E-04   1.57987997E-02
   2.53387005E-03   1.59696992E-02
   2.92631012E-04   1.62684992E-02
   5.27518976E-04   1.65433008E-02
   1.31242006E-04   1.65975001E-02
   5.52310994E-05   1.69606004E-02
   4.18048985E-05   1.69753991E-02
   3.26836016E-05   1.70786008E-02
   5.78931009E-04   1.71480998E-02
   7.06889987E-05   1.72231998E-02
   1.02872997E-04   1.73263997E-02
   2.45764004E-05   1.73377004E-02
   1.57386009E-02   1.18848002E-02
   3.32969017E-02   1.30014000E-02
   1.66190993E-02   1.35931997E-02
   1.99622996E-02   1.38148004E-02
   4.00986010E-03   1.61662996E-02
   6.96652988E-03   1.63371991E-02
   8.61436035E-03   1.66359991E-02
   4.17754985E-03   1.69108007E-02
   5.05980989E-03   1.69650000E-02
   3.30643001E-04   1.73281003E-02
   2.56402011E-04   1.73429009E-02
   1.07203994E-03   1.74461007E-02
   1.69268996E-03   1.75155997E-02
   2.12326995E-03   1.75906997E-02
   8.72595992E-04   1.76938996E-02
   1.04691996E-03   1.77052002E-02
   6.33689982E-04   1.41179999E-02
   1.16507998E-02   1.47097996E-02
   1.85159000E-03   1.49314003E-02
   2.80990003E-04   1.72828995E-02
   5.79570001E-03   1.74538009E-02
   2.84781010E-04   1.77526008E-02
   2.52326997E-03   1.80274006E-02
   3.91703012E-04   1.80815998E-02
   9.52616974E-05   1.84447002E-02
   4.63668002E-05   1.84595007E-02
   7.17051007E-05   1.85627006E-02
   1.32231996E-03   1.86321996E-02
   6.79014993E-05   1.87072996E-02
   5.09793987E-04   1.88104995E-02
   7.80347036E-05   1.88218001E-02
   1.10253002E-02   1.53016001E-02
   4.16786000E-02   1.55231999E-02
   8.04938027E-04   1.78746991E-02
   2.77089002E-03   1.80456005E-02
   2.75231991E-03   1.83444005E-02
   4.60792007E-03   1.86192002E-02
   9.42028034E-03   1.86733995E-02
   9.95715032E-04   1.90364998E-02
   1.96035998E-03   1.90513004E-02
   2.15873995E-04   1.91545002E-02
   6.32386014E-04   1.92239992E-02
   6.64087012E-04   1.92990992E-02
   9.29373025E-04   1.94022991E-02
   1.90260005E-03   1.94135997E-02
   2.04089005E-03   1.57447997E-02
   1.89772996E-04   1.80962998E-02
   2.89325998E-03   1.82671994E-02
   4.04885999E-04   1.85659993E-02
   7.15507008E-03   1.88407991E-02
   8.43996007E-04   1.88950002E-02
   3.96276009E-04   1.92581005E-02
   1.49743995E-04   1.92728993E-02
   4.83945005E-05   1.93760991E-02
   6.31373026E-04   1.94456000E-02
   9.60249017E-05   1.95207000E-02
   1.37625996E-03   1.96238998E-02
   1.67988997E-04   1.96352005E-02
   1.26682999E-05   2.04477999E-02
   7.02080026E-04   2.06186995E-02
   6.71441012E-05   2.09174994E-02
   1.43159006E-04   2.11922992E-02
   2.88841002E-05   2.12465003E-02
   1.29214004E-05   2.16096006E-02
   7.85440989E-06   2.16243993E-02
   6.33415993E-06   2.17275992E-02
   1.60643001E-04   2.17971001E-02
   1.62157994E-05   2.18722001E-02
   2.78706993E-05   2.19753999E-02
   5.32083004E-06   2.19867006E-02
   7.32741028E-04   2.07896009E-02
   1.50463998E-03   2.10884009E-02
   6.86877989E-04   2.13632006E-02
   7.41828990E-04   2.14173999E-02
   4.56046000E-05   2.17805002E-02
   2.66022998E-05   2.17953008E-02
   1.87747006E-04   2.18985006E-02
   3.52177012E-04   2.19679996E-02
   3.70919006E-04   2.20430996E-02
   1.43154000E-04   2.21462995E-02
   1.53786998E-04   2.21576001E-02
   3.19243009E-05   2.13872008E-02
   5.99969993E-04   2.16620006E-02
   8.64007015E-05   2.17161998E-02
   2.07766006E-05   2.20793001E-02
   9.12136966E-06   2.20941007E-02
   1.72291002E-05   2.21973006E-02
   3.43575986E-04   2.22667996E-02
   1.52011999E-05   2.23418996E-02
   1.21366000E-04   2.24450994E-02
   1.72291002E-05   2.24564001E-02
   4.80132003E-04   2.19366997E-02
   1.68691995E-03   2.19909009E-02
   1.44163001E-04   2.23540999E-02
   2.84017005E-04   2.23689005E-02
   3.82582984E-05   2.24721003E-02
   1.55821006E-04   2.25415993E-02
   1.44934995E-04   2.26166993E-02
   1.93319007E-04   2.27198992E-02
   3.43316991E-04   2.27310993E-02
   8.84230030E-05   2.20451001E-02
   6.25807006E-05   2.24082991E-02
   2.43226004E-05   2.24230997E-02
   7.34779996E-06   2.25262996E-02
   1.62408003E-04   2.25958005E-02
   2.05231008E-05   2.26709004E-02
   3.27093992E-04   2.27741003E-02
   3.52179995E-05   2.27853004E-02
   3.80049005E-06   2.27715001E-02
   2.53369999E-05   2.27863006E-02
   3.29370005E-06   2.28893999E-02
   1.01339001E-05   2.29589008E-02
   5.06747983E-06   2.30340995E-02
   2.68565000E-05   2.31372993E-02
   1.16544998E-05   2.31484994E-02
   1.52009000E-06   2.28010993E-02
   2.02689989E-06   2.29042005E-02
   5.32067997E-06   2.29736995E-02
   2.02689989E-06   2.30489001E-02
   5.26996009E-05   2.31520999E-02
   4.56050020E-06   2.31633000E-02
   7.60105024E-07   2.30074003E-02
   4.30721993E-05   2.30768993E-02
   4.05381979E-06   2.31519993E-02
   7.34783998E-06   2.32551992E-02
   1.26680004E-06   2.32664999E-02
   4.20579017E-05   2.31464002E-02
   8.46241019E-05   2.32215002E-02
   3.24303983E-05   2.33247001E-02
   3.36968988E-05   2.33360007E-02
   1.77349000E-06   2.32967008E-02
   2.93895991E-05   2.33999006E-02
   4.05378978E-06   2.34111007E-02
   1.90265000E-05   2.35031005E-02
   6.49880967E-05   2.35143006E-02
   3.53618998E-06   2.35255007E-02
       -1137       -1137
   3.20391002E-04   6.36779983E-03
   1.35385999E-04   6.73530018E-03
   1.72448996E-02   7.85189960E-03
   2.99762003E-03   8.44370015E-03
   6.37619011E-03   8.66529997E-03
   1.35385999E-04   1.10168001E-02
   2.09203008E-05   1.11876996E-02
   2.92296009E-03   1.14864996E-02
   3.81065998E-04   1.17613003E-02
   7.76764005E-04   1.18155004E-02
   3.77774995E-04   1.21785998E-02
   6.27022004E-04   1.21934004E-02
   3.37728998E-05   1.22966003E-02
   4.78194988E-06   1.23661002E-02
   6.54231990E-04   1.24412002E-02
   6.93402981E-05   1.25444001E-02
   1.36578994E-04   1.25556998E-02
   5.67852021E-06   7.10280007E-03
   2.88724005E-02   8.21940042E-03
   1.23259996E-03   8.81120004E-03
   8.27764999E-03   9.03279986E-03
   2.95892005E-05   1.13843000E-02
   9.86318992E-06   1.15552004E-02
   5.08259982E-03   1.18540004E-02
   2.40604000E-04   1.21288002E-02
   1.36025005E-03   1.21830003E-02
   3.01577995E-04   1.25460997E-02
   7.02397025E-04   1.25609003E-02
   7.77090008E-06   1.26641002E-02
   3.28770011E-06   1.27336001E-02
   1.14690000E-03   1.28087001E-02
   4.96141984E-05   1.29118999E-02
   2.60330009E-04   1.29231997E-02
   3.33908983E-02   9.33600031E-03
   3.50062996E-02   9.92779993E-03
   4.31236997E-02   1.01493997E-02
   4.66539990E-03   1.25008998E-02
   7.00851995E-03   1.26718003E-02
   1.42970001E-02   1.29706003E-02
   8.20886996E-03   1.32454000E-02
   1.00916997E-02   1.32996002E-02
   9.00498999E-04   1.36626996E-02
   1.05768000E-03   1.36775002E-02
   1.24091003E-03   1.37807000E-02
   1.73410994E-03   1.38502000E-02
   3.39634996E-03   1.39253000E-02
   1.69345003E-03   1.40284998E-02
   2.05503008E-03   1.40397996E-02
   4.47415002E-03   1.05195995E-02
   8.31151009E-02   1.07412003E-02
   7.16421986E-04   1.30927004E-02
   3.41017003E-04   1.32635999E-02
   5.52847981E-03   1.35623999E-02
   1.74341002E-03   1.38371997E-02
   1.36064999E-02   1.38913998E-02
   4.76415997E-04   1.42545002E-02
   1.57788000E-03   1.42692998E-02
   1.87693004E-04   1.43724997E-02
   8.57806008E-05   1.44419996E-02
   1.21609995E-03   1.45170996E-02
   3.48194997E-04   1.46203004E-02
   2.57317000E-03   1.46316001E-02
   5.46641015E-02   1.09628001E-02
   1.54183002E-03   1.33143002E-02
   1.80427998E-03   1.34851998E-02
   7.58503983E-03   1.37839997E-02
   1.62990000E-02   1.40588004E-02
   2.05758996E-02   1.41129997E-02
   4.95046005E-03   1.44761000E-02
   4.43131989E-03   1.44908996E-02
   4.06765990E-04   1.45941004E-02
   4.36937989E-04   1.46636004E-02
   1.72594003E-03   1.47387004E-02
   3.24420002E-03   1.48419002E-02
   4.02450981E-03   1.48531999E-02
   1.52420998E-05   1.56657994E-02
   5.38012000E-06   1.58367008E-02
   7.89356011E-04   1.61355007E-02
   9.74366994E-05   1.64103005E-02
   1.97258996E-04   1.64644998E-02
   4.51308006E-05   1.68276001E-02
   8.39881977E-05   1.68424007E-02
   7.77097011E-06   1.69456005E-02
   1.19552999E-06   1.70150995E-02
   1.76342000E-04   1.70901995E-02
   1.79323997E-05   1.71933994E-02
   3.49699985E-05   1.72047000E-02
   2.98879996E-07   1.60076004E-02
   1.22204004E-03   1.63064003E-02
   6.06706999E-05   1.65812001E-02
   3.30853014E-04   1.66353993E-02
   4.51298001E-05   1.69984996E-02
   9.80330005E-05   1.70133002E-02
   1.49436005E-06   1.71165001E-02
   2.75267987E-04   1.72610991E-02
   1.19550004E-05   1.73643008E-02
   6.42586019E-05   1.73755996E-02
   1.45978003E-03   1.66052002E-02
   1.30159000E-03   1.68800000E-02
   1.75296003E-03   1.69341993E-02
   1.17165997E-04   1.72972996E-02
   1.44656005E-04   1.73121002E-02
   2.09815000E-04   1.74153000E-02
   3.01868015E-04   1.74848009E-02
   6.85614999E-04   1.75599009E-02
   2.68690987E-04   1.76631007E-02
   3.55972006E-04   1.76743995E-02
   1.62597993E-04   1.71546992E-02
   2.81005003E-03   1.72089003E-02
   6.09698982E-05   1.75720993E-02
   1.88000005E-04   1.75868999E-02
   2.57035008E-05   1.76900998E-02
   1.52417997E-05   1.77596007E-02
   2.86622002E-04   1.78347006E-02
   6.42586019E-05   1.79379005E-02
   5.36169973E-04   1.79491006E-02
   1.95112999E-03   1.72630996E-02
   6.27960020E-04   1.76263005E-02
   5.50532015E-04   1.76410992E-02
   5.26053991E-05   1.77443009E-02
   8.12971994E-05   1.78137999E-02
   3.97513999E-04   1.78888999E-02
   5.64310991E-04   1.79920997E-02
   7.63361983E-04   1.80032998E-02
   2.98877990E-06   1.79894995E-02
   9.26506982E-05   1.80043001E-02
   1.01625001E-05   1.81073993E-02
   1.01625001E-05   1.81769002E-02
   2.48066008E-05   1.82521008E-02
   1.10581996E-05   1.83553007E-02
   1.12371999E-04   1.83665007E-02
   3.28763017E-05   1.80191007E-02
   1.94271997E-05   1.81221999E-02
   2.18181995E-05   1.81917008E-02
   3.10828000E-05   1.82668995E-02
   3.34737997E-05   1.83700994E-02
   9.80323966E-05   1.83812995E-02
   8.96628023E-07   1.82253998E-02
   2.98885993E-07   1.82949007E-02
   4.69252009E-05   1.83700006E-02
   4.78209995E-06   1.84732005E-02
   9.26532994E-06   1.84844993E-02
   6.78470969E-05   1.84394997E-02
   2.98881992E-06   1.85426995E-02
   1.58414005E-05   1.85540002E-02
   8.03977018E-05   1.85147002E-02
   5.91759999E-05   1.86179001E-02
   8.06968965E-05   1.86291002E-02
   6.27610007E-06   1.87210999E-02
   1.07893997E-04   1.87323000E-02
   7.47181984E-05   1.87435001E-02
       -1137       -1137
   1.68280993E-02   5.27000011E-05
   1.90156009E-02   1.27849999E-04
   1.11691002E-02   2.31040001E-04
   1.42329996E-02   2.42270005E-04
   7.79996975E-04   3.54020012E-04
   9.77337942E-04   3.55550001E-04
   3.02735996E-03   3.06809990E-04
   2.69959006E-03   3.27860005E-04
   2.75154994E-03   3.40500002E-04
   5.52468009E-05   3.62849998E-04
   6.08877999E-05   3.63569998E-04
   2.82950001E-04   3.61320010E-04
   5.24509996E-02   0.00000000    
   3.41399014E-02   2.89699994E-04
   8.55825003E-03   5.64460002E-04
   2.51602009E-02   6.18660008E-04
  0.199618995       9.81849968E-04
  0.238530993       9.96630057E-04
   1.13338996E-02   1.09979999E-03
   1.18126003E-02   1.16930006E-03
   8.26875959E-03   1.24444999E-03
   2.13438994E-03   1.34763995E-03
   5.59535017E-03   1.35886995E-03
   7.30154011E-03   1.47062005E-03
   8.37588031E-03   1.47214998E-03
   2.23402004E-03   1.42341002E-03
   1.96110993E-03   1.44446001E-03
   1.23291998E-03   1.45710004E-03
   1.18285998E-05   1.47945003E-03
   2.59415992E-05   1.48016994E-03
   2.08612997E-04   1.47791998E-03
   2.68315002E-02   4.11799992E-04
   5.52358991E-03   5.82700013E-04
   1.05892997E-02   8.81500018E-04
   8.88605975E-03   1.15626003E-03
   1.02835000E-02   1.21045997E-03
   1.01666003E-02   1.57365005E-03
   9.79300030E-03   1.58843002E-03
   4.35335003E-03   1.69159996E-03
   1.08661002E-03   1.76110002E-03
   1.90972001E-03   1.83624995E-03
   1.48901995E-03   1.93944003E-03
   1.87784003E-03   1.95067003E-03
   3.95314011E-04   2.06241990E-03
   3.45979002E-04   2.06395006E-03
   7.87238998E-04   2.01520999E-03
   1.77431997E-04   2.03625998E-03
   2.71522993E-04   2.04889989E-03
   7.79585025E-06   2.07125000E-03
   8.46814964E-06   2.07196991E-03
   7.25844002E-05   2.06972007E-03
   3.61343995E-02   6.33399992E-04
   8.29091994E-04   8.04300013E-04
   1.26250004E-02   1.10310002E-03
   1.19265001E-02   1.37785997E-03
   1.59626994E-02   1.43206003E-03
   1.24490997E-02   1.79524999E-03
   1.81382000E-02   1.81002996E-03
   5.75932022E-03   1.91320002E-03
   2.46784999E-04   1.98270008E-03
   2.23522005E-03   2.05784990E-03
   2.23171990E-03   2.16103997E-03
   2.81071011E-03   2.17227009E-03
   4.51370986E-04   2.28401995E-03
   6.60652993E-04   2.28555012E-03
   1.03696005E-03   2.23681005E-03
   4.42226992E-05   2.25786003E-03
   3.17485014E-04   2.27049994E-03
   1.18285998E-05   2.29285005E-03
   1.26349996E-05   2.29356997E-03
   9.55702999E-05   2.29131989E-03
   2.19143997E-03   2.98490003E-03
   3.92562011E-03   3.15580005E-03
   5.92719018E-03   3.45460000E-03
   7.24276016E-03   3.72935995E-03
   9.94225033E-03   3.78355989E-03
   5.51379006E-03   4.14675009E-03
   6.76809018E-03   4.16153017E-03
   9.38504003E-04   4.26470023E-03
   9.82722966E-04   4.33420017E-03
   1.46037003E-03   4.40934999E-03
   1.47075998E-03   4.51254006E-03
   1.99908996E-03   4.52376995E-03
   2.83338013E-04   4.63551981E-03
   3.36580008E-04   4.63704998E-03
   1.83341006E-04   4.58831014E-03
   1.67752005E-04   4.60935989E-03
   2.20162998E-04   4.62199980E-03
   7.79596030E-06   4.64435015E-03
   9.14011980E-06   4.64507006E-03
   1.70709991E-05   4.64281999E-03
   1.40459000E-04   3.32670007E-03
   4.90747974E-04   3.62550002E-03
   2.26357995E-04   3.90025997E-03
   9.12675023E-05   3.95445991E-03
   1.84147993E-05   4.31765011E-03
   5.39421977E-04   4.33243020E-03
   6.24780019E-04   4.43559978E-03
   4.93295993E-05   4.50510019E-03
   8.13185034E-05   4.58025001E-03
   3.85772000E-05   4.68344009E-03
   2.39258006E-05   4.69466997E-03
   4.03240989E-07   4.80641983E-03
   1.68008992E-05   4.80795000E-03
   1.12909001E-04   4.75921016E-03
   7.79590027E-06   4.78025991E-03
   1.14258000E-05   4.79289982E-03
   1.34413995E-07   4.81525017E-03
   1.34413995E-07   4.81597008E-03
   1.04833998E-05   4.81372001E-03
   4.03782004E-04   3.92429996E-03
   7.12411013E-04   4.19906015E-03
   1.53949996E-03   4.25325986E-03
   1.09151006E-03   4.61645005E-03
   1.50222995E-03   4.63123014E-03
   9.47893015E-04   4.73440019E-03
   1.05924002E-04   4.80390014E-03
   1.69229999E-04   4.87904996E-03
   1.38981006E-04   4.98224003E-03
   2.93160003E-04   4.99346992E-03
   5.28251985E-05   5.10521978E-03
   6.38463971E-05   5.10674994E-03
   1.71918000E-04   5.05801011E-03
   1.76084995E-05   5.07905986E-03
   2.48662000E-05   5.09169977E-03
   6.72060025E-07   5.11405012E-03
   1.34413995E-06   5.11477003E-03
   1.58606999E-05   5.11251995E-03
   1.01486999E-04   4.47381986E-03
   2.04444004E-04   4.52802004E-03
   4.49207990E-04   4.89120977E-03
   2.46383995E-03   4.90598986E-03
   1.12369005E-03   5.00915991E-03
   3.42753992E-05   5.07865986E-03
   1.31327004E-04   5.15381014E-03
   3.21248990E-05   5.25700022E-03
   3.48130015E-05   5.26823010E-03
   2.05652996E-05   5.37997996E-03
   8.79080035E-05   5.38151013E-03
   2.01745002E-04   5.33276983E-03
   5.24205007E-06   5.35382004E-03
   1.86837005E-05   5.36645995E-03
   1.34413995E-07   5.38880983E-03
   1.34413995E-07   5.38953021E-03
   1.85497993E-05   5.38728014E-03
   2.11699997E-04   4.58222022E-03
   2.11740006E-03   4.94540995E-03
   1.43378996E-03   4.96019004E-03
   1.53222005E-03   5.06336009E-03
   1.58608000E-05   5.13286004E-03
   2.78782012E-04   5.20800985E-03
   2.99747007E-05   5.31119993E-03
   6.96267016E-05   5.32242982E-03
   7.56782974E-05   5.43418014E-03
   5.57804015E-05   5.43570984E-03
   2.74754013E-04   5.38697001E-03
   2.55389000E-06   5.40802022E-03
   3.93841001E-05   5.42066013E-03
   1.34415004E-07   5.44301001E-03
   2.68830007E-07   5.44372993E-03
   2.52700993E-05   5.44147985E-03
   6.22079999E-04   5.30860014E-03
   4.06114012E-03   5.32338023E-03
   7.77880021E-04   5.42654982E-03
   5.10780001E-06   5.49605023E-03
   1.40190998E-04   5.57120005E-03
   8.07848992E-05   5.67439012E-03
   4.41688986E-04   5.68562001E-03
   5.75293998E-05   5.79736987E-03
   1.52691995E-04   5.79890003E-03
   1.37233001E-04   5.75016020E-03
   9.40885002E-07   5.77120995E-03
   1.85498993E-05   5.78384986E-03
   4.03245991E-07   5.80620021E-03
   2.01627995E-06   5.80692012E-03
   1.26349996E-05   5.80467004E-03
   1.39790995E-03   5.33815986E-03
   9.52342001E-04   5.44132991E-03
   1.15196999E-04   5.51082985E-03
   2.05933000E-04   5.58598014E-03
   4.96646971E-04   5.68917021E-03
   2.77832005E-04   5.70040010E-03
   1.54440000E-04   5.81214996E-03
   1.15866998E-04   5.81368012E-03
   1.68009996E-04   5.76493982E-03
   1.89524999E-05   5.78599004E-03
   2.76893006E-05   5.79862995E-03
   2.68828990E-06   5.82097983E-03
   1.20973004E-06   5.82170021E-03
   1.54579993E-05   5.81945013E-03
   9.19388985E-05   5.54449996E-03
   1.58195995E-04   5.61399991E-03
   2.33341998E-04   5.68915019E-03
   2.29983998E-04   5.79233980E-03
   3.10495991E-04   5.80357015E-03
   4.01901016E-05   5.91532001E-03
   4.75827001E-05   5.91685018E-03
   3.52155985E-05   5.86810987E-03
   2.70176006E-05   5.88916009E-03
   3.52155985E-05   5.90180000E-03
   1.20973004E-06   5.92414988E-03
   1.47853996E-06   5.92486979E-03
   3.22596998E-06   5.92262018E-03
   4.30122009E-06   5.68349985E-03
   1.69368996E-05   5.75865014E-03
   5.78005984E-06   5.86184021E-03
   4.57012993E-06   5.87307010E-03
   1.34413995E-07   5.98481996E-03
   3.76360003E-06   5.98635012E-03
   2.86305003E-05   5.93760982E-03
   1.34413995E-06   5.95866004E-03
   2.41947009E-06   5.97129995E-03
   2.68827989E-06   5.99212013E-03
   1.69373998E-05   5.83379995E-03
   2.58083001E-05   5.93699003E-03
   5.34993997E-05   5.94821991E-03
   6.85511986E-06   6.05996978E-03
   8.60292039E-06   6.06149994E-03
   4.22082994E-05   6.01276010E-03
   2.82277006E-06   6.03380986E-03
   4.97349993E-06   6.04645023E-03
   1.34418002E-07   6.06880011E-03
   2.68836999E-07   6.06952002E-03
   3.89815023E-06   6.06726995E-03
   2.28496992E-06   6.04018010E-03
   5.24207007E-06   6.05140999E-03
   3.76361004E-06   6.16315985E-03
   1.86837005E-05   6.16469001E-03
   4.14005008E-05   6.11595018E-03
   9.40880000E-07   6.13699993E-03
   3.62920991E-06   6.14963984E-03
   3.76361004E-06   6.17046002E-03
   5.51061021E-06   6.06263988E-03
   1.65316997E-05   6.17439020E-03
   1.10217998E-05   6.17591990E-03
   5.57786007E-05   6.12718007E-03
   6.72042006E-07   6.14822982E-03
   7.52701999E-06   6.16087019E-03
   5.10761993E-06   6.18168991E-03
   1.14796001E-06   6.28614007E-03
   6.60011983E-06   6.28767023E-03
   7.60462990E-06   6.23892993E-03
   1.00433999E-06   6.27262006E-03
   1.43479994E-07   6.29568985E-03
   7.17389980E-07   6.29343977E-03
   2.23934990E-06   6.28919993E-03
   8.67750987E-06   6.24046009E-03
   6.99773977E-07   6.26150984E-03
   1.25962003E-06   6.27415022E-03
   1.39956995E-07   6.29650010E-03
   8.39719974E-07   6.29496993E-03
   3.36039011E-06   6.19171979E-03
   4.97333986E-06   6.21277001E-03
   6.31746980E-06   6.22540992E-03
   2.68827989E-07   6.24775980E-03
   2.68827989E-07   6.24848017E-03
   6.72060025E-07   6.24623010E-03
   1.34412005E-07   6.23382023E-03
   4.03237010E-07   6.24646014E-03
   4.03237010E-07   6.26727985E-03
   3.18807992E-07   6.25910005E-03
   4.25068009E-07   6.27992023E-03
       -1137       -1137
   1.11536002E-02   1.96959998E-04
   1.98961999E-02   2.51160003E-04
   2.84371004E-02   6.14350021E-04
   2.25683991E-02   6.29129994E-04
   3.14643001E-03   7.32299988E-04
   4.75599989E-03   8.01799993E-04
   1.69049005E-03   8.76949984E-04
   2.14352994E-03   9.80139943E-04
   3.58431996E-03   9.91369947E-04
   1.15747994E-03   1.10312004E-03
   9.13374999E-04   1.10464997E-03
   5.93344972E-04   1.05591002E-03
   7.24626996E-04   1.07696000E-03
   2.42921000E-04   1.08960003E-03
   1.13949000E-05   1.11195003E-03
   1.61826993E-05   1.11267006E-03
   5.51572011E-05   1.11041998E-03
   4.79677990E-02   4.42999990E-05
   5.05216010E-02   2.15199994E-04
   2.95799002E-02   5.14000014E-04
   1.65477004E-02   7.88760022E-04
   2.89588999E-02   8.42960028E-04
  0.152803004       1.20615005E-03
  0.241172999       1.22093002E-03
   1.23592000E-02   1.32409995E-03
   1.03080003E-02   1.39360002E-03
   7.02403998E-03   1.46874995E-03
   3.59757990E-03   1.57194003E-03
   6.06867997E-03   1.58317003E-03
   5.69714978E-03   1.69492001E-03
   9.16201994E-03   1.69645005E-03
   2.45706993E-03   1.64770999E-03
   1.69263000E-03   1.66875997E-03
   1.04699004E-03   1.68140000E-03
   1.94867007E-05   1.70374999E-03
   2.79072992E-05   1.70447002E-03
   2.29701007E-04   1.70221995E-03
   7.19885016E-03   2.65899987E-04
   5.72702996E-02   4.36800008E-04
   4.44367016E-03   7.35600013E-04
   2.35495996E-03   1.01035996E-03
   2.80687003E-03   1.06456003E-03
   8.75680987E-03   1.42774999E-03
   5.03158011E-03   1.44252996E-03
   1.23262999E-03   1.54570001E-03
   8.79259035E-03   1.61519996E-03
   8.86594993E-04   1.69035001E-03
   1.99660004E-04   1.79353997E-03
   5.07796009E-04   1.80476997E-03
   4.70964995E-04   1.91651995E-03
   2.15344000E-04   1.91804999E-03
   2.26068994E-04   1.86931004E-03
   1.35331997E-03   1.89036003E-03
   1.28308006E-04   1.90300005E-03
   9.90867989E-07   1.92535005E-03
   2.31199010E-06   1.92606996E-03
   2.08074998E-05   1.92382000E-03
   4.15524992E-04   2.61739991E-03
   6.72652014E-03   2.78829993E-03
   7.77226989E-04   3.08710011E-03
   2.95052014E-04   3.36186006E-03
   7.48448016E-04   3.41606000E-03
   7.22882032E-05   3.77924996E-03
   5.38958993E-04   3.79403005E-03
   1.64728001E-04   3.89720011E-03
   1.02559000E-03   3.96669982E-03
   1.71620006E-04   4.04185010E-03
   3.88494009E-05   4.14504018E-03
   1.33506997E-04   4.15627006E-03
   2.70473993E-06   4.26801993E-03
   1.79498002E-05   4.26955009E-03
   3.14727004E-05   4.22080979E-03
   1.58597002E-04   4.24186001E-03
   2.53250000E-05   4.25449992E-03
   2.45878994E-07   4.27684980E-03
   4.91745027E-07   4.27757017E-03
   2.95051996E-06   4.27532010E-03
   5.30534005E-03   2.95919995E-03
   1.37593998E-02   3.25799990E-03
   1.40901003E-02   3.53276008E-03
   2.17735004E-02   3.58696003E-03
   8.88588000E-03   3.95015022E-03
   1.42531004E-02   3.96492984E-03
   1.76933000E-03   4.06809989E-03
   2.17328011E-03   4.13759984E-03
   3.35601997E-03   4.21275012E-03
   2.87851994E-03   4.31594020E-03
   4.33385978E-03   4.32717009E-03
   4.58077993E-04   4.43891995E-03
   7.03717989E-04   4.44045011E-03
   3.57025012E-04   4.39170981E-03
   3.59956990E-04   4.41276003E-03
   5.04544994E-04   4.42539994E-03
   1.54904992E-05   4.44774982E-03
   1.99160004E-05   4.44847019E-03
   3.34403994E-05   4.44622012E-03
   3.27260001E-04   3.55680007E-03
   7.35434995E-04   3.83156002E-03
   7.16265989E-04   3.88575997E-03
   5.53327007E-03   4.24895016E-03
   1.55272998E-03   4.26372979E-03
   1.28594998E-04   4.36689984E-03
   2.13523000E-03   4.43639979E-03
   1.34738002E-04   4.51155007E-03
   1.15319002E-04   4.61474014E-03
   1.29823995E-04   4.62597003E-03
   2.34325998E-04   4.73771989E-03
   6.66346023E-05   4.73925006E-03
   2.36045998E-05   4.69051022E-03
   3.30954004E-04   4.71155997E-03
   1.96709007E-05   4.72419988E-03
   4.91750995E-07   4.74655023E-03
   4.91750995E-07   4.74727014E-03
   2.21288997E-06   4.74502007E-03
   5.55675011E-04   4.10631998E-03
   9.30909999E-04   4.16052015E-03
   5.73151978E-04   4.52370988E-03
   6.85268024E-04   4.53848997E-03
   7.54849971E-05   4.64166002E-03
   2.11307989E-03   4.71115997E-03
   1.69660998E-04   4.78630979E-03
   1.82682998E-04   4.88949986E-03
   1.69167004E-04   4.90073022E-03
   1.45054000E-05   5.01248008E-03
   2.33588999E-05   5.01400977E-03
   1.52453003E-05   4.96526994E-03
   3.25058005E-04   4.98632016E-03
   2.50800003E-05   4.99896007E-03
   9.83493010E-07   5.02130995E-03
   7.37639994E-07   5.02202986E-03
   1.47534001E-06   5.01977978E-03
   2.58423999E-04   4.21471987E-03
   1.03763002E-03   4.57791006E-03
   2.86694994E-04   4.59269015E-03
   1.53186003E-04   4.69586020E-03
   3.29695991E-03   4.76536015E-03
   1.32532994E-04   4.84050997E-03
   1.34493996E-04   4.94370004E-03
   8.67955023E-05   4.95492993E-03
   2.13916992E-05   5.06667979E-03
   8.60568980E-06   5.06820995E-03
   2.92601999E-05   5.01947012E-03
   5.07982972E-04   5.04051987E-03
   1.89322000E-05   5.05315978E-03
   7.37641017E-07   5.07551013E-03
   4.91747016E-07   5.07623004E-03
   2.70474993E-06   5.07397996E-03
   2.31984002E-03   4.94109979E-03
   1.47476997E-02   4.95587988E-03
   1.30318003E-05   5.05904993E-03
   1.22648000E-03   5.12854988E-03
   1.26723002E-03   5.20370016E-03
   1.19746001E-04   5.30688977E-03
   2.62117013E-04   5.31812012E-03
   1.95720000E-04   5.42986998E-03
   5.93305973E-04   5.43140015E-03
   2.45879005E-06   5.38265985E-03
   1.87109006E-04   5.40371006E-03
   1.88096004E-04   5.41634997E-03
   7.37639027E-07   5.43869985E-03
   1.22936001E-06   5.43942023E-03
   2.45878994E-07   5.43717016E-03
   7.65900011E-04   4.97065997E-03
   1.14331997E-04   5.07383002E-03
   1.90136000E-03   5.14332997E-03
   3.12749005E-04   5.21847978E-03
   1.42852005E-04   5.32166986E-03
   6.07305992E-05   5.33290021E-03
   5.98455023E-04   5.44465007E-03
   6.24527966E-05   5.44617977E-03
   2.18830992E-05   5.39743993E-03
   2.85465008E-04   5.41849015E-03
   4.54869987E-05   5.43113006E-03
   7.37628000E-07   5.45347994E-03
   2.45876009E-07   5.45419985E-03
   1.96703991E-06   5.45194978E-03
   1.62273009E-05   5.17700007E-03
   2.71695986E-04   5.24650002E-03
   2.82758992E-05   5.32164983E-03
   9.34320997E-06   5.42483991E-03
   2.77841009E-05   5.43606980E-03
   4.91739002E-07   5.54782012E-03
   3.93394021E-06   5.54934982E-03
   6.14690998E-06   5.50060999E-03
   4.20452998E-05   5.52166020E-03
   4.17987985E-06   5.53430011E-03
   2.45876009E-07   5.55736991E-03
   4.91739002E-07   5.55511983E-03
   2.07293997E-04   5.31599997E-03
   5.24957024E-04   5.39114978E-03
   4.34727001E-04   5.49433986E-03
   6.61428028E-04   5.50557021E-03
   6.29448987E-05   5.61732007E-03
   9.49086025E-05   5.61884977E-03
   5.48325006E-05   5.57010993E-03
   6.76170966E-05   5.59116015E-03
   7.91729035E-05   5.60380006E-03
   2.21289997E-06   5.62614994E-03
   2.95055997E-06   5.62686985E-03
   5.16346017E-06   5.62461978E-03
   1.37691004E-05   5.46630006E-03
   2.68017993E-05   5.56949014E-03
   2.40943991E-05   5.58072003E-03
   5.38476997E-05   5.69246989E-03
   1.32776004E-05   5.69400005E-03
   5.16336013E-06   5.64526021E-03
   8.13852967E-05   5.66630997E-03
   3.93397022E-06   5.67894988E-03
   2.45877004E-07   5.70130022E-03
   4.91742014E-07   5.69977006E-03
   1.37720999E-05   5.67268021E-03
   2.56468993E-05   5.68391010E-03
   3.32462992E-06   5.79565996E-03
   5.46178990E-06   5.79719013E-03
   1.89977004E-06   5.74844982E-03
   6.45909968E-05   5.76950004E-03
   3.79940002E-06   5.78213995E-03
   2.37467006E-07   5.80448983E-03
   2.37467006E-07   5.80296014E-03
   7.29771000E-06   5.69513999E-03
   6.35612014E-06   5.80688985E-03
   1.88333001E-06   5.80842001E-03
   5.17904982E-06   5.75968018E-03
   9.76922020E-05   5.78072993E-03
   3.29586010E-06   5.79336984E-03
   2.35412003E-07   5.81572019E-03
   4.70812012E-07   5.81419002E-03
   3.77026004E-06   5.91864018E-03
   2.71997997E-05   5.92016988E-03
   1.05024001E-05   5.89247979E-03
   8.88673003E-06   5.90512017E-03
   9.86442956E-07   5.92170004E-03
   7.39851998E-07   5.87296020E-03
   1.43028001E-05   5.89400996E-03
   1.97297004E-06   5.90664987E-03
   4.67299998E-07   5.82421990E-03
   8.17786986E-06   5.84527012E-03
   7.00970020E-07   5.85791003E-03
   5.14218982E-06   5.86631987E-03
   1.16865003E-05   5.87895978E-03
   2.33736003E-07   5.90131013E-03
   4.67460012E-07   5.90203004E-03
   7.01210013E-07   5.89977996E-03
   2.45881012E-07   5.89160016E-03
       -1137       -1137
   1.54045997E-02   8.95499979E-05
   2.33789999E-02   1.04330000E-04
   4.09966009E-03   2.07499994E-04
   4.07980988E-03   2.77000014E-04
   1.13303997E-02   3.52150004E-04
   2.26177997E-03   4.55339992E-04
   2.56790011E-03   4.66569996E-04
   5.02972980E-04   5.78320003E-04
   8.51002987E-04   5.79849991E-04
   7.84685020E-04   5.31109981E-04
   6.62703009E-04   5.52160025E-04
   1.59485999E-03   5.64799993E-04
   1.17834998E-05   5.87149989E-04
   1.15654002E-05   5.87870018E-04
   7.22270997E-05   5.85620000E-04
  0.235991001       3.11150012E-04
  0.284278989       3.25930014E-04
   2.50857007E-02   4.29100008E-04
   2.71761995E-02   4.98600013E-04
   2.67146993E-02   5.73750003E-04
   9.06499010E-03   6.76940021E-04
   1.34333000E-02   6.88170025E-04
   6.94942009E-03   7.99920002E-04
   7.80432997E-03   8.01449991E-04
   4.92278021E-03   7.52709981E-04
   4.45723021E-03   7.73760024E-04
   3.86276003E-03   7.86399993E-04
   4.73516993E-05   8.08749988E-04
   6.08804985E-05   8.09470017E-04
   4.59559000E-04   8.07220000E-04
   4.81704010E-05   1.50080002E-03
   3.10395990E-04   1.67170004E-03
   8.95844959E-03   1.97049999E-03
   6.02838001E-04   2.24525994E-03
   8.20603978E-04   2.29945988E-03
   2.66336999E-03   2.66265008E-03
   4.84126015E-03   2.67742993E-03
   2.47969001E-05   2.78059999E-03
   3.76245007E-05   2.85009993E-03
   1.34684006E-03   2.92524998E-03
   1.01471000E-04   3.02844006E-03
   1.35392998E-04   3.03966994E-03
   9.66256994E-05   3.15142004E-03
   1.68447994E-04   3.15294997E-03
   4.84553993E-06   3.10420990E-03
   5.41549980E-06   3.12525989E-03
   1.84712000E-04   3.13790003E-03
   5.70055022E-07   3.16024991E-03
   5.70055022E-07   3.16097005E-03
   5.70055022E-07   3.15871998E-03
   3.42043995E-06   1.84259994E-03
   1.14893997E-02   2.14140001E-03
   2.83894013E-04   2.41615996E-03
   2.75604008E-03   2.47035990E-03
   1.51589001E-03   2.83355010E-03
   7.20675988E-03   2.84832995E-03
   7.18302981E-05   2.95150001E-03
   4.56065982E-06   3.02099995E-03
   1.78238004E-03   3.09615000E-03
   5.78637992E-05   3.19934008E-03
   4.41818993E-04   3.21056996E-03
   4.84574011E-05   3.32232006E-03
   2.39993999E-04   3.32384999E-03
   1.36815997E-05   3.27510992E-03
   8.55121982E-07   3.29615991E-03
   2.45703995E-04   3.30880005E-03
   2.85043996E-07   3.33114993E-03
   1.99527994E-06   3.33187007E-03
   1.14013994E-06   3.32962000E-03
   1.41647998E-02   2.44019995E-03
   2.13016998E-02   2.71495990E-03
   2.74224002E-02   2.76916008E-03
   2.05716006E-02   3.13235004E-03
   2.34002993E-02   3.14712990E-03
   2.32878001E-03   3.25029995E-03
   2.78480002E-03   3.31979990E-03
   5.60626993E-03   3.39494995E-03
   4.16897982E-03   3.49814002E-03
   5.36940014E-03   3.50936991E-03
   9.82539961E-04   3.62112001E-03
   1.08233001E-03   3.62264994E-03
   4.68040002E-04   3.57391010E-03
   4.72039013E-04   3.59496009E-03
   8.15235020E-04   3.60760000E-03
   2.22336002E-05   3.62995011E-03
   2.45143001E-05   3.63067002E-03
   4.38960014E-05   3.62841995E-03
   1.53626999E-04   2.98972009E-03
   3.63507005E-03   3.04392003E-03
   6.07687980E-04   3.40710999E-03
   6.80411002E-03   3.42189008E-03
   7.66744997E-05   3.52505990E-03
   1.28265001E-05   3.59456008E-03
   3.21062002E-03   3.66970990E-03
   4.90257007E-05   3.77289997E-03
   6.15673023E-04   3.78413009E-03
   2.33726005E-05   3.89587996E-03
   1.88111997E-04   3.89740989E-03
   1.33963003E-05   3.84867005E-03
   1.71017996E-06   3.86972004E-03
   4.39800991E-04   3.88235995E-03
   2.85036009E-07   3.90471006E-03
   2.85036003E-06   3.90542997E-03
   1.14010004E-06   3.90317990E-03
   1.53546000E-03   3.09811998E-03
   5.30776009E-03   3.46130994E-03
   4.30386979E-03   3.47609003E-03
   1.16014999E-04   3.57926008E-03
   2.70518009E-04   3.64876003E-03
   4.07555979E-03   3.72391008E-03
   6.02865010E-04   3.82709992E-03
   5.25041018E-04   3.83833004E-03
   1.93268002E-04   3.95007990E-03
   1.48802006E-04   3.95161007E-03
   2.05239994E-05   3.90287000E-03
   3.81960017E-05   3.92391998E-03
   5.56687999E-04   3.93655989E-03
   3.13552005E-06   3.95890977E-03
   2.28046997E-06   3.95963015E-03
   1.99528995E-06   3.95738008E-03
   9.44914995E-04   3.82449990E-03
   2.42890995E-02   3.83927999E-03
   2.91878998E-04   3.94245004E-03
   2.91878998E-04   4.01194999E-03
   2.93959002E-03   4.08709981E-03
   1.38247997E-04   4.19028988E-03
   9.70853027E-04   4.20151977E-03
   7.81010967E-05   4.31327010E-03
   8.85910995E-04   4.31479979E-03
   5.01666982E-05   4.26605996E-03
   4.70322011E-05   4.28711018E-03
   3.99615004E-04   4.29975009E-03
   8.55118003E-07   4.32209997E-03
   4.27571013E-06   4.32281988E-03
   4.56063981E-06   4.32056980E-03
   9.67167970E-03   3.85406008E-03
   5.19628986E-04   3.95723013E-03
   1.35617994E-03   4.02673008E-03
   3.50882998E-03   4.10187989E-03
   1.31238997E-03   4.20506997E-03
   8.62537010E-04   4.21629986E-03
   8.86200985E-04   4.32805018E-03
   7.17160001E-04   4.32957988E-03
   8.77921993E-05   4.28084005E-03
   2.19484995E-04   4.30188980E-03
   4.84276010E-04   4.31453018E-03
   6.84105999E-06   4.33688005E-03
   3.99063993E-06   4.33759997E-03
   7.98115980E-06   4.33534989E-03
   3.13537998E-06   4.06040018E-03
   9.69104985E-06   4.12990013E-03
   3.52008996E-04   4.20504995E-03
   1.42522003E-05   4.30824002E-03
   2.05231008E-05   4.31946991E-03
   1.02611002E-05   4.43121977E-03
   1.79563995E-05   4.43274993E-03
   1.42522003E-06   4.38401010E-03
   1.42522003E-06   4.40505985E-03
   4.81704010E-05   4.41770023E-03
   2.85037004E-07   4.19940008E-03
   4.34398011E-04   4.27454989E-03
   2.28039994E-06   4.37773997E-03
   4.64602017E-05   4.38896986E-03
   1.11161999E-05   4.50072018E-03
   5.15915017E-05   4.50224988E-03
   1.99522992E-06   4.45351005E-03
   6.01428983E-05   4.48720017E-03
   2.85037004E-07   4.51026997E-03
   2.85037004E-07   4.50801989E-03
   5.22181974E-04   4.34970018E-03
   6.31640025E-04   4.45288979E-03
   8.00381007E-04   4.46412014E-03
   1.40517994E-04   4.57587000E-03
   1.60181997E-04   4.57740016E-03
   7.09731030E-05   4.52865986E-03
   7.38234012E-05   4.54971008E-03
   1.50214997E-04   4.56234999E-03
   3.42031990E-06   4.58469987E-03
   3.70536009E-06   4.58541978E-03
   6.55570011E-06   4.58317017E-03
   3.99056989E-06   4.55607986E-03
   1.11444999E-04   4.56731021E-03
   4.84560996E-06   4.67906008E-03
   3.90509013E-05   4.68058977E-03
   2.56532007E-06   4.63184994E-03
   2.85037004E-07   4.65290016E-03
   8.66522023E-05   4.66554007E-03
   5.70062980E-07   4.68860986E-03
   2.85037004E-07   4.68635978E-03
   4.78861984E-05   4.57854010E-03
   3.76249991E-05   4.69028996E-03
   3.04982004E-05   4.69182013E-03
   3.70539010E-06   4.64307982E-03
   6.55576014E-06   4.66413004E-03
   1.09453998E-04   4.67676995E-03
   5.70062980E-07   4.69911983E-03
   5.70062980E-07   4.69984021E-03
   2.85037004E-07   4.69759014E-03
   1.55475004E-06   4.80203982E-03
   3.73114017E-05   4.80356999E-03
   1.86556997E-06   4.75483015E-03
   1.86556997E-06   4.77587990E-03
   2.08328001E-05   4.78851981E-03
   3.10936002E-07   4.81159007E-03
   3.10936002E-07   4.80934000E-03
   1.27081003E-05   4.80510015E-03
   3.32850004E-06   4.75635985E-03
   9.07755020E-06   4.77741007E-03
   2.32996008E-05   4.79004998E-03
   3.02589001E-07   4.81239986E-03
   3.02589001E-07   4.81087016E-03
   2.64161002E-07   4.72867023E-03
   8.98142025E-06   4.74131014E-03
   9.24559026E-06   4.76235989E-03
   9.17234956E-06   4.77499980E-03
   4.82750977E-07   4.79735015E-03
   4.82750977E-07   4.79807006E-03
   7.24132008E-07   4.79581999E-03
       -1137       -1137
   4.76084985E-02   8.51399964E-05
   6.85332995E-03   9.63700004E-05
   2.23958995E-02   2.08119993E-04
   2.38450989E-03   2.09649996E-04
   9.41567007E-04   1.60910000E-04
   4.52028005E-04   1.81960000E-04
   8.93365010E-04   1.94599997E-04
   2.42730006E-04   2.16949993E-04
   3.07609007E-05   2.17670007E-04
   8.69298019E-05   2.15420005E-04
   1.33739002E-06   9.08999995E-04
   6.72716997E-04   1.07989996E-03
   6.86092011E-04   1.37870002E-03
   2.68038008E-02   1.65345997E-03
   3.20311007E-03   1.70766003E-03
   1.62783004E-02   2.07084999E-03
   3.53023992E-03   2.08563008E-03
   1.33739004E-05   2.18879990E-03
   1.42436998E-04   2.25830008E-03
   1.08327004E-04   2.33344990E-03
   3.53074004E-03   2.43663997E-03
   4.56723006E-04   2.44787009E-03
   5.59034990E-04   2.55961996E-03
   9.76352021E-05   2.56114989E-03
   3.34344008E-06   2.51241005E-03
   2.34046001E-05   2.53346004E-03
   1.47114997E-05   2.54609995E-03
   1.73864992E-05   2.56845006E-03
   2.00615000E-06   2.56916997E-03
   2.66812014E-04   1.25079998E-03
   2.98837991E-03   1.54960004E-03
   2.43353005E-02   1.82435999E-03
   1.29729998E-03   1.87856006E-03
   1.27646001E-02   2.24175001E-03
   7.23815989E-03   2.25653010E-03
   8.76007980E-05   2.35969992E-03
   1.18370997E-04   2.42920010E-03
   5.26940974E-04   2.50434992E-03
   3.16620991E-03   2.60753999E-03
   2.07966004E-04   2.61877012E-03
   4.23971011E-04   2.73051998E-03
   2.41407994E-04   2.73204991E-03
   1.60489999E-05   2.68331007E-03
   1.93923006E-05   2.70436006E-03
   7.42268021E-05   2.71699997E-03
   1.60489999E-05   2.73935008E-03
   6.68720020E-07   2.74006999E-03
   1.33740002E-06   2.73781992E-03
   1.03377004E-03   1.84839999E-03
   4.57684994E-02   2.12316005E-03
   1.73930998E-03   2.17736000E-03
   1.71588000E-03   2.54054996E-03
   1.52000005E-03   2.55533005E-03
   1.31733002E-04   2.65850010E-03
   4.40011005E-04   2.72800005E-03
   3.47733992E-04   2.80315010E-03
   6.03091018E-03   2.90633994E-03
   2.62140005E-04   2.91757006E-03
   4.41338016E-05   3.02931992E-03
   3.61099010E-05   3.03085009E-03
   2.47417993E-05   2.98211002E-03
   6.75381016E-05   3.00316000E-03
   4.88154001E-05   3.01579991E-03
   3.00917000E-05   3.03815003E-03
   1.33738001E-06   3.03886994E-03
   2.00611998E-06   3.03662010E-03
   4.27211002E-02   2.39792001E-03
   8.30295980E-02   2.45211995E-03
   5.14063016E-02   2.81530991E-03
   6.03419989E-02   2.83009000E-03
   6.26718998E-03   2.93326005E-03
   5.95819019E-03   3.00276000E-03
   1.08276997E-02   3.07791005E-03
   1.41169997E-02   3.18109989E-03
   1.60709992E-02   3.19233001E-03
   2.46335007E-03   3.30408011E-03
   2.84135994E-03   3.30561004E-03
   1.24114996E-03   3.25686997E-03
   1.01244997E-03   3.27791995E-03
   1.61756005E-03   3.29056010E-03
   7.35583017E-05   3.31290998E-03
   7.28900995E-05   3.31362989E-03
   1.16354997E-04   3.31138005E-03
   1.30186998E-03   2.50631990E-03
   6.14674017E-02   2.86951009E-03
   2.84332992E-03   2.88428995E-03
   3.54418007E-04   2.98746000E-03
   1.69852996E-04   3.05695995E-03
   3.24985012E-04   3.13211000E-03
   1.09631000E-02   3.23530007E-03
   4.06559993E-04   3.24652996E-03
   2.68484000E-03   3.35828005E-03
   1.10328998E-04   3.35980998E-03
   6.15202007E-05   3.31106992E-03
   2.60784000E-05   3.33211990E-03
   4.61396994E-05   3.34476004E-03
   5.48337994E-05   3.36710992E-03
   2.00612999E-06   3.36783007E-03
   5.34973015E-06   3.36557999E-03
   6.12065010E-02   3.23270005E-03
  0.174652994       3.24747991E-03
   4.09597019E-03   3.35064996E-03
   2.41795997E-03   3.42014991E-03
   4.15271003E-04   3.49529996E-03
   7.49285007E-03   3.59849003E-03
   1.12664001E-02   3.60971992E-03
   5.14042005E-03   3.72147001E-03
   7.73032987E-03   3.72299994E-03
   8.19821027E-04   3.67426011E-03
   4.01895988E-04   3.69531009E-03
   6.28581984E-05   3.70795000E-03
   3.81161008E-05   3.73030012E-03
   5.08207013E-05   3.73102003E-03
   7.69003964E-05   3.72876995E-03
   3.59756011E-03   3.26226000E-03
   6.12533011E-04   3.36543005E-03
   6.90778019E-04   3.43493000E-03
   3.22982989E-04   3.51008005E-03
   7.21945986E-03   3.61326989E-03
   4.83462005E-04   3.62450001E-03
   6.44430006E-03   3.73625010E-03
   2.90897005E-04   3.73778003E-03
   1.12335001E-04   3.68903996E-03
   9.96406015E-05   3.71008995E-03
   4.68083017E-05   3.72273009E-03
   3.54420008E-05   3.74507997E-03
   2.00613999E-06   3.74579988E-03
   1.06989000E-05   3.74355004E-03
   1.33747005E-06   3.46860010E-03
   2.20683996E-05   3.53810005E-03
   2.13999992E-05   3.61325010E-03
   8.31244979E-04   3.71643994E-03
   5.68430005E-05   3.72767006E-03
   1.50463995E-04   3.83941992E-03
   2.20683996E-05   3.84095008E-03
   6.68752989E-07   3.79221002E-03
   3.34361994E-06   3.81326000E-03
   3.34361994E-06   3.82589991E-03
   4.01240004E-06   3.84825002E-03
   1.40423999E-05   3.60760000E-03
   8.42571026E-05   3.68275004E-03
   7.79724971E-04   3.78593989E-03
   3.20971994E-05   3.79717001E-03
   8.35887986E-05   3.90892010E-03
   2.40732006E-05   3.91044980E-03
   4.01222997E-06   3.86170996E-03
   4.68089002E-06   3.88275995E-03
   1.20375998E-05   3.89540009E-03
   4.01222997E-06   3.91774997E-03
   6.68723999E-07   3.91621981E-03
   3.00914999E-05   3.75790009E-03
   1.43561000E-03   3.86108994E-03
   5.21572983E-05   3.87232006E-03
   1.27054000E-05   3.98406992E-03
   8.02429986E-06   3.98560008E-03
   4.01209991E-06   3.93685978E-03
   1.33737003E-05   3.95791000E-03
   8.69294036E-06   3.97054991E-03
   7.35566982E-06   3.99289979E-03
   6.68703990E-07   3.99137009E-03
   1.11338997E-03   3.96427978E-03
   2.13579996E-03   3.97551013E-03
   3.57762998E-04   4.08725999E-03
   3.44397995E-04   4.08879016E-03
   1.64498997E-04   4.04004985E-03
   1.32404006E-04   4.06110007E-03
   2.14647007E-04   4.07373998E-03
   1.13681999E-05   4.09608986E-03
   1.00306997E-05   4.09680977E-03
   1.53796991E-05   4.09456016E-03
   3.14288991E-05   3.98674002E-03
   4.98173002E-04   4.09848988E-03
   1.93918004E-05   4.10002004E-03
   1.00304997E-05   4.05128021E-03
   5.34966011E-06   4.07232996E-03
   7.35565982E-06   4.08496987E-03
   1.06987000E-05   4.10732022E-03
   6.68703024E-07   4.10579005E-03
   9.53452982E-05   4.21024021E-03
   3.22253007E-04   4.21176990E-03
   3.32605014E-05   4.16303007E-03
   1.55206999E-05   4.18407982E-03
   2.21736991E-06   4.19672020E-03
   2.21736991E-06   4.21907008E-03
   2.21736991E-06   4.21978999E-03
   2.95641007E-06   4.21753991E-03
   4.64009008E-06   4.21330007E-03
   3.47994001E-06   4.16456023E-03
   2.89990999E-06   4.18560999E-03
   1.15998000E-06   4.19824990E-03
   1.74002002E-06   4.22059977E-03
   5.80006997E-07   4.21907008E-03
   4.66097987E-07   4.13687015E-03
   4.66097987E-07   4.14951006E-03
   4.66097987E-07   4.17185994E-03
   5.84098018E-07   4.15791990E-03
   1.75229002E-06   4.17055981E-03
   5.84098018E-07   4.19291016E-03
   3.39839005E-07   4.18320019E-03
   6.79656978E-07   4.20555007E-03
       -1137       -1137
   3.34785982E-05   6.87399996E-04
   3.05408990E-04   8.58300016E-04
   1.41029002E-03   1.15709996E-03
   3.11367004E-03   1.43186003E-03
   3.01444009E-02   1.48605998E-03
   4.01550019E-03   1.84925005E-03
   1.71262994E-02   1.86403003E-03
   1.91307008E-05   1.96720008E-03
   2.66467996E-05   2.03670003E-03
   2.28204997E-04   2.11185007E-03
   4.03115002E-04   2.21503992E-03
   3.94845987E-03   2.22627004E-03
   1.06590996E-04   2.33801990E-03
   5.22010028E-04   2.33955006E-03
   4.09948007E-06   2.29080999E-03
   4.09948007E-06   2.31185998E-03
   3.14294011E-05   2.32449989E-03
   2.04974003E-06   2.34685000E-03
   1.70815001E-05   2.34756991E-03
   6.83261021E-07   2.34532007E-03
   2.11808001E-05   1.02920004E-03
   4.53480007E-03   1.32799998E-03
   2.24788004E-04   1.60276005E-03
   3.08646001E-02   1.65696000E-03
   2.37967004E-03   2.02014996E-03
   1.09710004E-02   2.03493005E-03
   3.68955007E-05   2.13810010E-03
   4.78266020E-06   2.20760005E-03
   7.36546004E-04   2.28275009E-03
   5.46603997E-06   2.38593994E-03
   4.02506022E-03   2.39717006E-03
   7.58411988E-05   2.50891992E-03
   3.29336995E-04   2.51045008E-03
   6.83259987E-06   2.46171001E-03
   6.83259998E-07   2.48276000E-03
   1.02487000E-04   2.49539991E-03
   1.70815001E-05   2.51846993E-03
   6.83259998E-07   2.51622009E-03
   2.65862001E-03   1.62680005E-03
   2.73242989E-03   1.90156000E-03
   4.38469984E-02   1.95575994E-03
   1.82421005E-03   2.31894990E-03
   2.72534997E-03   2.33372999E-03
   2.86950002E-04   2.43690005E-03
   5.99892985E-04   2.50639999E-03
   8.81395012E-04   2.58155004E-03
   4.53682005E-04   2.68473988E-03
   5.68602001E-03   2.69597000E-03
   4.78268994E-05   2.80772010E-03
   6.76428972E-05   2.80925003E-03
   5.46607007E-05   2.76050996E-03
   9.08720031E-05   2.78155995E-03
   1.23666003E-04   2.79420009E-03
   2.04974003E-06   2.81654997E-03
   2.45977008E-05   2.81727011E-03
   4.78269021E-06   2.81502004E-03
   6.06057991E-04   2.17631995E-03
   6.28352985E-02   2.23051989E-03
   2.65866006E-03   2.59371009E-03
   3.68723013E-02   2.60848994E-03
   3.17717990E-04   2.71166000E-03
   6.62751991E-05   2.78115994E-03
   4.57782997E-04   2.85630999E-03
   1.81069001E-04   2.95950007E-03
   8.26068036E-03   2.97072995E-03
   1.12738999E-04   3.08248005E-03
   1.57010998E-03   3.08400998E-03
   5.39760986E-05   3.03526991E-03
   1.09323000E-05   3.05631990E-03
   6.49094000E-05   3.06896004E-03
   6.83273015E-07   3.09130992E-03
   3.55302982E-05   3.09203006E-03
   4.78274978E-06   3.08977999E-03
   6.90051988E-02   2.28472007E-03
   5.81309982E-02   2.64791003E-03
   9.38787013E-02   2.66268989E-03
   6.64599985E-03   2.76585994E-03
   7.17606023E-03   2.83535989E-03
   1.04708001E-02   2.91050994E-03
   1.21165002E-02   3.01370001E-03
   2.24169008E-02   3.02492990E-03
   2.77176010E-03   3.13668000E-03
   4.21770010E-03   3.13820993E-03
   1.30768004E-03   3.08947009E-03
   1.20665994E-03   3.11052008E-03
   1.56729005E-03   3.12315999E-03
   6.42255982E-05   3.14551010E-03
   9.97570969E-05   3.14623001E-03
   1.22300000E-04   3.14397993E-03
   5.24460012E-03   3.01109999E-03
  0.166343004       3.02588008E-03
   7.82989024E-04   3.12904990E-03
   5.05601987E-04   3.19855008E-03
   3.68278008E-04   3.27369990E-03
   4.91945015E-04   3.37688997E-03
   7.18365982E-03   3.38812009E-03
   4.38648014E-04   3.49986996E-03
   5.99810993E-03   3.50139989E-03
   1.47573999E-04   3.45266005E-03
   8.40388966E-05   3.47371004E-03
   5.39752000E-05   3.48634995E-03
   2.73292994E-06   3.50870006E-03
   3.07470982E-05   3.50941997E-03
   1.36646004E-05   3.50716989E-03
  0.113265000       3.04065994E-03
   4.26829979E-03   3.14382999E-03
   2.60460004E-03   3.21332994E-03
   6.09459996E-04   3.28847999E-03
   6.55632978E-03   3.39167006E-03
   1.41596003E-02   3.40289995E-03
   7.35097984E-03   3.51465004E-03
   9.06051043E-03   3.51617998E-03
   8.53364007E-04   3.46743991E-03
   4.42051998E-04   3.48848989E-03
   9.15545024E-05   3.50113004E-03
   3.41607993E-05   3.52347991E-03
   6.28596972E-05   3.52420006E-03
   8.06243988E-05   3.52194998E-03
   1.36646997E-06   3.31649999E-03
   4.85124001E-05   3.39165004E-03
   4.78270995E-05   3.49484012E-03
   8.76607024E-04   3.50607000E-03
   2.73295009E-05   3.61782010E-03
   1.46220002E-04   3.61935003E-03
   6.83265989E-06   3.60430009E-03
   4.09951008E-06   3.62737011E-03
   1.04526996E-04   3.46114999E-03
   4.09938002E-06   3.56434006E-03
   9.51769005E-04   3.57556995E-03
   1.63978002E-05   3.68732004E-03
   8.26710966E-05   3.68884997E-03
   1.50309997E-05   3.67380003E-03
   4.09938002E-06   3.69687006E-03
   7.31079999E-05   3.53630004E-03
   8.13086008E-05   3.63949011E-03
   1.36310002E-03   3.65072000E-03
   1.09323000E-05   3.76247009E-03
   1.77652000E-05   3.76400002E-03
   9.56608983E-06   3.71525995E-03
   1.63984005E-05   3.73630994E-03
   2.04977005E-05   3.74895008E-03
   6.83271992E-07   3.77129996E-03
   6.14943019E-06   3.77202011E-03
   6.83271992E-07   3.76977003E-03
   1.22991996E-05   3.74267995E-03
   1.60368998E-03   3.75391007E-03
   2.11814004E-05   3.86565994E-03
   2.85602000E-04   3.86719010E-03
   8.19930028E-06   3.81845003E-03
   6.83278984E-07   3.83950002E-03
   1.16156998E-05   3.85213993E-03
   6.83278995E-06   3.87520995E-03
   6.83278984E-07   3.87296011E-03
   1.74503995E-03   3.76513996E-03
   3.46418004E-04   3.87689006E-03
   6.33373973E-04   3.87841999E-03
   1.72183005E-04   3.82967992E-03
   1.60566997E-04   3.85072990E-03
   2.04290001E-04   3.86337005E-03
   8.19922025E-06   3.88571993E-03
   1.57150007E-05   3.88644007E-03
   1.63985005E-05   3.88419000E-03
   8.78758965E-06   3.98863992E-03
   3.16329999E-04   3.99017008E-03
   6.39091013E-06   3.94142978E-03
   3.19534001E-06   3.96248000E-03
   1.59766000E-06   3.97511991E-03
   1.59766000E-06   3.99819016E-03
   7.98868996E-07   3.99594009E-03
   1.73442997E-04   3.99169978E-03
   3.27121015E-05   3.94295994E-03
   1.59745996E-05   3.96401016E-03
   3.04273999E-06   3.97665007E-03
   1.52137000E-06   3.99899995E-03
   3.04273999E-06   3.99971986E-03
   3.04273999E-06   3.99746979E-03
   9.41847020E-07   3.92790977E-03
   4.70945992E-07   3.95098003E-03
   1.64608002E-06   3.94895999E-03
   5.48707021E-07   3.97202978E-03
   1.00718000E-06   3.96159990E-03
   5.03613023E-07   3.98467015E-03
       -1137       -1137
   6.03876002E-02   3.44399996E-05
   9.30097997E-02   4.56700000E-05
   1.71822999E-02   1.57420000E-04
   1.84733998E-02   1.58950003E-04
   8.89371987E-03   1.10210000E-04
   7.30091007E-03   1.31260007E-04
   9.36387014E-03   1.43900004E-04
   2.78015999E-04   1.66250000E-04
   3.66407010E-04   1.66970000E-04
   8.03935982E-04   1.64719997E-04
   1.61397997E-02   0.00000000    
   3.61437015E-02   8.54000027E-05
   4.43946011E-02   1.54900001E-04
   3.57552990E-02   2.30050005E-04
   3.11814006E-02   3.33239994E-04
   3.86574008E-02   3.44469998E-04
   1.23294001E-03   4.56220005E-04
   2.10553990E-03   4.57749993E-04
   7.06460979E-03   4.09010012E-04
   7.16865994E-03   4.30059998E-04
   5.42997010E-03   4.42699995E-04
   1.54334994E-04   4.65049990E-04
   1.69913998E-04   4.65769990E-04
   6.51999027E-04   4.63520002E-04
   3.35591007E-03   2.42209993E-04
   3.77661991E-03   2.56989995E-04
   1.57920998E-02   3.60159989E-04
   5.77514013E-03   4.29659995E-04
   4.56626015E-03   5.04810014E-04
   1.76789996E-03   6.07999973E-04
   3.42276995E-03   6.19229977E-04
   9.53254988E-04   7.30980013E-04
   9.49201989E-04   7.32510001E-04
   2.24274001E-03   6.83769991E-04
   9.05609981E-04   7.04819977E-04
   5.61634020E-04   7.17460003E-04
   8.82627955E-06   7.39809999E-04
   1.46673001E-05   7.40530028E-04
   2.00402996E-04   7.38280010E-04
   4.41419007E-03   2.96409999E-04
   5.67359012E-03   3.11190001E-04
   2.19084993E-02   4.14359994E-04
   8.50777980E-03   4.83860000E-04
   5.73087996E-03   5.59010019E-04
   2.66932999E-03   6.62199978E-04
   3.34377005E-03   6.73429982E-04
   1.02961995E-03   7.85180018E-04
   1.40456005E-03   7.86710007E-04
   3.08683002E-03   7.37969996E-04
   1.19302003E-03   7.59019982E-04
   7.86572986E-04   7.71660008E-04
   1.33693002E-05   7.94010004E-04
   1.47967003E-05   7.94729975E-04
   2.75177008E-04   7.92480016E-04
   8.41332041E-03   6.59600017E-04
   1.56472996E-02   6.74379990E-04
   1.95323005E-02   7.77549983E-04
   2.74586002E-03   8.47049989E-04
   1.29346000E-02   9.22199979E-04
   1.19957002E-03   1.02539000E-03
   7.63362972E-04   1.03662000E-03
   3.87053995E-04   1.14836998E-03
   3.64467996E-04   1.14990002E-03
   2.31495989E-03   1.10115996E-03
   3.42015002E-04   1.12220994E-03
   1.45951996E-03   1.13484997E-03
   5.97073995E-06   1.15719996E-03
   3.11514009E-06   1.15791999E-03
   2.00666007E-04   1.15567003E-03
   1.38290003E-02   6.89160021E-04
   2.51848996E-02   7.92330015E-04
   1.21656002E-03   8.61830020E-04
   1.32652000E-02   9.36980010E-04
   6.77693984E-04   1.04016997E-03
   1.68987003E-03   1.05139997E-03
   3.83551000E-04   1.16314995E-03
   6.26645982E-04   1.16468000E-03
   2.97120004E-03   1.11594005E-03
   1.47188999E-04   1.13699003E-03
   1.42941996E-03   1.14963006E-03
   3.37470010E-06   1.17198005E-03
   7.00919009E-06   1.17269997E-03
   2.57389009E-04   1.17045001E-03
   1.78615991E-02   8.95500008E-04
   2.69374996E-02   9.65000014E-04
   4.14289013E-02   1.04014995E-03
   4.29059006E-02   1.14334002E-03
   5.89223988E-02   1.15457003E-03
   1.45781003E-02   1.26632000E-03
   1.81053001E-02   1.26785005E-03
   5.80880977E-03   1.21910998E-03
   4.58250986E-03   1.24015997E-03
   6.15786994E-03   1.25279999E-03
   2.29130004E-04   1.27514999E-03
   2.70298013E-04   1.27587002E-03
   5.31647005E-04   1.27361994E-03
   2.05139001E-03   1.03449996E-03
   9.65195987E-03   1.10965001E-03
   3.82001000E-03   1.21283997E-03
   2.55980995E-03   1.22406997E-03
   7.85793993E-04   1.33581995E-03
   4.58247989E-04   1.33735000E-03
   3.25610000E-03   1.28861004E-03
   5.56704006E-04   1.30966003E-03
   1.05971005E-03   1.32230006E-03
   1.96901001E-05   1.34465005E-03
   1.07395999E-05   1.34536996E-03
   2.82832014E-04   1.34312001E-03
   4.81536007E-03   1.18480006E-03
   2.06396007E-03   1.28799002E-03
   5.83750987E-03   1.29922002E-03
   4.06529987E-03   1.41097000E-03
   5.01046004E-03   1.41250005E-03
   5.23072015E-03   1.36375998E-03
   1.45532005E-03   1.38480996E-03
   1.24769995E-03   1.39744999E-03
   1.07399001E-05   1.41979998E-03
   2.68511994E-05   1.42052001E-03
   4.60061012E-04   1.41827005E-03
   1.08207006E-03   1.39117998E-03
   3.57914995E-03   1.40240998E-03
   3.54188000E-04   1.51415996E-03
   2.53253995E-04   1.51569000E-03
   5.19966986E-03   1.46695005E-03
   4.92334017E-04   1.48800004E-03
   1.84175995E-04   1.50063995E-03
   1.06252000E-05   1.52298994E-03
   1.41683004E-05   1.52370997E-03
   4.53367014E-04   1.52146001E-03
   2.20162002E-03   1.41363998E-03
   2.76956998E-04   1.52538996E-03
   5.13590989E-04   1.52692001E-03
   7.05373008E-03   1.47818006E-03
   2.82211986E-04   1.49923004E-03
   6.57323981E-04   1.51186995E-03
   1.57762006E-05   1.53421995E-03
   1.75291007E-05   1.53493998E-03
   6.15256024E-04   1.53269002E-03
   3.00934007E-05   1.63714006E-03
   6.39486971E-05   1.63866999E-03
   1.79059000E-03   1.58993003E-03
   9.96878007E-05   1.61098002E-03
   5.04077005E-04   1.62362005E-03
   1.88089996E-06   1.64597004E-03
   1.88089996E-06   1.64668995E-03
   1.54237001E-04   1.64444000E-03
   5.00374990E-05   1.64020003E-03
   2.18686997E-03   1.59145996E-03
   5.18909001E-05   1.61250995E-03
   6.04162982E-04   1.62514998E-03
   1.85330998E-06   1.64749997E-03
   1.85330998E-06   1.64822000E-03
   1.89030994E-04   1.64597004E-03
   4.07713000E-04   1.54272001E-03
   5.26127988E-04   1.56377000E-03
   7.20701995E-04   1.57641002E-03
   2.70675991E-05   1.59876002E-03
   3.04511996E-05   1.59948005E-03
   7.44384015E-05   1.59722997E-03
   3.40457009E-05   1.58481998E-03
   1.41048004E-04   1.59746001E-03
   1.62130004E-06   1.61981001E-03
   1.62130004E-06   1.62053003E-03
   4.37734016E-05   1.61827996E-03
   6.82828977E-05   1.61010004E-03
   1.58797002E-06   1.63245003E-03
   3.17577997E-06   1.63316994E-03
   5.87534014E-05   1.63091999E-03
       -1137       -1137
   1.40583003E-02   5.91499993E-05
   9.09943040E-03   1.62340002E-04
   1.30206002E-02   1.73570006E-04
   1.62560004E-03   2.85320013E-04
   2.40032002E-03   2.86850001E-04
   1.80689001E-03   2.38110006E-04
   2.10206001E-03   2.59160006E-04
   1.68453995E-03   2.71800003E-04
   3.13134005E-05   2.94149999E-04
   4.17144001E-05   2.94869998E-04
   1.62900993E-04   2.92620010E-04
   7.21822977E-02   7.13100017E-05
  0.195326000       8.60900036E-05
   2.92961001E-02   1.89259998E-04
   2.42618006E-02   2.58760003E-04
   2.73362994E-02   3.33909993E-04
   1.50808999E-02   4.37100010E-04
   2.14281995E-02   4.48330014E-04
   1.71157997E-03   5.60079992E-04
   3.21725011E-03   5.61609981E-04
   5.78782009E-03   5.12870029E-04
   3.84382997E-03   5.33920014E-04
   4.04762989E-03   5.46559982E-04
   7.95863016E-05   5.68909978E-04
   9.57462980E-05   5.69630007E-04
   5.42260997E-04   5.67379990E-04
   4.10600007E-02   1.25510007E-04
   1.02422005E-02   1.40289994E-04
   4.55278996E-03   2.43460003E-04
   2.00020000E-02   3.12960008E-04
   3.72495991E-03   3.88109998E-04
   1.78043998E-03   4.91300016E-04
   2.05453997E-03   5.02530020E-04
   4.66200989E-04   6.14279998E-04
   3.02730012E-04   6.15809986E-04
   6.83029997E-04   5.67069976E-04
   2.16795993E-03   5.88120020E-04
   4.16021008E-04   6.00759988E-04
   8.25212010E-06   6.23109983E-04
   8.70430995E-06   6.23830012E-04
   6.16093021E-05   6.21579995E-04
   1.78170996E-03   4.88699996E-04
   8.98925960E-03   5.03480027E-04
   4.58644982E-03   6.06650021E-04
   1.73936002E-02   6.76150026E-04
   1.92066003E-03   7.51300016E-04
   5.46468003E-03   8.54489976E-04
   4.64216992E-03   8.65719980E-04
   5.48964017E-04   9.77469957E-04
   3.84012994E-04   9.79000004E-04
   9.13365977E-04   9.30259994E-04
   1.93011004E-03   9.51309979E-04
   2.48022989E-04   9.63950006E-04
   2.29479992E-05   9.86299943E-04
   2.05737997E-05   9.87019972E-04
   8.51271034E-05   9.84770013E-04
   4.83615993E-04   5.18260000E-04
   2.48497003E-03   6.21429994E-04
   2.64506005E-02   6.90929999E-04
   1.41078001E-03   7.66079989E-04
   1.16646998E-02   8.69270007E-04
   1.13961997E-03   8.80500011E-04
   1.09198001E-04   9.92250047E-04
   7.04310005E-05   9.93779977E-04
   3.62196995E-04   9.45040025E-04
   2.80392007E-03   9.66090010E-04
   1.73188993E-04   9.78730037E-04
   4.83826989E-05   1.00108003E-03
   4.74768012E-06   1.00179994E-03
   3.23314016E-05   9.99549986E-04
   2.31330004E-03   7.24599988E-04
   2.97615007E-02   7.94099993E-04
   5.67098008E-03   8.69249983E-04
   7.66922021E-03   9.72440001E-04
   5.20157022E-03   9.83670005E-04
   4.63779987E-04   1.09541998E-03
   9.74708004E-04   1.09695003E-03
   6.97575975E-04   1.04820996E-03
   3.12393997E-03   1.06925995E-03
   7.54104985E-04   1.08189997E-03
   3.20506006E-05   1.10424997E-03
   2.26241009E-05   1.10497000E-03
   6.22138978E-05   1.10272004E-03
   2.06534993E-02   8.63599998E-04
   5.30412011E-02   9.38749989E-04
   4.40075994E-02   1.04193995E-03
   7.30910972E-02   1.05316995E-03
   1.64742991E-02   1.16492005E-03
   2.22506002E-02   1.16644998E-03
   6.07442018E-03   1.11771002E-03
   5.76324016E-03   1.13876001E-03
   7.92407990E-03   1.15140004E-03
   2.35226995E-04   1.17375003E-03
   3.33881006E-04   1.17446994E-03
   5.69108990E-04   1.17221999E-03
   1.59115996E-03   1.01390004E-03
   7.38304015E-03   1.11709000E-03
   3.45667009E-03   1.12832000E-03
   5.01588976E-04   1.24006998E-03
   7.72140978E-04   1.24160002E-03
   7.79589987E-04   1.19285996E-03
   5.63391997E-03   1.21391006E-03
   4.00141987E-04   1.22654997E-03
   3.00583997E-05   1.24889996E-03
   1.50290998E-05   1.24961999E-03
   6.95099006E-05   1.24737003E-03
   2.62153009E-03   1.22027996E-03
   3.80795007E-03   1.23150996E-03
   2.62322999E-03   1.34326005E-03
   4.30862000E-03   1.34478998E-03
   1.27617002E-03   1.29605003E-03
   4.41400008E-03   1.31710002E-03
   9.86036961E-04   1.32974004E-03
   2.59034005E-05   1.35209004E-03
   1.72689997E-05   1.35280995E-03
   1.19154000E-04   1.35055999E-03
   6.67763990E-04   1.24273996E-03
   6.69507019E-04   1.35449006E-03
   3.78591008E-04   1.35601999E-03
   6.04698027E-04   1.30728004E-03
   7.33865006E-03   1.32833002E-03
   3.89102992E-04   1.34097005E-03
   1.57746999E-05   1.36332004E-03
   5.25813994E-06   1.36403996E-03
   5.25813994E-05   1.36179000E-03
   5.11180006E-05   1.46624004E-03
   9.27677029E-05   1.46776997E-03
   8.33048034E-05   1.41903001E-03
   1.70580996E-03   1.44008000E-03
   6.24759996E-05   1.45272003E-03
   1.32532996E-05   1.47507002E-03
   3.78647997E-06   1.47579005E-03
   7.57281987E-06   1.47353997E-03
   2.04857006E-05   1.46930001E-03
   1.34086004E-04   1.42055994E-03
   2.27565994E-03   1.44161005E-03
   8.75272017E-05   1.45424996E-03
   2.04857006E-05   1.47659995E-03
   1.86226998E-06   1.47731998E-03
   1.11734998E-05   1.47507002E-03
   4.51185006E-05   1.37181999E-03
   5.46257012E-04   1.39286998E-03
   8.86268972E-05   1.40551000E-03
   4.83408985E-06   1.42786000E-03
   1.61136995E-06   1.42858003E-03
   8.05672971E-06   1.42632995E-03
   3.16073012E-04   1.41391996E-03
   7.20429001E-04   1.42655999E-03
   2.24625001E-05   1.44890998E-03
   3.04846999E-05   1.44963001E-03
   5.13429004E-05   1.44738005E-03
   1.97584995E-05   1.43920002E-03
   3.03985007E-06   1.46155001E-03
   1.51993004E-06   1.46227004E-03
   7.59953991E-06   1.46001996E-03
       -1137       -1137
   4.82735001E-02   3.51099989E-05
   1.82237998E-02   1.38300005E-04
   2.72326991E-02   1.49529995E-04
   2.63686990E-03   2.61279987E-04
   2.35217996E-03   2.62810005E-04
   3.98945995E-03   2.14069994E-04
   2.89675989E-03   2.35119995E-04
   6.02142978E-03   2.47760006E-04
   8.77807033E-05   2.70110002E-04
   1.09458997E-04   2.70830002E-04
   3.65746004E-04   2.68580014E-04
  0.125494003       1.41600003E-05
  0.130753994       8.93100005E-05
  0.117664002       1.92499996E-04
  0.140853003       2.03730000E-04
   7.85659999E-03   3.15479992E-04
   9.98514984E-03   3.17010010E-04
   2.26607993E-02   2.68270000E-04
   2.02760007E-02   2.89320014E-04
   1.81010999E-02   3.01960012E-04
   5.66490984E-04   3.24310007E-04
   6.05497975E-04   3.25030007E-04
   2.08139000E-03   3.22779990E-04
   1.00666005E-03   1.89900005E-04
   2.71089002E-03   2.04679993E-04
   9.77315009E-03   3.07849987E-04
   4.98129986E-03   3.77349992E-04
   5.33027984E-02   4.52500011E-04
   2.15191999E-03   5.55690029E-04
   7.63498014E-03   5.66919975E-04
   6.06044021E-04   6.78670011E-04
   6.03065011E-04   6.80199999E-04
   1.17415003E-03   6.31459989E-04
   7.01689976E-04   6.52509974E-04
   5.27939014E-03   6.65150001E-04
   1.00235002E-05   6.87499996E-04
   2.65500003E-05   6.88220025E-04
   1.02126003E-04   6.85970008E-04
   3.36051011E-03   2.19459995E-04
   2.29857005E-02   3.22629989E-04
   1.78580005E-02   3.92129994E-04
   6.47191033E-02   4.67280013E-04
   1.60701002E-03   5.70470002E-04
   1.10483002E-02   5.81700006E-04
   2.44506006E-03   6.93449983E-04
   3.02261999E-03   6.94979972E-04
   3.38020991E-03   6.46240020E-04
   2.65305000E-03   6.67290005E-04
   6.47681020E-03   6.79929974E-04
   8.94025015E-06   7.02280027E-04
   4.03667000E-05   7.02999998E-04
   3.03962006E-04   7.00749981E-04
   5.39128014E-05   4.25800012E-04
   2.69568991E-04   4.95299988E-04
   4.99439007E-03   5.70449978E-04
   4.60290990E-04   6.73639996E-04
   7.65617995E-04   6.84870000E-04
   1.77723006E-04   7.96619977E-04
   1.78272996E-04   7.98150024E-04
   2.24860996E-05   7.49410014E-04
   2.95308000E-05   7.70459999E-04
   4.73841006E-04   7.83100026E-04
   2.16741000E-06   8.05450021E-04
   2.70928990E-06   8.06169992E-04
   2.16741000E-06   8.03919975E-04
   4.60557021E-06   5.64799993E-04
   5.76480990E-03   6.39949983E-04
   2.61976995E-04   7.43140001E-04
   7.04395003E-04   7.54370005E-04
   1.40884003E-04   8.66119983E-04
   3.22393986E-04   8.67649971E-04
   4.79525988E-05   8.18910019E-04
   6.77297021E-06   8.39960005E-04
   5.62160974E-04   8.52599973E-04
   1.08364998E-06   8.74950027E-04
   2.43838008E-06   8.75669997E-04
   4.60557021E-06   8.73419980E-04
   7.21639022E-03   7.15099974E-04
   8.79369024E-03   8.18289991E-04
   1.16694001E-02   8.29519995E-04
   3.07683996E-03   9.41269973E-04
   3.68230999E-03   9.42800019E-04
   1.01884000E-03   8.94060009E-04
   9.50364978E-04   9.15109995E-04
   1.78400998E-03   9.27750021E-04
   4.65976009E-05   9.50100017E-04
   5.31000987E-05   9.50819987E-04
   9.53623967E-05   9.48570028E-04
   1.70889005E-04   9.21480008E-04
   1.02431001E-03   9.32710012E-04
   6.78751967E-05   1.04445999E-03
   1.33359004E-04   1.04599004E-03
   6.30846989E-05   9.97249968E-04
   4.33874993E-05   1.01829995E-03
   8.51770979E-04   1.03093998E-03
   1.59708998E-06   1.05328998E-03
   3.72647992E-06   1.05401000E-03
   5.58970987E-06   1.05176005E-03
   9.94000002E-04   9.43940016E-04
   2.32980005E-04   1.05568999E-03
   3.19415994E-04   1.05722004E-03
   1.49013998E-04   1.00847997E-03
   1.22184007E-04   1.02952996E-03
   1.16574997E-03   1.04216998E-03
   4.87649004E-06   1.06451998E-03
   7.85663997E-06   1.06524001E-03
   1.38163996E-05   1.06299005E-03
   4.50479001E-06   1.16743997E-03
   2.44948005E-05   1.16897002E-03
   2.33683004E-05   1.12022995E-03
   8.44653005E-06   1.14128005E-03
   3.04076995E-04   1.15391996E-03
   2.81557988E-07   1.17626996E-03
   8.44653016E-07   1.17698999E-03
   1.97083000E-06   1.17474003E-03
   1.47245000E-05   1.17049995E-03
   2.41693997E-05   1.12176000E-03
   1.91684994E-05   1.14280998E-03
   3.57265002E-04   1.15545001E-03
   5.55614974E-07   1.17780000E-03
   1.11121005E-06   1.17852003E-03
   1.94463996E-06   1.17626996E-03
   2.53645993E-07   1.07302004E-03
   3.29728005E-06   1.09407003E-03
   9.05479028E-05   1.10671006E-03
   2.53645993E-07   1.12906005E-03
   5.07273000E-07   1.12977996E-03
   8.61471999E-05   1.12776004E-03
   2.52641996E-07   1.15011004E-03
   5.05265007E-07   1.15082995E-03
   2.52641996E-07   1.14857999E-03
   8.80254011E-05   1.14039995E-03
   3.88676017E-06   1.16274995E-03
   4.34406002E-06   1.16346998E-03
   7.77348032E-06   1.16122002E-03
       -1137       -1137
   3.71167995E-03   4.07199987E-05
   4.57205996E-03   4.22500016E-05
   1.36730005E-03   1.45599997E-05
   3.07514006E-03   2.71999997E-05
   4.19140008E-04   4.95499989E-05
   7.32206972E-05   5.02699986E-05
   2.22475006E-04   4.80199997E-05
  0.122543998       3.30900002E-05
  0.110352002       1.02589998E-04
  0.124031998       1.77740003E-04
  0.127776995       2.80929991E-04
  0.133197993       2.92159995E-04
   5.77525981E-03   4.03910002E-04
   4.67512012E-03   4.05439991E-04
   2.42133997E-02   3.56700009E-04
   1.82243995E-02   3.77749995E-04
   1.79957002E-02   3.90389992E-04
   5.70664997E-04   4.12739988E-04
   5.72343008E-04   4.13459988E-04
   2.28144997E-03   4.11210000E-04
   8.54329020E-03   4.78699985E-05
   1.83335003E-02   1.17370000E-04
   8.10054969E-03   1.92520005E-04
  0.135377005       2.95709993E-04
   5.67938993E-03   3.06939997E-04
   1.68287999E-03   4.18690004E-04
   5.19831025E-04   4.20219993E-04
   1.22515997E-03   3.71480011E-04
   1.82506000E-03   3.92529997E-04
   8.83764995E-04   4.05169994E-04
   5.36085980E-04   4.27519990E-04
   2.29286998E-05   4.28239990E-04
   1.10893001E-04   4.25990002E-04
   8.49518983E-04   1.51040003E-04
   2.12388998E-03   2.20539994E-04
   1.50486000E-03   2.95689999E-04
   1.20652001E-02   3.98879987E-04
   1.75067002E-03   4.10109991E-04
   1.41888997E-03   5.21860027E-04
   1.18466001E-03   5.23390016E-04
   1.99668997E-04   4.74650005E-04
   2.32168997E-04   4.95699991E-04
   1.76743997E-04   5.08340017E-04
   4.54362998E-05   5.30690013E-04
   5.41896998E-06   5.31409984E-04
   1.79240997E-05   5.29160025E-04
   5.19382011E-04   2.90040014E-04
   1.96490996E-03   3.65190004E-04
   8.75340030E-03   4.68379993E-04
   9.40798025E-04   4.79609997E-04
   1.99255999E-04   5.91359974E-04
   1.81323994E-04   5.92890021E-04
   1.61735996E-04   5.44150011E-04
   1.18384000E-04   5.65199996E-04
   1.66308004E-04   5.77840023E-04
   3.37638012E-05   6.00190018E-04
   4.16833018E-06   6.00909989E-04
   1.45889999E-05   5.98659972E-04
   6.67401007E-04   4.40339994E-04
   1.77123994E-02   5.43529983E-04
   1.49407005E-03   5.54759987E-04
   5.51934005E-04   6.66510023E-04
   3.17664002E-04   6.68040011E-04
   7.33691995E-05   6.19300001E-04
   1.47568993E-04   6.40349986E-04
   1.21726996E-04   6.52990013E-04
   6.92004978E-05   6.75340008E-04
   5.41929012E-06   6.76059979E-04
   6.25294979E-06   6.73810020E-04
   1.15283998E-02   6.46720000E-04
   2.23817993E-02   6.57950004E-04
   5.29660005E-03   7.69699982E-04
   7.23834010E-03   7.71230028E-04
   1.93834002E-03   7.22490018E-04
   1.47984002E-03   7.43540004E-04
   2.51995004E-03   7.56179972E-04
   1.06296997E-04   7.78530026E-04
   1.00876001E-04   7.79249996E-04
   1.79665003E-04   7.76999979E-04
   3.61915998E-04   6.69180008E-04
   5.84328023E-04   7.80929986E-04
   1.98495996E-04   7.82459974E-04
   7.05501006E-05   7.33720022E-04
   7.85209995E-05   7.54770008E-04
   1.34721005E-04   7.67409976E-04
   8.41022993E-05   7.89759972E-04
   2.79008009E-06   7.90480000E-04
   6.37734001E-06   7.88229983E-04
   5.66413983E-05   8.92680022E-04
   1.06797997E-04   8.94210010E-04
   8.38812994E-05   8.45470000E-04
   3.37251986E-05   8.66519986E-04
   6.52891031E-05   8.79160012E-04
   2.11855004E-05   9.01510008E-04
   2.59422995E-06   9.02229978E-04
   6.48562991E-06   8.99980019E-04
   1.11548998E-05   8.95739999E-04
   4.80823001E-05   8.46999988E-04
   2.38494995E-05   8.68049974E-04
   2.88496994E-05   8.80690000E-04
   2.57724005E-05   9.03039996E-04
   7.69312010E-07   9.03760025E-04
   3.46193997E-06   9.01510008E-04
   4.20729020E-06   7.98259978E-04
   8.73797035E-06   8.19310022E-04
   5.82543998E-06   8.31949990E-04
   5.82543998E-06   8.54299986E-04
   3.23635987E-07   8.55020015E-04
   6.47264017E-07   8.52769997E-04
   1.37077996E-06   8.40360008E-04
   7.95052983E-06   8.52999976E-04
   3.83822999E-06   8.75349971E-04
   2.74162005E-07   8.76070000E-04
   5.48317018E-07   8.73819983E-04
   1.98762996E-06   8.65640002E-04
   3.66918994E-06   8.87989998E-04
   1.52894003E-07   8.88710027E-04
   1.52894003E-07   8.86460009E-04
       -1137       -1137
   8.37534014E-03   0.00000000    
   8.29682965E-03   4.83900003E-05
   1.55736003E-02   1.23539998E-04
   7.66208023E-03   2.26730001E-04
  0.106243998       2.37960005E-04
   8.14487983E-04   3.49709997E-04
   9.20611026E-04   3.51240014E-04
   2.05738004E-03   3.02500004E-04
   1.34096004E-03   3.23549990E-04
   1.78231997E-03   3.36189987E-04
   1.71858002E-04   3.57009994E-04
  0.110120997       0.00000000    
  0.122714996       6.31700022E-05
  0.109008998       1.38320000E-04
  0.109760001       2.41510003E-04
  0.195299998       2.52739992E-04
   3.73685011E-03   3.64489999E-04
   6.73166011E-03   3.66019987E-04
   2.24066991E-02   3.17280006E-04
   1.90763995E-02   3.38329992E-04
   1.52856996E-02   3.50969989E-04
   1.90471997E-03   3.71789996E-04
   1.64936995E-03   9.68399982E-05
   2.40167999E-03   1.66340003E-04
   3.39981006E-03   2.41489994E-04
   2.97043007E-03   3.44680011E-04
   1.50765004E-02   3.55909986E-04
   1.27877004E-03   4.67659993E-04
   1.96608994E-03   4.69190010E-04
   3.66711000E-04   4.20450000E-04
   2.67305993E-04   4.41499986E-04
   3.75662989E-04   4.54140012E-04
   2.95517002E-05   4.74959990E-04
   3.32191004E-04   2.35839994E-04
   3.82807991E-03   3.10989999E-04
   5.94904996E-04   4.14179987E-04
   1.35212000E-02   4.25409991E-04
   1.95485001E-04   5.37160027E-04
   4.08772990E-04   5.38690016E-04
   1.61638003E-04   4.89950005E-04
   7.43639030E-05   5.10999991E-04
   3.10811010E-04   5.23640017E-04
   1.24679000E-05   5.44460025E-04
   1.21701998E-03   3.86139989E-04
   2.32228008E-03   4.89329977E-04
   1.72540005E-02   5.00559981E-04
   3.89510999E-04   6.12310017E-04
   5.12648025E-04   6.13840006E-04
   1.07419000E-04   5.65099996E-04
   1.60700001E-04   5.86149981E-04
   2.13962994E-04   5.98790008E-04
   7.42328984E-06   6.19610015E-04
   1.46799997E-04   5.92519995E-04
   1.70482006E-02   6.03749999E-04
   1.32033005E-04   7.15499977E-04
   4.91207989E-04   7.17030023E-04
   7.47020022E-05   6.68290013E-04
   5.03806004E-05   6.89339999E-04
   2.21946000E-04   7.01980025E-04
   5.64619995E-06   7.22799974E-04
   2.00849995E-02   6.14980003E-04
   5.89956995E-03   7.26729981E-04
   6.92491001E-03   7.28260027E-04
   2.14525010E-03   6.79520017E-04
   2.00487999E-03   7.00570003E-04
   2.53415992E-03   7.13210029E-04
   1.80119998E-04   7.34029978E-04
   1.33699996E-05   8.38480017E-04
   1.01147001E-04   8.40010005E-04
   7.26625003E-05   7.91269995E-04
   2.49970999E-05   8.12319980E-04
   4.41802003E-05   8.24960007E-04
   5.23184008E-06   8.45780014E-04
   8.04634983E-05   8.41539993E-04
   1.20969002E-04   7.92799983E-04
   4.43940989E-05   8.13850027E-04
   6.76983982E-05   8.26489995E-04
   8.32370006E-06   8.47310002E-04
   1.04572000E-05   7.44059973E-04
   1.35064001E-05   7.65110017E-04
   1.26365003E-05   7.77749985E-04
   1.74274999E-06   7.98569992E-04
   2.76853007E-06   7.86160002E-04
   1.52274997E-05   7.98800029E-04
   9.22867002E-07   8.19619978E-04
   1.08554004E-05   8.11439997E-04
   9.04599972E-07   8.32260004E-04
       -1137       -1137
  0.194374993       1.30000001E-06
   1.24153998E-02   2.83000008E-06
   3.17428989E-04   1.01300002E-05
   3.29305010E-04   1.08499999E-05
   4.92473016E-04   8.60000000E-06
   5.29913008E-02   1.04469997E-04
   1.00424998E-02   1.06000000E-04
   1.10067998E-03   5.72600002E-05
   1.44407002E-03   7.83099968E-05
   3.18307010E-03   9.09500013E-05
   3.96241012E-05   1.13299997E-04
   5.72345998E-05   1.14019997E-04
   7.92483988E-05   1.11770001E-04
   2.86228992E-02   5.09899983E-05
   6.32802993E-02   6.22200023E-05
   5.25119007E-02   1.73969995E-04
   1.24073997E-02   1.75499998E-04
   9.53199994E-03   1.26760002E-04
   5.33615984E-03   1.47810002E-04
   8.38715024E-03   1.60449999E-04
   4.93110972E-04   1.82799995E-04
   5.19531022E-04   1.83519995E-04
   8.18919973E-04   1.81270007E-04
   1.02596004E-02   2.29500001E-05
   6.31932989E-02   1.26140003E-04
   4.70350012E-02   1.37370007E-04
   7.64233023E-02   2.49119999E-04
   4.47709020E-03   2.50649988E-04
   3.47973011E-03   2.01910007E-04
   2.35410011E-03   2.22960007E-04
   1.65215996E-03   2.35600004E-04
   1.84051998E-04   2.57950014E-04
   1.24123006E-04   2.58670014E-04
   2.56808999E-04   2.56419997E-04
   8.60728975E-03   2.29330006E-04
   1.84118003E-02   2.40559995E-04
   7.05092028E-02   3.52309988E-04
   9.84438043E-03   3.53840005E-04
   1.16664998E-03   3.05099995E-04
   5.58249978E-03   3.26150010E-04
   3.85683007E-03   3.38790007E-04
   6.60399019E-05   3.61140002E-04
   7.04431004E-05   3.61860002E-04
   1.14472001E-04   3.59610014E-04
   4.53016022E-03   2.51790014E-04
  0.102656998       3.63539992E-04
   2.98928004E-03   3.65070009E-04
   1.13144005E-03   3.16329999E-04
   4.08995990E-03   3.37380014E-04
   2.17923010E-03   3.50020011E-04
   6.60368969E-05   3.72370007E-04
   3.52204006E-05   3.73090006E-04
   1.01256999E-04   3.70839989E-04
   2.03101002E-02   4.75289999E-04
   4.10805009E-02   4.76819987E-04
   9.53084975E-03   4.28080006E-04
   8.39796010E-03   4.49129991E-04
   1.16426004E-02   4.61769989E-04
   3.66735010E-04   4.84120013E-04
   4.73525986E-04   4.84840013E-04
   8.77404003E-04   4.82589996E-04
   3.52486997E-04   4.78350004E-04
   2.74159014E-04   4.29609994E-04
   9.05139023E-04   4.50660009E-04
   3.52486997E-04   4.63300006E-04
   2.17586003E-05   4.85650002E-04
   8.70322037E-06   4.86370001E-04
   2.17586003E-05   4.84120013E-04
   3.61228012E-05   3.80870013E-04
   3.45173001E-04   4.01919999E-04
   2.32788007E-04   4.14559996E-04
   4.01369016E-06   4.36909992E-04
   4.01369016E-06   4.37629991E-04
   8.02719023E-06   4.35380003E-04
   1.16449002E-04   4.22970013E-04
   1.66908998E-04   4.35610011E-04
   1.55259004E-05   4.57960006E-04
   1.16449000E-05   4.58680006E-04
   2.71698991E-05   4.56429989E-04
   2.55522009E-05   4.48250008E-04
   8.51761979E-06   4.70600004E-04
   2.83916006E-06   4.71320003E-04
   1.41957998E-05   4.69069986E-04
       -1137       -1137
   8.14939011E-03   8.96900019E-05
   6.05463013E-02   9.12199976E-05
   1.34256994E-03   4.24799982E-05
   2.55682995E-03   6.35300021E-05
   2.42852001E-03   7.61699994E-05
   6.91048990E-05   9.85200022E-05
   6.91048990E-05   9.92400019E-05
   9.37841978E-05   9.69899993E-05
   4.16210014E-03   3.62100000E-05
   8.16334039E-03   4.74400003E-05
   7.01803016E-04   1.59190007E-04
   5.33077009E-02   1.60719996E-04
   2.67563993E-03   1.11980000E-04
   6.09199982E-04   1.33030000E-04
   9.25990986E-04   1.45669997E-04
   7.31050968E-05   1.68019993E-04
   7.31050968E-05   1.68740007E-04
   2.09577993E-04   1.66490005E-04
   1.38157997E-02   8.17000000E-06
  0.112356000       1.11360001E-04
  0.228226006       1.22590005E-04
   1.48085002E-02   2.34339997E-04
   9.89579037E-02   2.35870000E-04
   8.04075040E-03   1.87130005E-04
   2.83819996E-03   2.08180005E-04
   6.83159009E-03   2.20820002E-04
   3.35643010E-04   2.43169998E-04
   5.82466018E-04   2.43889997E-04
   6.51550014E-04   2.41639995E-04
   1.99482008E-03   2.14550004E-04
   2.09081993E-02   2.25779993E-04
   2.08795001E-03   3.37529986E-04
   8.23715031E-02   3.39060003E-04
   1.05862995E-03   2.90319993E-04
   1.05862995E-03   3.11370008E-04
   3.72473989E-03   3.24010005E-04
   1.47034998E-05   3.46360001E-04
   6.86151034E-05   3.47080000E-04
   9.31195027E-05   3.44830012E-04
   1.30981002E-02   2.37009997E-04
   9.89487953E-03   3.48759990E-04
  0.110968001       3.50290007E-04
   1.54763996E-03   3.01549997E-04
   1.88434997E-03   3.22600012E-04
   7.81113002E-03   3.35240009E-04
   9.27579022E-05   3.57590005E-04
   9.27579022E-05   3.58310004E-04
   1.41579003E-04   3.56059987E-04
   2.88624986E-04   4.60509997E-04
   3.82505991E-02   4.62040014E-04
   3.21283995E-04   4.13300004E-04
   7.62381969E-05   4.34349990E-04
   1.17624004E-03   4.46989987E-04
   1.08908998E-05   4.69340011E-04
   2.72268007E-05   4.70060011E-04
   2.72268007E-05   4.67809994E-04
   3.16535011E-02   4.63570002E-04
   1.04569001E-02   4.14829992E-04
   8.85085016E-03   4.35880007E-04
   1.33958003E-02   4.48520004E-04
   4.33612993E-04   4.70870000E-04
   4.94821987E-04   4.71590000E-04
   9.59040015E-04   4.69340011E-04
   3.58344987E-05   3.66090011E-04
   1.79163995E-04   3.87139997E-04
   3.85207997E-04   3.99779994E-04
   4.47935008E-06   4.22129990E-04
   4.47935008E-06   4.22849989E-04
   4.47935008E-06   4.20600001E-04
   1.71756001E-05   4.08190012E-04
   1.03054997E-04   4.20830009E-04
   4.29413012E-06   4.43180004E-04
   4.29413012E-06   4.43900004E-04
   1.28824004E-05   4.41649987E-04
   1.04059000E-04   4.33470006E-04
   7.43276996E-06   4.55820002E-04
   1.48652998E-05   4.56540001E-04
   2.60142006E-05   4.54290013E-04
       -1137       -1137
   4.66518998E-02   5.60199987E-05
   8.07607993E-02   5.75500017E-05
   2.17675008E-02   8.80999960E-06
   1.49889998E-02   2.98600007E-05
   2.64539998E-02   4.24999998E-05
   5.79287007E-04   6.48499990E-05
   1.08608999E-03   6.55699987E-05
   1.95280998E-03   6.33200034E-05
  0.160757005       8.18999979E-06
  0.155779004       1.94200002E-05
  0.111019999       1.31170003E-04
  0.104122996       1.32700006E-04
   1.95211004E-02   8.39600034E-05
   1.97960995E-02   1.05010004E-04
   1.68258008E-02   1.17650001E-04
   8.35813000E-04   1.40000004E-04
   7.34576024E-04   1.40720003E-04
   1.76273996E-03   1.38470001E-04
   1.54547999E-03   1.11380003E-04
  0.114556000       1.22609999E-04
   2.81251990E-03   2.34360006E-04
   1.00322003E-02   2.35889995E-04
   5.90167008E-03   1.87149999E-04
   1.22496998E-03   2.08199999E-04
   4.59709996E-03   2.20839996E-04
   2.67631003E-05   2.43190007E-04
   1.85796001E-04   2.43910006E-04
   4.38654999E-04   2.41660004E-04
   2.75467001E-02   1.33840003E-04
   1.13930004E-02   2.45589996E-04
   7.69595010E-03   2.47120013E-04
   8.29282962E-03   1.98380003E-04
   3.69714992E-03   2.19430003E-04
   3.00491997E-03   2.32070000E-04
   1.96020002E-04   2.54420011E-04
   1.05926003E-04   2.55140010E-04
   6.13925979E-04   2.52889993E-04
   3.01045002E-05   3.57340003E-04
   1.07850996E-03   3.58869991E-04
   2.23052991E-03   3.10130010E-04
   1.99247996E-04   3.31179996E-04
   6.22297986E-04   3.43819993E-04
   6.80820995E-06   3.66169988E-04
   2.23389998E-05   3.66889988E-04
   1.51799002E-04   3.64640000E-04
   1.75035006E-04   3.60400009E-04
   2.66070990E-03   3.11659998E-04
   4.69210005E-04   3.32710013E-04
   3.67133995E-04   3.45350010E-04
   1.82910007E-05   3.67700006E-04
   1.45518998E-05   3.68420006E-04
   1.80896997E-04   3.66169988E-04
   4.63058997E-04   2.62919988E-04
   5.51284000E-04   2.83970003E-04
   7.79220019E-04   2.96610000E-04
   2.54892002E-05   3.18959996E-04
   3.05506983E-05   3.19679995E-04
   7.42084012E-05   3.17430007E-04
   4.99898997E-05   3.05019988E-04
   2.83464004E-04   3.17659986E-04
   2.71683007E-06   3.40010010E-04
   6.70165991E-06   3.40730010E-04
   3.67702996E-05   3.38479993E-04
   1.10749002E-04   3.30300012E-04
   9.82582969E-06   3.52650008E-04
   6.41159022E-06   3.53370007E-04
   5.05444004E-05   3.51119990E-04
       -1137       -1137
   2.21436005E-02   6.16699981E-05
   1.32470001E-02   6.32000010E-05
   1.64170004E-02   1.44599999E-05
   1.00111999E-02   3.55099983E-05
   8.40170961E-03   4.81499992E-05
   2.85643007E-04   7.04999984E-05
   3.26690992E-04   7.12199981E-05
   1.02708000E-03   6.89700028E-05
   8.79784003E-02   4.18800009E-05
  0.364154011       5.31100013E-05
   7.43897036E-02   1.64860001E-04
  0.167155996       1.66390004E-04
   3.75659987E-02   1.17650001E-04
   2.51957998E-02   1.38699994E-04
   3.74470986E-02   1.51340006E-04
   7.79242022E-04   1.73690001E-04
   1.49917998E-03   1.74410001E-04
   3.53287999E-03   1.72159998E-04
   1.40781002E-02   6.43399981E-05
   3.97844985E-02   1.76090005E-04
   9.21189971E-03   1.77619993E-04
   3.65076005E-03   1.28879998E-04
   1.79881994E-02   1.49929998E-04
   3.74755007E-03   1.62569995E-04
   3.33576987E-04   1.84920005E-04
   9.83252030E-05   1.85640005E-04
   2.82941008E-04   1.83390002E-04
   1.52557995E-03   2.87839997E-04
   1.14837000E-02   2.89369986E-04
   2.49600993E-03   2.40630005E-04
   5.08832978E-03   2.61679990E-04
   2.57730996E-03   2.74319988E-04
   4.35580005E-05   2.96670012E-04
   1.00837999E-04   2.97390012E-04
   2.34670995E-04   2.95139995E-04
   5.24725998E-04   2.90900003E-04
   8.96700018E-04   2.42159993E-04
   7.75974989E-03   2.63210008E-04
   8.10399011E-04   2.75850005E-04
   6.28858979E-05   2.98200001E-04
   1.62940996E-05   2.98920000E-04
   6.82328973E-05   2.96670012E-04
   9.98703981E-05   1.93419997E-04
   1.66681001E-03   2.14469997E-04
   2.84651993E-04   2.27109995E-04
   3.42880994E-05   2.49459990E-04
   1.05853997E-05   2.50179990E-04
   1.51882005E-05   2.47930002E-04
   9.37520002E-04   2.35519998E-04
   2.03625998E-03   2.48160010E-04
   5.60086992E-05   2.70510005E-04
   8.07804972E-05   2.71230005E-04
   1.51226996E-04   2.68979988E-04
   7.29407984E-05   2.60800007E-04
   2.66766001E-05   2.83150002E-04
   5.06524020E-06   2.83870002E-04
   1.50271999E-05   2.81620014E-04
       -1137       -1137
   2.57060993E-02   8.97100035E-05
   9.74259973E-02   9.12399992E-05
   1.07241003E-02   4.24999998E-05
   7.74936983E-03   6.35499964E-05
   2.06773002E-02   7.61900010E-05
   2.39196001E-04   9.85399965E-05
   6.17815007E-04   9.92600035E-05
   8.20457994E-04   9.70100009E-05
  0.326220989       1.00940000E-04
  0.289213002       1.02470003E-04
   5.33366017E-02   5.37300002E-05
   5.49632013E-02   7.47800004E-05
   5.61685003E-02   8.74199977E-05
   2.24505994E-03   1.09770001E-04
   1.98705005E-03   1.10490000E-04
   4.99837985E-03   1.08239998E-04
   3.64957988E-04   2.12690007E-04
   1.01798000E-02   2.14219996E-04
   2.53392989E-03   1.65480000E-04
   7.67444028E-04   1.86530000E-04
   6.44095987E-03   1.99169997E-04
   1.74808993E-05   2.21519993E-04
   1.26618994E-04   2.22240007E-04
   1.07865999E-04   2.19990005E-04
   3.47488001E-03   2.15749998E-04
   4.70722001E-03   1.67010003E-04
   3.72526003E-03   1.88060003E-04
   7.63521018E-03   2.00700000E-04
   1.39455995E-04   2.23049996E-04
   1.22985002E-04   2.23769996E-04
   2.82052992E-04   2.21519993E-04
   3.10584001E-04   1.18270000E-04
   4.74369008E-04   1.39319993E-04
   1.88970997E-03   1.51960005E-04
   2.78003008E-05   1.74310000E-04
   4.07273001E-05   1.75030000E-04
   4.62151002E-05   1.72779997E-04
   2.59964008E-06   1.60369993E-04
   1.63982005E-03   1.73010005E-04
   8.83790017E-06   1.95360000E-04
   2.68631993E-05   1.96080000E-04
   2.21844002E-05   1.93829997E-04
   1.49895996E-03   1.85650002E-04
   6.07506990E-05   2.07999998E-04
   7.13038025E-05   2.08719997E-04
   1.42289005E-04   2.06469995E-04
       -1137       -1137
          -1          -1
