 #
 # Differential cross section:               MU=(1-COS(THETA))/2
 #
 #  THETA        MU          DCS          DCS        Sherman
 #  (deg)                 (cm**2/sr)   (a0**2/sr)    function
 #--------------------------------------------------------------
  0.000E+00  0.00000E+00  1.52423E-11  5.44311E+05  0.00000E+00
  1.000E-04  7.61557E-13  1.52273E-11  5.43776E+05  0.00000E+00
  1.250E-04  1.18994E-12  1.52189E-11  5.43476E+05  0.00000E+00
  1.500E-04  1.71346E-12  1.52087E-11  5.43111E+05  0.00000E+00
  1.750E-04  2.33225E-12  1.51966E-11  5.42681E+05  0.00000E+00
  2.000E-04  3.04617E-12  1.51827E-11  5.42184E+05  0.00000E+00
  2.250E-04  3.85530E-12  1.51670E-11  5.41623E+05  0.00000E+00
  2.500E-04  4.75964E-12  1.51495E-11  5.40997E+05  0.00000E+00
  2.750E-04  5.75917E-12  1.51301E-11  5.40306E+05  0.00000E+00
  3.000E-04  6.85391E-12  1.51089E-11  5.39550E+05  0.00000E+00
  3.250E-04  8.04379E-12  1.50860E-11  5.38732E+05  0.00000E+00
  3.500E-04  9.32893E-12  1.50613E-11  5.37850E+05  0.00000E+00
  3.750E-04  1.07092E-11  1.50349E-11  5.36904E+05  0.00000E+00
  4.000E-04  1.21847E-11  1.50066E-11  5.35897E+05  0.00000E+00
  4.250E-04  1.37554E-11  1.49767E-11  5.34829E+05  0.00000E+00
  4.500E-04  1.54213E-11  1.49450E-11  5.33697E+05  0.00000E+00
  4.750E-04  1.71823E-11  1.49117E-11  5.32505E+05  0.00000E+00
  5.000E-04  1.90386E-11  1.48766E-11  5.31255E+05  0.00000E+00
  5.250E-04  2.09900E-11  1.48399E-11  5.29944E+05  0.00000E+00
  5.500E-04  2.30367E-11  1.48015E-11  5.28572E+05  0.00000E+00
  5.750E-04  2.51785E-11  1.47616E-11  5.27145E+05  0.00000E+00
  6.000E-04  2.74156E-11  1.47200E-11  5.25662E+05  0.00000E+00
  6.250E-04  2.97478E-11  1.46768E-11  5.24117E+05  0.00000E+00
  6.500E-04  3.21752E-11  1.46320E-11  5.22519E+05  0.00000E+00
  6.750E-04  3.46979E-11  1.45858E-11  5.20868E+05  0.00000E+00
  7.000E-04  3.73157E-11  1.45379E-11  5.19159E+05  0.00000E+00
  7.250E-04  4.00286E-11  1.44886E-11  5.17397E+05  0.00000E+00
  7.500E-04  4.28368E-11  1.44379E-11  5.15585E+05  0.00000E+00
  7.750E-04  4.57402E-11  1.43857E-11  5.13722E+05  0.00000E+00
  8.000E-04  4.87388E-11  1.43319E-11  5.11803E+05  0.00000E+00
  8.250E-04  5.18325E-11  1.42769E-11  5.09837E+05  0.00000E+00
  8.500E-04  5.50215E-11  1.42206E-11  5.07827E+05  0.00000E+00
  8.750E-04  5.83057E-11  1.41627E-11  5.05760E+05  0.00000E+00
  9.000E-04  6.16850E-11  1.41036E-11  5.03649E+05  0.00000E+00
  9.250E-04  6.51595E-11  1.40433E-11  5.01496E+05  0.00000E+00
  9.500E-04  6.87293E-11  1.39817E-11  4.99296E+05  0.00000E+00
  9.750E-04  7.23943E-11  1.39187E-11  4.97047E+05  0.00000E+00
  1.000E-03  7.61544E-11  1.38547E-11  4.94761E+05  0.00000E+00
  1.250E-03  1.18991E-10  1.31542E-11  4.69744E+05  0.00000E+00
  1.500E-03  1.71347E-10  1.23417E-11  4.40730E+05  0.00000E+00
  1.750E-03  2.33223E-10  1.15139E-11  4.11168E+05  0.00000E+00
  2.000E-03  3.04617E-10  1.06142E-11  3.79040E+05  0.00000E+00
  2.250E-03  3.85531E-10  9.73435E-12  3.47620E+05  0.00000E+00
  2.500E-03  4.75965E-10  8.89272E-12  3.17565E+05  0.00000E+00
  2.750E-03  5.75917E-10  8.04939E-12  2.87449E+05  0.00000E+00
  3.000E-03  6.85389E-10  7.25620E-12  2.59124E+05  0.00000E+00
  3.250E-03  8.04380E-10  6.53046E-12  2.33207E+05  0.00000E+00
  3.500E-03  9.32891E-10  5.85509E-12  2.09089E+05  0.00000E+00
  3.750E-03  1.07092E-09  5.22438E-12  1.86566E+05  0.00000E+00
  4.000E-03  1.21847E-09  4.66182E-12  1.66477E+05  0.00000E+00
  4.250E-03  1.37554E-09  4.16004E-12  1.48558E+05  0.00000E+00
  4.500E-03  1.54213E-09  3.69544E-12  1.31967E+05  0.00000E+00
  4.750E-03  1.71823E-09  3.28558E-12  1.17330E+05  0.00000E+00
  5.000E-03  1.90386E-09  2.92417E-12  1.04424E+05  0.00000E+00
  5.250E-03  2.09900E-09  2.59981E-12  9.28407E+04  0.00000E+00
  5.500E-03  2.30367E-09  2.31115E-12  8.25325E+04  0.00000E+00
  5.750E-03  2.51785E-09  2.05790E-12  7.34891E+04  0.00000E+00
  6.000E-03  2.74156E-09  1.83451E-12  6.55115E+04  0.00000E+00
  6.250E-03  2.97478E-09  1.63444E-12  5.83668E+04  0.00000E+00
  6.500E-03  3.21752E-09  1.45907E-12  5.21042E+04  0.00000E+00
  6.750E-03  3.46978E-09  1.30486E-12  4.65973E+04  0.00000E+00
  7.000E-03  3.73156E-09  1.16743E-12  4.16897E+04  0.00000E+00
  7.250E-03  4.00286E-09  1.04619E-12  3.73601E+04  0.00000E+00
  7.500E-03  4.28368E-09  9.39427E-13  3.35476E+04  0.00000E+00
  7.750E-03  4.57402E-09  8.44839E-13  3.01697E+04  0.00000E+00
  8.000E-03  4.87388E-09  7.60680E-13  2.71644E+04  0.00000E+00
  8.250E-03  5.18326E-09  6.86288E-13  2.45078E+04  0.00000E+00
  8.500E-03  5.50215E-09  6.20348E-13  2.21530E+04  0.00000E+00
  8.750E-03  5.83057E-09  5.61406E-13  2.00482E+04  0.00000E+00
  9.000E-03  6.16850E-09  5.09024E-13  1.81776E+04  0.00000E+00
  9.250E-03  6.51596E-09  4.62396E-13  1.65125E+04  0.00000E+00
  9.500E-03  6.87293E-09  4.20698E-13  1.50234E+04  0.00000E+00
  9.750E-03  7.23942E-09  3.83380E-13  1.36907E+04  0.00000E+00
  1.000E-02  7.61544E-09  3.50012E-13  1.24991E+04  0.00000E+00
  1.250E-02  1.18991E-08  1.53774E-13  5.49137E+03  0.00000E+00
  1.500E-02  1.71347E-08  7.76289E-14  2.77218E+03  0.00000E+00
  1.750E-02  2.33223E-08  4.36372E-14  1.55831E+03  0.00000E+00
  2.000E-02  3.04617E-08  2.65913E-14  9.49594E+02  0.00000E+00
  2.250E-02  3.85531E-08  1.72195E-14  6.14918E+02  0.00000E+00
  2.500E-02  4.75965E-08  1.16809E-14  4.17132E+02  0.00000E+00
  2.750E-02  5.75917E-08  8.21996E-15  2.93540E+02  0.00000E+00
  3.000E-02  6.85389E-08  5.95812E-15  2.12768E+02  0.00000E+00
  3.250E-02  8.04380E-08  4.42510E-15  1.58023E+02  0.00000E+00
  3.500E-02  9.32891E-08  3.35393E-15  1.19771E+02  0.00000E+00
  3.750E-02  1.07092E-07  2.58742E-15  9.23985E+01  0.00000E+00
  4.000E-02  1.21847E-07  2.02707E-15  7.23879E+01  0.00000E+00
  4.250E-02  1.37554E-07  1.60975E-15  5.74853E+01  0.00000E+00
  4.500E-02  1.54213E-07  1.29374E-15  4.62001E+01  0.00000E+00
  4.750E-02  1.71823E-07  1.05112E-15  3.75361E+01  0.00000E+00
  5.000E-02  1.90386E-07  8.62448E-16  3.07986E+01  0.00000E+00
  5.250E-02  2.09900E-07  7.14006E-16  2.54976E+01  0.00000E+00
  5.500E-02  2.30367E-07  5.95950E-16  2.12817E+01  0.00000E+00
  5.750E-02  2.51785E-07  5.01156E-16  1.78966E+01  0.00000E+00
  6.000E-02  2.74156E-07  4.24376E-16  1.51548E+01  0.00000E+00
  6.250E-02  2.97478E-07  3.61673E-16  1.29156E+01  0.00000E+00
  6.500E-02  3.21752E-07  3.10072E-16  1.10729E+01  0.00000E+00
  6.750E-02  3.46978E-07  2.67302E-16  9.54553E+00  0.00000E+00
  7.000E-02  3.73156E-07  2.31626E-16  8.27151E+00  0.00000E+00
  7.250E-02  4.00286E-07  2.01683E-16  7.20221E+00  0.00000E+00
  7.500E-02  4.28368E-07  1.76406E-16  6.29956E+00  0.00000E+00
  7.750E-02  4.57402E-07  1.54950E-16  5.53338E+00  0.00000E+00
  8.000E-02  4.87388E-07  1.36649E-16  4.87981E+00  0.00000E+00
  8.250E-02  5.18325E-07  1.20962E-16  4.31964E+00  0.00000E+00
  8.500E-02  5.50215E-07  1.07457E-16  3.83735E+00  0.00000E+00
  8.750E-02  5.83057E-07  9.57787E-17  3.42032E+00  0.00000E+00
  9.000E-02  6.16850E-07  8.56403E-17  3.05827E+00  0.00000E+00
  9.250E-02  6.51596E-07  7.68054E-17  2.74277E+00  0.00000E+00
  9.500E-02  6.87293E-07  6.90784E-17  2.46683E+00  0.00000E+00
  9.750E-02  7.23942E-07  6.22970E-17  2.22467E+00  0.00000E+00
  1.000E-01  7.61543E-07  5.63258E-17  2.01143E+00  0.00000E+00
  1.250E-01  1.18991E-06  2.31420E-17  8.26416E-01  0.00000E+00
  1.500E-01  1.71347E-06  1.11744E-17  3.99045E-01  0.00000E+00
  1.750E-01  2.33223E-06  6.03534E-18  2.15526E-01  0.00000E+00
  2.000E-01  3.04617E-06  3.53899E-18  1.26380E-01  0.00000E+00
  2.250E-01  3.85531E-06  2.20983E-18  7.89143E-02  0.00000E+00
  2.500E-01  4.75964E-06  1.45004E-18  5.17818E-02  0.00000E+00
  2.750E-01  5.75916E-06  9.90460E-19  3.53700E-02  0.00000E+00
  3.000E-01  6.85388E-06  6.99372E-19  2.49750E-02  0.00000E+00
  3.250E-01  8.04378E-06  5.07790E-19  1.81335E-02  0.00000E+00
  3.500E-01  9.32888E-06  3.77544E-19  1.34824E-02  0.00000E+00
  3.750E-01  1.07092E-05  2.86508E-19  1.02314E-02  0.00000E+00
  4.000E-01  1.21846E-05  2.21331E-19  7.90388E-03  0.00000E+00
  4.250E-01  1.37553E-05  1.73679E-19  6.20219E-03  0.00000E+00
  4.500E-01  1.54212E-05  1.38189E-19  4.93481E-03  0.00000E+00
  4.750E-01  1.71822E-05  1.11319E-19  3.97526E-03  0.00000E+00
  5.000E-01  1.90385E-05  9.06934E-20  3.23872E-03  0.00000E+00
  5.250E-01  2.09899E-05  7.46150E-20  2.66455E-03  0.00000E+00
  5.500E-01  2.30365E-05  6.19425E-20  2.21201E-03  0.00000E+00
  5.750E-01  2.51783E-05  5.18483E-20  1.85154E-03  0.00000E+00
  6.000E-01  2.74153E-05  4.37299E-20  1.56162E-03  0.00000E+00
  6.250E-01  2.97475E-05  3.71420E-20  1.32637E-03  0.00000E+00
  6.500E-01  3.21749E-05  3.17512E-20  1.13385E-03  0.00000E+00
  6.750E-01  3.46974E-05  2.73050E-20  9.75080E-04  0.00000E+00
  7.000E-01  3.73152E-05  2.36110E-20  8.43163E-04  0.00000E+00
  7.250E-01  4.00281E-05  2.05208E-20  7.32811E-04  0.00000E+00
  7.500E-01  4.28362E-05  1.79195E-20  6.39916E-04  0.00000E+00
  7.750E-01  4.57395E-05  1.57171E-20  5.61268E-04  0.00000E+00
  8.000E-01  4.87380E-05  1.38426E-20  4.94328E-04  0.00000E+00
  8.250E-01  5.18317E-05  1.22394E-20  4.37076E-04  0.00000E+00
  8.500E-01  5.50205E-05  1.08618E-20  3.87882E-04  0.00000E+00
  8.750E-01  5.83045E-05  9.67297E-21  3.45428E-04  0.00000E+00
  9.000E-01  6.16838E-05  8.64264E-21  3.08634E-04  0.00000E+00
  9.250E-01  6.51582E-05  7.74605E-21  2.76616E-04  0.00000E+00
  9.500E-01  6.87277E-05  6.96279E-21  2.48646E-04  0.00000E+00
  9.750E-01  7.23925E-05  6.27603E-21  2.24121E-04  0.00000E+00
  1.000E+00  7.61524E-05  5.67055E-21  2.02499E-04  0.00000E+00
  1.100E+00  9.21439E-05  3.87319E-21  1.38314E-04  0.00000E+00
  1.200E+00  1.09658E-04  2.73514E-21  9.76736E-05  0.00000E+00
  1.300E+00  1.28695E-04  1.98593E-21  7.09188E-05  0.00000E+00
  1.400E+00  1.49255E-04  1.47660E-21  5.27303E-05  0.00000E+00
  1.500E+00  1.71338E-04  1.12061E-21  4.00177E-05  0.00000E+00
  1.600E+00  1.94942E-04  8.65691E-22  3.09144E-05  0.00000E+00
  1.700E+00  2.20070E-04  6.79342E-22  2.42598E-05  0.00000E+00
  1.800E+00  2.46720E-04  5.40526E-22  1.93025E-05  0.00000E+00
  1.900E+00  2.74892E-04  4.35434E-22  1.55496E-05  0.00000E+00
  2.000E+00  3.04586E-04  3.54684E-22  1.26660E-05  0.00000E+00
  2.100E+00  3.35803E-04  2.91812E-22  1.04208E-05  0.00000E+00
  2.200E+00  3.68542E-04  2.42278E-22  8.65191E-06  0.00000E+00
  2.300E+00  4.02802E-04  2.02818E-22  7.24276E-06  0.00000E+00
  2.400E+00  4.38585E-04  1.71077E-22  6.10926E-06  0.00000E+00
  2.500E+00  4.75889E-04  1.45307E-22  5.18901E-06  0.00000E+00
  2.600E+00  5.14715E-04  1.24212E-22  4.43569E-06  0.00000E+00
  2.700E+00  5.55063E-04  1.06810E-22  3.81425E-06  0.00000E+00
  2.800E+00  5.96931E-04  9.23500E-23  3.29788E-06  0.00000E+00
  2.900E+00  6.40321E-04  8.02569E-23  2.86602E-06  0.00000E+00
  3.000E+00  6.85233E-04  7.00790E-23  2.50257E-06  0.00000E+00
  3.100E+00  7.31665E-04  6.14646E-23  2.19494E-06  0.00000E+00
  3.200E+00  7.79618E-04  5.41337E-23  1.93315E-06  0.00000E+00
  3.300E+00  8.29092E-04  4.78634E-23  1.70923E-06  0.00000E+00
  3.400E+00  8.80086E-04  4.24753E-23  1.51682E-06  0.00000E+00
  3.500E+00  9.32601E-04  3.78239E-23  1.35072E-06  0.00000E+00
  3.600E+00  9.86636E-04  3.37921E-23  1.20674E-06  0.00000E+00
  3.700E+00  1.04219E-03  3.02832E-23  1.08143E-06  0.00000E+00
  3.800E+00  1.09927E-03  2.72179E-23  9.71971E-07  0.00000E+00
  3.900E+00  1.15786E-03  2.45307E-23  8.76009E-07  0.00000E+00
  4.000E+00  1.21797E-03  2.21669E-23  7.91593E-07  0.00000E+00
  4.100E+00  1.27961E-03  2.00809E-23  7.17103E-07  0.00000E+00
  4.200E+00  1.34276E-03  1.82345E-23  6.51164E-07  0.00000E+00
  4.300E+00  1.40743E-03  1.65953E-23  5.92629E-07  0.00000E+00
  4.400E+00  1.47362E-03  1.51361E-23  5.40521E-07  0.00000E+00
  4.500E+00  1.54133E-03  1.38337E-23  4.94012E-07  0.00000E+00
  4.600E+00  1.61056E-03  1.26684E-23  4.52395E-07  0.00000E+00
  4.700E+00  1.68131E-03  1.16230E-23  4.15066E-07  0.00000E+00
  4.800E+00  1.75357E-03  1.06832E-23  3.81505E-07  0.00000E+00
  4.900E+00  1.82735E-03  9.83643E-24  3.51265E-07  0.00000E+00
  5.000E+00  1.90265E-03  9.07181E-24  3.23960E-07  0.00000E+00
  5.100E+00  1.97947E-03  8.37998E-24  2.99255E-07  0.00000E+00
  5.200E+00  2.05780E-03  7.75277E-24  2.76857E-07  0.00000E+00
  5.300E+00  2.13765E-03  7.18310E-24  2.56513E-07  0.00000E+00
  5.400E+00  2.21902E-03  6.66473E-24  2.38002E-07  0.00000E+00
  5.500E+00  2.30190E-03  6.19223E-24  2.21128E-07  0.00000E+00
  5.600E+00  2.38630E-03  5.76080E-24  2.05722E-07  0.00000E+00
  5.700E+00  2.47222E-03  5.36624E-24  1.91632E-07  0.00000E+00
  5.800E+00  2.55965E-03  5.00485E-24  1.78726E-07  0.00000E+00
  5.900E+00  2.64859E-03  4.67331E-24  1.66887E-07  0.00000E+00
  6.000E+00  2.73905E-03  4.36873E-24  1.56010E-07  0.00000E+00
  6.100E+00  2.83103E-03  4.08852E-24  1.46004E-07  0.00000E+00
  6.200E+00  2.92452E-03  3.83038E-24  1.36785E-07  0.00000E+00
  6.300E+00  3.01952E-03  3.59225E-24  1.28282E-07  0.00000E+00
  6.400E+00  3.11604E-03  3.37231E-24  1.20427E-07  0.00000E+00
  6.500E+00  3.21407E-03  3.16891E-24  1.13164E-07  0.00000E+00
  6.600E+00  3.31362E-03  2.98058E-24  1.06438E-07  0.00000E+00
  6.700E+00  3.41468E-03  2.80600E-24  1.00204E-07  0.00000E+00
  6.800E+00  3.51725E-03  2.64399E-24  9.44185E-08  0.00000E+00
  6.900E+00  3.62133E-03  2.49347E-24  8.90435E-08  0.00000E+00
  7.000E+00  3.72692E-03  2.35349E-24  8.40446E-08  0.00000E+00
  7.100E+00  3.83403E-03  2.22317E-24  7.93907E-08  0.00000E+00
  7.200E+00  3.94265E-03  2.10172E-24  7.50537E-08  0.00000E+00
  7.300E+00  4.05278E-03  1.98842E-24  7.10079E-08  0.00000E+00
  7.400E+00  4.16442E-03  1.88264E-24  6.72303E-08  0.00000E+00
  7.500E+00  4.27757E-03  1.78378E-24  6.36998E-08  0.00000E+00
  7.600E+00  4.39223E-03  1.69130E-24  6.03973E-08  0.00000E+00
  7.700E+00  4.50840E-03  1.60472E-24  5.73054E-08  0.00000E+00
  7.800E+00  4.62608E-03  1.52358E-24  5.44082E-08  0.00000E+00
  7.900E+00  4.74527E-03  1.44750E-24  5.16911E-08  0.00000E+00
  8.000E+00  4.86597E-03  1.37609E-24  4.91410E-08  0.00000E+00
  8.100E+00  4.98817E-03  1.30901E-24  4.67456E-08  0.00000E+00
  8.200E+00  5.11188E-03  1.24595E-24  4.44938E-08  0.00000E+00
  8.300E+00  5.23711E-03  1.18663E-24  4.23755E-08  0.00000E+00
  8.400E+00  5.36383E-03  1.13079E-24  4.03812E-08  0.00000E+00
  8.500E+00  5.49207E-03  1.07818E-24  3.85024E-08  0.00000E+00
  8.600E+00  5.62181E-03  1.02858E-24  3.67312E-08  0.00000E+00
  8.700E+00  5.75306E-03  9.81785E-25  3.50602E-08  0.00000E+00
  8.800E+00  5.88581E-03  9.37610E-25  3.34827E-08  0.00000E+00
  8.900E+00  6.02007E-03  8.95882E-25  3.19925E-08  0.00000E+00
  9.000E+00  6.15583E-03  8.56438E-25  3.05839E-08  0.00000E+00
  9.100E+00  6.29310E-03  8.19130E-25  2.92517E-08  0.00000E+00
  9.200E+00  6.43187E-03  7.83822E-25  2.79908E-08  0.00000E+00
  9.300E+00  6.57214E-03  7.50386E-25  2.67968E-08  0.00000E+00
  9.400E+00  6.71392E-03  7.18705E-25  2.56654E-08  0.00000E+00
  9.500E+00  6.85720E-03  6.88670E-25  2.45928E-08  0.00000E+00
  9.600E+00  7.00198E-03  6.60178E-25  2.35754E-08  0.00000E+00
  9.700E+00  7.14827E-03  6.33136E-25  2.26097E-08  0.00000E+00
  9.800E+00  7.29605E-03  6.07457E-25  2.16927E-08  0.00000E+00
  9.900E+00  7.44534E-03  5.83059E-25  2.08214E-08  0.00000E+00
  1.000E+01  7.59612E-03  5.59867E-25  1.99932E-08  0.00000E+00
  1.025E+01  7.97965E-03  5.06706E-25  1.80948E-08  0.00000E+00
  1.050E+01  8.37255E-03  4.59670E-25  1.64151E-08  0.00000E+00
  1.075E+01  8.77480E-03  4.17933E-25  1.49247E-08  0.00000E+00
  1.100E+01  9.18641E-03  3.80796E-25  1.35985E-08  0.00000E+00
  1.125E+01  9.60736E-03  3.47664E-25  1.24153E-08  0.00000E+00
  1.150E+01  1.00376E-02  3.18032E-25  1.13571E-08  0.00000E+00
  1.175E+01  1.04773E-02  2.91466E-25  1.04084E-08  0.00000E+00
  1.200E+01  1.09262E-02  2.67594E-25  9.55596E-09  0.00000E+00
  1.225E+01  1.13844E-02  2.46096E-25  8.78825E-09  0.00000E+00
  1.250E+01  1.18520E-02  2.26695E-25  8.09542E-09  0.00000E+00
  1.275E+01  1.23288E-02  2.09150E-25  7.46889E-09  0.00000E+00
  1.300E+01  1.28150E-02  1.93254E-25  6.90122E-09  0.00000E+00
  1.325E+01  1.33104E-02  1.78824E-25  6.38593E-09  0.00000E+00
  1.350E+01  1.38150E-02  1.65702E-25  5.91732E-09  0.00000E+00
  1.375E+01  1.43290E-02  1.53748E-25  5.49045E-09  0.00000E+00
  1.400E+01  1.48521E-02  1.42841E-25  5.10093E-09  0.00000E+00
  1.425E+01  1.53845E-02  1.32872E-25  4.74494E-09  0.00000E+00
  1.450E+01  1.59262E-02  1.23747E-25  4.41908E-09  0.00000E+00
  1.475E+01  1.64770E-02  1.15382E-25  4.12036E-09  0.00000E+00
  1.500E+01  1.70371E-02  1.07702E-25  3.84612E-09  0.00000E+00
  1.525E+01  1.76063E-02  1.00642E-25  3.59400E-09  0.00000E+00
  1.550E+01  1.81848E-02  9.41428E-26  3.36190E-09  0.00000E+00
  1.575E+01  1.87724E-02  8.81520E-26  3.14796E-09  0.00000E+00
  1.600E+01  1.93692E-02  8.26228E-26  2.95051E-09  0.00000E+00
  1.625E+01  1.99751E-02  7.75134E-26  2.76805E-09  0.00000E+00
  1.650E+01  2.05901E-02  7.27865E-26  2.59925E-09  0.00000E+00
  1.675E+01  2.12143E-02  6.84083E-26  2.44290E-09  0.00000E+00
  1.700E+01  2.18476E-02  6.43486E-26  2.29793E-09  0.00000E+00
  1.725E+01  2.24900E-02  6.05802E-26  2.16336E-09  0.00000E+00
  1.750E+01  2.31415E-02  5.70785E-26  2.03831E-09  0.00000E+00
  1.775E+01  2.38021E-02  5.38214E-26  1.92200E-09  0.00000E+00
  1.800E+01  2.44717E-02  5.07887E-26  1.81370E-09  0.00000E+00
  1.825E+01  2.51504E-02  4.79622E-26  1.71276E-09  0.00000E+00
  1.850E+01  2.58382E-02  4.53256E-26  1.61861E-09  0.00000E+00
  1.875E+01  2.65349E-02  4.28638E-26  1.53069E-09  0.00000E+00
  1.900E+01  2.72407E-02  4.05632E-26  1.44854E-09  0.00000E+00
  1.925E+01  2.79555E-02  3.84113E-26  1.37169E-09  0.00000E+00
  1.950E+01  2.86793E-02  3.63970E-26  1.29976E-09  0.00000E+00
  1.975E+01  2.94120E-02  3.45099E-26  1.23237E-09  0.00000E+00
  2.000E+01  3.01537E-02  3.27404E-26  1.16918E-09  0.00000E+00
  2.025E+01  3.09043E-02  3.10801E-26  1.10989E-09  0.00000E+00
  2.050E+01  3.16639E-02  2.95211E-26  1.05422E-09  0.00000E+00
  2.075E+01  3.24324E-02  2.80559E-26  1.00190E-09  0.00000E+00
  2.100E+01  3.32098E-02  2.66781E-26  9.52694E-10  0.00000E+00
  2.125E+01  3.39961E-02  2.53816E-26  9.06392E-10  0.00000E+00
  2.150E+01  3.47912E-02  2.41606E-26  8.62790E-10  0.00000E+00
  2.175E+01  3.55952E-02  2.30100E-26  8.21703E-10  0.00000E+00
  2.200E+01  3.64081E-02  2.19251E-26  7.82960E-10  0.00000E+00
  2.225E+01  3.72297E-02  2.09015E-26  7.46405E-10  0.00000E+00
  2.250E+01  3.80602E-02  1.99350E-26  7.11893E-10  0.00000E+00
  2.275E+01  3.88995E-02  1.90221E-26  6.79290E-10  0.00000E+00
  2.300E+01  3.97476E-02  1.81591E-26  6.48472E-10  0.00000E+00
  2.325E+01  4.06044E-02  1.73429E-26  6.19325E-10  0.00000E+00
  2.350E+01  4.14700E-02  1.65705E-26  5.91742E-10  0.00000E+00
  2.375E+01  4.23443E-02  1.58391E-26  5.65626E-10  0.00000E+00
  2.400E+01  4.32273E-02  1.51463E-26  5.40884E-10  0.00000E+00
  2.425E+01  4.41190E-02  1.44896E-26  5.17432E-10  0.00000E+00
  2.450E+01  4.50194E-02  1.38668E-26  4.95192E-10  0.00000E+00
  2.475E+01  4.59284E-02  1.32759E-26  4.74090E-10  0.00000E+00
  2.500E+01  4.68461E-02  1.27149E-26  4.54057E-10  0.00000E+00
  2.550E+01  4.87074E-02  1.16759E-26  4.16953E-10  0.00000E+00
  2.600E+01  5.06030E-02  1.07369E-26  3.83421E-10  0.00000E+00
  2.650E+01  5.25328E-02  9.88675E-27  3.53062E-10  0.00000E+00
  2.700E+01  5.44967E-02  9.11575E-27  3.25529E-10  0.00000E+00
  2.750E+01  5.64946E-02  8.41535E-27  3.00517E-10  0.00000E+00
  2.800E+01  5.85262E-02  7.77806E-27  2.77759E-10  0.00000E+00
  2.850E+01  6.05914E-02  7.19730E-27  2.57020E-10  0.00000E+00
  2.900E+01  6.26901E-02  6.66727E-27  2.38092E-10  0.00000E+00
  2.950E+01  6.48222E-02  6.18284E-27  2.20793E-10  0.00000E+00
  3.000E+01  6.69873E-02  5.73950E-27  2.04961E-10  0.00000E+00
  3.050E+01  6.91854E-02  5.33320E-27  1.90452E-10  0.00000E+00
  3.100E+01  7.14163E-02  4.96038E-27  1.77138E-10  0.00000E+00
  3.150E+01  7.36799E-02  4.61785E-27  1.64907E-10  0.00000E+00
  3.200E+01  7.59760E-02  4.30279E-27  1.53655E-10  0.00000E+00
  3.250E+01  7.83043E-02  4.01264E-27  1.43294E-10  0.00000E+00
  3.300E+01  8.06647E-02  3.74515E-27  1.33742E-10  0.00000E+00
  3.350E+01  8.30571E-02  3.49827E-27  1.24926E-10  0.00000E+00
  3.400E+01  8.54812E-02  3.27019E-27  1.16781E-10  0.00000E+00
  3.450E+01  8.79369E-02  3.05925E-27  1.09248E-10  0.00000E+00
  3.500E+01  9.04240E-02  2.86398E-27  1.02275E-10  0.00000E+00
  3.550E+01  9.29422E-02  2.68304E-27  9.58132E-11  0.00000E+00
  3.600E+01  9.54915E-02  2.51523E-27  8.98205E-11  0.00000E+00
  3.650E+01  9.80716E-02  2.35945E-27  8.42576E-11  0.00000E+00
  3.700E+01  1.00682E-01  2.21472E-27  7.90892E-11  0.00000E+00
  3.750E+01  1.03323E-01  2.08014E-27  7.42833E-11  0.00000E+00
  3.800E+01  1.05995E-01  1.95490E-27  6.98109E-11  0.00000E+00
  3.850E+01  1.08696E-01  1.83826E-27  6.56455E-11  0.00000E+00
  3.900E+01  1.11427E-01  1.72954E-27  6.17631E-11  0.00000E+00
  3.950E+01  1.14188E-01  1.62814E-27  5.81418E-11  0.00000E+00
  4.000E+01  1.16978E-01  1.53348E-27  5.47616E-11  0.00000E+00
  4.050E+01  1.19797E-01  1.44506E-27  5.16042E-11  0.00000E+00
  4.100E+01  1.22645E-01  1.36242E-27  4.86529E-11  0.00000E+00
  4.150E+01  1.25522E-01  1.28512E-27  4.58925E-11  0.00000E+00
  4.200E+01  1.28428E-01  1.21277E-27  4.33089E-11  0.00000E+00
  4.250E+01  1.31361E-01  1.14502E-27  4.08893E-11  0.00000E+00
  4.300E+01  1.34323E-01  1.08152E-27  3.86219E-11  0.00000E+00
  4.350E+01  1.37313E-01  1.02199E-27  3.64959E-11  0.00000E+00
  4.400E+01  1.40330E-01  9.66134E-28  3.45013E-11  0.00000E+00
  4.450E+01  1.43375E-01  9.13703E-28  3.26289E-11  0.00000E+00
  4.500E+01  1.46447E-01  8.64457E-28  3.08703E-11  0.00000E+00
  4.550E+01  1.49545E-01  8.18180E-28  2.92177E-11  0.00000E+00
  4.600E+01  1.52671E-01  7.74670E-28  2.76640E-11  0.00000E+00
  4.650E+01  1.55823E-01  7.33740E-28  2.62023E-11  0.00000E+00
  4.700E+01  1.59001E-01  6.95218E-28  2.48267E-11  0.00000E+00
  4.750E+01  1.62205E-01  6.58946E-28  2.35314E-11  0.00000E+00
  4.800E+01  1.65435E-01  6.24776E-28  2.23112E-11  0.00000E+00
  4.850E+01  1.68690E-01  5.92572E-28  2.11611E-11  0.00000E+00
  4.900E+01  1.71970E-01  5.62207E-28  2.00768E-11  0.00000E+00
  4.950E+01  1.75276E-01  5.33564E-28  1.90539E-11  0.00000E+00
  5.000E+01  1.78606E-01  5.06533E-28  1.80886E-11  0.00000E+00
  5.050E+01  1.81961E-01  4.81014E-28  1.71773E-11  0.00000E+00
  5.100E+01  1.85340E-01  4.56912E-28  1.63166E-11  0.00000E+00
  5.150E+01  1.88743E-01  4.34139E-28  1.55034E-11  0.00000E+00
  5.200E+01  1.92169E-01  4.12614E-28  1.47347E-11  0.00000E+00
  5.250E+01  1.95619E-01  3.92261E-28  1.40079E-11  0.00000E+00
  5.300E+01  1.99092E-01  3.73010E-28  1.33204E-11  0.00000E+00
  5.350E+01  2.02589E-01  3.54793E-28  1.26699E-11  0.00000E+00
  5.400E+01  2.06107E-01  3.37550E-28  1.20541E-11  0.00000E+00
  5.450E+01  2.09649E-01  3.21223E-28  1.14711E-11  0.00000E+00
  5.500E+01  2.13212E-01  3.05758E-28  1.09188E-11  0.00000E+00
  5.550E+01  2.16797E-01  2.91105E-28  1.03955E-11  0.00000E+00
  5.600E+01  2.20404E-01  2.77216E-28  9.89957E-12  0.00000E+00
  5.650E+01  2.24032E-01  2.64048E-28  9.42934E-12  0.00000E+00
  5.700E+01  2.27680E-01  2.51561E-28  8.98339E-12  0.00000E+00
  5.750E+01  2.31350E-01  2.39714E-28  8.56033E-12  0.00000E+00
  5.800E+01  2.35040E-01  2.28472E-28  8.15887E-12  0.00000E+00
  5.850E+01  2.38751E-01  2.17801E-28  7.77780E-12  0.00000E+00
  5.900E+01  2.42481E-01  2.07669E-28  7.41599E-12  0.00000E+00
  5.950E+01  2.46231E-01  1.98046E-28  7.07237E-12  0.00000E+00
  6.000E+01  2.50000E-01  1.88905E-28  6.74594E-12  0.00000E+00
  6.050E+01  2.53788E-01  1.80219E-28  6.43575E-12  0.00000E+00
  6.100E+01  2.57595E-01  1.71964E-28  6.14094E-12  0.00000E+00
  6.150E+01  2.61421E-01  1.64115E-28  5.86066E-12  0.00000E+00
  6.200E+01  2.65264E-01  1.56652E-28  5.59413E-12  0.00000E+00
  6.250E+01  2.69126E-01  1.49553E-28  5.34063E-12  0.00000E+00
  6.300E+01  2.73005E-01  1.42799E-28  5.09945E-12  0.00000E+00
  6.350E+01  2.76901E-01  1.36373E-28  4.86995E-12  0.00000E+00
  6.400E+01  2.80814E-01  1.30256E-28  4.65152E-12  0.00000E+00
  6.450E+01  2.84744E-01  1.24432E-28  4.44356E-12  0.00000E+00
  6.500E+01  2.88691E-01  1.18888E-28  4.24555E-12  0.00000E+00
  6.550E+01  2.92653E-01  1.13607E-28  4.05696E-12  0.00000E+00
  6.600E+01  2.96632E-01  1.08576E-28  3.87732E-12  0.00000E+00
  6.650E+01  3.00625E-01  1.03783E-28  3.70615E-12  0.00000E+00
  6.700E+01  3.04634E-01  9.92151E-29  3.54304E-12  0.00000E+00
  6.750E+01  3.08658E-01  9.48614E-29  3.38756E-12  0.00000E+00
  6.800E+01  3.12697E-01  9.07109E-29  3.23934E-12  0.00000E+00
  6.850E+01  3.16749E-01  8.67533E-29  3.09802E-12  0.00000E+00
  6.900E+01  3.20816E-01  8.29791E-29  2.96324E-12  0.00000E+00
  6.950E+01  3.24896E-01  7.93791E-29  2.83468E-12  0.00000E+00
  7.000E+01  3.28990E-01  7.59446E-29  2.71203E-12  0.00000E+00
  7.050E+01  3.33097E-01  7.26675E-29  2.59500E-12  0.00000E+00
  7.100E+01  3.37216E-01  6.95401E-29  2.48332E-12  0.00000E+00
  7.150E+01  3.41348E-01  6.65551E-29  2.37672E-12  0.00000E+00
  7.200E+01  3.45492E-01  6.37054E-29  2.27496E-12  0.00000E+00
  7.250E+01  3.49647E-01  6.09847E-29  2.17780E-12  0.00000E+00
  7.300E+01  3.53814E-01  5.83865E-29  2.08502E-12  0.00000E+00
  7.350E+01  3.57992E-01  5.59050E-29  1.99641E-12  0.00000E+00
  7.400E+01  3.62181E-01  5.35347E-29  1.91176E-12  0.00000E+00
  7.450E+01  3.66381E-01  5.12702E-29  1.83089E-12  0.00000E+00
  7.500E+01  3.70590E-01  4.91065E-29  1.75363E-12  0.00000E+00
  7.550E+01  3.74810E-01  4.70389E-29  1.67979E-12  0.00000E+00
  7.600E+01  3.79039E-01  4.50627E-29  1.60922E-12  0.00000E+00
  7.650E+01  3.83277E-01  4.31737E-29  1.54176E-12  0.00000E+00
  7.700E+01  3.87524E-01  4.13678E-29  1.47727E-12  0.00000E+00
  7.750E+01  3.91780E-01  3.96412E-29  1.41561E-12  0.00000E+00
  7.800E+01  3.96044E-01  3.79901E-29  1.35665E-12  0.00000E+00
  7.850E+01  4.00316E-01  3.64110E-29  1.30026E-12  0.00000E+00
  7.900E+01  4.04596E-01  3.49006E-29  1.24632E-12  0.00000E+00
  7.950E+01  4.08882E-01  3.34558E-29  1.19473E-12  0.00000E+00
  8.000E+01  4.13176E-01  3.20736E-29  1.14537E-12  0.00000E+00
  8.050E+01  4.17476E-01  3.07510E-29  1.09814E-12  0.00000E+00
  8.100E+01  4.21783E-01  2.94854E-29  1.05294E-12  0.00000E+00
  8.150E+01  4.26095E-01  2.82742E-29  1.00969E-12  0.00000E+00
  8.200E+01  4.30413E-01  2.71148E-29  9.68288E-13  0.00000E+00
  8.250E+01  4.34737E-01  2.60051E-29  9.28658E-13  0.00000E+00
  8.300E+01  4.39065E-01  2.49426E-29  8.90718E-13  0.00000E+00
  8.350E+01  4.43398E-01  2.39254E-29  8.54392E-13  0.00000E+00
  8.400E+01  4.47736E-01  2.29514E-29  8.19609E-13  0.00000E+00
  8.450E+01  4.52077E-01  2.20186E-29  7.86299E-13  0.00000E+00
  8.500E+01  4.56422E-01  2.11253E-29  7.54398E-13  0.00000E+00
  8.550E+01  4.60770E-01  2.02696E-29  7.23841E-13  0.00000E+00
  8.600E+01  4.65122E-01  1.94500E-29  6.94571E-13  0.00000E+00
  8.650E+01  4.69476E-01  1.86647E-29  6.66529E-13  0.00000E+00
  8.700E+01  4.73832E-01  1.79124E-29  6.39663E-13  0.00000E+00
  8.750E+01  4.78190E-01  1.71915E-29  6.13920E-13  0.00000E+00
  8.800E+01  4.82550E-01  1.65007E-29  5.89251E-13  0.00000E+00
  8.850E+01  4.86912E-01  1.58387E-29  5.65610E-13  0.00000E+00
  8.900E+01  4.91274E-01  1.52042E-29  5.42951E-13  0.00000E+00
  8.950E+01  4.95637E-01  1.45960E-29  5.21233E-13  0.00000E+00
  9.000E+01  5.00000E-01  1.40130E-29  5.00413E-13  0.00000E+00
  9.050E+01  5.04363E-01  1.34541E-29  4.80454E-13  0.00000E+00
  9.100E+01  5.08726E-01  1.29182E-29  4.61318E-13  0.00000E+00
  9.150E+01  5.13088E-01  1.24044E-29  4.42969E-13  0.00000E+00
  9.200E+01  5.17450E-01  1.19117E-29  4.25375E-13  0.00000E+00
  9.250E+01  5.21810E-01  1.14392E-29  4.08502E-13  0.00000E+00
  9.300E+01  5.26168E-01  1.09861E-29  3.92321E-13  0.00000E+00
  9.350E+01  5.30524E-01  1.05515E-29  3.76800E-13  0.00000E+00
  9.400E+01  5.34878E-01  1.01346E-29  3.61913E-13  0.00000E+00
  9.450E+01  5.39230E-01  9.73469E-30  3.47632E-13  0.00000E+00
  9.500E+01  5.43578E-01  9.35105E-30  3.33932E-13  0.00000E+00
  9.550E+01  5.47923E-01  8.98298E-30  3.20788E-13  0.00000E+00
  9.600E+01  5.52264E-01  8.62982E-30  3.08177E-13  0.00000E+00
  9.650E+01  5.56602E-01  8.29096E-30  2.96075E-13  0.00000E+00
  9.700E+01  5.60935E-01  7.96578E-30  2.84463E-13  0.00000E+00
  9.750E+01  5.65263E-01  7.65371E-30  2.73319E-13  0.00000E+00
  9.800E+01  5.69587E-01  7.35421E-30  2.62624E-13  0.00000E+00
  9.850E+01  5.73905E-01  7.06675E-30  2.52358E-13  0.00000E+00
  9.900E+01  5.78217E-01  6.79083E-30  2.42505E-13  0.00000E+00
  9.950E+01  5.82524E-01  6.52597E-30  2.33047E-13  0.00000E+00
  1.000E+02  5.86824E-01  6.27171E-30  2.23967E-13  0.00000E+00
  1.005E+02  5.91118E-01  6.02760E-30  2.15250E-13  0.00000E+00
  1.010E+02  5.95404E-01  5.79324E-30  2.06880E-13  0.00000E+00
  1.015E+02  5.99684E-01  5.56821E-30  1.98844E-13  0.00000E+00
  1.020E+02  6.03956E-01  5.35213E-30  1.91128E-13  0.00000E+00
  1.025E+02  6.08220E-01  5.14464E-30  1.83719E-13  0.00000E+00
  1.030E+02  6.12476E-01  4.94538E-30  1.76603E-13  0.00000E+00
  1.035E+02  6.16723E-01  4.75402E-30  1.69769E-13  0.00000E+00
  1.040E+02  6.20961E-01  4.57022E-30  1.63205E-13  0.00000E+00
  1.045E+02  6.25190E-01  4.39368E-30  1.56901E-13  0.00000E+00
  1.050E+02  6.29410E-01  4.22411E-30  1.50846E-13  0.00000E+00
  1.055E+02  6.33619E-01  4.06122E-30  1.45029E-13  0.00000E+00
  1.060E+02  6.37819E-01  3.90474E-30  1.39441E-13  0.00000E+00
  1.065E+02  6.42008E-01  3.75441E-30  1.34072E-13  0.00000E+00
  1.070E+02  6.46186E-01  3.60997E-30  1.28915E-13  0.00000E+00
  1.075E+02  6.50353E-01  3.47120E-30  1.23959E-13  0.00000E+00
  1.080E+02  6.54508E-01  3.33786E-30  1.19197E-13  0.00000E+00
  1.085E+02  6.58652E-01  3.20973E-30  1.14622E-13  0.00000E+00
  1.090E+02  6.62784E-01  3.08661E-30  1.10225E-13  0.00000E+00
  1.095E+02  6.66903E-01  2.96828E-30  1.05999E-13  0.00000E+00
  1.100E+02  6.71010E-01  2.85456E-30  1.01938E-13  0.00000E+00
  1.105E+02  6.75104E-01  2.74527E-30  9.80354E-14  0.00000E+00
  1.110E+02  6.79184E-01  2.64022E-30  9.42840E-14  0.00000E+00
  1.115E+02  6.83251E-01  2.53925E-30  9.06783E-14  0.00000E+00
  1.120E+02  6.87303E-01  2.44219E-30  8.72123E-14  0.00000E+00
  1.125E+02  6.91342E-01  2.34889E-30  8.38805E-14  0.00000E+00
  1.130E+02  6.95366E-01  2.25920E-30  8.06775E-14  0.00000E+00
  1.135E+02  6.99375E-01  2.17297E-30  7.75982E-14  0.00000E+00
  1.140E+02  7.03368E-01  2.09007E-30  7.46377E-14  0.00000E+00
  1.145E+02  7.07347E-01  2.01036E-30  7.17912E-14  0.00000E+00
  1.150E+02  7.11309E-01  1.93372E-30  6.90543E-14  0.00000E+00
  1.155E+02  7.15256E-01  1.86002E-30  6.64227E-14  0.00000E+00
  1.160E+02  7.19186E-01  1.78916E-30  6.38921E-14  0.00000E+00
  1.165E+02  7.23099E-01  1.72101E-30  6.14585E-14  0.00000E+00
  1.170E+02  7.26995E-01  1.65548E-30  5.91183E-14  0.00000E+00
  1.175E+02  7.30874E-01  1.59245E-30  5.68676E-14  0.00000E+00
  1.180E+02  7.34736E-01  1.53184E-30  5.47029E-14  0.00000E+00
  1.185E+02  7.38579E-01  1.47354E-30  5.26209E-14  0.00000E+00
  1.190E+02  7.42405E-01  1.41746E-30  5.06184E-14  0.00000E+00
  1.195E+02  7.46212E-01  1.36352E-30  4.86922E-14  0.00000E+00
  1.200E+02  7.50000E-01  1.31163E-30  4.68393E-14  0.00000E+00
  1.205E+02  7.53769E-01  1.26172E-30  4.50568E-14  0.00000E+00
  1.210E+02  7.57519E-01  1.21370E-30  4.33421E-14  0.00000E+00
  1.215E+02  7.61249E-01  1.16751E-30  4.16925E-14  0.00000E+00
  1.220E+02  7.64960E-01  1.12307E-30  4.01054E-14  0.00000E+00
  1.225E+02  7.68650E-01  1.08031E-30  3.85785E-14  0.00000E+00
  1.230E+02  7.72320E-01  1.03917E-30  3.71093E-14  0.00000E+00
  1.235E+02  7.75968E-01  9.99580E-31  3.56956E-14  0.00000E+00
  1.240E+02  7.79596E-01  9.61489E-31  3.43354E-14  0.00000E+00
  1.245E+02  7.83203E-01  9.24835E-31  3.30265E-14  0.00000E+00
  1.250E+02  7.86788E-01  8.89562E-31  3.17668E-14  0.00000E+00
  1.255E+02  7.90351E-01  8.55618E-31  3.05547E-14  0.00000E+00
  1.260E+02  7.93893E-01  8.22951E-31  2.93881E-14  0.00000E+00
  1.265E+02  7.97411E-01  7.91511E-31  2.82654E-14  0.00000E+00
  1.270E+02  8.00908E-01  7.61253E-31  2.71848E-14  0.00000E+00
  1.275E+02  8.04381E-01  7.32129E-31  2.61448E-14  0.00000E+00
  1.280E+02  8.07831E-01  7.04097E-31  2.51438E-14  0.00000E+00
  1.285E+02  8.11257E-01  6.77115E-31  2.41802E-14  0.00000E+00
  1.290E+02  8.14660E-01  6.51142E-31  2.32527E-14  0.00000E+00
  1.295E+02  8.18039E-01  6.26141E-31  2.23599E-14  0.00000E+00
  1.300E+02  8.21394E-01  6.02073E-31  2.15004E-14  0.00000E+00
  1.305E+02  8.24724E-01  5.78903E-31  2.06730E-14  0.00000E+00
  1.310E+02  8.28030E-01  5.56597E-31  1.98764E-14  0.00000E+00
  1.315E+02  8.31310E-01  5.35122E-31  1.91096E-14  0.00000E+00
  1.320E+02  8.34565E-01  5.14447E-31  1.83712E-14  0.00000E+00
  1.325E+02  8.37795E-01  4.94541E-31  1.76604E-14  0.00000E+00
  1.330E+02  8.40999E-01  4.75374E-31  1.69759E-14  0.00000E+00
  1.335E+02  8.44177E-01  4.56920E-31  1.63169E-14  0.00000E+00
  1.340E+02  8.47329E-01  4.39150E-31  1.56823E-14  0.00000E+00
  1.345E+02  8.50455E-01  4.22040E-31  1.50713E-14  0.00000E+00
  1.350E+02  8.53553E-01  4.05563E-31  1.44829E-14  0.00000E+00
  1.355E+02  8.56625E-01  3.89697E-31  1.39163E-14  0.00000E+00
  1.360E+02  8.59670E-01  3.74417E-31  1.33707E-14  0.00000E+00
  1.365E+02  8.62687E-01  3.59704E-31  1.28452E-14  0.00000E+00
  1.370E+02  8.65677E-01  3.45533E-31  1.23392E-14  0.00000E+00
  1.375E+02  8.68639E-01  3.31886E-31  1.18519E-14  0.00000E+00
  1.380E+02  8.71572E-01  3.18743E-31  1.13825E-14  0.00000E+00
  1.385E+02  8.74478E-01  3.06085E-31  1.09305E-14  0.00000E+00
  1.390E+02  8.77355E-01  2.93894E-31  1.04951E-14  0.00000E+00
  1.395E+02  8.80203E-01  2.82152E-31  1.00758E-14  0.00000E+00
  1.400E+02  8.83022E-01  2.70843E-31  9.67197E-15  0.00000E+00
  1.405E+02  8.85812E-01  2.59950E-31  9.28298E-15  0.00000E+00
  1.410E+02  8.88573E-01  2.49458E-31  8.90831E-15  0.00000E+00
  1.415E+02  8.91304E-01  2.39352E-31  8.54743E-15  0.00000E+00
  1.420E+02  8.94005E-01  2.29619E-31  8.19983E-15  0.00000E+00
  1.425E+02  8.96677E-01  2.20243E-31  7.86501E-15  0.00000E+00
  1.430E+02  8.99318E-01  2.11212E-31  7.54250E-15  0.00000E+00
  1.435E+02  9.01928E-01  2.02513E-31  7.23186E-15  0.00000E+00
  1.440E+02  9.04508E-01  1.94133E-31  6.93262E-15  0.00000E+00
  1.445E+02  9.07058E-01  1.86062E-31  6.64439E-15  0.00000E+00
  1.450E+02  9.09576E-01  1.78288E-31  6.36677E-15  0.00000E+00
  1.455E+02  9.12063E-01  1.70799E-31  6.09934E-15  0.00000E+00
  1.460E+02  9.14519E-01  1.63586E-31  5.84175E-15  0.00000E+00
  1.465E+02  9.16943E-01  1.56638E-31  5.59363E-15  0.00000E+00
  1.470E+02  9.19335E-01  1.49945E-31  5.35465E-15  0.00000E+00
  1.475E+02  9.21696E-01  1.43499E-31  5.12446E-15  0.00000E+00
  1.480E+02  9.24024E-01  1.37291E-31  4.90275E-15  0.00000E+00
  1.485E+02  9.26320E-01  1.31311E-31  4.68921E-15  0.00000E+00
  1.490E+02  9.28584E-01  1.25552E-31  4.48354E-15  0.00000E+00
  1.495E+02  9.30815E-01  1.20005E-31  4.28547E-15  0.00000E+00
  1.500E+02  9.33013E-01  1.14663E-31  4.09471E-15  0.00000E+00
  1.505E+02  9.35178E-01  1.09519E-31  3.91101E-15  0.00000E+00
  1.510E+02  9.37310E-01  1.04566E-31  3.73411E-15  0.00000E+00
  1.515E+02  9.39409E-01  9.97956E-32  3.56377E-15  0.00000E+00
  1.520E+02  9.41474E-01  9.52029E-32  3.39976E-15  0.00000E+00
  1.525E+02  9.43505E-01  9.07809E-32  3.24184E-15  0.00000E+00
  1.530E+02  9.45503E-01  8.65239E-32  3.08983E-15  0.00000E+00
  1.535E+02  9.47467E-01  8.24258E-32  2.94348E-15  0.00000E+00
  1.540E+02  9.49397E-01  7.84812E-32  2.80262E-15  0.00000E+00
  1.545E+02  9.51293E-01  7.46848E-32  2.66704E-15  0.00000E+00
  1.550E+02  9.53154E-01  7.10313E-32  2.53657E-15  0.00000E+00
  1.555E+02  9.54981E-01  6.75157E-32  2.41103E-15  0.00000E+00
  1.560E+02  9.56773E-01  6.41335E-32  2.29025E-15  0.00000E+00
  1.565E+02  9.58530E-01  6.08799E-32  2.17406E-15  0.00000E+00
  1.570E+02  9.60252E-01  5.77504E-32  2.06230E-15  0.00000E+00
  1.575E+02  9.61940E-01  5.47412E-32  1.95485E-15  0.00000E+00
  1.580E+02  9.63592E-01  5.18479E-32  1.85152E-15  0.00000E+00
  1.585E+02  9.65209E-01  4.90668E-32  1.75221E-15  0.00000E+00
  1.590E+02  9.66790E-01  4.63940E-32  1.65676E-15  0.00000E+00
  1.595E+02  9.68336E-01  4.38260E-32  1.56505E-15  0.00000E+00
  1.600E+02  9.69846E-01  4.13594E-32  1.47697E-15  0.00000E+00
  1.605E+02  9.71321E-01  3.89908E-32  1.39239E-15  0.00000E+00
  1.610E+02  9.72759E-01  3.67172E-32  1.31120E-15  0.00000E+00
  1.615E+02  9.74162E-01  3.45354E-32  1.23328E-15  0.00000E+00
  1.620E+02  9.75528E-01  3.24426E-32  1.15855E-15  0.00000E+00
  1.625E+02  9.76858E-01  3.04360E-32  1.08689E-15  0.00000E+00
  1.630E+02  9.78152E-01  2.85129E-32  1.01821E-15  0.00000E+00
  1.635E+02  9.79410E-01  2.66707E-32  9.52430E-16  0.00000E+00
  1.640E+02  9.80631E-01  2.49071E-32  8.89450E-16  0.00000E+00
  1.645E+02  9.81815E-01  2.32197E-32  8.29189E-16  0.00000E+00
  1.650E+02  9.82963E-01  2.16062E-32  7.71572E-16  0.00000E+00
  1.655E+02  9.84074E-01  2.00646E-32  7.16520E-16  0.00000E+00
  1.660E+02  9.85148E-01  1.85927E-32  6.63958E-16  0.00000E+00
  1.665E+02  9.86185E-01  1.71887E-32  6.13819E-16  0.00000E+00
  1.670E+02  9.87185E-01  1.58506E-32  5.66035E-16  0.00000E+00
  1.675E+02  9.88148E-01  1.45768E-32  5.20548E-16  0.00000E+00
  1.680E+02  9.89074E-01  1.33656E-32  4.77296E-16  0.00000E+00
  1.685E+02  9.89962E-01  1.22153E-32  4.36217E-16  0.00000E+00
  1.690E+02  9.90814E-01  1.11246E-32  3.97266E-16  0.00000E+00
  1.695E+02  9.91627E-01  1.00917E-32  3.60382E-16  0.00000E+00
  1.700E+02  9.92404E-01  9.11565E-33  3.25526E-16  0.00000E+00
  1.705E+02  9.93143E-01  8.19497E-33  2.92648E-16  0.00000E+00
  1.710E+02  9.93844E-01  7.32842E-33  2.61703E-16  0.00000E+00
  1.715E+02  9.94508E-01  6.51497E-33  2.32654E-16  0.00000E+00
  1.720E+02  9.95134E-01  5.75350E-33  2.05461E-16  0.00000E+00
  1.725E+02  9.95722E-01  5.04302E-33  1.80089E-16  0.00000E+00
  1.730E+02  9.96273E-01  4.38257E-33  1.56504E-16  0.00000E+00
  1.735E+02  9.96786E-01  3.77140E-33  1.34679E-16  0.00000E+00
  1.740E+02  9.97261E-01  3.20860E-33  1.14581E-16  0.00000E+00
  1.745E+02  9.97698E-01  2.69349E-33  9.61863E-17  0.00000E+00
  1.750E+02  9.98097E-01  2.22539E-33  7.94700E-17  0.00000E+00
  1.755E+02  9.98459E-01  1.80368E-33  6.44107E-17  0.00000E+00
  1.760E+02  9.98782E-01  1.42785E-33  5.09895E-17  0.00000E+00
  1.765E+02  9.99067E-01  1.09738E-33  3.91880E-17  0.00000E+00
  1.770E+02  9.99315E-01  8.11788E-34  2.89895E-17  0.00000E+00
  1.775E+02  9.99524E-01  5.70776E-34  2.03828E-17  0.00000E+00
  1.780E+02  9.99695E-01  3.73995E-34  1.33556E-17  0.00000E+00
  1.785E+02  9.99829E-01  2.21241E-34  7.90067E-18  0.00000E+00
  1.790E+02  9.99924E-01  1.12249E-34  4.00848E-18  0.00000E+00
  1.795E+02  9.99981E-01  4.69308E-35  1.67593E-18  0.00000E+00
  1.800E+02  1.00000E+00  2.51295E-35  8.97390E-19  0.00000E+00
