 #
 # Subroutine MOTTSC. Elastic scattering of electrons and positrons
 #                    by unscreened Coulomb fields
 #
 # Projectile: electron
 # Kinetic energy = 1.00000E+08 eV = 3.67493E+06 a.u.
 #
 # Z =   8
 #
 # Differential cross section      MU=(1-COS(THETA))/2
 #
 #  THETA        MU          DCS          DCS       McKinl-Fesh    error
 #  (deg)                 (cm**2/sr)   (a0**2/sr)   (a0**2/sr)
 #-----------------------------------------------------------------------
  0.000E+00  0.00000E+00  1.00000E-45  3.57106E-29  2.02221E+16   1.0E+00
  1.000E-04  7.61557E-13  5.66257E-05  2.02214E+12  2.02221E+12   1.0E+00
  1.250E-04  1.18994E-12  2.31937E-05  8.28264E+11  8.28299E+11   1.0E+00
  1.500E-04  1.71346E-12  1.11859E-05  3.99455E+11  3.99450E+11   1.0E+00
  1.750E-04  2.33225E-12  6.03768E-06  2.15610E+11  2.15613E+11   1.0E+00
  2.000E-04  3.04617E-12  3.53924E-06  1.26388E+11  1.26388E+11   1.0E+00
  2.250E-04  3.85530E-12  2.20954E-06  7.89040E+10  7.89037E+10   1.0E+00
  2.500E-04  4.75964E-12  1.44968E-06  5.17689E+10  5.17687E+10   1.0E+00
  2.750E-04  5.75917E-12  9.90146E-07  3.53587E+10  3.53587E+10   1.0E+00
  3.000E-04  6.85391E-12  6.99106E-07  2.49655E+10  2.49656E+10   1.0E+00
  3.250E-04  8.04379E-12  5.07572E-07  1.81257E+10  1.81257E+10   1.0E+00
  3.500E-04  9.32893E-12  3.77360E-07  1.34758E+10  1.34758E+10   1.0E+00
  3.750E-04  1.07092E-11  2.86355E-07  1.02259E+10  1.02259E+10   1.0E+00
  4.000E-04  1.21847E-11  2.21202E-07  7.89928E+09  7.89928E+09   1.0E+00
  4.250E-04  1.37554E-11  1.73570E-07  6.19828E+09  6.19829E+09   1.0E+00
  4.500E-04  1.54213E-11  1.38095E-07  4.93147E+09  4.93148E+09   1.0E+00
  4.750E-04  1.71823E-11  1.11239E-07  3.97241E+09  3.97240E+09   1.0E+00
  5.000E-04  1.90386E-11  9.06043E-08  3.23554E+09  3.23554E+09   1.0E+00
  5.250E-04  2.09900E-11  7.45405E-08  2.66189E+09  2.66189E+09   1.0E+00
  5.500E-04  2.30367E-11  6.18841E-08  2.20992E+09  2.20992E+09   1.0E+00
  5.750E-04  2.51785E-11  5.18034E-08  1.84993E+09  1.84993E+09   1.0E+00
  6.000E-04  2.74156E-11  4.36943E-08  1.56035E+09  1.56035E+09   1.0E+00
  6.250E-04  2.97478E-11  3.71116E-08  1.32528E+09  1.32528E+09   1.0E+00
  6.500E-04  3.21752E-11  3.17232E-08  1.13286E+09  1.13285E+09   1.0E+00
  6.750E-04  3.46979E-11  2.72781E-08  9.74118E+08  9.74120E+08   1.0E+00
  7.000E-04  3.73157E-11  2.35851E-08  8.42238E+08  8.42239E+08   1.0E+00
  7.250E-04  4.00286E-11  2.04964E-08  7.31940E+08  7.31940E+08   1.0E+00
  7.500E-04  4.28368E-11  1.78972E-08  6.39120E+08  6.39120E+08   1.0E+00
  7.750E-04  4.57402E-11  1.56972E-08  5.60559E+08  5.60558E+08   1.0E+00
  8.000E-04  4.87388E-11  1.38252E-08  4.93705E+08  4.93705E+08   1.0E+00
  8.250E-04  5.18325E-11  1.22240E-08  4.36528E+08  4.36528E+08   1.0E+00
  8.500E-04  5.50215E-11  1.08481E-08  3.87393E+08  3.87393E+08   1.0E+00
  8.750E-04  5.83057E-11  9.66045E-09  3.44981E+08  3.44981E+08   1.0E+00
  9.000E-04  6.16850E-11  8.63097E-09  3.08218E+08  3.08218E+08   1.0E+00
  9.250E-04  6.51595E-11  7.73505E-09  2.76224E+08  2.76224E+08   1.0E+00
  9.500E-04  6.87293E-11  6.95241E-09  2.48275E+08  2.48275E+08   1.0E+00
  9.750E-04  7.23943E-11  6.26630E-09  2.23774E+08  2.23774E+08   1.0E+00
  1.000E-03  7.61544E-11  5.66278E-09  2.02222E+08  2.02222E+08   1.0E+00
  1.250E-03  1.18991E-10  2.31948E-09  8.28300E+07  8.28300E+07   1.0E+00
  1.500E-03  1.71347E-10  1.11858E-09  3.99450E+07  3.99451E+07   1.0E+00
  1.750E-03  2.33223E-10  6.03779E-10  2.15614E+07  2.15614E+07   1.0E+00
  2.000E-03  3.04617E-10  3.53925E-10  1.26389E+07  1.26389E+07   1.0E+00
  2.250E-03  3.85531E-10  2.20953E-10  7.89039E+06  7.89039E+06   1.0E+00
  2.500E-03  4.75965E-10  1.44968E-10  5.17689E+06  5.17689E+06   1.0E+00
  2.750E-03  5.75917E-10  9.90149E-11  3.53589E+06  3.53589E+06   1.0E+00
  3.000E-03  6.85389E-10  6.99111E-11  2.49657E+06  2.49657E+06   1.0E+00
  3.250E-03  8.04380E-10  5.07573E-11  1.81257E+06  1.81257E+06   1.0E+00
  3.500E-03  9.32891E-10  3.77363E-11  1.34759E+06  1.34759E+06   1.0E+00
  3.750E-03  1.07092E-09  2.86356E-11  1.02260E+06  1.02260E+06   1.0E+00
  4.000E-03  1.21847E-09  2.21204E-11  7.89932E+05  7.89932E+05   1.0E+00
  4.250E-03  1.37554E-09  1.73571E-11  6.19832E+05  6.19832E+05   1.0E+00
  4.500E-03  1.54213E-09  1.38096E-11  4.93151E+05  4.93151E+05   1.0E+00
  4.750E-03  1.71823E-09  1.11239E-11  3.97243E+05  3.97243E+05   1.0E+00
  5.000E-03  1.90386E-09  9.06051E-12  3.23557E+05  3.23557E+05   1.0E+00
  5.250E-03  2.09900E-09  7.45411E-12  2.66191E+05  2.66191E+05   1.0E+00
  5.500E-03  2.30367E-09  6.18846E-12  2.20994E+05  2.20994E+05   1.0E+00
  5.750E-03  2.51785E-09  5.18038E-12  1.84995E+05  1.84995E+05   1.0E+00
  6.000E-03  2.74156E-09  4.36947E-12  1.56037E+05  1.56037E+05   1.0E+00
  6.250E-03  2.97478E-09  3.71119E-12  1.32529E+05  1.32529E+05   1.0E+00
  6.500E-03  3.21752E-09  3.17234E-12  1.13286E+05  1.13286E+05   1.0E+00
  6.750E-03  3.46978E-09  2.72784E-12  9.74129E+04  9.74129E+04   1.0E+00
  7.000E-03  3.73156E-09  2.35853E-12  8.42248E+04  8.42248E+04   1.0E+00
  7.250E-03  4.00286E-09  2.04966E-12  7.31948E+04  7.31948E+04   1.0E+00
  7.500E-03  4.28368E-09  1.78974E-12  6.39127E+04  6.39127E+04   1.0E+00
  7.750E-03  4.57402E-09  1.56974E-12  5.60565E+04  5.60565E+04   1.0E+00
  8.000E-03  4.87388E-09  1.38253E-12  4.93711E+04  4.93711E+04   1.0E+00
  8.250E-03  5.18326E-09  1.22242E-12  4.36533E+04  4.36533E+04   1.0E+00
  8.500E-03  5.50215E-09  1.08482E-12  3.87398E+04  3.87398E+04   1.0E+00
  8.750E-03  5.83057E-09  9.66058E-13  3.44986E+04  3.44986E+04   1.0E+00
  9.000E-03  6.16850E-09  8.63109E-13  3.08222E+04  3.08222E+04   1.0E+00
  9.250E-03  6.51596E-09  7.73515E-13  2.76227E+04  2.76227E+04   1.0E+00
  9.500E-03  6.87293E-09  6.95251E-13  2.48279E+04  2.48279E+04   1.0E+00
  9.750E-03  7.23942E-09  6.26639E-13  2.23777E+04  2.23777E+04   1.0E+00
  1.000E-02  7.61544E-09  5.66287E-13  2.02225E+04  2.02225E+04   1.0E+00
  1.250E-02  1.18991E-08  2.31952E-13  8.28315E+03  8.28315E+03   1.0E+00
  1.500E-02  1.71347E-08  1.11860E-13  3.99459E+03  3.99459E+03   1.0E+00
  1.750E-02  2.33223E-08  6.03795E-14  2.15619E+03  2.15619E+03   1.0E+00
  2.000E-02  3.04617E-08  3.53935E-14  1.26392E+03  1.26392E+03   1.0E+00
  2.250E-02  3.85531E-08  2.20961E-14  7.89064E+02  7.89065E+02   1.0E+00
  2.500E-02  4.75965E-08  1.44973E-14  5.17707E+02  5.17707E+02   1.0E+00
  2.750E-02  5.75917E-08  9.90188E-15  3.53602E+02  3.53603E+02   1.0E+00
  3.000E-02  6.85389E-08  6.99141E-15  2.49668E+02  2.49668E+02   1.0E+00
  3.250E-02  8.04380E-08  5.07596E-15  1.81266E+02  1.81266E+02   1.0E+00
  3.500E-02  9.32891E-08  3.77382E-15  1.34766E+02  1.34766E+02   1.0E+00
  3.750E-02  1.07092E-07  2.86372E-15  1.02265E+02  1.02265E+02   1.0E+00
  4.000E-02  1.21847E-07  2.21216E-15  7.89977E+01  7.89978E+01   1.0E+00
  4.250E-02  1.37554E-07  1.73581E-15  6.19870E+01  6.19870E+01   1.0E+00
  4.500E-02  1.54213E-07  1.38105E-15  4.93183E+01  4.93183E+01   1.0E+00
  4.750E-02  1.71823E-07  1.11247E-15  3.97270E+01  3.97270E+01   1.0E+00
  5.000E-02  1.90386E-07  9.06116E-16  3.23580E+01  3.23580E+01   1.0E+00
  5.250E-02  2.09900E-07  7.45467E-16  2.66211E+01  2.66211E+01   1.0E+00
  5.500E-02  2.30367E-07  6.18894E-16  2.21011E+01  2.21011E+01   1.0E+00
  5.750E-02  2.51785E-07  5.18081E-16  1.85010E+01  1.85010E+01   1.0E+00
  6.000E-02  2.74156E-07  4.36984E-16  1.56050E+01  1.56050E+01   1.0E+00
  6.250E-02  2.97478E-07  3.71152E-16  1.32541E+01  1.32541E+01   1.0E+00
  6.500E-02  3.21752E-07  3.17264E-16  1.13297E+01  1.13297E+01   1.0E+00
  6.750E-02  3.46978E-07  2.72810E-16  9.74223E+00  9.74224E+00   1.0E+00
  7.000E-02  3.73156E-07  2.35877E-16  8.42332E+00  8.42332E+00   1.0E+00
  7.250E-02  4.00286E-07  2.04987E-16  7.32023E+00  7.32024E+00   1.0E+00
  7.500E-02  4.28368E-07  1.78993E-16  6.39195E+00  6.39196E+00   1.0E+00
  7.750E-02  4.57402E-07  1.56991E-16  5.60626E+00  5.60627E+00   1.0E+00
  8.000E-02  4.87388E-07  1.38269E-16  4.93767E+00  4.93768E+00   1.0E+00
  8.250E-02  5.18325E-07  1.22256E-16  4.36584E+00  4.36585E+00   1.0E+00
  8.500E-02  5.50215E-07  1.08496E-16  3.87445E+00  3.87445E+00   1.0E+00
  8.750E-02  5.83057E-07  9.66178E-17  3.45029E+00  3.45029E+00   1.0E+00
  9.000E-02  6.16850E-07  8.63220E-17  3.08261E+00  3.08262E+00   1.0E+00
  9.250E-02  6.51596E-07  7.73617E-17  2.76264E+00  2.76264E+00   1.0E+00
  9.500E-02  6.87293E-07  6.95345E-17  2.48312E+00  2.48312E+00   1.0E+00
  9.750E-02  7.23942E-07  6.26726E-17  2.23808E+00  2.23808E+00   1.0E+00
  1.000E-01  7.61543E-07  5.66367E-17  2.02253E+00  2.02254E+00   1.0E+00
  1.250E-01  1.18991E-06  2.31993E-17  8.28463E-01  8.28464E-01   1.0E+00
  1.500E-01  1.71347E-06  1.11884E-17  3.99545E-01  3.99545E-01   1.0E+00
  1.750E-01  2.33223E-06  6.03946E-18  2.15673E-01  2.15673E-01   1.0E+00
  2.000E-01  3.04617E-06  3.54036E-18  1.26429E-01  1.26429E-01   1.0E+00
  2.250E-01  3.85531E-06  2.21032E-18  7.89319E-02  7.89319E-02   1.0E+00
  2.500E-01  4.75964E-06  1.45025E-18  5.17893E-02  5.17893E-02   1.0E+00
  2.750E-01  5.75916E-06  9.90578E-19  3.53742E-02  3.53742E-02   1.0E+00
  3.000E-01  6.85388E-06  6.99443E-19  2.49776E-02  2.49775E-02   1.0E+00
  3.250E-01  8.04378E-06  5.07833E-19  1.81351E-02  1.81350E-02   1.0E+00
  3.500E-01  9.32888E-06  3.77572E-19  1.34833E-02  1.34833E-02   1.0E+00
  3.750E-01  1.07092E-05  2.86526E-19  1.02320E-02  1.02320E-02   1.0E+00
  4.000E-01  1.21846E-05  2.21344E-19  7.90433E-03  7.90428E-03   1.0E+00
  4.250E-01  1.37553E-05  1.73688E-19  6.20250E-03  6.20245E-03   1.0E+00
  4.500E-01  1.54212E-05  1.38195E-19  4.93503E-03  4.93499E-03   1.0E+00
  4.750E-01  1.71822E-05  1.11323E-19  3.97542E-03  3.97538E-03   1.0E+00
  5.000E-01  1.90385E-05  9.06966E-20  3.23884E-03  3.23810E-03   5.2E-04
  5.250E-01  2.09899E-05  7.46174E-20  2.66464E-03  2.66410E-03   4.6E-04
  5.500E-01  2.30365E-05  6.19443E-20  2.21207E-03  2.21184E-03   2.4E-04
  5.750E-01  2.51783E-05  5.18497E-20  1.85159E-03  1.85161E-03   3.1E-05
  6.000E-01  2.74153E-05  4.37310E-20  1.56166E-03  1.56183E-03   2.3E-04
  6.250E-01  2.97475E-05  3.71429E-20  1.32640E-03  1.32658E-03   3.1E-04
  6.500E-01  3.21749E-05  3.17518E-20  1.13388E-03  1.13401E-03   2.6E-04
  6.750E-01  3.46974E-05  2.73056E-20  9.75099E-04  9.75154E-04   1.1E-04
  7.000E-01  3.73152E-05  2.36114E-20  8.43179E-04  8.43165E-04   4.8E-05
  7.250E-01  4.00281E-05  2.05211E-20  7.32823E-04  7.32773E-04   1.6E-04
  7.500E-01  4.28362E-05  1.79198E-20  6.39927E-04  6.39872E-04   2.0E-04
  7.750E-01  4.57395E-05  1.57173E-20  5.61276E-04  5.61240E-04   1.5E-04
  8.000E-01  4.87380E-05  1.38428E-20  4.94335E-04  4.94324E-04   5.6E-05
  8.250E-01  5.18317E-05  1.22395E-20  4.37081E-04  4.37092E-04   5.0E-05
  8.500E-01  5.50205E-05  1.08619E-20  3.87887E-04  3.87909E-04   1.2E-04
  8.750E-01  5.83045E-05  9.67309E-21  3.45432E-04  3.45453E-04   1.4E-04
  9.000E-01  6.16838E-05  8.64274E-21  3.08638E-04  3.08651E-04   9.6E-05
  9.250E-01  6.51582E-05  7.74613E-21  2.76619E-04  2.76623E-04   2.6E-05
  9.500E-01  6.87277E-05  6.96286E-21  2.48648E-04  2.48643E-04   4.8E-05
  9.750E-01  7.23925E-05  6.27609E-21  2.24123E-04  2.24114E-04   9.2E-05
  1.000E+00  7.61524E-05  5.67185E-21  2.02545E-04  2.02537E-04   9.6E-05
  1.100E+00  9.21439E-05  3.87426E-21  1.38352E-04  1.38357E-04   7.2E-05
  1.200E+00  1.09658E-04  2.73604E-21  9.77056E-05  9.77037E-05   3.9E-05
  1.300E+00  1.28695E-04  1.98669E-21  7.09459E-05  7.09459E-05   8.1E-06
  1.400E+00  1.49255E-04  1.47726E-21  5.27538E-05  5.27538E-05   1.6E-05
  1.500E+00  1.71338E-04  1.12118E-21  4.00381E-05  4.00373E-05   2.8E-05
  1.600E+00  1.94942E-04  8.66195E-22  3.09324E-05  3.09324E-05   3.0E-05
  1.700E+00  2.20070E-04  6.79790E-22  2.42757E-05  2.42752E-05   2.4E-05
  1.800E+00  2.46720E-04  5.40926E-22  1.93168E-05  1.93166E-05   1.3E-05
  1.900E+00  2.74892E-04  4.35794E-22  1.55625E-05  1.55622E-05   2.3E-06
  2.000E+00  3.04586E-04  3.55009E-22  1.26776E-05  1.26773E-05   7.3E-06
  2.100E+00  3.35803E-04  2.92108E-22  1.04314E-05  1.04312E-05   1.2E-05
  2.200E+00  3.68542E-04  2.42548E-22  8.66154E-06  8.66125E-06   1.3E-05
  2.300E+00  4.02802E-04  2.03065E-22  7.25159E-06  7.25140E-06   1.1E-05
  2.400E+00  4.38585E-04  1.71304E-22  6.11738E-06  6.11715E-06   6.2E-06
  2.500E+00  4.75889E-04  1.45517E-22  5.19651E-06  5.19631E-06   7.5E-07
  2.600E+00  5.14715E-04  1.24406E-22  4.44263E-06  4.44245E-06   4.2E-06
  2.700E+00  5.55063E-04  1.06990E-22  3.82069E-06  3.82051E-06   6.9E-06
  2.800E+00  5.96931E-04  9.25181E-23  3.30388E-06  3.30373E-06   7.3E-06
  2.900E+00  6.40321E-04  8.04138E-23  2.87163E-06  2.87147E-06   6.0E-06
  3.000E+00  6.85233E-04  7.02258E-23  2.50781E-06  2.50767E-06   3.3E-06
  3.100E+00  7.31665E-04  6.16023E-23  2.19986E-06  2.19972E-06   1.9E-07
  3.200E+00  7.79618E-04  5.42630E-23  1.93777E-06  1.93764E-06   2.7E-06
  3.300E+00  8.29092E-04  4.79852E-23  1.71358E-06  1.71346E-06   4.3E-06
  3.400E+00  8.80086E-04  4.25901E-23  1.52092E-06  1.52080E-06   4.5E-06
  3.500E+00  9.32601E-04  3.79324E-23  1.35459E-06  1.35448E-06   3.6E-06
  3.600E+00  9.86636E-04  3.38948E-23  1.21041E-06  1.21030E-06   1.9E-06
  3.700E+00  1.04219E-03  3.03805E-23  1.08491E-06  1.08481E-06   2.5E-07
  3.800E+00  1.09927E-03  2.73103E-23  9.75267E-07  9.75174E-07   1.9E-06
  3.900E+00  1.15786E-03  2.46185E-23  8.79141E-07  8.79051E-07   2.9E-06
  4.000E+00  1.21797E-03  2.22503E-23  7.94574E-07  7.94490E-07   3.0E-06
  4.100E+00  1.27961E-03  2.01604E-23  7.19942E-07  7.19861E-07   2.4E-06
  4.200E+00  1.34276E-03  1.83103E-23  6.53872E-07  6.53795E-07   1.2E-06
  4.300E+00  1.40743E-03  1.66677E-23  5.95214E-07  5.95141E-07   3.0E-07
  4.400E+00  1.47362E-03  1.52053E-23  5.42992E-07  5.42922E-07   1.4E-06
  4.500E+00  1.54133E-03  1.38999E-23  4.96375E-07  4.96309E-07   2.1E-06
  4.600E+00  1.61056E-03  1.27318E-23  4.54659E-07  4.54595E-07   2.1E-06
  4.700E+00  1.68131E-03  1.16838E-23  4.17235E-07  4.17175E-07   1.6E-06
  4.800E+00  1.75357E-03  1.07415E-23  3.83587E-07  3.83528E-07   7.9E-07
  4.900E+00  1.82735E-03  9.89240E-24  3.53264E-07  3.53208E-07   3.1E-07
  5.000E+00  1.90265E-03  9.12559E-24  3.25881E-07  3.25827E-07   1.1E-06
  5.100E+00  1.97947E-03  8.43171E-24  3.01102E-07  3.01050E-07   1.5E-06
  5.200E+00  2.05780E-03  7.80255E-24  2.78634E-07  2.78585E-07   1.5E-06
  5.300E+00  2.13765E-03  7.23105E-24  2.58225E-07  2.58178E-07   1.2E-06
  5.400E+00  2.21902E-03  6.71094E-24  2.39652E-07  2.39607E-07   5.3E-07
  5.500E+00  2.30190E-03  6.23679E-24  2.22720E-07  2.22676E-07   3.0E-07
  5.600E+00  2.38630E-03  5.80381E-24  2.07258E-07  2.07216E-07   8.8E-07
  5.700E+00  2.47222E-03  5.40777E-24  1.93115E-07  1.93075E-07   1.2E-06
  5.800E+00  2.55965E-03  5.04497E-24  1.80159E-07  1.80120E-07   1.1E-06
  5.900E+00  2.64859E-03  4.71210E-24  1.68272E-07  1.68235E-07   8.5E-07
  6.000E+00  2.73905E-03  4.40626E-24  1.57350E-07  1.57314E-07   3.6E-07
  6.100E+00  2.83103E-03  4.12484E-24  1.47301E-07  1.47266E-07   2.8E-07
  6.200E+00  2.92452E-03  3.86555E-24  1.38041E-07  1.38008E-07   7.1E-07
  6.300E+00  3.01952E-03  3.62633E-24  1.29498E-07  1.29466E-07   9.2E-07
  6.400E+00  3.11604E-03  3.40533E-24  1.21607E-07  1.21575E-07   8.8E-07
  6.500E+00  3.21407E-03  3.20094E-24  1.14307E-07  1.14277E-07   6.4E-07
  6.600E+00  3.31362E-03  3.01165E-24  1.07548E-07  1.07519E-07   2.5E-07
  6.700E+00  3.41468E-03  2.83616E-24  1.01281E-07  1.01253E-07   2.6E-07
  6.800E+00  3.51725E-03  2.67328E-24  9.54645E-08  9.54371E-08   5.9E-07
  6.900E+00  3.62133E-03  2.52193E-24  9.00596E-08  9.00332E-08   7.3E-07
  7.000E+00  3.72692E-03  2.38114E-24  8.50322E-08  8.50066E-08   6.9E-07
  7.100E+00  3.83403E-03  2.25005E-24  8.03509E-08  8.03261E-08   4.9E-07
  7.200E+00  3.94265E-03  2.12787E-24  7.59876E-08  7.59635E-08   1.7E-07
  7.300E+00  4.05278E-03  2.01387E-24  7.19166E-08  7.18933E-08   2.4E-07
  7.400E+00  4.16442E-03  1.90741E-24  6.81147E-08  6.80922E-08   4.9E-07
  7.500E+00  4.27757E-03  1.80789E-24  6.45610E-08  6.45391E-08   6.0E-07
  7.600E+00  4.39223E-03  1.71479E-24  6.12362E-08  6.12149E-08   5.5E-07
  7.700E+00  4.50840E-03  1.62760E-24  5.81228E-08  5.81021E-08   3.8E-07
  7.800E+00  4.62608E-03  1.54589E-24  5.52048E-08  5.51848E-08   1.1E-07
  7.900E+00  4.74527E-03  1.46925E-24  5.24678E-08  5.24484E-08   2.2E-07
  8.000E+00  4.86597E-03  1.39730E-24  4.98985E-08  4.98796E-08   4.2E-07
  8.100E+00  4.98817E-03  1.32970E-24  4.74846E-08  4.74663E-08   4.9E-07
  8.200E+00  5.11188E-03  1.26615E-24  4.52150E-08  4.51972E-08   4.5E-07
  8.300E+00  5.23711E-03  1.20635E-24  4.30795E-08  4.30621E-08   3.0E-07
  8.400E+00  5.36383E-03  1.15004E-24  4.10686E-08  4.10518E-08   7.5E-08
  8.500E+00  5.49207E-03  1.09698E-24  3.91738E-08  3.91574E-08   2.0E-07
  8.600E+00  5.62181E-03  1.04695E-24  3.73871E-08  3.73711E-08   3.6E-07
  8.700E+00  5.75306E-03  9.99734E-25  3.57012E-08  3.56856E-08   4.1E-07
  8.800E+00  5.88581E-03  9.55155E-25  3.41092E-08  3.40941E-08   3.6E-07
  8.900E+00  6.02007E-03  9.13036E-25  3.26051E-08  3.25903E-08   2.3E-07
  9.000E+00  6.15583E-03  8.73213E-25  3.11830E-08  3.11687E-08   4.7E-08
  9.100E+00  6.29310E-03  8.35540E-25  2.98377E-08  2.98237E-08   1.9E-07
  9.200E+00  6.43187E-03  7.99877E-25  2.85641E-08  2.85505E-08   3.1E-07
  9.300E+00  6.57214E-03  7.66099E-25  2.73579E-08  2.73446E-08   3.4E-07
  9.400E+00  6.71392E-03  7.34085E-25  2.62147E-08  2.62017E-08   3.0E-07
  9.500E+00  6.85720E-03  7.03727E-25  2.51306E-08  2.51179E-08   1.8E-07
  9.600E+00  7.00198E-03  6.74924E-25  2.41020E-08  2.40896E-08   2.6E-08
  9.700E+00  7.14827E-03  6.47580E-25  2.31255E-08  2.31135E-08   1.7E-07
  9.800E+00  7.29605E-03  6.21607E-25  2.21980E-08  2.21863E-08   2.7E-07
  9.900E+00  7.44534E-03  5.96925E-25  2.13166E-08  2.13051E-08   2.9E-07
  1.000E+01  7.59612E-03  5.73456E-25  2.04785E-08  2.04673E-08   2.5E-07
  1.025E+01  7.97965E-03  5.19639E-25  1.85566E-08  1.85461E-08   2.5E-07
  1.050E+01  8.37255E-03  4.71993E-25  1.68552E-08  1.68452E-08   2.4E-07
  1.075E+01  8.77480E-03  4.29687E-25  1.53444E-08  1.53350E-08   2.3E-07
  1.100E+01  9.18641E-03  3.92019E-25  1.39993E-08  1.39903E-08   2.1E-07
  1.125E+01  9.60736E-03  3.58391E-25  1.27984E-08  1.27899E-08   1.7E-07
  1.150E+01  1.00376E-02  3.28295E-25  1.17236E-08  1.17156E-08   1.3E-07
  1.175E+01  1.04773E-02  3.01293E-25  1.07594E-08  1.07518E-08   9.0E-08
  1.200E+01  1.09262E-02  2.77013E-25  9.89230E-09  9.88508E-09   4.7E-08
  1.225E+01  1.13844E-02  2.55130E-25  9.11087E-09  9.10400E-09   2.4E-08
  1.250E+01  1.18520E-02  2.35367E-25  8.40512E-09  8.39858E-09   5.8E-08
  1.275E+01  1.23288E-02  2.17482E-25  7.76642E-09  7.76020E-09   8.5E-08
  1.300E+01  1.28150E-02  2.01264E-25  7.18727E-09  7.18134E-09   1.0E-07
  1.325E+01  1.33104E-02  1.86531E-25  6.66113E-09  6.65547E-09   1.2E-07
  1.350E+01  1.38150E-02  1.73121E-25  6.18227E-09  6.17687E-09   1.2E-07
  1.375E+01  1.43290E-02  1.60896E-25  5.74569E-09  5.74053E-09   1.2E-07
  1.400E+01  1.48521E-02  1.49731E-25  5.34699E-09  5.34205E-09   1.1E-07
  1.425E+01  1.53845E-02  1.39518E-25  4.98228E-09  4.97755E-09   1.0E-07
  1.450E+01  1.59262E-02  1.30161E-25  4.64814E-09  4.64361E-09   8.6E-08
  1.475E+01  1.64770E-02  1.21576E-25  4.34155E-09  4.33722E-09   6.7E-08
  1.500E+01  1.70371E-02  1.13687E-25  4.05984E-09  4.05568E-09   4.7E-08
  1.525E+01  1.76063E-02  1.06428E-25  3.80060E-09  3.79661E-09   2.6E-08
  1.550E+01  1.81848E-02  9.97386E-26  3.56173E-09  3.55790E-09   1.4E-08
  1.575E+01  1.87724E-02  9.35668E-26  3.34133E-09  3.33765E-09   3.2E-08
  1.600E+01  1.93692E-02  8.78651E-26  3.13772E-09  3.13418E-09   4.5E-08
  1.625E+01  1.99751E-02  8.25911E-26  2.94938E-09  2.94598E-09   5.5E-08
  1.650E+01  2.05901E-02  7.77068E-26  2.77496E-09  2.77169E-09   6.1E-08
  1.675E+01  2.12143E-02  7.31782E-26  2.61324E-09  2.61009E-09   6.3E-08
  1.700E+01  2.18476E-02  6.89747E-26  2.46313E-09  2.46010E-09   6.2E-08
  1.725E+01  2.24900E-02  6.50686E-26  2.32364E-09  2.32072E-09   6.0E-08
  1.750E+01  2.31415E-02  6.14350E-26  2.19388E-09  2.19107E-09   5.5E-08
  1.775E+01  2.38021E-02  5.80515E-26  2.07306E-09  2.07034E-09   4.7E-08
  1.800E+01  2.44717E-02  5.48975E-26  1.96043E-09  1.95781E-09   3.8E-08
  1.825E+01  2.51504E-02  5.19548E-26  1.85534E-09  1.85281E-09   2.7E-08
  1.850E+01  2.58382E-02  4.92065E-26  1.75720E-09  1.75476E-09   1.5E-08
  1.875E+01  2.65349E-02  4.66375E-26  1.66546E-09  1.66310E-09   9.2E-09
  1.900E+01  2.72407E-02  4.42338E-26  1.57962E-09  1.57734E-09   1.9E-08
  1.925E+01  2.79555E-02  4.19829E-26  1.49924E-09  1.49703E-09   2.6E-08
  1.950E+01  2.86793E-02  3.98732E-26  1.42390E-09  1.42177E-09   3.1E-08
  1.975E+01  2.94120E-02  3.78943E-26  1.35323E-09  1.35117E-09   3.4E-08
  2.000E+01  3.01537E-02  3.60365E-26  1.28689E-09  1.28489E-09   3.5E-08
  2.025E+01  3.09043E-02  3.42911E-26  1.22456E-09  1.22262E-09   3.5E-08
  2.050E+01  3.16639E-02  3.26499E-26  1.16595E-09  1.16408E-09   3.4E-08
  2.075E+01  3.24324E-02  3.11057E-26  1.11080E-09  1.10899E-09   3.1E-08
  2.100E+01  3.32098E-02  2.96516E-26  1.05888E-09  1.05712E-09   2.7E-08
  2.125E+01  3.39961E-02  2.82813E-26  1.00994E-09  1.00824E-09   2.2E-08
  2.150E+01  3.47912E-02  2.69892E-26  9.63802E-10  9.62150E-10   1.6E-08
  2.175E+01  3.55952E-02  2.57700E-26  9.20262E-10  9.18659E-10   9.0E-09
  2.200E+01  3.64081E-02  2.46187E-26  8.79149E-10  8.77594E-10   6.0E-09
  2.225E+01  3.72297E-02  2.35309E-26  8.40302E-10  8.38793E-10   1.1E-08
  2.250E+01  3.80602E-02  2.25024E-26  8.03574E-10  8.02109E-10   1.5E-08
  2.275E+01  3.88995E-02  2.15294E-26  7.68828E-10  7.67405E-10   1.8E-08
  2.300E+01  3.97476E-02  2.06083E-26  7.35936E-10  7.34553E-10   2.0E-08
  2.325E+01  4.06044E-02  1.97359E-26  7.04781E-10  7.03437E-10   2.0E-08
  2.350E+01  4.14700E-02  1.89090E-26  6.75254E-10  6.73948E-10   2.0E-08
  2.375E+01  4.23443E-02  1.81250E-26  6.47254E-10  6.45984E-10   2.0E-08
  2.400E+01  4.32273E-02  1.73810E-26  6.20687E-10  6.19452E-10   1.8E-08
  2.425E+01  4.41190E-02  1.66748E-26  5.95466E-10  5.94265E-10   1.6E-08
  2.450E+01  4.50194E-02  1.60039E-26  5.71511E-10  5.70342E-10   1.3E-08
  2.475E+01  4.59284E-02  1.53664E-26  5.48745E-10  5.47608E-10   9.1E-09
  2.500E+01  4.68461E-02  1.47603E-26  5.27098E-10  5.25992E-10   5.2E-09
  2.550E+01  4.87074E-02  1.36348E-26  4.86907E-10  4.85857E-10   6.7E-09
  2.600E+01  5.06030E-02  1.26143E-26  4.50464E-10  4.49468E-10   1.0E-08
  2.650E+01  5.25328E-02  1.16872E-26  4.17358E-10  4.16412E-10   1.1E-08
  2.700E+01  5.44967E-02  1.08435E-26  3.87229E-10  3.86330E-10   1.1E-08
  2.750E+01  5.64946E-02  1.00744E-26  3.59762E-10  3.58906E-10   8.8E-09
  2.800E+01  5.85262E-02  9.37195E-27  3.34679E-10  3.33864E-10   4.8E-09
  2.850E+01  6.05914E-02  8.72949E-27  3.11736E-10  3.10960E-10   2.4E-09
  2.900E+01  6.26901E-02  8.14094E-27  2.90718E-10  2.89978E-10   4.8E-09
  2.950E+01  6.48222E-02  7.60096E-27  2.71435E-10  2.70729E-10   5.5E-09
  3.000E+01  6.69873E-02  7.10482E-27  2.53718E-10  2.53043E-10   6.1E-09
  3.050E+01  6.91854E-02  6.64832E-27  2.37416E-10  2.36772E-10   5.1E-09
  3.100E+01  7.14163E-02  6.22772E-27  2.22396E-10  2.21780E-10   3.2E-09
  3.150E+01  7.36799E-02  5.83970E-27  2.08540E-10  2.07951E-10   8.5E-10
  3.200E+01  7.59760E-02  5.48127E-27  1.95740E-10  1.95176E-10   1.8E-09
  3.250E+01  7.83043E-02  5.14977E-27  1.83902E-10  1.83362E-10   2.4E-09
  3.300E+01  8.06647E-02  4.84281E-27  1.72940E-10  1.72423E-10   2.7E-09
  3.350E+01  8.30571E-02  4.55824E-27  1.62778E-10  1.62282E-10   2.2E-09
  3.400E+01  8.54812E-02  4.29413E-27  1.53346E-10  1.52871E-10   1.1E-09
  3.450E+01  8.79369E-02  4.04875E-27  1.44584E-10  1.44127E-10   5.4E-10
  3.500E+01  9.04240E-02  3.82053E-27  1.36433E-10  1.35995E-10   8.6E-10
  3.550E+01  9.29422E-02  3.60804E-27  1.28845E-10  1.28424E-10   1.2E-09
  3.600E+01  9.54915E-02  3.41001E-27  1.21774E-10  1.21369E-10   9.2E-10
  3.650E+01  9.80716E-02  3.22527E-27  1.15177E-10  1.14788E-10   1.1E-09
  3.700E+01  1.00682E-01  3.05277E-27  1.09016E-10  1.08642E-10   1.4E-09
  3.750E+01  1.03323E-01  2.89155E-27  1.03259E-10  1.02899E-10   1.3E-09
  3.800E+01  1.05995E-01  2.74074E-27  9.78736E-11  9.75270E-11   1.5E-09
  3.850E+01  1.08696E-01  2.59954E-27  9.28313E-11  9.24975E-11   1.2E-09
  3.900E+01  1.11427E-01  2.46723E-27  8.81065E-11  8.77849E-11   1.7E-09
  3.950E+01  1.14188E-01  2.34315E-27  8.36754E-11  8.33654E-11   2.5E-09
  4.000E+01  1.16978E-01  2.22669E-27  7.95165E-11  7.92176E-11   2.8E-09
  4.050E+01  1.19797E-01  2.11730E-27  7.56100E-11  7.53217E-11   2.5E-09
  4.100E+01  1.22645E-01  2.01446E-27  7.19378E-11  7.16597E-11   2.5E-09
  4.150E+01  1.25522E-01  1.91773E-27  6.84833E-11  6.82148E-11   1.9E-09
  4.200E+01  1.28428E-01  1.82666E-27  6.52312E-11  6.49719E-11   2.2E-09
  4.250E+01  1.31361E-01  1.74086E-27  6.21674E-11  6.19170E-11   3.4E-09
  4.300E+01  1.34323E-01  1.65998E-27  5.92791E-11  5.90372E-11   3.8E-09
  4.350E+01  1.37313E-01  1.58368E-27  5.65544E-11  5.63206E-11   3.4E-09
  4.400E+01  1.40330E-01  1.51166E-27  5.39823E-11  5.37563E-11   3.6E-09
  4.450E+01  1.43375E-01  1.44362E-27  5.15527E-11  5.13342E-11   2.9E-09
  4.500E+01  1.46447E-01  1.37932E-27  4.92563E-11  4.90449E-11   2.0E-09
  4.550E+01  1.49545E-01  1.31850E-27  4.70844E-11  4.68798E-11   3.7E-09
  4.600E+01  1.52671E-01  1.26094E-27  4.50291E-11  4.48311E-11   4.5E-09
  4.650E+01  1.55823E-01  1.20644E-27  4.30829E-11  4.28912E-11   4.3E-09
  4.700E+01  1.59001E-01  1.15481E-27  4.12389E-11  4.10533E-11   4.4E-09
  4.750E+01  1.62205E-01  1.10586E-27  3.94909E-11  3.93111E-11   4.0E-09
  4.800E+01  1.65435E-01  1.05943E-27  3.78330E-11  3.76587E-11   2.6E-09
  4.850E+01  1.68690E-01  1.01537E-27  3.62595E-11  3.60906E-11   3.4E-09
  4.900E+01  1.71970E-01  9.73533E-28  3.47655E-11  3.46018E-11   4.8E-09
  4.950E+01  1.75276E-01  9.33788E-28  3.33462E-11  3.31875E-11   5.1E-09
  5.000E+01  1.78606E-01  8.96011E-28  3.19971E-11  3.18432E-11   4.8E-09
  5.050E+01  1.81961E-01  8.60087E-28  3.07143E-11  3.05649E-11   4.9E-09
  5.100E+01  1.85340E-01  8.25907E-28  2.94937E-11  2.93488E-11   3.9E-09
  5.150E+01  1.88743E-01  7.93373E-28  2.83319E-11  2.81913E-11   2.8E-09
  5.200E+01  1.92169E-01  7.62390E-28  2.72254E-11  2.70890E-11   4.7E-09
  5.250E+01  1.95619E-01  7.32871E-28  2.61713E-11  2.60388E-11   5.5E-09
  5.300E+01  1.99092E-01  7.04733E-28  2.51665E-11  2.50378E-11   5.0E-09
  5.350E+01  2.02589E-01  6.77901E-28  2.42083E-11  2.40833E-11   5.4E-09
  5.400E+01  2.06107E-01  6.52303E-28  2.32942E-11  2.31728E-11   4.9E-09
  5.450E+01  2.09649E-01  6.27872E-28  2.24217E-11  2.23037E-11   3.3E-09
  5.500E+01  2.13212E-01  6.04545E-28  2.15887E-11  2.14740E-11   4.1E-09
  5.550E+01  2.16797E-01  5.82262E-28  2.07930E-11  2.06815E-11   5.5E-09
  5.600E+01  2.20404E-01  5.60969E-28  2.00326E-11  1.99242E-11   5.6E-09
  5.650E+01  2.24032E-01  5.40614E-28  1.93057E-11  1.92003E-11   5.5E-09
  5.700E+01  2.27680E-01  5.21148E-28  1.86105E-11  1.85080E-11   5.6E-09
  5.750E+01  2.31350E-01  5.02524E-28  1.79455E-11  1.78458E-11   4.5E-09
  5.800E+01  2.35040E-01  4.84700E-28  1.73090E-11  1.72120E-11   3.3E-09
  5.850E+01  2.38751E-01  4.67636E-28  1.66996E-11  1.66052E-11   5.2E-09
  5.900E+01  2.42481E-01  4.51292E-28  1.61159E-11  1.60241E-11   5.9E-09
  5.950E+01  2.46231E-01  4.35634E-28  1.55568E-11  1.54674E-11   5.2E-09
  6.000E+01  2.50000E-01  4.20626E-28  1.50208E-11  1.49338E-11   5.9E-09
  6.050E+01  2.53788E-01  4.06238E-28  1.45070E-11  1.44223E-11   5.4E-09
  6.100E+01  2.57595E-01  3.92439E-28  1.40142E-11  1.39317E-11   3.8E-09
  6.150E+01  2.61421E-01  3.79200E-28  1.35415E-11  1.34611E-11   4.5E-09
  6.200E+01  2.65264E-01  3.66495E-28  1.30878E-11  1.30095E-11   5.8E-09
  6.250E+01  2.69126E-01  3.54298E-28  1.26522E-11  1.25760E-11   5.8E-09
  6.300E+01  2.73005E-01  3.42585E-28  1.22339E-11  1.21596E-11   5.7E-09
  6.350E+01  2.76901E-01  3.31333E-28  1.18321E-11  1.17597E-11   6.0E-09
  6.400E+01  2.80814E-01  3.20522E-28  1.14460E-11  1.13755E-11   4.9E-09
  6.450E+01  2.84744E-01  3.10130E-28  1.10749E-11  1.10062E-11   3.6E-09
  6.500E+01  2.88691E-01  3.00139E-28  1.07182E-11  1.06511E-11   5.4E-09
  6.550E+01  2.92653E-01  2.90530E-28  1.03750E-11  1.03097E-11   6.0E-09
  6.600E+01  2.96632E-01  2.81286E-28  1.00449E-11  9.98119E-12   5.2E-09
  6.650E+01  3.00625E-01  2.72391E-28  9.72727E-12  9.66512E-12   6.1E-09
  6.700E+01  3.04634E-01  2.63829E-28  9.42151E-12  9.36090E-12   5.8E-09
  6.750E+01  3.08658E-01  2.55586E-28  9.12713E-12  9.06801E-12   4.2E-09
  6.800E+01  3.12697E-01  2.47647E-28  8.84362E-12  8.78595E-12   4.7E-09
  6.850E+01  3.16749E-01  2.39999E-28  8.57051E-12  8.51425E-12   5.9E-09
  6.900E+01  3.20816E-01  2.32630E-28  8.30735E-12  8.25245E-12   5.7E-09
  6.950E+01  3.24896E-01  2.25527E-28  8.05372E-12  8.00014E-12   5.7E-09
  7.000E+01  3.28990E-01  2.18680E-28  7.80920E-12  7.75691E-12   6.2E-09
  7.050E+01  3.33097E-01  2.12077E-28  7.57341E-12  7.52238E-12   5.3E-09
  7.100E+01  3.37216E-01  2.05709E-28  7.34598E-12  7.29617E-12   3.7E-09
  7.150E+01  3.41348E-01  1.99564E-28  7.12657E-12  7.07795E-12   5.4E-09
  7.200E+01  3.45492E-01  1.93635E-28  6.91485E-12  6.86737E-12   5.9E-09
  7.250E+01  3.49647E-01  1.87913E-28  6.71048E-12  6.66413E-12   5.0E-09
  7.300E+01  3.53814E-01  1.82388E-28  6.51318E-12  6.46792E-12   6.1E-09
  7.350E+01  3.57992E-01  1.77052E-28  6.32266E-12  6.27845E-12   6.0E-09
  7.400E+01  3.62181E-01  1.71899E-28  6.13864E-12  6.09546E-12   4.5E-09
  7.450E+01  3.66381E-01  1.66921E-28  5.96085E-12  5.91869E-12   4.7E-09
  7.500E+01  3.70590E-01  1.62110E-28  5.78907E-12  5.74788E-12   5.8E-09
  7.550E+01  3.74810E-01  1.57461E-28  5.62303E-12  5.58279E-12   5.5E-09
  7.600E+01  3.79039E-01  1.52966E-28  5.46253E-12  5.42322E-12   5.6E-09
  7.650E+01  3.83277E-01  1.48621E-28  5.30733E-12  5.26892E-12   6.2E-09
  7.700E+01  3.87524E-01  1.44418E-28  5.15725E-12  5.11972E-12   5.5E-09
  7.750E+01  3.91780E-01  1.40352E-28  5.01207E-12  4.97539E-12   3.8E-09
  7.800E+01  3.96044E-01  1.36419E-28  4.87161E-12  4.83576E-12   5.4E-09
  7.850E+01  4.00316E-01  1.32613E-28  4.73568E-12  4.70065E-12   5.7E-09
  7.900E+01  4.04596E-01  1.28929E-28  4.60413E-12  4.56989E-12   4.7E-09
  7.950E+01  4.08882E-01  1.25363E-28  4.47678E-12  4.44331E-12   6.0E-09
  8.000E+01  4.13176E-01  1.21910E-28  4.35347E-12  4.32075E-12   6.0E-09
  8.050E+01  4.17476E-01  1.18566E-28  4.23405E-12  4.20207E-12   4.7E-09
  8.100E+01  4.21783E-01  1.15327E-28  4.11839E-12  4.08713E-12   4.7E-09
  8.150E+01  4.26095E-01  1.12189E-28  4.00634E-12  3.97577E-12   5.6E-09
  8.200E+01  4.30413E-01  1.09149E-28  3.89777E-12  3.86788E-12   5.2E-09
  8.250E+01  4.34737E-01  1.06202E-28  3.79255E-12  3.76332E-12   5.3E-09
  8.300E+01  4.39065E-01  1.03346E-28  3.69056E-12  3.66198E-12   6.1E-09
  8.350E+01  4.43398E-01  1.00577E-28  3.59168E-12  3.56374E-12   5.6E-09
  8.400E+01  4.47736E-01  9.78928E-29  3.49582E-12  3.46848E-12   3.8E-09
  8.450E+01  4.52077E-01  9.52893E-29  3.40284E-12  3.37611E-12   5.2E-09
  8.500E+01  4.56422E-01  9.27641E-29  3.31267E-12  3.28652E-12   5.5E-09
  8.550E+01  4.60770E-01  9.03143E-29  3.22518E-12  3.19961E-12   4.4E-09
  8.600E+01  4.65122E-01  8.79375E-29  3.14030E-12  3.11529E-12   5.8E-09
  8.650E+01  4.69476E-01  8.56309E-29  3.05794E-12  3.03347E-12   6.0E-09
  8.700E+01  4.73832E-01  8.33923E-29  2.97799E-12  2.95405E-12   4.9E-09
  8.750E+01  4.78190E-01  8.12192E-29  2.90039E-12  2.87697E-12   4.6E-09
  8.800E+01  4.82550E-01  7.91094E-29  2.82505E-12  2.80214E-12   5.4E-09
  8.850E+01  4.86912E-01  7.70608E-29  2.75189E-12  2.72948E-12   4.9E-09
  8.900E+01  4.91274E-01  7.50713E-29  2.68084E-12  2.65891E-12   5.0E-09
  8.950E+01  4.95637E-01  7.31389E-29  2.61184E-12  2.59038E-12   6.0E-09
  9.000E+01  5.00000E-01  7.12617E-29  2.54480E-12  2.52381E-12   5.6E-09
  9.050E+01  5.04363E-01  6.94378E-29  2.47967E-12  2.45913E-12   4.0E-09
  9.100E+01  5.08726E-01  6.76655E-29  2.41638E-12  2.39628E-12   5.0E-09
  9.150E+01  5.13088E-01  6.59431E-29  2.35487E-12  2.33520E-12   5.2E-09
  9.200E+01  5.17450E-01  6.42690E-29  2.29509E-12  2.27584E-12   4.1E-09
  9.250E+01  5.21810E-01  6.26415E-29  2.23697E-12  2.21813E-12   5.5E-09
  9.300E+01  5.26168E-01  6.10592E-29  2.18046E-12  2.16203E-12   5.9E-09
  9.350E+01  5.30524E-01  5.95206E-29  2.12552E-12  2.10748E-12   5.0E-09
  9.400E+01  5.34878E-01  5.80243E-29  2.07208E-12  2.05443E-12   4.4E-09
  9.450E+01  5.39230E-01  5.65689E-29  2.02011E-12  2.00283E-12   5.1E-09
  9.500E+01  5.43578E-01  5.51532E-29  1.96956E-12  1.95265E-12   4.6E-09
  9.550E+01  5.47923E-01  5.37759E-29  1.92037E-12  1.90382E-12   4.6E-09
  9.600E+01  5.52264E-01  5.24358E-29  1.87252E-12  1.85632E-12   5.7E-09
  9.650E+01  5.56602E-01  5.11317E-29  1.82594E-12  1.81009E-12   5.6E-09
  9.700E+01  5.60935E-01  4.98624E-29  1.78062E-12  1.76510E-12   4.2E-09
  9.750E+01  5.65263E-01  4.86270E-29  1.73650E-12  1.72131E-12   4.8E-09
  9.800E+01  5.69587E-01  4.74244E-29  1.69356E-12  1.67869E-12   4.9E-09
  9.850E+01  5.73905E-01  4.62536E-29  1.65174E-12  1.63719E-12   3.9E-09
  9.900E+01  5.78217E-01  4.51135E-29  1.61103E-12  1.59679E-12   5.1E-09
  9.950E+01  5.82524E-01  4.40033E-29  1.57139E-12  1.55744E-12   5.7E-09
  1.000E+02  5.86824E-01  4.29220E-29  1.53277E-12  1.51913E-12   5.1E-09
  1.005E+02  5.91118E-01  4.18688E-29  1.49516E-12  1.48181E-12   4.2E-09
  1.010E+02  5.95404E-01  4.08429E-29  1.45853E-12  1.44545E-12   4.8E-09
  1.015E+02  5.99684E-01  3.98434E-29  1.42283E-12  1.41004E-12   4.3E-09
  1.020E+02  6.03956E-01  3.88695E-29  1.38806E-12  1.37553E-12   4.1E-09
  1.025E+02  6.08220E-01  3.79205E-29  1.35417E-12  1.34191E-12   5.4E-09
  1.030E+02  6.12476E-01  3.69957E-29  1.32114E-12  1.30914E-12   5.5E-09
  1.035E+02  6.16723E-01  3.60943E-29  1.28895E-12  1.27721E-12   4.4E-09
  1.040E+02  6.20961E-01  3.52157E-29  1.25757E-12  1.24608E-12   4.5E-09
  1.045E+02  6.25190E-01  3.43591E-29  1.22699E-12  1.21574E-12   4.6E-09
  1.050E+02  6.29410E-01  3.35241E-29  1.19717E-12  1.18615E-12   3.6E-09
  1.055E+02  6.33619E-01  3.27098E-29  1.16809E-12  1.15731E-12   4.6E-09
  1.060E+02  6.37819E-01  3.19159E-29  1.13974E-12  1.12919E-12   5.5E-09
  1.065E+02  6.42008E-01  3.11416E-29  1.11209E-12  1.10176E-12   5.1E-09
  1.070E+02  6.46186E-01  3.03864E-29  1.08512E-12  1.07501E-12   3.9E-09
  1.075E+02  6.50353E-01  2.96498E-29  1.05881E-12  1.04893E-12   4.5E-09
  1.080E+02  6.54508E-01  2.89312E-29  1.03315E-12  1.02348E-12   4.1E-09
  1.085E+02  6.58652E-01  2.82302E-29  1.00812E-12  9.98650E-13   3.5E-09
  1.090E+02  6.62784E-01  2.75463E-29  9.83695E-13  9.74429E-13   5.0E-09
  1.095E+02  6.66903E-01  2.68789E-29  9.59864E-13  9.50796E-13   5.3E-09
  1.100E+02  6.71010E-01  2.62277E-29  9.36608E-13  9.27735E-13   4.5E-09
  1.105E+02  6.75104E-01  2.55921E-29  9.13912E-13  9.05230E-13   4.2E-09
  1.110E+02  6.79184E-01  2.49719E-29  8.91761E-13  8.83266E-13   4.3E-09
  1.115E+02  6.83251E-01  2.43664E-29  8.70140E-13  8.61828E-13   3.4E-09
  1.120E+02  6.87303E-01  2.37754E-29  8.49035E-13  8.40903E-13   4.1E-09
  1.125E+02  6.91342E-01  2.31984E-29  8.28432E-13  8.20476E-13   5.1E-09
  1.130E+02  6.95366E-01  2.26352E-29  8.08316E-13  8.00533E-13   5.0E-09
  1.135E+02  6.99375E-01  2.20852E-29  7.88676E-13  7.81062E-13   3.8E-09
  1.140E+02  7.03368E-01  2.15482E-29  7.69499E-13  7.62050E-13   4.2E-09
  1.145E+02  7.07347E-01  2.10237E-29  7.50771E-13  7.43486E-13   3.8E-09
  1.150E+02  7.11309E-01  2.05116E-29  7.32483E-13  7.25356E-13   2.9E-09
  1.155E+02  7.15256E-01  2.00114E-29  7.14620E-13  7.07651E-13   4.5E-09
  1.160E+02  7.19186E-01  1.95229E-29  6.97174E-13  6.90357E-13   5.1E-09
  1.165E+02  7.23099E-01  1.90457E-29  6.80133E-13  6.73466E-13   4.5E-09
  1.170E+02  7.26995E-01  1.85795E-29  6.63485E-13  6.56966E-13   3.9E-09
  1.175E+02  7.30874E-01  1.81241E-29  6.47222E-13  6.40848E-13   4.0E-09
  1.180E+02  7.34736E-01  1.76791E-29  6.31334E-13  6.25101E-13   3.2E-09
  1.185E+02  7.38579E-01  1.72444E-29  6.15810E-13  6.09716E-13   3.5E-09
  1.190E+02  7.42405E-01  1.68197E-29  6.00641E-13  5.94684E-13   4.7E-09
  1.195E+02  7.46212E-01  1.64046E-29  5.85819E-13  5.79995E-13   4.9E-09
  1.200E+02  7.50000E-01  1.59990E-29  5.71335E-13  5.65642E-13   4.0E-09
  1.205E+02  7.53769E-01  1.56026E-29  5.57179E-13  5.51615E-13   3.9E-09
  1.210E+02  7.57519E-01  1.52152E-29  5.43345E-13  5.37906E-13   3.6E-09
  1.215E+02  7.61249E-01  1.48366E-29  5.29823E-13  5.24509E-13   2.5E-09
  1.220E+02  7.64960E-01  1.44665E-29  5.16607E-13  5.11414E-13   4.0E-09
  1.225E+02  7.68650E-01  1.41047E-29  5.03688E-13  4.98614E-13   4.8E-09
  1.230E+02  7.72320E-01  1.37511E-29  4.91060E-13  4.86102E-13   4.5E-09
  1.235E+02  7.75968E-01  1.34054E-29  4.78715E-13  4.73871E-13   3.5E-09
  1.240E+02  7.79596E-01  1.30674E-29  4.66646E-13  4.61915E-13   3.7E-09
  1.245E+02  7.83203E-01  1.27370E-29  4.54846E-13  4.50225E-13   3.1E-09
  1.250E+02  7.86788E-01  1.24139E-29  4.43310E-13  4.38797E-13   2.9E-09
  1.255E+02  7.90351E-01  1.20981E-29  4.32031E-13  4.27623E-13   4.2E-09
  1.260E+02  7.93893E-01  1.17892E-29  4.21002E-13  4.16699E-13   4.7E-09
  1.265E+02  7.97411E-01  1.14873E-29  4.10217E-13  4.06016E-13   4.1E-09
  1.270E+02  8.00908E-01  1.11920E-29  3.99672E-13  3.95571E-13   3.6E-09
  1.275E+02  8.04381E-01  1.09032E-29  3.89360E-13  3.85357E-13   3.4E-09
  1.280E+02  8.07831E-01  1.06208E-29  3.79275E-13  3.75368E-13   2.5E-09
  1.285E+02  8.11257E-01  1.03446E-29  3.69413E-13  3.65601E-13   3.3E-09
  1.290E+02  8.14660E-01  1.00745E-29  3.59768E-13  3.56048E-13   4.3E-09
  1.295E+02  8.18039E-01  9.81039E-30  3.50335E-13  3.46707E-13   4.4E-09
  1.300E+02  8.21394E-01  9.55205E-30  3.41110E-13  3.37570E-13   3.6E-09
  1.305E+02  8.24724E-01  9.29939E-30  3.32087E-13  3.28635E-13   3.5E-09
  1.310E+02  8.28030E-01  9.05227E-30  3.23262E-13  3.19896E-13   3.0E-09
  1.315E+02  8.31310E-01  8.81056E-30  3.14631E-13  3.11349E-13   2.1E-09
  1.320E+02  8.34565E-01  8.57415E-30  3.06188E-13  3.02989E-13   3.6E-09
  1.325E+02  8.37795E-01  8.34291E-30  2.97931E-13  2.94812E-13   4.3E-09
  1.330E+02  8.40999E-01  8.11674E-30  2.89854E-13  2.86815E-13   4.1E-09
  1.335E+02  8.44177E-01  7.89551E-30  2.81954E-13  2.78993E-13   3.2E-09
  1.340E+02  8.47329E-01  7.67912E-30  2.74226E-13  2.71341E-13   3.3E-09
  1.345E+02  8.50455E-01  7.46746E-30  2.66668E-13  2.63858E-13   2.6E-09
  1.350E+02  8.53553E-01  7.26043E-30  2.59275E-13  2.56538E-13   2.5E-09
  1.355E+02  8.56625E-01  7.05792E-30  2.52043E-13  2.49379E-13   3.7E-09
  1.360E+02  8.59670E-01  6.85985E-30  2.44970E-13  2.42376E-13   4.2E-09
  1.365E+02  8.62687E-01  6.66611E-30  2.38051E-13  2.35527E-13   3.8E-09
  1.370E+02  8.65677E-01  6.47661E-30  2.31284E-13  2.28828E-13   3.3E-09
  1.375E+02  8.68639E-01  6.29126E-30  2.24665E-13  2.22275E-13   3.1E-09
  1.380E+02  8.71572E-01  6.10997E-30  2.18191E-13  2.15867E-13   2.2E-09
  1.385E+02  8.74478E-01  5.93266E-30  2.11859E-13  2.09599E-13   2.7E-09
  1.390E+02  8.77355E-01  5.75924E-30  2.05666E-13  2.03469E-13   3.8E-09
  1.395E+02  8.80203E-01  5.58964E-30  1.99610E-13  1.97475E-13   4.1E-09
  1.400E+02  8.83022E-01  5.42377E-30  1.93686E-13  1.91612E-13   3.5E-09
  1.405E+02  8.85812E-01  5.26156E-30  1.87894E-13  1.85878E-13   3.3E-09
  1.410E+02  8.88573E-01  5.10294E-30  1.82229E-13  1.80272E-13   2.9E-09
  1.415E+02  8.91304E-01  4.94782E-30  1.76690E-13  1.74790E-13   1.9E-09
  1.420E+02  8.94005E-01  4.79615E-30  1.71273E-13  1.69429E-13   2.9E-09
  1.425E+02  8.96677E-01  4.64784E-30  1.65977E-13  1.64188E-13   3.9E-09
  1.430E+02  8.99318E-01  4.50284E-30  1.60799E-13  1.59063E-13   4.0E-09
  1.435E+02  9.01928E-01  4.36108E-30  1.55737E-13  1.54053E-13   3.3E-09
  1.440E+02  9.04508E-01  4.22250E-30  1.50788E-13  1.49156E-13   3.3E-09
  1.445E+02  9.07058E-01  4.08703E-30  1.45951E-13  1.44369E-13   2.8E-09
  1.450E+02  9.09576E-01  3.95462E-30  1.41222E-13  1.39690E-13   1.7E-09
  1.455E+02  9.12063E-01  3.82520E-30  1.36600E-13  1.35116E-13   3.1E-09
  1.460E+02  9.14519E-01  3.69872E-30  1.32084E-13  1.30647E-13   3.9E-09
  1.465E+02  9.16943E-01  3.57513E-30  1.27670E-13  1.26280E-13   4.0E-09
  1.470E+02  9.19335E-01  3.45436E-30  1.23358E-13  1.22013E-13   3.4E-09
  1.475E+02  9.21696E-01  3.33638E-30  1.19144E-13  1.17844E-13   3.5E-09
  1.480E+02  9.24024E-01  3.22112E-30  1.15028E-13  1.13772E-13   2.8E-09
  1.485E+02  9.26320E-01  3.10854E-30  1.11008E-13  1.09794E-13   1.8E-09
  1.490E+02  9.28584E-01  2.99858E-30  1.07081E-13  1.05909E-13   3.3E-09
  1.495E+02  9.30815E-01  2.89122E-30  1.03247E-13  1.02116E-13   4.1E-09
  1.500E+02  9.33013E-01  2.78638E-30  9.95036E-14  9.84120E-14   4.1E-09
  1.505E+02  9.35178E-01  2.68404E-30  9.58490E-14  9.47964E-14   3.8E-09
  1.510E+02  9.37310E-01  2.58416E-30  9.22819E-14  9.12675E-14   3.8E-09
  1.515E+02  9.39409E-01  2.48667E-30  8.88007E-14  8.78236E-14   3.0E-09
  1.520E+02  9.41474E-01  2.39156E-30  8.54041E-14  8.44635E-14   2.0E-09
  1.525E+02  9.43505E-01  2.29877E-30  8.20905E-14  8.11856E-14   3.6E-09
  1.530E+02  9.45503E-01  2.20827E-30  7.88588E-14  7.79887E-14   4.5E-09
  1.535E+02  9.47467E-01  2.12002E-30  7.57074E-14  7.48713E-14   4.5E-09
  1.540E+02  9.49397E-01  2.03399E-30  7.26351E-14  7.18323E-14   4.5E-09
  1.545E+02  9.51293E-01  1.95014E-30  6.96406E-14  6.88702E-14   4.4E-09
  1.550E+02  9.53154E-01  1.86843E-30  6.67228E-14  6.59840E-14   3.3E-09
  1.555E+02  9.54981E-01  1.78883E-30  6.38803E-14  6.31725E-14   2.2E-09
  1.560E+02  9.56773E-01  1.71131E-30  6.11122E-14  6.04345E-14   4.1E-09
  1.565E+02  9.58530E-01  1.63585E-30  5.84171E-14  5.77688E-14   5.2E-09
  1.570E+02  9.60252E-01  1.56239E-30  5.57941E-14  5.51745E-14   5.3E-09
  1.575E+02  9.61940E-01  1.49093E-30  5.32422E-14  5.26504E-14   5.6E-09
  1.580E+02  9.63592E-01  1.42143E-30  5.07601E-14  5.01955E-14   5.2E-09
  1.585E+02  9.65209E-01  1.35386E-30  4.83471E-14  4.78090E-14   3.6E-09
  1.590E+02  9.66790E-01  1.28819E-30  4.60021E-14  4.54897E-14   2.7E-09
  1.595E+02  9.68336E-01  1.22440E-30  4.37241E-14  4.32368E-14   5.1E-09
  1.600E+02  9.69846E-01  1.16246E-30  4.15123E-14  4.10493E-14   6.5E-09
  1.605E+02  9.71321E-01  1.10236E-30  3.93658E-14  3.89265E-14   6.7E-09
  1.610E+02  9.72759E-01  1.04405E-30  3.72838E-14  3.68674E-14   7.2E-09
  1.615E+02  9.74162E-01  9.87531E-31  3.52654E-14  3.48713E-14   6.4E-09
  1.620E+02  9.75528E-01  9.32769E-31  3.33098E-14  3.29374E-14   4.1E-09
  1.625E+02  9.76858E-01  8.79745E-31  3.14163E-14  3.10648E-14   3.7E-09
  1.630E+02  9.78152E-01  8.28439E-31  2.95841E-14  2.92530E-14   6.8E-09
  1.635E+02  9.79410E-01  7.78829E-31  2.78125E-14  2.75011E-14   8.8E-09
  1.640E+02  9.80631E-01  7.30898E-31  2.61009E-14  2.58084E-14   9.3E-09
  1.645E+02  9.81815E-01  6.84626E-31  2.44484E-14  2.41744E-14   9.8E-09
  1.650E+02  9.82963E-01  6.39996E-31  2.28547E-14  2.25984E-14   8.2E-09
  1.655E+02  9.84074E-01  5.96990E-31  2.13189E-14  2.10797E-14   4.5E-09
  1.660E+02  9.85148E-01  5.55592E-31  1.98405E-14  1.96178E-14   5.8E-09
  1.665E+02  9.86185E-01  5.15784E-31  1.84190E-14  1.82122E-14   1.0E-08
  1.670E+02  9.87185E-01  4.77553E-31  1.70537E-14  1.68622E-14   1.3E-08
  1.675E+02  9.88148E-01  4.40885E-31  1.57443E-14  1.55674E-14   1.4E-08
  1.680E+02  9.89074E-01  4.05763E-31  1.44901E-14  1.43272E-14   1.4E-08
  1.685E+02  9.89962E-01  3.72176E-31  1.32906E-14  1.31412E-14   1.1E-08
  1.690E+02  9.90814E-01  3.40110E-31  1.21456E-14  1.20090E-14   4.7E-09
  1.695E+02  9.91627E-01  3.09553E-31  1.10543E-14  1.09300E-14   1.0E-08
  1.700E+02  9.92404E-01  2.80494E-31  1.00166E-14  9.90392E-15   1.7E-08
  1.705E+02  9.93143E-01  2.52921E-31  9.03197E-15  8.93033E-15   2.1E-08
  1.710E+02  9.93844E-01  2.26824E-31  8.10002E-15  8.00886E-15   2.4E-08
  1.715E+02  9.94508E-01  2.02193E-31  7.22043E-15  7.13916E-15   2.3E-08
  1.720E+02  9.95134E-01  1.79018E-31  6.39286E-15  6.32090E-15   1.6E-08
  1.725E+02  9.95722E-01  1.57292E-31  5.61700E-15  5.55378E-15   7.4E-09
  1.730E+02  9.96273E-01  1.37005E-31  4.89254E-15  4.83749E-15   2.2E-08
  1.735E+02  9.96786E-01  1.18151E-31  4.21923E-15  4.17176E-15   3.6E-08
  1.740E+02  9.97261E-01  1.00721E-31  3.59681E-15  3.55636E-15   4.3E-08
  1.745E+02  9.97698E-01  8.47096E-32  3.02503E-15  2.99103E-15   5.0E-08
  1.750E+02  9.98097E-01  7.01106E-32  2.50370E-15  2.47558E-15   4.8E-08
  1.755E+02  9.98459E-01  5.69185E-32  2.03260E-15  2.00980E-15   3.3E-08
  1.760E+02  9.98782E-01  4.51285E-32  1.61157E-15  1.59352E-15   3.2E-08
  1.765E+02  9.99067E-01  3.47359E-32  1.24044E-15  1.22658E-15   7.7E-08
  1.770E+02  9.99315E-01  2.57366E-32  9.19072E-16  9.08845E-16   1.2E-07
  1.775E+02  9.99524E-01  1.81277E-32  6.47350E-16  6.40194E-16   1.6E-07
  1.780E+02  9.99695E-01  1.19059E-32  4.25168E-16  4.20527E-16   2.3E-07
  1.785E+02  9.99829E-01  7.06941E-33  2.52453E-16  2.49760E-16   3.2E-07
  1.790E+02  9.99924E-01  3.61591E-33  1.29126E-16  1.27830E-16   4.6E-07
  1.795E+02  9.99981E-01  1.54445E-33  5.51533E-17  5.46899E-17   1.4E-06
  1.800E+02  1.00000E+00  8.53823E-34  3.04906E-17  3.03130E-17   1.0E-05
