

  **** Partial wave analysis (DPWA0) ******************************************


  Kinetic energy = 1.00000E+08 eV

  Only inner phase shifts are tabulated

      L       Phase(spin UP)     Phase(spin DOWN)
  -----------------------------------------------
       0     -1.92119184E-02      0.00000000E+00
       1     -1.98751602E-03     -1.90599908E-02
       2     -1.76756893E-04     -1.97100165E-03
       3     -1.39942340E-05     -1.75246945E-04
       4     -1.04028440E-06     -1.38731037E-05
       5     -7.50277914E-08     -1.03122342E-06
       6     -5.33512317E-09     -7.43710335E-08
       7     -3.76597718E-10     -5.28740355E-09
       8     -2.64499020E-11     -3.72850352E-10


  *** Scattering amplitudes and differential cross section ***

    Angle      DCS       Asymmetry    Direct amplitude       Spin-flip amplitude     error
    (deg)   (cm**2/sr)                      (cm)                    (cm)
  -------------------------------------------------------------------------------------------
  0.000E+00 1.00000E-45  0.000E+00 ( 0.000E+00, 0.000E+00) ( 0.000E+00, 0.000E+00)  1.00E+00
  1.000E-04 1.00000E-45  0.000E+00 ( 0.000E+00, 0.000E+00) ( 0.000E+00, 0.000E+00)  1.00E+00
  1.250E-04 1.00000E-45  0.000E+00 ( 0.000E+00, 0.000E+00) ( 0.000E+00, 0.000E+00)  1.00E+00
  1.500E-04 1.00000E-45  0.000E+00 ( 0.000E+00, 0.000E+00) ( 0.000E+00, 0.000E+00)  1.00E+00
  1.750E-04 1.00000E-45  0.000E+00 ( 0.000E+00, 0.000E+00) ( 0.000E+00, 0.000E+00)  1.00E+00
  2.000E-04 1.00000E-45  0.000E+00 ( 0.000E+00, 0.000E+00) ( 0.000E+00, 0.000E+00)  1.00E+00
  2.250E-04 1.00000E-45  0.000E+00 ( 0.000E+00, 0.000E+00) ( 0.000E+00, 0.000E+00)  1.00E+00
  2.500E-04 1.00000E-45  0.000E+00 ( 0.000E+00, 0.000E+00) ( 0.000E+00, 0.000E+00)  1.00E+00
  2.750E-04 1.00000E-45  0.000E+00 ( 0.000E+00, 0.000E+00) ( 0.000E+00, 0.000E+00)  1.00E+00
  3.000E-04 1.00000E-45  0.000E+00 ( 0.000E+00, 0.000E+00) ( 0.000E+00, 0.000E+00)  1.00E+00
  3.250E-04 1.00000E-45  0.000E+00 ( 0.000E+00, 0.000E+00) ( 0.000E+00, 0.000E+00)  1.00E+00
  3.500E-04 1.00000E-45  0.000E+00 ( 0.000E+00, 0.000E+00) ( 0.000E+00, 0.000E+00)  1.00E+00
  3.750E-04 1.00000E-45  0.000E+00 ( 0.000E+00, 0.000E+00) ( 0.000E+00, 0.000E+00)  1.00E+00
  4.000E-04 1.00000E-45  0.000E+00 ( 0.000E+00, 0.000E+00) ( 0.000E+00, 0.000E+00)  1.00E+00
  4.250E-04 1.00000E-45  0.000E+00 ( 0.000E+00, 0.000E+00) ( 0.000E+00, 0.000E+00)  1.00E+00
  4.500E-04 1.00000E-45  0.000E+00 ( 0.000E+00, 0.000E+00) ( 0.000E+00, 0.000E+00)  1.00E+00
  4.750E-04 1.00000E-45  0.000E+00 ( 0.000E+00, 0.000E+00) ( 0.000E+00, 0.000E+00)  1.00E+00
  5.000E-04 1.00000E-45  0.000E+00 ( 0.000E+00, 0.000E+00) ( 0.000E+00, 0.000E+00)  1.00E+00
  5.250E-04 1.00000E-45  0.000E+00 ( 0.000E+00, 0.000E+00) ( 0.000E+00, 0.000E+00)  1.00E+00
  5.500E-04 1.00000E-45  0.000E+00 ( 0.000E+00, 0.000E+00) ( 0.000E+00, 0.000E+00)  1.00E+00
  5.750E-04 1.00000E-45  0.000E+00 ( 0.000E+00, 0.000E+00) ( 0.000E+00, 0.000E+00)  1.00E+00
  6.000E-04 1.00000E-45  0.000E+00 ( 0.000E+00, 0.000E+00) ( 0.000E+00, 0.000E+00)  1.00E+00
  6.250E-04 1.00000E-45  0.000E+00 ( 0.000E+00, 0.000E+00) ( 0.000E+00, 0.000E+00)  1.00E+00
  6.500E-04 1.00000E-45  0.000E+00 ( 0.000E+00, 0.000E+00) ( 0.000E+00, 0.000E+00)  1.00E+00
  6.750E-04 1.00000E-45  0.000E+00 ( 0.000E+00, 0.000E+00) ( 0.000E+00, 0.000E+00)  1.00E+00
  7.000E-04 1.00000E-45  0.000E+00 ( 0.000E+00, 0.000E+00) ( 0.000E+00, 0.000E+00)  1.00E+00
  7.250E-04 1.00000E-45  0.000E+00 ( 0.000E+00, 0.000E+00) ( 0.000E+00, 0.000E+00)  1.00E+00
  7.500E-04 1.00000E-45  0.000E+00 ( 0.000E+00, 0.000E+00) ( 0.000E+00, 0.000E+00)  1.00E+00
  7.750E-04 1.00000E-45  0.000E+00 ( 0.000E+00, 0.000E+00) ( 0.000E+00, 0.000E+00)  1.00E+00
  8.000E-04 1.00000E-45  0.000E+00 ( 0.000E+00, 0.000E+00) ( 0.000E+00, 0.000E+00)  1.00E+00
  8.250E-04 1.00000E-45  0.000E+00 ( 0.000E+00, 0.000E+00) ( 0.000E+00, 0.000E+00)  1.00E+00
  8.500E-04 1.00000E-45  0.000E+00 ( 0.000E+00, 0.000E+00) ( 0.000E+00, 0.000E+00)  1.00E+00
  8.750E-04 1.00000E-45  0.000E+00 ( 0.000E+00, 0.000E+00) ( 0.000E+00, 0.000E+00)  1.00E+00
  9.000E-04 1.00000E-45  0.000E+00 ( 0.000E+00, 0.000E+00) ( 0.000E+00, 0.000E+00)  1.00E+00
  9.250E-04 1.00000E-45  0.000E+00 ( 0.000E+00, 0.000E+00) ( 0.000E+00, 0.000E+00)  1.00E+00
  9.500E-04 1.00000E-45  0.000E+00 ( 0.000E+00, 0.000E+00) ( 0.000E+00, 0.000E+00)  1.00E+00
  9.750E-04 1.00000E-45  0.000E+00 ( 0.000E+00, 0.000E+00) ( 0.000E+00, 0.000E+00)  1.00E+00
  1.000E-03 1.00000E-45  0.000E+00 ( 0.000E+00, 0.000E+00) ( 0.000E+00, 0.000E+00)  1.00E+00
  1.250E-03 1.00000E-45  0.000E+00 ( 0.000E+00, 0.000E+00) ( 0.000E+00, 0.000E+00)  1.00E+00
  1.500E-03 1.00000E-45  0.000E+00 ( 0.000E+00, 0.000E+00) ( 0.000E+00, 0.000E+00)  1.00E+00
  1.750E-03 1.00000E-45  0.000E+00 ( 0.000E+00, 0.000E+00) ( 0.000E+00, 0.000E+00)  1.00E+00
  2.000E-03 1.00000E-45  0.000E+00 ( 0.000E+00, 0.000E+00) ( 0.000E+00, 0.000E+00)  1.00E+00
  2.250E-03 1.00000E-45  0.000E+00 ( 0.000E+00, 0.000E+00) ( 0.000E+00, 0.000E+00)  1.00E+00
  2.500E-03 1.00000E-45  0.000E+00 ( 0.000E+00, 0.000E+00) ( 0.000E+00, 0.000E+00)  1.00E+00
  2.750E-03 1.00000E-45  0.000E+00 ( 0.000E+00, 0.000E+00) ( 0.000E+00, 0.000E+00)  1.00E+00
  3.000E-03 1.00000E-45  0.000E+00 ( 0.000E+00, 0.000E+00) ( 0.000E+00, 0.000E+00)  1.00E+00
  3.250E-03 1.00000E-45  0.000E+00 ( 0.000E+00, 0.000E+00) ( 0.000E+00, 0.000E+00)  1.00E+00
  3.500E-03 1.00000E-45  0.000E+00 ( 0.000E+00, 0.000E+00) ( 0.000E+00, 0.000E+00)  1.00E+00
  3.750E-03 1.00000E-45  0.000E+00 ( 0.000E+00, 0.000E+00) ( 0.000E+00, 0.000E+00)  1.00E+00
  4.000E-03 1.00000E-45  0.000E+00 ( 0.000E+00, 0.000E+00) ( 0.000E+00, 0.000E+00)  1.00E+00
  4.250E-03 1.00000E-45  0.000E+00 ( 0.000E+00, 0.000E+00) ( 0.000E+00, 0.000E+00)  1.00E+00
  4.500E-03 1.00000E-45  0.000E+00 ( 0.000E+00, 0.000E+00) ( 0.000E+00, 0.000E+00)  1.00E+00
  4.750E-03 1.00000E-45  0.000E+00 ( 0.000E+00, 0.000E+00) ( 0.000E+00, 0.000E+00)  1.00E+00
  5.000E-03 1.00000E-45  0.000E+00 ( 0.000E+00, 0.000E+00) ( 0.000E+00, 0.000E+00)  1.00E+00
  5.250E-03 1.00000E-45  0.000E+00 ( 0.000E+00, 0.000E+00) ( 0.000E+00, 0.000E+00)  1.00E+00
  5.500E-03 1.00000E-45  0.000E+00 ( 0.000E+00, 0.000E+00) ( 0.000E+00, 0.000E+00)  1.00E+00
  5.750E-03 1.00000E-45  0.000E+00 ( 0.000E+00, 0.000E+00) ( 0.000E+00, 0.000E+00)  1.00E+00
  6.000E-03 1.00000E-45  0.000E+00 ( 0.000E+00, 0.000E+00) ( 0.000E+00, 0.000E+00)  1.00E+00
  6.250E-03 1.00000E-45  0.000E+00 ( 0.000E+00, 0.000E+00) ( 0.000E+00, 0.000E+00)  1.00E+00
  6.500E-03 1.00000E-45  0.000E+00 ( 0.000E+00, 0.000E+00) ( 0.000E+00, 0.000E+00)  1.00E+00
  6.750E-03 1.00000E-45  0.000E+00 ( 0.000E+00, 0.000E+00) ( 0.000E+00, 0.000E+00)  1.00E+00
  7.000E-03 1.00000E-45  0.000E+00 ( 0.000E+00, 0.000E+00) ( 0.000E+00, 0.000E+00)  1.00E+00
  7.250E-03 1.00000E-45  0.000E+00 ( 0.000E+00, 0.000E+00) ( 0.000E+00, 0.000E+00)  1.00E+00
  7.500E-03 1.00000E-45  0.000E+00 ( 0.000E+00, 0.000E+00) ( 0.000E+00, 0.000E+00)  1.00E+00
  7.750E-03 1.00000E-45  0.000E+00 ( 0.000E+00, 0.000E+00) ( 0.000E+00, 0.000E+00)  1.00E+00
  8.000E-03 1.00000E-45  0.000E+00 ( 0.000E+00, 0.000E+00) ( 0.000E+00, 0.000E+00)  1.00E+00
  8.250E-03 1.00000E-45  0.000E+00 ( 0.000E+00, 0.000E+00) ( 0.000E+00, 0.000E+00)  1.00E+00
  8.500E-03 1.00000E-45  0.000E+00 ( 0.000E+00, 0.000E+00) ( 0.000E+00, 0.000E+00)  1.00E+00
  8.750E-03 1.00000E-45  0.000E+00 ( 0.000E+00, 0.000E+00) ( 0.000E+00, 0.000E+00)  1.00E+00
  9.000E-03 1.00000E-45  0.000E+00 ( 0.000E+00, 0.000E+00) ( 0.000E+00, 0.000E+00)  1.00E+00
  9.250E-03 1.00000E-45  0.000E+00 ( 0.000E+00, 0.000E+00) ( 0.000E+00, 0.000E+00)  1.00E+00
  9.500E-03 1.00000E-45  0.000E+00 ( 0.000E+00, 0.000E+00) ( 0.000E+00, 0.000E+00)  1.00E+00
  9.750E-03 1.00000E-45  0.000E+00 ( 0.000E+00, 0.000E+00) ( 0.000E+00, 0.000E+00)  1.00E+00
  1.000E-02 1.00000E-45  0.000E+00 ( 0.000E+00, 0.000E+00) ( 0.000E+00, 0.000E+00)  1.00E+00
  1.250E-02 1.00000E-45  0.000E+00 ( 0.000E+00, 0.000E+00) ( 0.000E+00, 0.000E+00)  1.00E+00
  1.500E-02 1.00000E-45  0.000E+00 ( 0.000E+00, 0.000E+00) ( 0.000E+00, 0.000E+00)  1.00E+00
  1.750E-02 1.00000E-45  0.000E+00 ( 0.000E+00, 0.000E+00) ( 0.000E+00, 0.000E+00)  1.00E+00
  2.000E-02 1.00000E-45  0.000E+00 ( 0.000E+00, 0.000E+00) ( 0.000E+00, 0.000E+00)  1.00E+00
  2.250E-02 1.00000E-45  0.000E+00 ( 0.000E+00, 0.000E+00) ( 0.000E+00, 0.000E+00)  1.00E+00
  2.500E-02 1.00000E-45  0.000E+00 ( 0.000E+00, 0.000E+00) ( 0.000E+00, 0.000E+00)  1.00E+00
  2.750E-02 1.00000E-45  0.000E+00 ( 0.000E+00, 0.000E+00) ( 0.000E+00, 0.000E+00)  1.00E+00
  3.000E-02 1.00000E-45  0.000E+00 ( 0.000E+00, 0.000E+00) ( 0.000E+00, 0.000E+00)  1.00E+00
  3.250E-02 1.00000E-45  0.000E+00 ( 0.000E+00, 0.000E+00) ( 0.000E+00, 0.000E+00)  1.00E+00
  3.500E-02 1.00000E-45  0.000E+00 ( 0.000E+00, 0.000E+00) ( 0.000E+00, 0.000E+00)  1.00E+00
  3.750E-02 1.00000E-45  0.000E+00 ( 0.000E+00, 0.000E+00) ( 0.000E+00, 0.000E+00)  1.00E+00
  4.000E-02 1.00000E-45  0.000E+00 ( 0.000E+00, 0.000E+00) ( 0.000E+00, 0.000E+00)  1.00E+00
  4.250E-02 1.00000E-45  0.000E+00 ( 0.000E+00, 0.000E+00) ( 0.000E+00, 0.000E+00)  1.00E+00
  4.500E-02 1.00000E-45  0.000E+00 ( 0.000E+00, 0.000E+00) ( 0.000E+00, 0.000E+00)  1.00E+00
  4.750E-02 1.00000E-45  0.000E+00 ( 0.000E+00, 0.000E+00) ( 0.000E+00, 0.000E+00)  1.00E+00
  5.000E-02 1.00000E-45  0.000E+00 ( 0.000E+00, 0.000E+00) ( 0.000E+00, 0.000E+00)  1.00E+00
  5.250E-02 1.00000E-45  0.000E+00 ( 0.000E+00, 0.000E+00) ( 0.000E+00, 0.000E+00)  1.00E+00
  5.500E-02 1.00000E-45  0.000E+00 ( 0.000E+00, 0.000E+00) ( 0.000E+00, 0.000E+00)  1.00E+00
  5.750E-02 1.00000E-45  0.000E+00 ( 0.000E+00, 0.000E+00) ( 0.000E+00, 0.000E+00)  1.00E+00
  6.000E-02 1.00000E-45  0.000E+00 ( 0.000E+00, 0.000E+00) ( 0.000E+00, 0.000E+00)  1.00E+00
  6.250E-02 1.00000E-45  0.000E+00 ( 0.000E+00, 0.000E+00) ( 0.000E+00, 0.000E+00)  1.00E+00
  6.500E-02 1.00000E-45  0.000E+00 ( 0.000E+00, 0.000E+00) ( 0.000E+00, 0.000E+00)  1.00E+00
  6.750E-02 1.00000E-45  0.000E+00 ( 0.000E+00, 0.000E+00) ( 0.000E+00, 0.000E+00)  1.00E+00
  7.000E-02 1.00000E-45  0.000E+00 ( 0.000E+00, 0.000E+00) ( 0.000E+00, 0.000E+00)  1.00E+00
  7.250E-02 1.00000E-45  0.000E+00 ( 0.000E+00, 0.000E+00) ( 0.000E+00, 0.000E+00)  1.00E+00
  7.500E-02 1.00000E-45  0.000E+00 ( 0.000E+00, 0.000E+00) ( 0.000E+00, 0.000E+00)  1.00E+00
  7.750E-02 1.00000E-45  0.000E+00 ( 0.000E+00, 0.000E+00) ( 0.000E+00, 0.000E+00)  1.00E+00
  8.000E-02 1.00000E-45  0.000E+00 ( 0.000E+00, 0.000E+00) ( 0.000E+00, 0.000E+00)  1.00E+00
  8.250E-02 1.00000E-45  0.000E+00 ( 0.000E+00, 0.000E+00) ( 0.000E+00, 0.000E+00)  1.00E+00
  8.500E-02 1.00000E-45  0.000E+00 ( 0.000E+00, 0.000E+00) ( 0.000E+00, 0.000E+00)  1.00E+00
  8.750E-02 1.00000E-45  0.000E+00 ( 0.000E+00, 0.000E+00) ( 0.000E+00, 0.000E+00)  1.00E+00
  9.000E-02 1.00000E-45  0.000E+00 ( 0.000E+00, 0.000E+00) ( 0.000E+00, 0.000E+00)  1.00E+00
  9.250E-02 1.00000E-45  0.000E+00 ( 0.000E+00, 0.000E+00) ( 0.000E+00, 0.000E+00)  1.00E+00
  9.500E-02 1.00000E-45  0.000E+00 ( 0.000E+00, 0.000E+00) ( 0.000E+00, 0.000E+00)  1.00E+00
  9.750E-02 1.00000E-45  0.000E+00 ( 0.000E+00, 0.000E+00) ( 0.000E+00, 0.000E+00)  1.00E+00
  1.000E-01 1.00000E-45  0.000E+00 ( 0.000E+00, 0.000E+00) ( 0.000E+00, 0.000E+00)  1.00E+00
  1.250E-01 1.00000E-45  0.000E+00 ( 0.000E+00, 0.000E+00) ( 0.000E+00, 0.000E+00)  1.00E+00
  1.500E-01 1.00000E-45  0.000E+00 ( 0.000E+00, 0.000E+00) ( 0.000E+00, 0.000E+00)  1.00E+00
  1.750E-01 1.00000E-45  0.000E+00 ( 0.000E+00, 0.000E+00) ( 0.000E+00, 0.000E+00)  1.00E+00
  2.000E-01 1.00000E-45  0.000E+00 ( 0.000E+00, 0.000E+00) ( 0.000E+00, 0.000E+00)  1.00E+00
  2.250E-01 1.00000E-45  0.000E+00 ( 0.000E+00, 0.000E+00) ( 0.000E+00, 0.000E+00)  1.00E+00
  2.500E-01 1.00000E-45  0.000E+00 ( 0.000E+00, 0.000E+00) ( 0.000E+00, 0.000E+00)  1.00E+00
  2.750E-01 1.00000E-45  0.000E+00 ( 0.000E+00, 0.000E+00) ( 0.000E+00, 0.000E+00)  1.00E+00
  3.000E-01 1.00000E-45  0.000E+00 ( 0.000E+00, 0.000E+00) ( 0.000E+00, 0.000E+00)  1.00E+00
  3.250E-01 1.00000E-45  0.000E+00 ( 0.000E+00, 0.000E+00) ( 0.000E+00, 0.000E+00)  1.00E+00
  3.500E-01 1.00000E-45  0.000E+00 ( 0.000E+00, 0.000E+00) ( 0.000E+00, 0.000E+00)  1.00E+00
  3.750E-01 1.00000E-45  0.000E+00 ( 0.000E+00, 0.000E+00) ( 0.000E+00, 0.000E+00)  1.00E+00
  4.000E-01 1.00000E-45  0.000E+00 ( 0.000E+00, 0.000E+00) ( 0.000E+00, 0.000E+00)  1.00E+00
  4.250E-01 1.00000E-45  0.000E+00 ( 0.000E+00, 0.000E+00) ( 0.000E+00, 0.000E+00)  1.00E+00
  4.500E-01 1.00000E-45  0.000E+00 ( 0.000E+00, 0.000E+00) ( 0.000E+00, 0.000E+00)  1.00E+00
  4.750E-01 1.00000E-45  0.000E+00 ( 0.000E+00, 0.000E+00) ( 0.000E+00, 0.000E+00)  1.00E+00
  5.000E-01 9.06919E-20 -1.769E-05 ( 2.540E-10,-1.618E-10) ( 1.109E-12,-7.097E-13)  5.22E-04
  5.250E-01 7.46131E-20  2.603E-05 ( 2.312E-10,-1.455E-10) ( 1.046E-12,-6.537E-13)  4.58E-04
  5.500E-01 6.19404E-20  5.196E-05 ( 2.114E-10,-1.314E-10) ( 9.948E-13,-6.107E-13)  2.37E-04
  5.750E-01 5.18461E-20  5.367E-05 ( 1.940E-10,-1.192E-10) ( 9.550E-13,-5.795E-13)  3.11E-05
  6.000E-01 4.37277E-20  3.469E-05 ( 1.787E-10,-1.086E-10) ( 9.231E-13,-5.565E-13)  2.33E-04
  6.250E-01 3.71398E-20  5.580E-06 ( 1.652E-10,-9.927E-11) ( 8.952E-13,-5.374E-13)  3.09E-04
  6.500E-01 3.17490E-20 -2.109E-05 ( 1.531E-10,-9.109E-11) ( 8.682E-13,-5.186E-13)  2.55E-04
  6.750E-01 2.73029E-20 -3.562E-05 ( 1.424E-10,-8.385E-11) ( 8.406E-13,-4.984E-13)  1.15E-04
  7.000E-01 2.36089E-20 -3.434E-05 ( 1.327E-10,-7.741E-11) ( 8.121E-13,-4.767E-13)  4.78E-05
  7.250E-01 2.05188E-20 -2.003E-05 ( 1.240E-10,-7.166E-11) ( 7.837E-13,-4.544E-13)  1.64E-04
  7.500E-01 1.79176E-20  0.000E+00 ( 1.162E-10,-6.650E-11) ( 7.564E-13,-4.330E-13)  1.99E-04
  7.750E-01 1.57153E-20  1.738E-05 ( 1.090E-10,-6.186E-11) ( 7.315E-13,-4.138E-13)  1.53E-04
  8.000E-01 1.38409E-20  2.574E-05 ( 1.025E-10,-5.767E-11) ( 7.092E-13,-3.972E-13)  5.63E-05
  8.250E-01 1.22377E-20  2.307E-05 ( 9.661E-11,-5.388E-11) ( 6.895E-13,-3.831E-13)  5.03E-05
  8.500E-01 1.08602E-20  1.176E-05 ( 9.119E-11,-5.044E-11) ( 6.718E-13,-3.709E-13)  1.21E-04
  8.750E-01 9.67147E-21  0.000E+00 ( 8.621E-11,-4.731E-11) ( 6.552E-13,-3.597E-13)  1.35E-04
  9.000E-01 8.64121E-21 -1.450E-05 ( 8.164E-11,-4.445E-11) ( 6.392E-13,-3.488E-13)  9.64E-05
  9.250E-01 7.74468E-21 -1.924E-05 ( 7.742E-11,-4.184E-11) ( 6.234E-13,-3.378E-13)  2.55E-05
  9.500E-01 6.96148E-21 -1.594E-05 ( 7.352E-11,-3.944E-11) ( 6.077E-13,-3.267E-13)  4.78E-05
  9.750E-01 6.27477E-21  0.000E+00 ( 6.992E-11,-3.723E-11) ( 5.924E-13,-3.157E-13)  9.20E-05
  1.000E+00 5.67060E-21  0.000E+00 ( 6.657E-11,-3.519E-11) ( 5.777E-13,-3.052E-13)  9.55E-05
  1.100E+00 3.87322E-21  0.000E+00 ( 5.534E-11,-2.847E-11) ( 5.283E-13,-2.717E-13)  7.18E-05
  1.200E+00 2.73516E-21  0.000E+00 ( 4.674E-11,-2.345E-11) ( 4.874E-13,-2.448E-13)  3.92E-05
  1.300E+00 1.98594E-21  0.000E+00 ( 4.001E-11,-1.961E-11) ( 4.513E-13,-2.210E-13)  8.15E-06
  1.400E+00 1.47661E-21  0.000E+00 ( 3.465E-11,-1.661E-11) ( 4.214E-13,-2.022E-13)  1.59E-05
  1.500E+00 1.12061E-21  0.000E+00 ( 3.030E-11,-1.423E-11) ( 3.945E-13,-1.852E-13)  2.80E-05
  1.600E+00 8.65694E-22  0.000E+00 ( 2.672E-11,-1.230E-11) ( 3.713E-13,-1.710E-13)  2.97E-05
  1.700E+00 6.79344E-22  0.000E+00 ( 2.375E-11,-1.073E-11) ( 3.506E-13,-1.584E-13)  2.37E-05
  1.800E+00 5.40527E-22  0.000E+00 ( 2.125E-11,-9.431E-12) ( 3.320E-13,-1.473E-13)  1.35E-05
  1.900E+00 4.35435E-22  0.000E+00 ( 1.912E-11,-8.344E-12) ( 3.156E-13,-1.377E-13)  2.33E-06
  2.000E+00 3.54685E-22  0.000E+00 ( 1.730E-11,-7.427E-12) ( 3.005E-13,-1.289E-13)  7.30E-06
  2.100E+00 2.91813E-22  0.000E+00 ( 1.573E-11,-6.647E-12) ( 2.869E-13,-1.212E-13)  1.25E-05
  2.200E+00 2.42279E-22  0.000E+00 ( 1.437E-11,-5.979E-12) ( 2.745E-13,-1.142E-13)  1.34E-05
  2.300E+00 2.02818E-22  0.000E+00 ( 1.317E-11,-5.402E-12) ( 2.631E-13,-1.079E-13)  1.09E-05
  2.400E+00 1.71077E-22  0.000E+00 ( 1.212E-11,-4.902E-12) ( 2.527E-13,-1.022E-13)  6.17E-06
  2.500E+00 1.45307E-22  0.000E+00 ( 1.119E-11,-4.464E-12) ( 2.430E-13,-9.689E-14)  7.49E-07
  2.600E+00 1.24212E-22  0.000E+00 ( 1.037E-11,-4.080E-12) ( 2.341E-13,-9.213E-14)  4.20E-06
  2.700E+00 1.06810E-22  0.000E+00 ( 9.631E-12,-3.741E-12) ( 2.258E-13,-8.771E-14)  6.88E-06
  2.800E+00 9.23501E-23  0.000E+00 ( 8.970E-12,-3.441E-12) ( 2.181E-13,-8.366E-14)  7.34E-06
  2.900E+00 8.02570E-23  0.000E+00 ( 8.375E-12,-3.173E-12) ( 2.109E-13,-7.992E-14)  5.97E-06
  3.000E+00 7.00791E-23  0.000E+00 ( 7.837E-12,-2.934E-12) ( 2.042E-13,-7.644E-14)  3.30E-06
  3.100E+00 6.14646E-23  0.000E+00 ( 7.350E-12,-2.720E-12) ( 1.979E-13,-7.324E-14)  1.89E-07
  3.200E+00 5.41337E-23  0.000E+00 ( 6.907E-12,-2.527E-12) ( 1.919E-13,-7.023E-14)  2.73E-06
  3.300E+00 4.78635E-23  0.000E+00 ( 6.503E-12,-2.353E-12) ( 1.864E-13,-6.744E-14)  4.28E-06
  3.400E+00 4.24753E-23  0.000E+00 ( 6.133E-12,-2.195E-12) ( 1.811E-13,-6.482E-14)  4.50E-06
  3.500E+00 3.78240E-23  0.000E+00 ( 5.795E-12,-2.052E-12) ( 1.761E-13,-6.238E-14)  3.63E-06
  3.600E+00 3.37922E-23  0.000E+00 ( 5.483E-12,-1.922E-12) ( 1.714E-13,-6.009E-14)  1.94E-06
  3.700E+00 3.02832E-23  0.000E+00 ( 5.196E-12,-1.803E-12) ( 1.670E-13,-5.793E-14)  2.48E-07
  3.800E+00 2.72180E-23  0.000E+00 ( 4.932E-12,-1.694E-12) ( 1.628E-13,-5.590E-14)  1.92E-06
  3.900E+00 2.45308E-23  0.000E+00 ( 4.686E-12,-1.594E-12) ( 1.587E-13,-5.399E-14)  2.88E-06
  4.000E+00 2.21669E-23  0.000E+00 ( 4.459E-12,-1.502E-12) ( 1.549E-13,-5.218E-14)  2.98E-06
  4.100E+00 2.00809E-23  0.000E+00 ( 4.248E-12,-1.417E-12) ( 1.513E-13,-5.048E-14)  2.37E-06
  4.200E+00 1.82345E-23  0.000E+00 ( 4.052E-12,-1.339E-12) ( 1.478E-13,-4.886E-14)  1.21E-06
  4.300E+00 1.65953E-23  0.000E+00 ( 3.869E-12,-1.267E-12) ( 1.445E-13,-4.733E-14)  3.01E-07
  4.400E+00 1.51361E-23  0.000E+00 ( 3.698E-12,-1.200E-12) ( 1.413E-13,-4.587E-14)  1.43E-06
  4.500E+00 1.38337E-23  0.000E+00 ( 3.538E-12,-1.138E-12) ( 1.383E-13,-4.449E-14)  2.05E-06
  4.600E+00 1.26684E-23  0.000E+00 ( 3.388E-12,-1.081E-12) ( 1.354E-13,-4.318E-14)  2.09E-06
  4.700E+00 1.16230E-23  0.000E+00 ( 3.248E-12,-1.027E-12) ( 1.326E-13,-4.193E-14)  1.63E-06
  4.800E+00 1.06832E-23  0.000E+00 ( 3.116E-12,-9.769E-13) ( 1.299E-13,-4.074E-14)  7.88E-07
  4.900E+00 9.83644E-24  0.000E+00 ( 2.992E-12,-9.303E-13) ( 1.274E-13,-3.960E-14)  3.10E-07
  5.000E+00 9.07181E-24  0.000E+00 ( 2.876E-12,-8.867E-13) ( 1.249E-13,-3.852E-14)  1.10E-06
  5.100E+00 8.37999E-24  0.000E+00 ( 2.766E-12,-8.458E-13) ( 1.225E-13,-3.748E-14)  1.53E-06
  5.200E+00 7.75278E-24  0.000E+00 ( 2.662E-12,-8.076E-13) ( 1.203E-13,-3.649E-14)  1.52E-06
  5.300E+00 7.18311E-24  0.000E+00 ( 2.564E-12,-7.717E-13) ( 1.181E-13,-3.554E-14)  1.16E-06
  5.400E+00 6.66473E-24  0.000E+00 ( 2.471E-12,-7.380E-13) ( 1.159E-13,-3.463E-14)  5.28E-07
  5.500E+00 6.19223E-24  0.000E+00 ( 2.383E-12,-7.063E-13) ( 1.139E-13,-3.375E-14)  3.00E-07
  5.600E+00 5.76080E-24  0.000E+00 ( 2.300E-12,-6.764E-13) ( 1.119E-13,-3.292E-14)  8.76E-07
  5.700E+00 5.36625E-24  0.000E+00 ( 2.221E-12,-6.483E-13) ( 1.100E-13,-3.211E-14)  1.17E-06
  5.800E+00 5.00485E-24  0.000E+00 ( 2.146E-12,-6.218E-13) ( 1.082E-13,-3.134E-14)  1.14E-06
  5.900E+00 4.67331E-24  0.000E+00 ( 2.075E-12,-5.968E-13) ( 1.064E-13,-3.060E-14)  8.52E-07
  6.000E+00 4.36873E-24  0.000E+00 ( 2.007E-12,-5.731E-13) ( 1.047E-13,-2.988E-14)  3.60E-07
  6.100E+00 4.08852E-24  0.000E+00 ( 1.943E-12,-5.507E-13) ( 1.030E-13,-2.919E-14)  2.83E-07
  6.200E+00 3.83038E-24  0.000E+00 ( 1.881E-12,-5.295E-13) ( 1.014E-13,-2.853E-14)  7.11E-07
  6.300E+00 3.59225E-24  0.000E+00 ( 1.823E-12,-5.094E-13) ( 9.980E-14,-2.789E-14)  9.16E-07
  6.400E+00 3.37231E-24  0.000E+00 ( 1.767E-12,-4.904E-13) ( 9.828E-14,-2.728E-14)  8.80E-07
  6.500E+00 3.16891E-24  0.000E+00 ( 1.713E-12,-4.723E-13) ( 9.680E-14,-2.668E-14)  6.39E-07
  6.600E+00 2.98058E-24  0.000E+00 ( 1.662E-12,-4.551E-13) ( 9.537E-14,-2.611E-14)  2.47E-07
  6.700E+00 2.80600E-24  0.000E+00 ( 1.614E-12,-4.388E-13) ( 9.398E-14,-2.555E-14)  2.63E-07
  6.800E+00 2.64399E-24  0.000E+00 ( 1.567E-12,-4.233E-13) ( 9.263E-14,-2.502E-14)  5.88E-07
  6.900E+00 2.49347E-24  0.000E+00 ( 1.522E-12,-4.085E-13) ( 9.131E-14,-2.450E-14)  7.33E-07
  7.000E+00 2.35349E-24  0.000E+00 ( 1.480E-12,-3.944E-13) ( 9.004E-14,-2.400E-14)  6.91E-07
  7.100E+00 2.22317E-24  0.000E+00 ( 1.439E-12,-3.810E-13) ( 8.880E-14,-2.351E-14)  4.88E-07
  7.200E+00 2.10172E-24  0.000E+00 ( 1.399E-12,-3.682E-13) ( 8.759E-14,-2.305E-14)  1.69E-07
  7.300E+00 1.98842E-24  0.000E+00 ( 1.362E-12,-3.559E-13) ( 8.641E-14,-2.259E-14)  2.43E-07
  7.400E+00 1.88264E-24  0.000E+00 ( 1.325E-12,-3.443E-13) ( 8.527E-14,-2.215E-14)  4.94E-07
  7.500E+00 1.78378E-24  0.000E+00 ( 1.290E-12,-3.331E-13) ( 8.415E-14,-2.172E-14)  5.95E-07
  7.600E+00 1.69130E-24  0.000E+00 ( 1.257E-12,-3.225E-13) ( 8.306E-14,-2.131E-14)  5.51E-07
  7.700E+00 1.60472E-24  0.000E+00 ( 1.225E-12,-3.123E-13) ( 8.200E-14,-2.091E-14)  3.78E-07
  7.800E+00 1.52358E-24  0.000E+00 ( 1.194E-12,-3.025E-13) ( 8.097E-14,-2.052E-14)  1.15E-07
  7.900E+00 1.44750E-24  0.000E+00 ( 1.164E-12,-2.931E-13) ( 7.996E-14,-2.014E-14)  2.23E-07
  8.000E+00 1.37609E-24  0.000E+00 ( 1.135E-12,-2.842E-13) ( 7.898E-14,-1.977E-14)  4.19E-07
  8.100E+00 1.30901E-24  0.000E+00 ( 1.108E-12,-2.756E-13) ( 7.802E-14,-1.941E-14)  4.90E-07
  8.200E+00 1.24595E-24  0.000E+00 ( 1.081E-12,-2.674E-13) ( 7.708E-14,-1.907E-14)  4.45E-07
  8.300E+00 1.18663E-24  0.000E+00 ( 1.055E-12,-2.594E-13) ( 7.616E-14,-1.873E-14)  2.95E-07
  8.400E+00 1.13079E-24  0.000E+00 ( 1.030E-12,-2.519E-13) ( 7.527E-14,-1.840E-14)  1.00E-07
  8.500E+00 1.07818E-24  0.000E+00 ( 1.006E-12,-2.446E-13) ( 7.440E-14,-1.808E-14)  2.05E-07
  8.600E+00 1.02858E-24  0.000E+00 ( 9.831E-13,-2.376E-13) ( 7.354E-14,-1.777E-14)  3.59E-07
  8.700E+00 9.81785E-25  0.000E+00 ( 9.607E-13,-2.308E-13) ( 7.271E-14,-1.747E-14)  4.07E-07
  8.800E+00 9.37611E-25  0.000E+00 ( 9.391E-13,-2.243E-13) ( 7.189E-14,-1.717E-14)  3.64E-07
  8.900E+00 8.95882E-25  0.000E+00 ( 9.181E-13,-2.181E-13) ( 7.109E-14,-1.689E-14)  2.33E-07
  9.000E+00 8.56438E-25  0.000E+00 ( 8.979E-13,-2.121E-13) ( 7.031E-14,-1.661E-14)  1.00E-07
  9.100E+00 8.19130E-25  0.000E+00 ( 8.783E-13,-2.063E-13) ( 6.954E-14,-1.634E-14)  1.88E-07
  9.200E+00 7.83822E-25  0.000E+00 ( 8.594E-13,-2.008E-13) ( 6.879E-14,-1.607E-14)  3.09E-07
  9.300E+00 7.50386E-25  0.000E+00 ( 8.410E-13,-1.954E-13) ( 6.806E-14,-1.581E-14)  3.41E-07
  9.400E+00 7.18705E-25  0.000E+00 ( 8.233E-13,-1.902E-13) ( 6.734E-14,-1.556E-14)  3.00E-07
  9.500E+00 6.88670E-25  0.000E+00 ( 8.060E-13,-1.852E-13) ( 6.664E-14,-1.531E-14)  1.84E-07
  9.600E+00 6.60178E-25  0.000E+00 ( 7.893E-13,-1.804E-13) ( 6.595E-14,-1.507E-14)  1.00E-07
  9.700E+00 6.33137E-25  0.000E+00 ( 7.732E-13,-1.758E-13) ( 6.527E-14,-1.484E-14)  1.72E-07
  9.800E+00 6.07457E-25  0.000E+00 ( 7.575E-13,-1.713E-13) ( 6.461E-14,-1.461E-14)  2.69E-07
  9.900E+00 5.83060E-25  0.000E+00 ( 7.422E-13,-1.669E-13) ( 6.396E-14,-1.439E-14)  2.88E-07
  1.000E+01 5.59867E-25  0.000E+00 ( 7.274E-13,-1.628E-13) ( 6.332E-14,-1.417E-14)  2.49E-07
  1.025E+01 5.06706E-25  0.000E+00 ( 6.923E-13,-1.529E-13) ( 6.178E-14,-1.364E-14)  2.54E-07
  1.050E+01 4.59670E-25  0.000E+00 ( 6.597E-13,-1.438E-13) ( 6.031E-14,-1.315E-14)  2.44E-07
  1.075E+01 4.17933E-25  0.000E+00 ( 6.293E-13,-1.355E-13) ( 5.890E-14,-1.268E-14)  2.31E-07
  1.100E+01 3.80796E-25  0.000E+00 ( 6.008E-13,-1.277E-13) ( 5.756E-14,-1.224E-14)  2.06E-07
  1.125E+01 3.47664E-25  0.000E+00 ( 5.743E-13,-1.206E-13) ( 5.628E-14,-1.182E-14)  1.72E-07
  1.150E+01 3.18032E-25  0.000E+00 ( 5.494E-13,-1.140E-13) ( 5.504E-14,-1.142E-14)  1.32E-07
  1.175E+01 2.91466E-25  0.000E+00 ( 5.261E-13,-1.078E-13) ( 5.386E-14,-1.104E-14)  1.00E-07
  1.200E+01 2.67594E-25  0.000E+00 ( 5.043E-13,-1.021E-13) ( 5.273E-14,-1.068E-14)  1.00E-07
  1.225E+01 2.46096E-25  0.000E+00 ( 4.837E-13,-9.679E-14) ( 5.164E-14,-1.033E-14)  1.00E-07
  1.250E+01 2.26695E-25  0.000E+00 ( 4.643E-13,-9.184E-14) ( 5.059E-14,-1.001E-14)  1.00E-07
  1.275E+01 2.09150E-25  0.000E+00 ( 4.461E-13,-8.722E-14) ( 4.958E-14,-9.696E-15)  1.00E-07
  1.300E+01 1.93254E-25  0.000E+00 ( 4.289E-13,-8.290E-14) ( 4.861E-14,-9.398E-15)  1.04E-07
  1.325E+01 1.78824E-25  0.000E+00 ( 4.126E-13,-7.887E-14) ( 4.768E-14,-9.113E-15)  1.16E-07
  1.350E+01 1.65702E-25  0.000E+00 ( 3.972E-13,-7.508E-14) ( 4.678E-14,-8.841E-15)  1.19E-07
  1.375E+01 1.53748E-25  0.000E+00 ( 3.827E-13,-7.153E-14) ( 4.591E-14,-8.581E-15)  1.16E-07
  1.400E+01 1.42841E-25  0.000E+00 ( 3.689E-13,-6.820E-14) ( 4.506E-14,-8.332E-15)  1.11E-07
  1.425E+01 1.32872E-25  0.000E+00 ( 3.558E-13,-6.508E-14) ( 4.425E-14,-8.093E-15)  1.01E-07
  1.450E+01 1.23747E-25  0.000E+00 ( 3.434E-13,-6.213E-14) ( 4.346E-14,-7.864E-15)  1.00E-07
  1.475E+01 1.15382E-25  0.000E+00 ( 3.316E-13,-5.936E-14) ( 4.270E-14,-7.644E-15)  1.00E-07
  1.500E+01 1.07702E-25  0.000E+00 ( 3.204E-13,-5.675E-14) ( 4.197E-14,-7.433E-15)  1.00E-07
  1.525E+01 1.00642E-25  0.000E+00 ( 3.097E-13,-5.429E-14) ( 4.125E-14,-7.231E-15)  1.00E-07
  1.550E+01 9.41428E-26  0.000E+00 ( 2.996E-13,-5.196E-14) ( 4.056E-14,-7.036E-15)  1.00E-07
  1.575E+01 8.81520E-26  0.000E+00 ( 2.899E-13,-4.976E-14) ( 3.989E-14,-6.848E-15)  1.00E-07
  1.600E+01 8.26228E-26  0.000E+00 ( 2.807E-13,-4.769E-14) ( 3.924E-14,-6.668E-15)  1.00E-07
  1.625E+01 7.75134E-26  0.000E+00 ( 2.718E-13,-4.572E-14) ( 3.861E-14,-6.494E-15)  1.00E-07
  1.650E+01 7.27865E-26  0.000E+00 ( 2.634E-13,-4.386E-14) ( 3.800E-14,-6.326E-15)  1.00E-07
  1.675E+01 6.84083E-26  0.000E+00 ( 2.553E-13,-4.209E-14) ( 3.740E-14,-6.165E-15)  1.00E-07
  1.700E+01 6.43486E-26  0.000E+00 ( 2.476E-13,-4.041E-14) ( 3.682E-14,-6.009E-15)  1.00E-07
  1.725E+01 6.05802E-26  0.000E+00 ( 2.403E-13,-3.882E-14) ( 3.626E-14,-5.859E-15)  1.00E-07
  1.750E+01 5.70785E-26  0.000E+00 ( 2.332E-13,-3.731E-14) ( 3.571E-14,-5.714E-15)  1.00E-07
  1.775E+01 5.38214E-26  0.000E+00 ( 2.264E-13,-3.588E-14) ( 3.517E-14,-5.574E-15)  1.00E-07
  1.800E+01 5.07887E-26  0.000E+00 ( 2.199E-13,-3.451E-14) ( 3.465E-14,-5.438E-15)  1.00E-07
  1.825E+01 4.79622E-26  0.000E+00 ( 2.137E-13,-3.321E-14) ( 3.415E-14,-5.307E-15)  1.00E-07
  1.850E+01 4.53256E-26  0.000E+00 ( 2.077E-13,-3.197E-14) ( 3.365E-14,-5.180E-15)  1.00E-07
  1.875E+01 4.28638E-26  0.000E+00 ( 2.020E-13,-3.079E-14) ( 3.317E-14,-5.058E-15)  1.00E-07
  1.900E+01 4.05632E-26  0.000E+00 ( 1.964E-13,-2.967E-14) ( 3.270E-14,-4.939E-15)  1.00E-07
  1.925E+01 3.84113E-26  0.000E+00 ( 1.911E-13,-2.859E-14) ( 3.225E-14,-4.824E-15)  1.00E-07
  1.950E+01 3.63970E-26  0.000E+00 ( 1.860E-13,-2.757E-14) ( 3.180E-14,-4.713E-15)  1.00E-07
  1.975E+01 3.45099E-26  0.000E+00 ( 1.811E-13,-2.659E-14) ( 3.136E-14,-4.605E-15)  1.00E-07
  2.000E+01 3.27404E-26  0.000E+00 ( 1.764E-13,-2.566E-14) ( 3.094E-14,-4.501E-15)  1.00E-07
  2.025E+01 3.10801E-26  0.000E+00 ( 1.718E-13,-2.476E-14) ( 3.052E-14,-4.400E-15)  1.00E-07
  2.050E+01 2.95211E-26  0.000E+00 ( 1.674E-13,-2.391E-14) ( 3.011E-14,-4.301E-15)  1.00E-07
  2.075E+01 2.80559E-26  0.000E+00 ( 1.632E-13,-2.309E-14) ( 2.972E-14,-4.206E-15)  1.00E-07
  2.100E+01 2.66781E-26  0.000E+00 ( 1.591E-13,-2.231E-14) ( 2.933E-14,-4.113E-15)  1.00E-07
  2.125E+01 2.53816E-26  0.000E+00 ( 1.551E-13,-2.156E-14) ( 2.895E-14,-4.023E-15)  1.00E-07
  2.150E+01 2.41606E-26  0.000E+00 ( 1.513E-13,-2.084E-14) ( 2.858E-14,-3.936E-15)  1.00E-07
  2.175E+01 2.30100E-26  0.000E+00 ( 1.476E-13,-2.015E-14) ( 2.821E-14,-3.851E-15)  1.00E-07
  2.200E+01 2.19251E-26  0.000E+00 ( 1.441E-13,-1.949E-14) ( 2.786E-14,-3.769E-15)  1.00E-07
  2.225E+01 2.09015E-26  0.000E+00 ( 1.406E-13,-1.885E-14) ( 2.751E-14,-3.688E-15)  1.00E-07
  2.250E+01 1.99350E-26  0.000E+00 ( 1.373E-13,-1.824E-14) ( 2.717E-14,-3.610E-15)  1.00E-07
  2.275E+01 1.90221E-26  0.000E+00 ( 1.341E-13,-1.766E-14) ( 2.683E-14,-3.535E-15)  1.00E-07
  2.300E+01 1.81591E-26  0.000E+00 ( 1.310E-13,-1.710E-14) ( 2.651E-14,-3.461E-15)  1.00E-07
  2.325E+01 1.73429E-26  0.000E+00 ( 1.280E-13,-1.656E-14) ( 2.619E-14,-3.389E-15)  1.00E-07
  2.350E+01 1.65705E-26  0.000E+00 ( 1.250E-13,-1.604E-14) ( 2.587E-14,-3.319E-15)  1.00E-07
  2.375E+01 1.58391E-26  0.000E+00 ( 1.222E-13,-1.554E-14) ( 2.556E-14,-3.251E-15)  1.00E-07
  2.400E+01 1.51463E-26  0.000E+00 ( 1.195E-13,-1.506E-14) ( 2.526E-14,-3.185E-15)  1.00E-07
  2.425E+01 1.44896E-26  0.000E+00 ( 1.168E-13,-1.460E-14) ( 2.496E-14,-3.120E-15)  1.00E-07
  2.450E+01 1.38668E-26  0.000E+00 ( 1.142E-13,-1.415E-14) ( 2.467E-14,-3.057E-15)  1.00E-07
  2.475E+01 1.32759E-26  0.000E+00 ( 1.117E-13,-1.372E-14) ( 2.439E-14,-2.996E-15)  1.00E-07
  2.500E+01 1.27149E-26  0.000E+00 ( 1.093E-13,-1.331E-14) ( 2.411E-14,-2.936E-15)  1.00E-07
  2.550E+01 1.16759E-26  0.000E+00 ( 1.047E-13,-1.253E-14) ( 2.356E-14,-2.821E-15)  1.00E-07
  2.600E+01 1.07369E-26  0.000E+00 ( 1.003E-13,-1.180E-14) ( 2.303E-14,-2.711E-15)  1.00E-07
  2.650E+01 9.88675E-27  0.000E+00 ( 9.617E-14,-1.113E-14) ( 2.253E-14,-2.607E-15)  1.00E-07
  2.700E+01 9.11575E-27  0.000E+00 ( 9.227E-14,-1.050E-14) ( 2.203E-14,-2.507E-15)  1.00E-07
  2.750E+01 8.41535E-27  0.000E+00 ( 8.858E-14,-9.910E-15) ( 2.156E-14,-2.412E-15)  1.00E-07
  2.800E+01 7.77806E-27  0.000E+00 ( 8.509E-14,-9.361E-15) ( 2.110E-14,-2.322E-15)  1.00E-07
  2.850E+01 7.19730E-27  0.000E+00 ( 8.178E-14,-8.847E-15) ( 2.066E-14,-2.235E-15)  1.00E-07
  2.900E+01 6.66727E-27  0.000E+00 ( 7.863E-14,-8.367E-15) ( 2.023E-14,-2.153E-15)  1.00E-07
  2.950E+01 6.18284E-27  0.000E+00 ( 7.565E-14,-7.917E-15) ( 1.981E-14,-2.074E-15)  1.00E-07
  3.000E+01 5.73950E-27  0.000E+00 ( 7.282E-14,-7.495E-15) ( 1.941E-14,-1.998E-15)  1.00E-07
  3.050E+01 5.33320E-27  0.000E+00 ( 7.012E-14,-7.099E-15) ( 1.902E-14,-1.925E-15)  1.00E-07
  3.100E+01 4.96038E-27  0.000E+00 ( 6.756E-14,-6.727E-15) ( 1.864E-14,-1.856E-15)  1.00E-07
  3.150E+01 4.61785E-27  0.000E+00 ( 6.512E-14,-6.378E-15) ( 1.827E-14,-1.789E-15)  1.00E-07
  3.200E+01 4.30279E-27  0.000E+00 ( 6.279E-14,-6.049E-15) ( 1.791E-14,-1.725E-15)  1.00E-07
  3.250E+01 4.01264E-27  0.000E+00 ( 6.057E-14,-5.740E-15) ( 1.756E-14,-1.664E-15)  1.00E-07
  3.300E+01 3.74515E-27  0.000E+00 ( 5.845E-14,-5.448E-15) ( 1.722E-14,-1.605E-15)  1.00E-07
  3.350E+01 3.49827E-27  0.000E+00 ( 5.643E-14,-5.173E-15) ( 1.689E-14,-1.549E-15)  1.00E-07
  3.400E+01 3.27019E-27  0.000E+00 ( 5.449E-14,-4.914E-15) ( 1.657E-14,-1.494E-15)  1.00E-07
  3.450E+01 3.05925E-27  0.000E+00 ( 5.264E-14,-4.669E-15) ( 1.626E-14,-1.442E-15)  1.00E-07
  3.500E+01 2.86398E-27  0.000E+00 ( 5.087E-14,-4.438E-15) ( 1.595E-14,-1.392E-15)  1.00E-07
  3.550E+01 2.68304E-27  0.000E+00 ( 4.918E-14,-4.220E-15) ( 1.566E-14,-1.344E-15)  1.00E-07
  3.600E+01 2.51523E-27  0.000E+00 ( 4.755E-14,-4.013E-15) ( 1.537E-14,-1.297E-15)  1.00E-07
  3.650E+01 2.35945E-27  0.000E+00 ( 4.600E-14,-3.818E-15) ( 1.508E-14,-1.252E-15)  1.00E-07
  3.700E+01 2.21472E-27  0.000E+00 ( 4.451E-14,-3.633E-15) ( 1.481E-14,-1.209E-15)  1.00E-07
  3.750E+01 2.08014E-27  0.000E+00 ( 4.307E-14,-3.458E-15) ( 1.454E-14,-1.168E-15)  1.00E-07
  3.800E+01 1.95490E-27  0.000E+00 ( 4.170E-14,-3.292E-15) ( 1.428E-14,-1.127E-15)  1.00E-07
  3.850E+01 1.83826E-27  0.000E+00 ( 4.038E-14,-3.134E-15) ( 1.402E-14,-1.089E-15)  1.00E-07
  3.900E+01 1.72954E-27  0.000E+00 ( 3.911E-14,-2.985E-15) ( 1.377E-14,-1.051E-15)  1.00E-07
  3.950E+01 1.62814E-27  0.000E+00 ( 3.789E-14,-2.843E-15) ( 1.353E-14,-1.015E-15)  1.00E-07
  4.000E+01 1.53348E-27  0.000E+00 ( 3.672E-14,-2.709E-15) ( 1.329E-14,-9.806E-16)  1.00E-07
  4.050E+01 1.44506E-27  0.000E+00 ( 3.560E-14,-2.581E-15) ( 1.306E-14,-9.471E-16)  1.00E-07
  4.100E+01 1.36242E-27  0.000E+00 ( 3.451E-14,-2.460E-15) ( 1.283E-14,-9.146E-16)  1.00E-07
  4.150E+01 1.28512E-27  0.000E+00 ( 3.347E-14,-2.344E-15) ( 1.261E-14,-8.833E-16)  1.00E-07
  4.200E+01 1.21277E-27  0.000E+00 ( 3.246E-14,-2.234E-15) ( 1.239E-14,-8.530E-16)  1.00E-07
  4.250E+01 1.14502E-27  0.000E+00 ( 3.149E-14,-2.130E-15) ( 1.218E-14,-8.238E-16)  1.00E-07
  4.300E+01 1.08152E-27  0.000E+00 ( 3.055E-14,-2.030E-15) ( 1.197E-14,-7.955E-16)  1.00E-07
  4.350E+01 1.02199E-27  0.000E+00 ( 2.965E-14,-1.936E-15) ( 1.176E-14,-7.681E-16)  1.00E-07
  4.400E+01 9.66134E-28  0.000E+00 ( 2.878E-14,-1.846E-15) ( 1.156E-14,-7.417E-16)  1.00E-07
  4.450E+01 9.13703E-28  0.000E+00 ( 2.794E-14,-1.760E-15) ( 1.137E-14,-7.161E-16)  1.00E-07
  4.500E+01 8.64457E-28  0.000E+00 ( 2.713E-14,-1.678E-15) ( 1.117E-14,-6.913E-16)  1.00E-07
  4.550E+01 8.18180E-28  0.000E+00 ( 2.635E-14,-1.600E-15) ( 1.099E-14,-6.673E-16)  1.00E-07
  4.600E+01 7.74670E-28  0.000E+00 ( 2.560E-14,-1.526E-15) ( 1.080E-14,-6.441E-16)  1.00E-07
  4.650E+01 7.33740E-28  0.000E+00 ( 2.487E-14,-1.455E-15) ( 1.062E-14,-6.216E-16)  1.00E-07
  4.700E+01 6.95218E-28  0.000E+00 ( 2.416E-14,-1.387E-15) ( 1.044E-14,-5.999E-16)  1.00E-07
  4.750E+01 6.58946E-28  0.000E+00 ( 2.348E-14,-1.323E-15) ( 1.027E-14,-5.788E-16)  1.00E-07
  4.800E+01 6.24776E-28  0.000E+00 ( 2.282E-14,-1.261E-15) ( 1.010E-14,-5.584E-16)  1.00E-07
  4.850E+01 5.92572E-28  0.000E+00 ( 2.218E-14,-1.202E-15) ( 9.934E-15,-5.386E-16)  1.00E-07
  4.900E+01 5.62207E-28  0.000E+00 ( 2.157E-14,-1.146E-15) ( 9.770E-15,-5.194E-16)  1.00E-07
  4.950E+01 5.33564E-28  0.000E+00 ( 2.097E-14,-1.092E-15) ( 9.610E-15,-5.008E-16)  1.00E-07
  5.000E+01 5.06533E-28  0.000E+00 ( 2.039E-14,-1.041E-15) ( 9.452E-15,-4.828E-16)  1.00E-07
  5.050E+01 4.81014E-28  0.000E+00 ( 1.983E-14,-9.923E-16) ( 9.298E-15,-4.654E-16)  1.00E-07
  5.100E+01 4.56912E-28  0.000E+00 ( 1.929E-14,-9.455E-16) ( 9.146E-15,-4.485E-16)  1.00E-07
  5.150E+01 4.34139E-28  0.000E+00 ( 1.877E-14,-9.008E-16) ( 8.997E-15,-4.320E-16)  1.00E-07
  5.200E+01 4.12614E-28  0.000E+00 ( 1.826E-14,-8.580E-16) ( 8.851E-15,-4.161E-16)  1.00E-07
  5.250E+01 3.92261E-28  0.000E+00 ( 1.777E-14,-8.171E-16) ( 8.707E-15,-4.007E-16)  1.00E-07
  5.300E+01 3.73010E-28  0.000E+00 ( 1.729E-14,-7.780E-16) ( 8.566E-15,-3.857E-16)  1.00E-07
  5.350E+01 3.54793E-28  0.000E+00 ( 1.682E-14,-7.407E-16) ( 8.428E-15,-3.712E-16)  1.00E-07
  5.400E+01 3.37550E-28  0.000E+00 ( 1.638E-14,-7.049E-16) ( 8.292E-15,-3.571E-16)  1.00E-07
  5.450E+01 3.21223E-28  0.000E+00 ( 1.594E-14,-6.707E-16) ( 8.159E-15,-3.435E-16)  1.00E-07
  5.500E+01 3.05758E-28  0.000E+00 ( 1.552E-14,-6.380E-16) ( 8.027E-15,-3.302E-16)  1.00E-07
  5.550E+01 2.91105E-28  0.000E+00 ( 1.511E-14,-6.066E-16) ( 7.899E-15,-3.174E-16)  1.00E-07
  5.600E+01 2.77216E-28  0.000E+00 ( 1.471E-14,-5.767E-16) ( 7.772E-15,-3.049E-16)  1.00E-07
  5.650E+01 2.64048E-28  0.000E+00 ( 1.432E-14,-5.480E-16) ( 7.648E-15,-2.928E-16)  1.00E-07
  5.700E+01 2.51561E-28  0.000E+00 ( 1.395E-14,-5.205E-16) ( 7.525E-15,-2.810E-16)  1.00E-07
  5.750E+01 2.39714E-28  0.000E+00 ( 1.359E-14,-4.942E-16) ( 7.405E-15,-2.696E-16)  1.00E-07
  5.800E+01 2.28472E-28  0.000E+00 ( 1.323E-14,-4.691E-16) ( 7.287E-15,-2.585E-16)  1.00E-07
  5.850E+01 2.17801E-28  0.000E+00 ( 1.289E-14,-4.450E-16) ( 7.171E-15,-2.478E-16)  1.00E-07
  5.900E+01 2.07669E-28  0.000E+00 ( 1.256E-14,-4.220E-16) ( 7.057E-15,-2.374E-16)  1.00E-07
  5.950E+01 1.98046E-28  0.000E+00 ( 1.223E-14,-3.999E-16) ( 6.945E-15,-2.272E-16)  1.00E-07
  6.000E+01 1.88905E-28  0.000E+00 ( 1.192E-14,-3.788E-16) ( 6.835E-15,-2.174E-16)  1.00E-07
  6.050E+01 1.80219E-28  0.000E+00 ( 1.161E-14,-3.585E-16) ( 6.726E-15,-2.079E-16)  1.00E-07
  6.100E+01 1.71964E-28  0.000E+00 ( 1.131E-14,-3.392E-16) ( 6.620E-15,-1.986E-16)  1.00E-07
  6.150E+01 1.64115E-28  0.000E+00 ( 1.102E-14,-3.206E-16) ( 6.515E-15,-1.896E-16)  1.00E-07
  6.200E+01 1.56652E-28  0.000E+00 ( 1.074E-14,-3.029E-16) ( 6.412E-15,-1.809E-16)  1.00E-07
  6.250E+01 1.49553E-28  0.000E+00 ( 1.047E-14,-2.859E-16) ( 6.311E-15,-1.725E-16)  1.00E-07
  6.300E+01 1.42799E-28  0.000E+00 ( 1.020E-14,-2.696E-16) ( 6.211E-15,-1.643E-16)  1.00E-07
  6.350E+01 1.36373E-28  0.000E+00 ( 9.946E-15,-2.540E-16) ( 6.113E-15,-1.563E-16)  1.00E-07
  6.400E+01 1.30256E-28  0.000E+00 ( 9.694E-15,-2.391E-16) ( 6.016E-15,-1.485E-16)  1.00E-07
  6.450E+01 1.24432E-28  0.000E+00 ( 9.450E-15,-2.248E-16) ( 5.921E-15,-1.410E-16)  1.00E-07
  6.500E+01 1.18888E-28  0.000E+00 ( 9.212E-15,-2.112E-16) ( 5.828E-15,-1.337E-16)  1.00E-07
  6.550E+01 1.13607E-28  0.000E+00 ( 8.980E-15,-1.981E-16) ( 5.736E-15,-1.267E-16)  1.00E-07
  6.600E+01 1.08576E-28  0.000E+00 ( 8.755E-15,-1.856E-16) ( 5.646E-15,-1.198E-16)  1.00E-07
  6.650E+01 1.03783E-28  0.000E+00 ( 8.536E-15,-1.736E-16) ( 5.557E-15,-1.132E-16)  1.00E-07
  6.700E+01 9.92151E-29  0.000E+00 ( 8.322E-15,-1.621E-16) ( 5.470E-15,-1.067E-16)  1.00E-07
  6.750E+01 9.48614E-29  0.000E+00 ( 8.115E-15,-1.512E-16) ( 5.384E-15,-1.004E-16)  1.00E-07
  6.800E+01 9.07109E-29  0.000E+00 ( 7.912E-15,-1.407E-16) ( 5.299E-15,-9.434E-17)  1.00E-07
  6.850E+01 8.67533E-29  0.000E+00 ( 7.715E-15,-1.306E-16) ( 5.216E-15,-8.844E-17)  1.00E-07
  6.900E+01 8.29791E-29  0.000E+00 ( 7.524E-15,-1.210E-16) ( 5.134E-15,-8.271E-17)  1.00E-07
  6.950E+01 7.93791E-29  0.000E+00 ( 7.337E-15,-1.119E-16) ( 5.053E-15,-7.716E-17)  1.00E-07
  7.000E+01 7.59446E-29  0.000E+00 ( 7.155E-15,-1.031E-16) ( 4.973E-15,-7.178E-17)  1.00E-07
  7.050E+01 7.26675E-29  0.000E+00 ( 6.978E-15,-9.470E-17) ( 4.895E-15,-6.656E-17)  1.00E-07
  7.100E+01 6.95401E-29  0.000E+00 ( 6.805E-15,-8.669E-17) ( 4.818E-15,-6.150E-17)  1.00E-07
  7.150E+01 6.65551E-29  0.000E+00 ( 6.637E-15,-7.903E-17) ( 4.743E-15,-5.659E-17)  1.00E-07
  7.200E+01 6.37054E-29  0.000E+00 ( 6.474E-15,-7.172E-17) ( 4.668E-15,-5.183E-17)  1.00E-07
  7.250E+01 6.09847E-29  0.000E+00 ( 6.314E-15,-6.473E-17) ( 4.595E-15,-4.722E-17)  1.00E-07
  7.300E+01 5.83865E-29  0.000E+00 ( 6.159E-15,-5.806E-17) ( 4.523E-15,-4.275E-17)  1.00E-07
  7.350E+01 5.59050E-29  0.000E+00 ( 6.007E-15,-5.170E-17) ( 4.452E-15,-3.842E-17)  1.00E-07
  7.400E+01 5.35347E-29  0.000E+00 ( 5.859E-15,-4.562E-17) ( 4.382E-15,-3.422E-17)  1.00E-07
  7.450E+01 5.12702E-29  0.000E+00 ( 5.716E-15,-3.983E-17) ( 4.313E-15,-3.016E-17)  1.00E-07
  7.500E+01 4.91065E-29  0.000E+00 ( 5.575E-15,-3.431E-17) ( 4.245E-15,-2.622E-17)  1.00E-07
  7.550E+01 4.70389E-29  0.000E+00 ( 5.439E-15,-2.904E-17) ( 4.178E-15,-2.241E-17)  1.00E-07
  7.600E+01 4.50627E-29  0.000E+00 ( 5.306E-15,-2.402E-17) ( 4.113E-15,-1.871E-17)  1.00E-07
  7.650E+01 4.31737E-29  0.000E+00 ( 5.176E-15,-1.924E-17) ( 4.048E-15,-1.514E-17)  1.00E-07
  7.700E+01 4.13678E-29  0.000E+00 ( 5.049E-15,-1.469E-17) ( 3.984E-15,-1.168E-17)  1.00E-07
  7.750E+01 3.96412E-29  0.000E+00 ( 4.926E-15,-1.036E-17) ( 3.922E-15,-8.335E-18)  1.00E-07
  7.800E+01 3.79901E-29  0.000E+00 ( 4.805E-15,-6.240E-18) ( 3.860E-15,-5.097E-18)  1.00E-07
  7.850E+01 3.64110E-29  0.000E+00 ( 4.688E-15,-2.324E-18) ( 3.799E-15,-1.966E-18)  1.00E-07
  7.900E+01 3.49006E-29  0.000E+00 ( 4.574E-15, 1.398E-18) ( 3.739E-15, 1.063E-18)  1.00E-07
  7.950E+01 3.34558E-29  0.000E+00 ( 4.462E-15, 4.932E-18) ( 3.680E-15, 3.990E-18)  1.00E-07
  8.000E+01 3.20736E-29  0.000E+00 ( 4.353E-15, 8.286E-18) ( 3.623E-15, 6.820E-18)  1.00E-07
  8.050E+01 3.07510E-29  0.000E+00 ( 4.247E-15, 1.147E-17) ( 3.565E-15, 9.554E-18)  1.00E-07
  8.100E+01 2.94854E-29  0.000E+00 ( 4.144E-15, 1.448E-17) ( 3.509E-15, 1.219E-17)  1.00E-07
  8.150E+01 2.82742E-29  0.000E+00 ( 4.043E-15, 1.734E-17) ( 3.454E-15, 1.474E-17)  1.00E-07
  8.200E+01 2.71148E-29  0.000E+00 ( 3.944E-15, 2.004E-17) ( 3.399E-15, 1.721E-17)  1.00E-07
  8.250E+01 2.60051E-29  0.000E+00 ( 3.848E-15, 2.260E-17) ( 3.346E-15, 1.958E-17)  1.00E-07
  8.300E+01 2.49426E-29  0.000E+00 ( 3.755E-15, 2.501E-17) ( 3.293E-15, 2.187E-17)  1.00E-07
  8.350E+01 2.39254E-29  0.000E+00 ( 3.663E-15, 2.729E-17) ( 3.241E-15, 2.409E-17)  1.00E-07
  8.400E+01 2.29514E-29  0.000E+00 ( 3.574E-15, 2.944E-17) ( 3.190E-15, 2.622E-17)  1.00E-07
  8.450E+01 2.20186E-29  0.000E+00 ( 3.487E-15, 3.146E-17) ( 3.139E-15, 2.827E-17)  1.00E-07
  8.500E+01 2.11253E-29  0.000E+00 ( 3.402E-15, 3.336E-17) ( 3.090E-15, 3.025E-17)  1.00E-07
  8.550E+01 2.02696E-29  0.000E+00 ( 3.320E-15, 3.515E-17) ( 3.041E-15, 3.215E-17)  1.00E-07
  8.600E+01 1.94500E-29  0.000E+00 ( 3.239E-15, 3.683E-17) ( 2.993E-15, 3.398E-17)  1.00E-07
  8.650E+01 1.86647E-29  0.000E+00 ( 3.160E-15, 3.840E-17) ( 2.945E-15, 3.575E-17)  1.00E-07
  8.700E+01 1.79124E-29  0.000E+00 ( 3.083E-15, 3.987E-17) ( 2.899E-15, 3.744E-17)  1.00E-07
  8.750E+01 1.71915E-29  0.000E+00 ( 3.008E-15, 4.124E-17) ( 2.853E-15, 3.907E-17)  1.00E-07
  8.800E+01 1.65007E-29  0.000E+00 ( 2.935E-15, 4.252E-17) ( 2.808E-15, 4.064E-17)  1.00E-07
  8.850E+01 1.58387E-29  0.000E+00 ( 2.864E-15, 4.370E-17) ( 2.763E-15, 4.214E-17)  1.00E-07
  8.900E+01 1.52042E-29  0.000E+00 ( 2.794E-15, 4.481E-17) ( 2.719E-15, 4.358E-17)  1.00E-07
  8.950E+01 1.45960E-29  0.000E+00 ( 2.726E-15, 4.582E-17) ( 2.676E-15, 4.496E-17)  1.00E-07
  9.000E+01 1.40130E-29  0.000E+00 ( 2.659E-15, 4.676E-17) ( 2.634E-15, 4.628E-17)  1.00E-07
  9.050E+01 1.34541E-29  0.000E+00 ( 2.595E-15, 4.762E-17) ( 2.592E-15, 4.755E-17)  1.00E-07
  9.100E+01 1.29182E-29  0.000E+00 ( 2.531E-15, 4.841E-17) ( 2.551E-15, 4.876E-17)  1.00E-07
  9.150E+01 1.24044E-29  0.000E+00 ( 2.470E-15, 4.914E-17) ( 2.510E-15, 4.992E-17)  1.00E-07
  9.200E+01 1.19117E-29  0.000E+00 ( 2.409E-15, 4.979E-17) ( 2.470E-15, 5.102E-17)  1.00E-07
  9.250E+01 1.14392E-29  0.000E+00 ( 2.351E-15, 5.038E-17) ( 2.431E-15, 5.208E-17)  1.00E-07
  9.300E+01 1.09861E-29  0.000E+00 ( 2.293E-15, 5.091E-17) ( 2.392E-15, 5.308E-17)  1.00E-07
  9.350E+01 1.05515E-29  0.000E+00 ( 2.237E-15, 5.137E-17) ( 2.354E-15, 5.404E-17)  1.00E-07
  9.400E+01 1.01346E-29  0.000E+00 ( 2.183E-15, 5.179E-17) ( 2.316E-15, 5.495E-17)  1.00E-07
  9.450E+01 9.73469E-30  0.000E+00 ( 2.129E-15, 5.215E-17) ( 2.279E-15, 5.581E-17)  1.00E-07
  9.500E+01 9.35105E-30  0.000E+00 ( 2.077E-15, 5.245E-17) ( 2.243E-15, 5.663E-17)  1.00E-07
  9.550E+01 8.98298E-30  0.000E+00 ( 2.026E-15, 5.271E-17) ( 2.207E-15, 5.741E-17)  1.00E-07
  9.600E+01 8.62982E-30  0.000E+00 ( 1.977E-15, 5.292E-17) ( 2.172E-15, 5.814E-17)  1.00E-07
  9.650E+01 8.29096E-30  0.000E+00 ( 1.928E-15, 5.309E-17) ( 2.137E-15, 5.884E-17)  1.00E-07
  9.700E+01 7.96578E-30  0.000E+00 ( 1.881E-15, 5.321E-17) ( 2.103E-15, 5.949E-17)  1.00E-07
  9.750E+01 7.65371E-30  0.000E+00 ( 1.835E-15, 5.330E-17) ( 2.069E-15, 6.011E-17)  1.00E-07
  9.800E+01 7.35421E-30  0.000E+00 ( 1.790E-15, 5.334E-17) ( 2.036E-15, 6.068E-17)  1.00E-07
  9.850E+01 7.06675E-30  0.000E+00 ( 1.746E-15, 5.335E-17) ( 2.003E-15, 6.123E-17)  1.00E-07
  9.900E+01 6.79083E-30  0.000E+00 ( 1.703E-15, 5.332E-17) ( 1.971E-15, 6.173E-17)  1.00E-07
  9.950E+01 6.52597E-30  0.000E+00 ( 1.661E-15, 5.326E-17) ( 1.939E-15, 6.220E-17)  1.00E-07
  1.000E+02 6.27171E-30  0.000E+00 ( 1.620E-15, 5.316E-17) ( 1.908E-15, 6.264E-17)  1.00E-07
  1.005E+02 6.02760E-30  0.000E+00 ( 1.580E-15, 5.304E-17) ( 1.877E-15, 6.304E-17)  1.00E-07
  1.010E+02 5.79324E-30  0.000E+00 ( 1.541E-15, 5.288E-17) ( 1.847E-15, 6.341E-17)  1.00E-07
  1.015E+02 5.56821E-30  0.000E+00 ( 1.503E-15, 5.270E-17) ( 1.817E-15, 6.375E-17)  1.00E-07
  1.020E+02 5.35213E-30  0.000E+00 ( 1.466E-15, 5.249E-17) ( 1.788E-15, 6.406E-17)  1.00E-07
  1.025E+02 5.14464E-30  0.000E+00 ( 1.429E-15, 5.226E-17) ( 1.759E-15, 6.434E-17)  1.00E-07
  1.030E+02 4.94538E-30  0.000E+00 ( 1.394E-15, 5.200E-17) ( 1.731E-15, 6.460E-17)  1.00E-07
  1.035E+02 4.75402E-30  0.000E+00 ( 1.359E-15, 5.172E-17) ( 1.703E-15, 6.482E-17)  1.00E-07
  1.040E+02 4.57022E-30  0.000E+00 ( 1.326E-15, 5.142E-17) ( 1.675E-15, 6.502E-17)  1.00E-07
  1.045E+02 4.39368E-30  0.000E+00 ( 1.293E-15, 5.110E-17) ( 1.648E-15, 6.519E-17)  1.00E-07
  1.050E+02 4.22411E-30  0.000E+00 ( 1.260E-15, 5.076E-17) ( 1.621E-15, 6.534E-17)  1.00E-07
  1.055E+02 4.06122E-30  0.000E+00 ( 1.229E-15, 5.040E-17) ( 1.595E-15, 6.546E-17)  1.00E-07
  1.060E+02 3.90474E-30  0.000E+00 ( 1.198E-15, 5.003E-17) ( 1.569E-15, 6.555E-17)  1.00E-07
  1.065E+02 3.75441E-30  0.000E+00 ( 1.168E-15, 4.963E-17) ( 1.544E-15, 6.563E-17)  1.00E-07
  1.070E+02 3.60997E-30  0.000E+00 ( 1.139E-15, 4.923E-17) ( 1.519E-15, 6.568E-17)  1.00E-07
  1.075E+02 3.47120E-30  0.000E+00 ( 1.110E-15, 4.881E-17) ( 1.494E-15, 6.571E-17)  1.00E-07
  1.080E+02 3.33786E-30  0.000E+00 ( 1.083E-15, 4.838E-17) ( 1.469E-15, 6.572E-17)  1.00E-07
  1.085E+02 3.20973E-30  0.000E+00 ( 1.055E-15, 4.793E-17) ( 1.445E-15, 6.571E-17)  1.00E-07
  1.090E+02 3.08661E-30  0.000E+00 ( 1.029E-15, 4.747E-17) ( 1.422E-15, 6.567E-17)  1.00E-07
  1.095E+02 2.96828E-30  0.000E+00 ( 1.003E-15, 4.701E-17) ( 1.399E-15, 6.562E-17)  1.00E-07
  1.100E+02 2.85456E-30  0.000E+00 ( 9.775E-16, 4.653E-17) ( 1.376E-15, 6.555E-17)  1.00E-07
  1.105E+02 2.74527E-30  0.000E+00 ( 9.527E-16, 4.604E-17) ( 1.353E-15, 6.546E-17)  1.00E-07
  1.110E+02 2.64022E-30  0.000E+00 ( 9.286E-16, 4.555E-17) ( 1.331E-15, 6.536E-17)  1.00E-07
  1.115E+02 2.53925E-30  0.000E+00 ( 9.050E-16, 4.504E-17) ( 1.309E-15, 6.523E-17)  1.00E-07
  1.120E+02 2.44219E-30  0.000E+00 ( 8.820E-16, 4.453E-17) ( 1.288E-15, 6.509E-17)  1.00E-07
  1.125E+02 2.34889E-30  0.000E+00 ( 8.595E-16, 4.402E-17) ( 1.266E-15, 6.494E-17)  1.00E-07
  1.130E+02 2.25920E-30  0.000E+00 ( 8.376E-16, 4.349E-17) ( 1.246E-15, 6.476E-17)  1.00E-07
  1.135E+02 2.17297E-30  0.000E+00 ( 8.161E-16, 4.296E-17) ( 1.225E-15, 6.458E-17)  1.00E-07
  1.140E+02 2.09007E-30  0.000E+00 ( 7.952E-16, 4.243E-17) ( 1.205E-15, 6.437E-17)  1.00E-07
  1.145E+02 2.01036E-30  0.000E+00 ( 7.748E-16, 4.189E-17) ( 1.185E-15, 6.416E-17)  1.00E-07
  1.150E+02 1.93372E-30  0.000E+00 ( 7.549E-16, 4.135E-17) ( 1.165E-15, 6.393E-17)  1.00E-07
  1.155E+02 1.86002E-30  0.000E+00 ( 7.354E-16, 4.081E-17) ( 1.146E-15, 6.369E-17)  1.00E-07
  1.160E+02 1.78916E-30  0.000E+00 ( 7.164E-16, 4.026E-17) ( 1.127E-15, 6.343E-17)  1.00E-07
  1.165E+02 1.72101E-30  0.000E+00 ( 6.978E-16, 3.971E-17) ( 1.108E-15, 6.316E-17)  1.00E-07
  1.170E+02 1.65548E-30  0.000E+00 ( 6.797E-16, 3.915E-17) ( 1.090E-15, 6.288E-17)  1.00E-07
  1.175E+02 1.59245E-30  0.000E+00 ( 6.620E-16, 3.860E-17) ( 1.072E-15, 6.259E-17)  1.00E-07
  1.180E+02 1.53184E-30  0.000E+00 ( 6.448E-16, 3.804E-17) ( 1.054E-15, 6.229E-17)  1.00E-07
  1.185E+02 1.47354E-30  0.000E+00 ( 6.279E-16, 3.749E-17) ( 1.036E-15, 6.197E-17)  1.00E-07
  1.190E+02 1.41746E-30  0.000E+00 ( 6.115E-16, 3.693E-17) ( 1.019E-15, 6.165E-17)  1.00E-07
  1.195E+02 1.36352E-30  0.000E+00 ( 5.954E-16, 3.637E-17) ( 1.002E-15, 6.131E-17)  1.00E-07
  1.200E+02 1.31163E-30  0.000E+00 ( 5.797E-16, 3.581E-17) ( 9.852E-16, 6.097E-17)  1.00E-07
  1.205E+02 1.26172E-30  0.000E+00 ( 5.644E-16, 3.525E-17) ( 9.686E-16, 6.062E-17)  1.00E-07
  1.210E+02 1.21370E-30  0.000E+00 ( 5.495E-16, 3.470E-17) ( 9.523E-16, 6.025E-17)  1.00E-07
  1.215E+02 1.16751E-30  0.000E+00 ( 5.349E-16, 3.414E-17) ( 9.363E-16, 5.988E-17)  1.00E-07
  1.220E+02 1.12307E-30  0.000E+00 ( 5.207E-16, 3.359E-17) ( 9.205E-16, 5.950E-17)  1.00E-07
  1.225E+02 1.08031E-30  0.000E+00 ( 5.068E-16, 3.304E-17) ( 9.049E-16, 5.912E-17)  1.00E-07
  1.230E+02 1.03917E-30  0.000E+00 ( 4.932E-16, 3.248E-17) ( 8.896E-16, 5.872E-17)  1.00E-07
  1.235E+02 9.99580E-31  0.000E+00 ( 4.800E-16, 3.193E-17) ( 8.745E-16, 5.832E-17)  1.00E-07
  1.240E+02 9.61489E-31  0.000E+00 ( 4.671E-16, 3.139E-17) ( 8.597E-16, 5.791E-17)  1.00E-07
  1.245E+02 9.24835E-31  0.000E+00 ( 4.544E-16, 3.084E-17) ( 8.450E-16, 5.749E-17)  1.00E-07
  1.250E+02 8.89562E-31  0.000E+00 ( 4.421E-16, 3.030E-17) ( 8.306E-16, 5.707E-17)  1.00E-07
  1.255E+02 8.55618E-31  0.000E+00 ( 4.301E-16, 2.976E-17) ( 8.164E-16, 5.664E-17)  1.00E-07
  1.260E+02 8.22951E-31  0.000E+00 ( 4.184E-16, 2.923E-17) ( 8.024E-16, 5.620E-17)  1.00E-07
  1.265E+02 7.91511E-31  0.000E+00 ( 4.069E-16, 2.869E-17) ( 7.887E-16, 5.576E-17)  1.00E-07
  1.270E+02 7.61253E-31  0.000E+00 ( 3.958E-16, 2.816E-17) ( 7.751E-16, 5.531E-17)  1.00E-07
  1.275E+02 7.32129E-31  0.000E+00 ( 3.849E-16, 2.764E-17) ( 7.617E-16, 5.486E-17)  1.00E-07
  1.280E+02 7.04097E-31  0.000E+00 ( 3.742E-16, 2.712E-17) ( 7.486E-16, 5.440E-17)  1.00E-07
  1.285E+02 6.77115E-31  0.000E+00 ( 3.638E-16, 2.660E-17) ( 7.356E-16, 5.394E-17)  1.00E-07
  1.290E+02 6.51142E-31  0.000E+00 ( 3.537E-16, 2.608E-17) ( 7.228E-16, 5.347E-17)  1.00E-07
  1.295E+02 6.26141E-31  0.000E+00 ( 3.438E-16, 2.557E-17) ( 7.103E-16, 5.299E-17)  1.00E-07
  1.300E+02 6.02073E-31  0.000E+00 ( 3.342E-16, 2.507E-17) ( 6.979E-16, 5.252E-17)  1.00E-07
  1.305E+02 5.78903E-31  0.000E+00 ( 3.247E-16, 2.456E-17) ( 6.857E-16, 5.204E-17)  1.00E-07
  1.310E+02 5.56597E-31  0.000E+00 ( 3.155E-16, 2.407E-17) ( 6.736E-16, 5.155E-17)  1.00E-07
  1.315E+02 5.35122E-31  0.000E+00 ( 3.066E-16, 2.357E-17) ( 6.618E-16, 5.106E-17)  1.00E-07
  1.320E+02 5.14447E-31  0.000E+00 ( 2.978E-16, 2.308E-17) ( 6.501E-16, 5.057E-17)  1.00E-07
  1.325E+02 4.94541E-31  0.000E+00 ( 2.893E-16, 2.260E-17) ( 6.386E-16, 5.008E-17)  1.00E-07
  1.330E+02 4.75374E-31  0.000E+00 ( 2.810E-16, 2.212E-17) ( 6.273E-16, 4.958E-17)  1.00E-07
  1.335E+02 4.56920E-31  0.000E+00 ( 2.728E-16, 2.165E-17) ( 6.161E-16, 4.908E-17)  1.00E-07
  1.340E+02 4.39150E-31  0.000E+00 ( 2.649E-16, 2.118E-17) ( 6.051E-16, 4.857E-17)  1.00E-07
  1.345E+02 4.22040E-31  0.000E+00 ( 2.572E-16, 2.071E-17) ( 5.943E-16, 4.806E-17)  1.00E-07
  1.350E+02 4.05563E-31  0.000E+00 ( 2.496E-16, 2.025E-17) ( 5.836E-16, 4.755E-17)  1.00E-07
  1.355E+02 3.89697E-31  0.000E+00 ( 2.423E-16, 1.980E-17) ( 5.731E-16, 4.704E-17)  1.00E-07
  1.360E+02 3.74417E-31  0.000E+00 ( 2.351E-16, 1.935E-17) ( 5.627E-16, 4.653E-17)  1.00E-07
  1.365E+02 3.59704E-31  0.000E+00 ( 2.281E-16, 1.891E-17) ( 5.525E-16, 4.601E-17)  1.00E-07
  1.370E+02 3.45533E-31  0.000E+00 ( 2.212E-16, 1.847E-17) ( 5.424E-16, 4.549E-17)  1.00E-07
  1.375E+02 3.31886E-31  0.000E+00 ( 2.146E-16, 1.804E-17) ( 5.324E-16, 4.497E-17)  1.00E-07
  1.380E+02 3.18743E-31  0.000E+00 ( 2.081E-16, 1.761E-17) ( 5.226E-16, 4.445E-17)  1.00E-07
  1.385E+02 3.06085E-31  0.000E+00 ( 2.017E-16, 1.718E-17) ( 5.130E-16, 4.392E-17)  1.00E-07
  1.390E+02 2.93894E-31  0.000E+00 ( 1.956E-16, 1.677E-17) ( 5.035E-16, 4.340E-17)  1.00E-07
  1.395E+02 2.82152E-31  0.000E+00 ( 1.895E-16, 1.636E-17) ( 4.941E-16, 4.287E-17)  1.00E-07
  1.400E+02 2.70843E-31  0.000E+00 ( 1.837E-16, 1.595E-17) ( 4.848E-16, 4.234E-17)  1.00E-07
  1.405E+02 2.59950E-31  3.314E-04 ( 1.779E-16, 1.555E-17) ( 4.757E-16, 4.181E-17)  1.00E-07
  1.410E+02 2.49458E-31  3.400E-04 ( 1.723E-16, 1.515E-17) ( 4.667E-16, 4.128E-17)  1.00E-07
  1.415E+02 2.39352E-31  3.486E-04 ( 1.669E-16, 1.476E-17) ( 4.578E-16, 4.075E-17)  1.00E-07
  1.420E+02 2.29619E-31  3.584E-04 ( 1.616E-16, 1.438E-17) ( 4.491E-16, 4.021E-17)  1.00E-07
  1.425E+02 2.20243E-31  3.678E-04 ( 1.564E-16, 1.400E-17) ( 4.405E-16, 3.968E-17)  1.00E-07
  1.430E+02 2.11212E-31  3.777E-04 ( 1.514E-16, 1.362E-17) ( 4.320E-16, 3.914E-17)  1.00E-07
  1.435E+02 2.02513E-31  3.871E-04 ( 1.465E-16, 1.326E-17) ( 4.236E-16, 3.861E-17)  1.00E-07
  1.440E+02 1.94133E-31  3.968E-04 ( 1.417E-16, 1.289E-17) ( 4.153E-16, 3.807E-17)  1.00E-07
  1.445E+02 1.86062E-31  4.080E-04 ( 1.370E-16, 1.254E-17) ( 4.071E-16, 3.754E-17)  1.00E-07
  1.450E+02 1.78288E-31  4.185E-04 ( 1.324E-16, 1.219E-17) ( 3.990E-16, 3.700E-17)  1.00E-07
  1.455E+02 1.70799E-31  4.293E-04 ( 1.280E-16, 1.184E-17) ( 3.911E-16, 3.646E-17)  1.00E-07
  1.460E+02 1.63586E-31  4.406E-04 ( 1.237E-16, 1.150E-17) ( 3.832E-16, 3.592E-17)  1.00E-07
  1.465E+02 1.56638E-31  4.516E-04 ( 1.195E-16, 1.117E-17) ( 3.755E-16, 3.538E-17)  1.00E-07
  1.470E+02 1.49945E-31  4.640E-04 ( 1.154E-16, 1.084E-17) ( 3.678E-16, 3.485E-17)  1.00E-07
  1.475E+02 1.43499E-31  4.759E-04 ( 1.114E-16, 1.051E-17) ( 3.603E-16, 3.431E-17)  1.00E-07
  1.480E+02 1.37291E-31  4.895E-04 ( 1.075E-16, 1.019E-17) ( 3.528E-16, 3.377E-17)  1.00E-07
  1.485E+02 1.31311E-31  5.004E-04 ( 1.037E-16, 9.881E-18) ( 3.455E-16, 3.323E-17)  1.00E-07
  1.490E+02 1.25552E-31  5.142E-04 ( 1.000E-16, 9.574E-18) ( 3.382E-16, 3.269E-17)  1.00E-07
  1.495E+02 1.20005E-31  5.280E-04 ( 9.645E-17, 9.272E-18) ( 3.310E-16, 3.215E-17)  1.00E-07
  1.500E+02 1.14663E-31  5.430E-04 ( 9.296E-17, 8.976E-18) ( 3.239E-16, 3.161E-17)  1.00E-07
  1.505E+02 1.09519E-31  5.581E-04 ( 8.956E-17, 8.685E-18) ( 3.169E-16, 3.108E-17)  1.00E-07
  1.510E+02 1.04566E-31  5.721E-04 ( 8.626E-17, 8.399E-18) ( 3.100E-16, 3.054E-17)  1.00E-07
  1.515E+02 9.97956E-32  5.877E-04 ( 8.304E-17, 8.119E-18) ( 3.032E-16, 3.000E-17)  1.00E-07
  1.520E+02 9.52029E-32  6.044E-04 ( 7.991E-17, 7.844E-18) ( 2.965E-16, 2.946E-17)  1.00E-07
  1.525E+02 9.07809E-32  6.194E-04 ( 7.687E-17, 7.575E-18) ( 2.898E-16, 2.892E-17)  1.00E-07
  1.530E+02 8.65239E-32  6.373E-04 ( 7.391E-17, 7.311E-18) ( 2.832E-16, 2.838E-17)  1.00E-07
  1.535E+02 8.24258E-32  6.541E-04 ( 7.104E-17, 7.052E-18) ( 2.767E-16, 2.785E-17)  1.00E-07
  1.540E+02 7.84812E-32  6.742E-04 ( 6.824E-17, 6.798E-18) ( 2.702E-16, 2.731E-17)  1.00E-07
  1.545E+02 7.46848E-32  6.918E-04 ( 6.553E-17, 6.550E-18) ( 2.639E-16, 2.677E-17)  1.00E-07
  1.550E+02 7.10313E-32  7.107E-04 ( 6.289E-17, 6.308E-18) ( 2.576E-16, 2.624E-17)  1.00E-07
  1.555E+02 6.75157E-32  7.324E-04 ( 6.032E-17, 6.070E-18) ( 2.514E-16, 2.570E-17)  1.00E-07
  1.560E+02 6.41335E-32  7.518E-04 ( 5.783E-17, 5.838E-18) ( 2.452E-16, 2.517E-17)  1.00E-07
  1.565E+02 6.08799E-32  7.722E-04 ( 5.542E-17, 5.611E-18) ( 2.391E-16, 2.463E-17)  1.00E-07
  1.570E+02 5.77504E-32  7.983E-04 ( 5.307E-17, 5.389E-18) ( 2.331E-16, 2.410E-17)  1.00E-07
  1.575E+02 5.47412E-32  8.210E-04 ( 5.080E-17, 5.172E-18) ( 2.271E-16, 2.356E-17)  1.00E-07
  1.580E+02 5.18479E-32  8.455E-04 ( 4.859E-17, 4.960E-18) ( 2.212E-16, 2.303E-17)  1.00E-07
  1.585E+02 4.90668E-32  8.725E-04 ( 4.646E-17, 4.753E-18) ( 2.154E-16, 2.250E-17)  1.00E-07
  1.590E+02 4.63940E-32  8.987E-04 ( 4.438E-17, 4.552E-18) ( 2.096E-16, 2.196E-17)  1.00E-07
  1.595E+02 4.38260E-32  9.254E-04 ( 4.238E-17, 4.356E-18) ( 2.038E-16, 2.143E-17)  1.00E-07
  1.600E+02 4.13594E-32  9.564E-04 ( 4.043E-17, 4.164E-18) ( 1.982E-16, 2.090E-17)  1.00E-07
  1.605E+02 3.89908E-32  9.868E-04 ( 3.855E-17, 3.978E-18) ( 1.925E-16, 2.037E-17)  1.00E-07
  1.610E+02 3.67172E-32  1.022E-03 ( 3.673E-17, 3.797E-18) ( 1.870E-16, 1.984E-17)  1.00E-07
  1.615E+02 3.45354E-32  1.051E-03 ( 3.497E-17, 3.621E-18) ( 1.815E-16, 1.931E-17)  1.00E-07
  1.620E+02 3.24426E-32  1.087E-03 ( 3.327E-17, 3.450E-18) ( 1.760E-16, 1.878E-17)  1.00E-07
  1.625E+02 3.04360E-32  1.127E-03 ( 3.162E-17, 3.283E-18) ( 1.706E-16, 1.825E-17)  1.00E-07
  1.630E+02 2.85129E-32  1.163E-03 ( 3.004E-17, 3.122E-18) ( 1.652E-16, 1.772E-17)  1.00E-07
  1.635E+02 2.66707E-32  1.206E-03 ( 2.851E-17, 2.966E-18) ( 1.599E-16, 1.720E-17)  1.00E-07
  1.640E+02 2.49071E-32  1.246E-03 ( 2.703E-17, 2.814E-18) ( 1.546E-16, 1.667E-17)  1.00E-07
  1.645E+02 2.32197E-32  1.294E-03 ( 2.561E-17, 2.668E-18) ( 1.493E-16, 1.614E-17)  1.00E-07
  1.650E+02 2.16062E-32  1.351E-03 ( 2.424E-17, 2.525E-18) ( 1.441E-16, 1.562E-17)  1.00E-07
  1.655E+02 2.00646E-32  1.400E-03 ( 2.293E-17, 2.389E-18) ( 1.389E-16, 1.509E-17)  1.00E-07
  1.660E+02 1.85927E-32  1.457E-03 ( 2.166E-17, 2.256E-18) ( 1.338E-16, 1.456E-17)  1.00E-07
  1.665E+02 1.71887E-32  1.509E-03 ( 2.045E-17, 2.130E-18) ( 1.287E-16, 1.404E-17)  1.00E-07
  1.670E+02 1.58506E-32  1.578E-03 ( 1.929E-17, 2.007E-18) ( 1.237E-16, 1.351E-17)  1.00E-07
  1.675E+02 1.45768E-32  1.653E-03 ( 1.818E-17, 1.889E-18) ( 1.186E-16, 1.299E-17)  1.00E-07
  1.680E+02 1.33656E-32  1.721E-03 ( 1.711E-17, 1.776E-18) ( 1.136E-16, 1.247E-17)  1.00E-07
  1.685E+02 1.22153E-32  1.809E-03 ( 1.610E-17, 1.668E-18) ( 1.087E-16, 1.194E-17)  1.00E-07
  1.690E+02 1.11246E-32  1.888E-03 ( 1.513E-17, 1.564E-18) ( 1.037E-16, 1.142E-17)  1.00E-07
  1.695E+02 1.00917E-32  1.988E-03 ( 1.421E-17, 1.466E-18) ( 9.884E-17, 1.090E-17)  1.00E-07
  1.700E+02 9.11565E-33  2.099E-03 ( 1.334E-17, 1.371E-18) ( 9.396E-17, 1.038E-17)  1.00E-07
  1.705E+02 8.19497E-33  2.212E-03 ( 1.251E-17, 1.282E-18) ( 8.911E-17, 9.856E-18)  1.00E-07
  1.710E+02 7.32842E-33  2.333E-03 ( 1.172E-17, 1.197E-18) ( 8.428E-17, 9.336E-18)  1.00E-07
  1.715E+02 6.51497E-33  2.484E-03 ( 1.099E-17, 1.117E-18) ( 7.947E-17, 8.815E-18)  1.00E-07
  1.720E+02 5.75350E-33  2.640E-03 ( 1.029E-17, 1.042E-18) ( 7.468E-17, 8.294E-18)  1.00E-07
  1.725E+02 5.04302E-33  2.812E-03 ( 9.645E-18, 9.710E-19) ( 6.992E-17, 7.774E-18)  1.00E-07
  1.730E+02 4.38257E-33  3.032E-03 ( 9.040E-18, 9.044E-19) ( 6.517E-17, 7.255E-18)  1.00E-07
  1.735E+02 3.77140E-33  3.264E-03 ( 8.478E-18, 8.429E-19) ( 6.044E-17, 6.735E-18)  1.00E-07
  1.740E+02 3.20860E-33  3.549E-03 ( 7.959E-18, 7.856E-19) ( 5.573E-17, 6.216E-18)  1.00E-07
  1.745E+02 2.69349E-33  3.862E-03 ( 7.482E-18, 7.334E-19) ( 5.103E-17, 5.698E-18)  1.00E-07
  1.750E+02 2.22539E-33  4.259E-03 ( 7.049E-18, 6.853E-19) ( 4.635E-17, 5.179E-18)  1.00E-07
  1.755E+02 1.80368E-33  4.732E-03 ( 6.657E-18, 6.420E-19) ( 4.168E-17, 4.660E-18)  1.00E-07
  1.760E+02 1.42785E-33  5.324E-03 ( 6.307E-18, 6.030E-19) ( 3.702E-17, 4.142E-18)  1.00E-07
  1.765E+02 1.09738E-33  6.043E-03 ( 5.999E-18, 5.690E-19) ( 3.237E-17, 3.623E-18)  1.00E-07
  1.770E+02 8.11788E-34  6.963E-03 ( 5.732E-18, 5.400E-19) ( 2.773E-17, 3.106E-18)  1.22E-07
  1.775E+02 5.70776E-34  8.194E-03 ( 5.506E-18, 5.156E-19) ( 2.310E-17, 2.588E-18)  1.57E-07
  1.780E+02 3.73995E-34  1.006E-02 ( 5.322E-18, 4.948E-19) ( 1.847E-17, 2.071E-18)  2.28E-07
  1.785E+02 2.21241E-34  1.278E-02 ( 5.179E-18, 4.786E-19) ( 1.385E-17, 1.553E-18)  3.09E-07
  1.790E+02 1.12249E-34  1.680E-02 ( 5.076E-18, 4.674E-19) ( 9.230E-18, 1.036E-18)  4.41E-07
  1.795E+02 4.69308E-35  2.012E-02 ( 5.016E-18, 4.600E-19) ( 4.615E-18, 5.173E-19)  1.39E-06
  1.800E+02 2.51295E-35  0.000E+00 ( 4.992E-18, 4.617E-19) ( 6.454E-32, 7.497E-33)  1.02E-05

  **** DPWA0 ended ************************************************************

