 #
 # Differential cross section:               MU=(1-COS(THETA))/2
 #
 #  THETA        MU          DCS          DCS        Sherman
 #  (deg)                 (cm**2/sr)   (a0**2/sr)    function
 #--------------------------------------------------------------
  0.000E+00  0.00000E+00  1.30798E-12  4.67089E+04  0.00000E+00
  1.000E-04  7.61557E-13  1.30795E-12  4.67076E+04  0.00000E+00
  1.250E-04  1.18994E-12  1.30793E-12  4.67069E+04  0.00000E+00
  1.500E-04  1.71346E-12  1.30790E-12  4.67061E+04  0.00000E+00
  1.750E-04  2.33225E-12  1.30787E-12  4.67051E+04  0.00000E+00
  2.000E-04  3.04617E-12  1.30784E-12  4.67039E+04  0.00000E+00
  2.250E-04  3.85530E-12  1.30780E-12  4.67026E+04  0.00000E+00
  2.500E-04  4.75964E-12  1.30776E-12  4.67011E+04  0.00000E+00
  2.750E-04  5.75917E-12  1.30772E-12  4.66994E+04  0.00000E+00
  3.000E-04  6.85391E-12  1.30767E-12  4.66976E+04  0.00000E+00
  3.250E-04  8.04379E-12  1.30761E-12  4.66957E+04  0.00000E+00
  3.500E-04  9.32893E-12  1.30755E-12  4.66936E+04  0.00000E+00
  3.750E-04  1.07092E-11  1.30749E-12  4.66913E+04  0.00000E+00
  4.000E-04  1.21847E-11  1.30742E-12  4.66889E+04  0.00000E+00
  4.250E-04  1.37554E-11  1.30735E-12  4.66863E+04  0.00000E+00
  4.500E-04  1.54213E-11  1.30727E-12  4.66836E+04  0.00000E+00
  4.750E-04  1.71823E-11  1.30719E-12  4.66807E+04  0.00000E+00
  5.000E-04  1.90386E-11  1.30711E-12  4.66777E+04  0.00000E+00
  5.250E-04  2.09900E-11  1.30702E-12  4.66745E+04  0.00000E+00
  5.500E-04  2.30367E-11  1.30692E-12  4.66711E+04  0.00000E+00
  5.750E-04  2.51785E-11  1.30683E-12  4.66676E+04  0.00000E+00
  6.000E-04  2.74156E-11  1.30672E-12  4.66639E+04  0.00000E+00
  6.250E-04  2.97478E-11  1.30662E-12  4.66601E+04  0.00000E+00
  6.500E-04  3.21752E-11  1.30651E-12  4.66562E+04  0.00000E+00
  6.750E-04  3.46979E-11  1.30639E-12  4.66520E+04  0.00000E+00
  7.000E-04  3.73157E-11  1.30627E-12  4.66478E+04  0.00000E+00
  7.250E-04  4.00286E-11  1.30615E-12  4.66433E+04  0.00000E+00
  7.500E-04  4.28368E-11  1.30602E-12  4.66387E+04  0.00000E+00
  7.750E-04  4.57402E-11  1.30588E-12  4.66340E+04  0.00000E+00
  8.000E-04  4.87388E-11  1.30575E-12  4.66291E+04  0.00000E+00
  8.250E-04  5.18325E-11  1.30561E-12  4.66240E+04  0.00000E+00
  8.500E-04  5.50215E-11  1.30546E-12  4.66188E+04  0.00000E+00
  8.750E-04  5.83057E-11  1.30531E-12  4.66135E+04  0.00000E+00
  9.000E-04  6.16850E-11  1.30516E-12  4.66080E+04  0.00000E+00
  9.250E-04  6.51595E-11  1.30500E-12  4.66023E+04  0.00000E+00
  9.500E-04  6.87293E-11  1.30483E-12  4.65965E+04  0.00000E+00
  9.750E-04  7.23943E-11  1.30467E-12  4.65905E+04  0.00000E+00
  1.000E-03  7.61544E-11  1.30449E-12  4.65844E+04  0.00000E+00
  1.250E-03  1.18991E-10  1.30254E-12  4.65146E+04  0.00000E+00
  1.500E-03  1.71347E-10  1.30016E-12  4.64297E+04  0.00000E+00
  1.750E-03  2.33223E-10  1.29736E-12  4.63297E+04  0.00000E+00
  2.000E-03  3.04617E-10  1.29415E-12  4.62148E+04  0.00000E+00
  2.250E-03  3.85531E-10  1.29052E-12  4.60853E+04  0.00000E+00
  2.500E-03  4.75965E-10  1.28649E-12  4.59414E+04  0.00000E+00
  2.750E-03  5.75917E-10  1.28206E-12  4.57833E+04  0.00000E+00
  3.000E-03  6.85389E-10  1.27725E-12  4.56113E+04  0.00000E+00
  3.250E-03  8.04380E-10  1.27205E-12  4.54258E+04  0.00000E+00
  3.500E-03  9.32891E-10  1.26648E-12  4.52270E+04  0.00000E+00
  3.750E-03  1.07092E-09  1.26056E-12  4.50153E+04  0.00000E+00
  4.000E-03  1.21847E-09  1.25428E-12  4.47912E+04  0.00000E+00
  4.250E-03  1.37554E-09  1.24766E-12  4.45549E+04  0.00000E+00
  4.500E-03  1.54213E-09  1.24072E-12  4.43068E+04  0.00000E+00
  4.750E-03  1.71823E-09  1.23345E-12  4.40475E+04  0.00000E+00
  5.000E-03  1.90386E-09  1.22589E-12  4.37772E+04  0.00000E+00
  5.250E-03  2.09900E-09  1.21802E-12  4.34964E+04  0.00000E+00
  5.500E-03  2.30367E-09  1.20983E-12  4.32040E+04  0.00000E+00
  5.750E-03  2.51785E-09  1.20140E-12  4.29028E+04  0.00000E+00
  6.000E-03  2.74156E-09  1.19274E-12  4.25934E+04  0.00000E+00
  6.250E-03  2.97478E-09  1.18385E-12  4.22762E+04  0.00000E+00
  6.500E-03  3.21752E-09  1.17477E-12  4.19518E+04  0.00000E+00
  6.750E-03  3.46978E-09  1.16537E-12  4.16163E+04  0.00000E+00
  7.000E-03  3.73156E-09  1.15579E-12  4.12738E+04  0.00000E+00
  7.250E-03  4.00286E-09  1.14604E-12  4.09257E+04  0.00000E+00
  7.500E-03  4.28368E-09  1.13615E-12  4.05725E+04  0.00000E+00
  7.750E-03  4.57402E-09  1.12612E-12  4.02146E+04  0.00000E+00
  8.000E-03  4.87388E-09  1.11587E-12  3.98485E+04  0.00000E+00
  8.250E-03  5.18326E-09  1.10545E-12  3.94765E+04  0.00000E+00
  8.500E-03  5.50215E-09  1.09495E-12  3.91013E+04  0.00000E+00
  8.750E-03  5.83057E-09  1.08437E-12  3.87235E+04  0.00000E+00
  9.000E-03  6.16850E-09  1.07372E-12  3.83434E+04  0.00000E+00
  9.250E-03  6.51596E-09  1.06295E-12  3.79585E+04  0.00000E+00
  9.500E-03  6.87293E-09  1.05201E-12  3.75681E+04  0.00000E+00
  9.750E-03  7.23942E-09  1.04106E-12  3.71768E+04  0.00000E+00
  1.000E-02  7.61544E-09  1.03009E-12  3.67850E+04  0.00000E+00
  1.250E-02  1.18991E-08  9.19427E-13  3.28333E+04  0.00000E+00
  1.500E-02  1.71347E-08  8.12781E-13  2.90249E+04  0.00000E+00
  1.750E-02  2.33223E-08  7.15177E-13  2.55394E+04  0.00000E+00
  2.000E-02  3.04617E-08  6.28712E-13  2.24517E+04  0.00000E+00
  2.250E-02  3.85531E-08  5.53555E-13  1.97678E+04  0.00000E+00
  2.500E-02  4.75965E-08  4.88836E-13  1.74566E+04  0.00000E+00
  2.750E-02  5.75917E-08  4.33258E-13  1.54719E+04  0.00000E+00
  3.000E-02  6.85389E-08  3.85435E-13  1.37641E+04  0.00000E+00
  3.250E-02  8.04380E-08  3.44123E-13  1.22889E+04  0.00000E+00
  3.500E-02  9.32891E-08  3.08280E-13  1.10089E+04  0.00000E+00
  3.750E-02  1.07092E-07  2.77011E-13  9.89224E+03  0.00000E+00
  4.000E-02  1.21847E-07  2.49585E-13  8.91284E+03  0.00000E+00
  4.250E-02  1.37554E-07  2.25409E-13  8.04950E+03  0.00000E+00
  4.500E-02  1.54213E-07  2.04000E-13  7.28498E+03  0.00000E+00
  4.750E-02  1.71823E-07  1.84966E-13  6.60526E+03  0.00000E+00
  5.000E-02  1.90386E-07  1.67983E-13  5.99878E+03  0.00000E+00
  5.250E-02  2.09900E-07  1.52616E-13  5.45003E+03  0.00000E+00
  5.500E-02  2.30367E-07  1.37618E-13  4.91444E+03  0.00000E+00
  5.750E-02  2.51785E-07  1.24897E-13  4.46017E+03  0.00000E+00
  6.000E-02  2.74156E-07  1.14037E-13  4.07234E+03  0.00000E+00
  6.250E-02  2.97478E-07  1.04708E-13  3.73919E+03  0.00000E+00
  6.500E-02  3.21752E-07  9.66467E-14  3.45132E+03  0.00000E+00
  6.750E-02  3.46978E-07  8.80027E-14  3.14263E+03  0.00000E+00
  7.000E-02  3.73156E-07  8.02927E-14  2.86731E+03  0.00000E+00
  7.250E-02  4.00286E-07  7.35952E-14  2.62813E+03  0.00000E+00
  7.500E-02  4.28368E-07  6.77486E-14  2.41935E+03  0.00000E+00
  7.750E-02  4.57402E-07  6.26213E-14  2.23625E+03  0.00000E+00
  8.000E-02  4.87388E-07  5.75242E-14  2.05422E+03  0.00000E+00
  8.250E-02  5.18325E-07  5.27386E-14  1.88333E+03  0.00000E+00
  8.500E-02  5.50215E-07  4.85219E-14  1.73275E+03  0.00000E+00
  8.750E-02  5.83057E-07  4.47921E-14  1.59956E+03  0.00000E+00
  9.000E-02  6.16850E-07  4.14811E-14  1.48132E+03  0.00000E+00
  9.250E-02  6.51596E-07  3.83547E-14  1.36967E+03  0.00000E+00
  9.500E-02  6.87293E-07  3.53346E-14  1.26182E+03  0.00000E+00
  9.750E-02  7.23942E-07  3.26416E-14  1.16565E+03  0.00000E+00
  1.000E-01  7.61543E-07  3.02332E-14  1.07965E+03  0.00000E+00
  1.250E-01  1.18991E-06  1.46789E-14  5.24193E+02  0.00000E+00
  1.500E-01  1.71347E-06  7.77225E-15  2.77552E+02  0.00000E+00
  1.750E-01  2.33223E-06  4.46880E-15  1.59584E+02  0.00000E+00
  2.000E-01  3.04617E-06  2.76079E-15  9.85896E+01  0.00000E+00
  2.250E-01  3.85531E-06  1.80888E-15  6.45964E+01  0.00000E+00
  2.500E-01  4.75964E-06  1.24154E-15  4.43361E+01  0.00000E+00
  2.750E-01  5.75916E-06  8.83540E-16  3.15518E+01  0.00000E+00
  3.000E-01  6.85388E-06  6.46891E-16  2.31009E+01  0.00000E+00
  3.250E-01  8.04378E-06  4.84657E-16  1.73074E+01  0.00000E+00
  3.500E-01  9.32888E-06  3.70053E-16  1.32148E+01  0.00000E+00
  3.750E-01  1.07092E-05  2.87092E-16  1.02522E+01  0.00000E+00
  4.000E-01  1.21846E-05  2.25848E-16  8.06517E+00  0.00000E+00
  4.250E-01  1.37553E-05  1.79891E-16  6.42404E+00  0.00000E+00
  4.500E-01  1.54212E-05  1.44907E-16  5.17471E+00  0.00000E+00
  4.750E-01  1.71822E-05  1.17923E-16  4.21111E+00  0.00000E+00
  5.000E-01  1.90385E-05  9.68585E-17  3.45888E+00  0.00000E+00
  5.250E-01  2.09899E-05  8.02549E-17  2.86595E+00  0.00000E+00
  5.500E-01  2.30365E-05  6.70064E-17  2.39284E+00  0.00000E+00
  5.750E-01  2.51783E-05  5.64168E-17  2.01468E+00  0.00000E+00
  6.000E-01  2.74153E-05  4.77880E-17  1.70654E+00  0.00000E+00
  6.250E-01  2.97475E-05  4.07657E-17  1.45577E+00  0.00000E+00
  6.500E-01  3.21749E-05  3.49701E-17  1.24881E+00  0.00000E+00
  6.750E-01  3.46974E-05  3.01778E-17  1.07767E+00  0.00000E+00
  7.000E-01  3.73152E-05  2.61756E-17  9.34747E-01  0.00000E+00
  7.250E-01  4.00281E-05  2.28204E-17  8.14931E-01  0.00000E+00
  7.500E-01  4.28362E-05  1.99853E-17  7.13689E-01  0.00000E+00
  7.750E-01  4.57395E-05  1.75796E-17  6.27778E-01  0.00000E+00
  8.000E-01  4.87380E-05  1.55255E-17  5.54424E-01  0.00000E+00
  8.250E-01  5.18317E-05  1.37640E-17  4.91523E-01  0.00000E+00
  8.500E-01  5.50205E-05  1.22460E-17  4.37314E-01  0.00000E+00
  8.750E-01  5.83045E-05  1.09324E-17  3.90403E-01  0.00000E+00
  9.000E-01  6.16838E-05  9.79104E-18  3.49644E-01  0.00000E+00
  9.250E-01  6.51582E-05  8.79530E-18  3.14086E-01  0.00000E+00
  9.500E-01  6.87277E-05  7.92380E-18  2.82964E-01  0.00000E+00
  9.750E-01  7.23925E-05  7.15783E-18  2.55611E-01  0.00000E+00
  1.000E+00  7.61524E-05  6.48288E-18  2.31508E-01  0.00000E+00
  1.100E+00  9.21439E-05  4.46405E-18  1.59414E-01  0.00000E+00
  1.200E+00  1.09658E-04  3.17456E-18  1.13365E-01  0.00000E+00
  1.300E+00  1.28695E-04  2.31938E-18  8.28265E-02  0.00000E+00
  1.400E+00  1.49255E-04  1.73384E-18  6.19165E-02  0.00000E+00
  1.500E+00  1.71338E-04  1.32202E-18  4.72103E-02  0.00000E+00
  1.600E+00  1.94942E-04  1.02550E-18  3.66211E-02  0.00000E+00
  1.700E+00  2.20070E-04  8.07609E-19  2.88402E-02  0.00000E+00
  1.800E+00  2.46720E-04  6.44609E-19  2.30194E-02  0.00000E+00
  1.900E+00  2.74892E-04  5.20706E-19  1.85947E-02  0.00000E+00
  2.000E+00  3.04586E-04  4.25179E-19  1.51834E-02  0.00000E+00
  2.100E+00  3.35803E-04  3.50572E-19  1.25191E-02  0.00000E+00
  2.200E+00  3.68542E-04  2.91627E-19  1.04142E-02  0.00000E+00
  2.300E+00  4.02802E-04  2.44561E-19  8.73343E-03  0.00000E+00
  2.400E+00  4.38585E-04  2.06614E-19  7.37830E-03  0.00000E+00
  2.500E+00  4.75889E-04  1.75748E-19  6.27607E-03  0.00000E+00
  2.600E+00  5.14715E-04  1.50435E-19  5.37214E-03  0.00000E+00
  2.700E+00  5.55063E-04  1.29520E-19  4.62525E-03  0.00000E+00
  2.800E+00  5.96931E-04  1.12117E-19  4.00378E-03  0.00000E+00
  2.900E+00  6.40321E-04  9.75419E-20  3.48328E-03  0.00000E+00
  3.000E+00  6.85233E-04  8.52608E-20  3.04472E-03  0.00000E+00
  3.100E+00  7.31665E-04  7.48538E-20  2.67308E-03  0.00000E+00
  3.200E+00  7.79618E-04  6.59883E-20  2.35648E-03  0.00000E+00
  3.300E+00  8.29092E-04  5.83980E-20  2.08543E-03  0.00000E+00
  3.400E+00  8.80086E-04  5.18691E-20  1.85228E-03  0.00000E+00
  3.500E+00  9.32601E-04  4.62285E-20  1.65085E-03  0.00000E+00
  3.600E+00  9.86636E-04  4.13348E-20  1.47609E-03  0.00000E+00
  3.700E+00  1.04219E-03  3.70725E-20  1.32388E-03  0.00000E+00
  3.800E+00  1.09927E-03  3.33464E-20  1.19082E-03  0.00000E+00
  3.900E+00  1.15786E-03  3.00774E-20  1.07408E-03  0.00000E+00
  4.000E+00  1.21797E-03  2.71998E-20  9.71323E-04  0.00000E+00
  4.100E+00  1.27961E-03  2.46588E-20  8.80581E-04  0.00000E+00
  4.200E+00  1.34276E-03  2.24081E-20  8.00207E-04  0.00000E+00
  4.300E+00  1.40743E-03  2.04088E-20  7.28811E-04  0.00000E+00
  4.400E+00  1.47362E-03  1.86280E-20  6.65216E-04  0.00000E+00
  4.500E+00  1.54133E-03  1.70375E-20  6.08420E-04  0.00000E+00
  4.600E+00  1.61056E-03  1.56135E-20  5.57569E-04  0.00000E+00
  4.700E+00  1.68131E-03  1.43355E-20  5.11930E-04  0.00000E+00
  4.800E+00  1.75357E-03  1.31859E-20  4.70876E-04  0.00000E+00
  4.900E+00  1.82735E-03  1.21494E-20  4.33864E-04  0.00000E+00
  5.000E+00  1.90265E-03  1.12130E-20  4.00425E-04  0.00000E+00
  5.100E+00  1.97947E-03  1.03653E-20  3.70153E-04  0.00000E+00
  5.200E+00  2.05780E-03  9.59642E-21  3.42694E-04  0.00000E+00
  5.300E+00  2.13765E-03  8.89765E-21  3.17741E-04  0.00000E+00
  5.400E+00  2.21902E-03  8.26149E-21  2.95023E-04  0.00000E+00
  5.500E+00  2.30190E-03  7.68131E-21  2.74304E-04  0.00000E+00
  5.600E+00  2.38630E-03  7.15130E-21  2.55378E-04  0.00000E+00
  5.700E+00  2.47222E-03  6.66633E-21  2.38059E-04  0.00000E+00
  5.800E+00  2.55965E-03  6.22189E-21  2.22188E-04  0.00000E+00
  5.900E+00  2.64859E-03  5.81397E-21  2.07621E-04  0.00000E+00
  6.000E+00  2.73905E-03  5.43902E-21  1.94231E-04  0.00000E+00
  6.100E+00  2.83103E-03  5.09390E-21  1.81907E-04  0.00000E+00
  6.200E+00  2.92452E-03  4.77580E-21  1.70547E-04  0.00000E+00
  6.300E+00  3.01952E-03  4.48221E-21  1.60063E-04  0.00000E+00
  6.400E+00  3.11604E-03  4.21091E-21  1.50374E-04  0.00000E+00
  6.500E+00  3.21407E-03  3.95988E-21  1.41410E-04  0.00000E+00
  6.600E+00  3.31362E-03  3.72733E-21  1.33105E-04  0.00000E+00
  6.700E+00  3.41468E-03  3.51166E-21  1.25404E-04  0.00000E+00
  6.800E+00  3.51725E-03  3.31141E-21  1.18253E-04  0.00000E+00
  6.900E+00  3.62133E-03  3.12528E-21  1.11606E-04  0.00000E+00
  7.000E+00  3.72692E-03  2.95208E-21  1.05421E-04  0.00000E+00
  7.100E+00  3.83403E-03  2.79075E-21  9.96596E-05  0.00000E+00
  7.200E+00  3.94265E-03  2.64033E-21  9.42880E-05  0.00000E+00
  7.300E+00  4.05278E-03  2.49995E-21  8.92747E-05  0.00000E+00
  7.400E+00  4.16442E-03  2.36880E-21  8.45912E-05  0.00000E+00
  7.500E+00  4.27757E-03  2.24616E-21  8.02120E-05  0.00000E+00
  7.600E+00  4.39223E-03  2.13139E-21  7.61134E-05  0.00000E+00
  7.700E+00  4.50840E-03  2.02388E-21  7.22742E-05  0.00000E+00
  7.800E+00  4.62608E-03  1.92309E-21  6.86748E-05  0.00000E+00
  7.900E+00  4.74527E-03  1.82852E-21  6.52975E-05  0.00000E+00
  8.000E+00  4.86597E-03  1.73971E-21  6.21261E-05  0.00000E+00
  8.100E+00  4.98817E-03  1.65624E-21  5.91455E-05  0.00000E+00
  8.200E+00  5.11188E-03  1.57774E-21  5.63423E-05  0.00000E+00
  8.300E+00  5.23711E-03  1.50386E-21  5.37037E-05  0.00000E+00
  8.400E+00  5.36383E-03  1.43426E-21  5.12184E-05  0.00000E+00
  8.500E+00  5.49207E-03  1.36866E-21  4.88757E-05  0.00000E+00
  8.600E+00  5.62181E-03  1.30678E-21  4.66660E-05  0.00000E+00
  8.700E+00  5.75306E-03  1.24837E-21  4.45802E-05  0.00000E+00
  8.800E+00  5.88581E-03  1.19320E-21  4.26101E-05  0.00000E+00
  8.900E+00  6.02007E-03  1.14106E-21  4.07481E-05  0.00000E+00
  9.000E+00  6.15583E-03  1.09175E-21  3.89871E-05  0.00000E+00
  9.100E+00  6.29310E-03  1.04508E-21  3.73205E-05  0.00000E+00
  9.200E+00  6.43187E-03  1.00089E-21  3.57424E-05  0.00000E+00
  9.300E+00  6.57214E-03  9.59020E-22  3.42472E-05  0.00000E+00
  9.400E+00  6.71392E-03  9.19325E-22  3.28297E-05  0.00000E+00
  9.500E+00  6.85720E-03  8.81672E-22  3.14851E-05  0.00000E+00
  9.600E+00  7.00198E-03  8.45934E-22  3.02089E-05  0.00000E+00
  9.700E+00  7.14827E-03  8.11997E-22  2.89969E-05  0.00000E+00
  9.800E+00  7.29605E-03  7.79751E-22  2.78454E-05  0.00000E+00
  9.900E+00  7.44534E-03  7.49098E-22  2.67508E-05  0.00000E+00
  1.000E+01  7.59612E-03  7.19942E-22  2.57096E-05  0.00000E+00
  1.025E+01  7.97965E-03  6.53048E-22  2.33208E-05  0.00000E+00
  1.050E+01  8.37255E-03  5.93778E-22  2.12042E-05  0.00000E+00
  1.075E+01  8.77480E-03  5.41109E-22  1.93234E-05  0.00000E+00
  1.100E+01  9.18641E-03  4.94177E-22  1.76474E-05  0.00000E+00
  1.125E+01  9.60736E-03  4.52245E-22  1.61500E-05  0.00000E+00
  1.150E+01  1.00376E-02  4.14688E-22  1.48088E-05  0.00000E+00
  1.175E+01  1.04773E-02  3.80966E-22  1.36046E-05  0.00000E+00
  1.200E+01  1.09262E-02  3.50619E-22  1.25208E-05  0.00000E+00
  1.225E+01  1.13844E-02  3.23247E-22  1.15434E-05  0.00000E+00
  1.250E+01  1.18520E-02  2.98508E-22  1.06599E-05  0.00000E+00
  1.275E+01  1.23288E-02  2.76101E-22  9.85975E-06  0.00000E+00
  1.300E+01  1.28150E-02  2.55768E-22  9.13362E-06  0.00000E+00
  1.325E+01  1.33104E-02  2.37281E-22  8.47345E-06  0.00000E+00
  1.350E+01  1.38150E-02  2.20442E-22  7.87213E-06  0.00000E+00
  1.375E+01  1.43290E-02  2.05078E-22  7.32348E-06  0.00000E+00
  1.400E+01  1.48521E-02  1.91036E-22  6.82203E-06  0.00000E+00
  1.425E+01  1.53845E-02  1.78182E-22  6.36299E-06  0.00000E+00
  1.450E+01  1.59262E-02  1.66396E-22  5.94210E-06  0.00000E+00
  1.475E+01  1.64770E-02  1.55573E-22  5.55561E-06  0.00000E+00
  1.500E+01  1.70371E-02  1.45620E-22  5.20020E-06  0.00000E+00
  1.525E+01  1.76063E-02  1.36455E-22  4.87290E-06  0.00000E+00
  1.550E+01  1.81848E-02  1.28003E-22  4.57108E-06  0.00000E+00
  1.575E+01  1.87724E-02  1.20199E-22  4.29239E-06  0.00000E+00
  1.600E+01  1.93692E-02  1.12984E-22  4.03472E-06  0.00000E+00
  1.625E+01  1.99751E-02  1.06304E-22  3.79620E-06  0.00000E+00
  1.650E+01  2.05901E-02  1.00114E-22  3.57514E-06  0.00000E+00
  1.675E+01  2.12143E-02  9.43701E-23  3.37002E-06  0.00000E+00
  1.700E+01  2.18476E-02  8.90343E-23  3.17947E-06  0.00000E+00
  1.725E+01  2.24900E-02  8.40722E-23  3.00227E-06  0.00000E+00
  1.750E+01  2.31415E-02  7.94529E-23  2.83731E-06  0.00000E+00
  1.775E+01  2.38021E-02  7.51481E-23  2.68359E-06  0.00000E+00
  1.800E+01  2.44717E-02  7.11324E-23  2.54018E-06  0.00000E+00
  1.825E+01  2.51504E-02  6.73828E-23  2.40628E-06  0.00000E+00
  1.850E+01  2.58382E-02  6.38783E-23  2.28113E-06  0.00000E+00
  1.875E+01  2.65349E-02  6.05998E-23  2.16406E-06  0.00000E+00
  1.900E+01  2.72407E-02  5.75301E-23  2.05444E-06  0.00000E+00
  1.925E+01  2.79555E-02  5.46533E-23  1.95170E-06  0.00000E+00
  1.950E+01  2.86793E-02  5.19550E-23  1.85535E-06  0.00000E+00
  1.975E+01  2.94120E-02  4.94220E-23  1.76489E-06  0.00000E+00
  2.000E+01  3.01537E-02  4.70422E-23  1.67991E-06  0.00000E+00
  2.025E+01  3.09043E-02  4.48048E-23  1.60001E-06  0.00000E+00
  2.050E+01  3.16639E-02  4.26994E-23  1.52482E-06  0.00000E+00
  2.075E+01  3.24324E-02  4.07168E-23  1.45402E-06  0.00000E+00
  2.100E+01  3.32098E-02  3.88486E-23  1.38731E-06  0.00000E+00
  2.125E+01  3.39961E-02  3.70868E-23  1.32439E-06  0.00000E+00
  2.150E+01  3.47912E-02  3.54242E-23  1.26502E-06  0.00000E+00
  2.175E+01  3.55952E-02  3.38543E-23  1.20896E-06  0.00000E+00
  2.200E+01  3.64081E-02  3.23707E-23  1.15598E-06  0.00000E+00
  2.225E+01  3.72297E-02  3.09679E-23  1.10588E-06  0.00000E+00
  2.250E+01  3.80602E-02  2.96406E-23  1.05849E-06  0.00000E+00
  2.275E+01  3.88995E-02  2.83840E-23  1.01361E-06  0.00000E+00
  2.300E+01  3.97476E-02  2.71936E-23  9.71102E-07  0.00000E+00
  2.325E+01  4.06044E-02  2.60652E-23  9.30807E-07  0.00000E+00
  2.350E+01  4.14700E-02  2.49951E-23  8.92590E-07  0.00000E+00
  2.375E+01  4.23443E-02  2.39795E-23  8.56322E-07  0.00000E+00
  2.400E+01  4.32273E-02  2.30152E-23  8.21886E-07  0.00000E+00
  2.425E+01  4.41190E-02  2.20990E-23  7.89171E-07  0.00000E+00
  2.450E+01  4.50194E-02  2.12282E-23  7.58074E-07  0.00000E+00
  2.475E+01  4.59284E-02  2.04001E-23  7.28501E-07  0.00000E+00
  2.500E+01  4.68461E-02  1.96121E-23  7.00361E-07  0.00000E+00
  2.550E+01  4.87074E-02  1.81475E-23  6.48057E-07  0.00000E+00
  2.600E+01  5.06030E-02  1.68175E-23  6.00563E-07  0.00000E+00
  2.650E+01  5.25328E-02  1.56076E-23  5.57356E-07  0.00000E+00
  2.700E+01  5.44967E-02  1.45049E-23  5.17978E-07  0.00000E+00
  2.750E+01  5.64946E-02  1.34981E-23  4.82028E-07  0.00000E+00
  2.800E+01  5.85262E-02  1.25775E-23  4.49151E-07  0.00000E+00
  2.850E+01  6.05914E-02  1.17343E-23  4.19039E-07  0.00000E+00
  2.900E+01  6.26901E-02  1.09607E-23  3.91414E-07  0.00000E+00
  2.950E+01  6.48222E-02  1.02500E-23  3.66033E-07  0.00000E+00
  3.000E+01  6.69873E-02  9.59603E-24  3.42681E-07  0.00000E+00
  3.050E+01  6.91854E-02  8.99352E-24  3.21165E-07  0.00000E+00
  3.100E+01  7.14163E-02  8.43763E-24  3.01313E-07  0.00000E+00
  3.150E+01  7.36799E-02  7.92409E-24  2.82974E-07  0.00000E+00
  3.200E+01  7.59760E-02  7.44907E-24  2.66011E-07  0.00000E+00
  3.250E+01  7.83043E-02  7.00913E-24  2.50301E-07  0.00000E+00
  3.300E+01  8.06647E-02  6.60121E-24  2.35734E-07  0.00000E+00
  3.350E+01  8.30571E-02  6.22255E-24  2.22211E-07  0.00000E+00
  3.400E+01  8.54812E-02  5.87064E-24  2.09644E-07  0.00000E+00
  3.450E+01  8.79369E-02  5.54324E-24  1.97953E-07  0.00000E+00
  3.500E+01  9.04240E-02  5.23835E-24  1.87065E-07  0.00000E+00
  3.550E+01  9.29422E-02  4.95410E-24  1.76914E-07  0.00000E+00
  3.600E+01  9.54915E-02  4.68884E-24  1.67441E-07  0.00000E+00
  3.650E+01  9.80716E-02  4.44106E-24  1.58593E-07  0.00000E+00
  3.700E+01  1.00682E-01  4.20940E-24  1.50320E-07  0.00000E+00
  3.750E+01  1.03323E-01  3.99260E-24  1.42578E-07  0.00000E+00
  3.800E+01  1.05995E-01  3.78955E-24  1.35327E-07  0.00000E+00
  3.850E+01  1.08696E-01  3.59919E-24  1.28529E-07  0.00000E+00
  3.900E+01  1.11427E-01  3.42059E-24  1.22152E-07  0.00000E+00
  3.950E+01  1.14188E-01  3.25289E-24  1.16163E-07  0.00000E+00
  4.000E+01  1.16978E-01  3.09529E-24  1.10535E-07  0.00000E+00
  4.050E+01  1.19797E-01  2.94707E-24  1.05242E-07  0.00000E+00
  4.100E+01  1.22645E-01  2.80757E-24  1.00260E-07  0.00000E+00
  4.150E+01  1.25522E-01  2.67617E-24  9.55679E-08  0.00000E+00
  4.200E+01  1.28428E-01  2.55232E-24  9.11452E-08  0.00000E+00
  4.250E+01  1.31361E-01  2.43551E-24  8.69736E-08  0.00000E+00
  4.300E+01  1.34323E-01  2.32525E-24  8.30362E-08  0.00000E+00
  4.350E+01  1.37313E-01  2.22111E-24  7.93173E-08  0.00000E+00
  4.400E+01  1.40330E-01  2.12269E-24  7.58025E-08  0.00000E+00
  4.450E+01  1.43375E-01  2.02961E-24  7.24785E-08  0.00000E+00
  4.500E+01  1.46447E-01  1.94152E-24  6.93330E-08  0.00000E+00
  4.550E+01  1.49545E-01  1.85812E-24  6.63546E-08  0.00000E+00
  4.600E+01  1.52671E-01  1.77909E-24  6.35326E-08  0.00000E+00
  4.650E+01  1.55823E-01  1.70418E-24  6.08575E-08  0.00000E+00
  4.700E+01  1.59001E-01  1.63313E-24  5.83200E-08  0.00000E+00
  4.750E+01  1.62205E-01  1.56569E-24  5.59117E-08  0.00000E+00
  4.800E+01  1.65435E-01  1.50165E-24  5.36249E-08  0.00000E+00
  4.850E+01  1.68690E-01  1.44081E-24  5.14522E-08  0.00000E+00
  4.900E+01  1.71970E-01  1.38297E-24  4.93869E-08  0.00000E+00
  4.950E+01  1.75276E-01  1.32797E-24  4.74226E-08  0.00000E+00
  5.000E+01  1.78606E-01  1.27563E-24  4.55535E-08  0.00000E+00
  5.050E+01  1.81961E-01  1.22580E-24  4.37741E-08  0.00000E+00
  5.100E+01  1.85340E-01  1.17834E-24  4.20793E-08  0.00000E+00
  5.150E+01  1.88743E-01  1.13312E-24  4.04643E-08  0.00000E+00
  5.200E+01  1.92169E-01  1.09000E-24  3.89247E-08  0.00000E+00
  5.250E+01  1.95619E-01  1.04888E-24  3.74562E-08  0.00000E+00
  5.300E+01  1.99092E-01  1.00964E-24  3.60549E-08  0.00000E+00
  5.350E+01  2.02589E-01  9.72183E-25  3.47173E-08  0.00000E+00
  5.400E+01  2.06107E-01  9.36409E-25  3.34398E-08  0.00000E+00
  5.450E+01  2.09649E-01  9.02231E-25  3.22192E-08  0.00000E+00
  5.500E+01  2.13212E-01  8.69562E-25  3.10526E-08  0.00000E+00
  5.550E+01  2.16797E-01  8.38325E-25  2.99371E-08  0.00000E+00
  5.600E+01  2.20404E-01  8.08444E-25  2.88701E-08  0.00000E+00
  5.650E+01  2.24032E-01  7.79850E-25  2.78490E-08  0.00000E+00
  5.700E+01  2.27680E-01  7.52477E-25  2.68714E-08  0.00000E+00
  5.750E+01  2.31350E-01  7.26262E-25  2.59353E-08  0.00000E+00
  5.800E+01  2.35040E-01  7.01149E-25  2.50385E-08  0.00000E+00
  5.850E+01  2.38751E-01  6.77081E-25  2.41790E-08  0.00000E+00
  5.900E+01  2.42481E-01  6.54007E-25  2.33550E-08  0.00000E+00
  5.950E+01  2.46231E-01  6.31879E-25  2.25648E-08  0.00000E+00
  6.000E+01  2.50000E-01  6.10650E-25  2.18067E-08  0.00000E+00
  6.050E+01  2.53788E-01  5.90277E-25  2.10792E-08  0.00000E+00
  6.100E+01  2.57595E-01  5.70719E-25  2.03808E-08  0.00000E+00
  6.150E+01  2.61421E-01  5.51938E-25  1.97101E-08  0.00000E+00
  6.200E+01  2.65264E-01  5.33897E-25  1.90658E-08  0.00000E+00
  6.250E+01  2.69126E-01  5.16561E-25  1.84467E-08  0.00000E+00
  6.300E+01  2.73005E-01  4.99897E-25  1.78517E-08  0.00000E+00
  6.350E+01  2.76901E-01  4.83876E-25  1.72795E-08  0.00000E+00
  6.400E+01  2.80814E-01  4.68466E-25  1.67292E-08  0.00000E+00
  6.450E+01  2.84744E-01  4.53642E-25  1.61998E-08  0.00000E+00
  6.500E+01  2.88691E-01  4.39376E-25  1.56904E-08  0.00000E+00
  6.550E+01  2.92653E-01  4.25643E-25  1.52000E-08  0.00000E+00
  6.600E+01  2.96632E-01  4.12420E-25  1.47278E-08  0.00000E+00
  6.650E+01  3.00625E-01  3.99685E-25  1.42730E-08  0.00000E+00
  6.700E+01  3.04634E-01  3.87416E-25  1.38349E-08  0.00000E+00
  6.750E+01  3.08658E-01  3.75593E-25  1.34127E-08  0.00000E+00
  6.800E+01  3.12697E-01  3.64197E-25  1.30057E-08  0.00000E+00
  6.850E+01  3.16749E-01  3.53209E-25  1.26133E-08  0.00000E+00
  6.900E+01  3.20816E-01  3.42612E-25  1.22349E-08  0.00000E+00
  6.950E+01  3.24896E-01  3.32391E-25  1.18699E-08  0.00000E+00
  7.000E+01  3.28990E-01  3.22528E-25  1.15177E-08  0.00000E+00
  7.050E+01  3.33097E-01  3.13010E-25  1.11778E-08  0.00000E+00
  7.100E+01  3.37216E-01  3.03821E-25  1.08497E-08  0.00000E+00
  7.150E+01  3.41348E-01  2.94949E-25  1.05328E-08  0.00000E+00
  7.200E+01  3.45492E-01  2.86381E-25  1.02269E-08  0.00000E+00
  7.250E+01  3.49647E-01  2.78104E-25  9.93128E-09  0.00000E+00
  7.300E+01  3.53814E-01  2.70107E-25  9.64569E-09  0.00000E+00
  7.350E+01  3.57992E-01  2.62378E-25  9.36969E-09  0.00000E+00
  7.400E+01  3.62181E-01  2.54907E-25  9.10290E-09  0.00000E+00
  7.450E+01  3.66381E-01  2.47684E-25  8.84495E-09  0.00000E+00
  7.500E+01  3.70590E-01  2.40699E-25  8.59550E-09  0.00000E+00
  7.550E+01  3.74810E-01  2.33942E-25  8.35423E-09  0.00000E+00
  7.600E+01  3.79039E-01  2.27406E-25  8.12080E-09  0.00000E+00
  7.650E+01  3.83277E-01  2.21081E-25  7.89493E-09  0.00000E+00
  7.700E+01  3.87524E-01  2.14959E-25  7.67633E-09  0.00000E+00
  7.750E+01  3.91780E-01  2.09033E-25  7.46471E-09  0.00000E+00
  7.800E+01  3.96044E-01  2.03296E-25  7.25982E-09  0.00000E+00
  7.850E+01  4.00316E-01  1.97740E-25  7.06141E-09  0.00000E+00
  7.900E+01  4.04596E-01  1.92358E-25  6.86923E-09  0.00000E+00
  7.950E+01  4.08882E-01  1.87145E-25  6.68306E-09  0.00000E+00
  8.000E+01  4.13176E-01  1.82093E-25  6.50266E-09  0.00000E+00
  8.050E+01  4.17476E-01  1.77198E-25  6.32784E-09  0.00000E+00
  8.100E+01  4.21783E-01  1.72453E-25  6.15839E-09  0.00000E+00
  8.150E+01  4.26095E-01  1.67852E-25  5.99412E-09  0.00000E+00
  8.200E+01  4.30413E-01  1.63392E-25  5.83484E-09  0.00000E+00
  8.250E+01  4.34737E-01  1.59066E-25  5.68036E-09  0.00000E+00
  8.300E+01  4.39065E-01  1.54871E-25  5.53054E-09  0.00000E+00
  8.350E+01  4.43398E-01  1.50800E-25  5.38518E-09  0.00000E+00
  8.400E+01  4.47736E-01  1.46851E-25  5.24415E-09  0.00000E+00
  8.450E+01  4.52077E-01  1.43019E-25  5.10729E-09  0.00000E+00
  8.500E+01  4.56422E-01  1.39299E-25  4.97446E-09  0.00000E+00
  8.550E+01  4.60770E-01  1.35688E-25  4.84551E-09  0.00000E+00
  8.600E+01  4.65122E-01  1.32182E-25  4.72032E-09  0.00000E+00
  8.650E+01  4.69476E-01  1.28778E-25  4.59875E-09  0.00000E+00
  8.700E+01  4.73832E-01  1.25472E-25  4.48069E-09  0.00000E+00
  8.750E+01  4.78190E-01  1.22261E-25  4.36601E-09  0.00000E+00
  8.800E+01  4.82550E-01  1.19141E-25  4.25460E-09  0.00000E+00
  8.850E+01  4.86912E-01  1.16110E-25  4.14636E-09  0.00000E+00
  8.900E+01  4.91274E-01  1.13164E-25  4.04117E-09  0.00000E+00
  8.950E+01  4.95637E-01  1.10302E-25  3.93894E-09  0.00000E+00
  9.000E+01  5.00000E-01  1.07519E-25  3.83957E-09  0.00000E+00
  9.050E+01  5.04363E-01  1.04814E-25  3.74297E-09  0.00000E+00
  9.100E+01  5.08726E-01  1.02183E-25  3.64904E-09  0.00000E+00
  9.150E+01  5.13088E-01  9.96258E-26  3.55770E-09  0.00000E+00
  9.200E+01  5.17450E-01  9.71383E-26  3.46887E-09  0.00000E+00
  9.250E+01  5.21810E-01  9.47188E-26  3.38247E-09  0.00000E+00
  9.300E+01  5.26168E-01  9.23650E-26  3.29841E-09  0.00000E+00
  9.350E+01  5.30524E-01  9.00750E-26  3.21664E-09  0.00000E+00
  9.400E+01  5.34878E-01  8.78467E-26  3.13706E-09  0.00000E+00
  9.450E+01  5.39230E-01  8.56781E-26  3.05962E-09  0.00000E+00
  9.500E+01  5.43578E-01  8.35675E-26  2.98425E-09  0.00000E+00
  9.550E+01  5.47923E-01  8.15130E-26  2.91088E-09  0.00000E+00
  9.600E+01  5.52264E-01  7.95129E-26  2.83946E-09  0.00000E+00
  9.650E+01  5.56602E-01  7.75655E-26  2.76991E-09  0.00000E+00
  9.700E+01  5.60935E-01  7.56692E-26  2.70220E-09  0.00000E+00
  9.750E+01  5.65263E-01  7.38225E-26  2.63625E-09  0.00000E+00
  9.800E+01  5.69587E-01  7.20238E-26  2.57202E-09  0.00000E+00
  9.850E+01  5.73905E-01  7.02717E-26  2.50945E-09  0.00000E+00
  9.900E+01  5.78217E-01  6.85649E-26  2.44850E-09  0.00000E+00
  9.950E+01  5.82524E-01  6.69019E-26  2.38911E-09  0.00000E+00
  1.000E+02  5.86824E-01  6.52815E-26  2.33124E-09  0.00000E+00
  1.005E+02  5.91118E-01  6.37024E-26  2.27485E-09  0.00000E+00
  1.010E+02  5.95404E-01  6.21633E-26  2.21989E-09  0.00000E+00
  1.015E+02  5.99684E-01  6.06632E-26  2.16632E-09  0.00000E+00
  1.020E+02  6.03956E-01  5.92009E-26  2.11410E-09  0.00000E+00
  1.025E+02  6.08220E-01  5.77753E-26  2.06319E-09  0.00000E+00
  1.030E+02  6.12476E-01  5.63853E-26  2.01356E-09  0.00000E+00
  1.035E+02  6.16723E-01  5.50299E-26  1.96515E-09  0.00000E+00
  1.040E+02  6.20961E-01  5.37081E-26  1.91795E-09  0.00000E+00
  1.045E+02  6.25190E-01  5.24191E-26  1.87192E-09  0.00000E+00
  1.050E+02  6.29410E-01  5.11617E-26  1.82702E-09  0.00000E+00
  1.055E+02  6.33619E-01  4.99352E-26  1.78322E-09  0.00000E+00
  1.060E+02  6.37819E-01  4.87386E-26  1.74049E-09  0.00000E+00
  1.065E+02  6.42008E-01  4.75713E-26  1.69880E-09  0.00000E+00
  1.070E+02  6.46186E-01  4.64322E-26  1.65812E-09  0.00000E+00
  1.075E+02  6.50353E-01  4.53207E-26  1.61843E-09  0.00000E+00
  1.080E+02  6.54508E-01  4.42360E-26  1.57969E-09  0.00000E+00
  1.085E+02  6.58652E-01  4.31773E-26  1.54189E-09  0.00000E+00
  1.090E+02  6.62784E-01  4.21440E-26  1.50499E-09  0.00000E+00
  1.095E+02  6.66903E-01  4.11353E-26  1.46897E-09  0.00000E+00
  1.100E+02  6.71010E-01  4.01506E-26  1.43380E-09  0.00000E+00
  1.105E+02  6.75104E-01  3.91892E-26  1.39947E-09  0.00000E+00
  1.110E+02  6.79184E-01  3.82506E-26  1.36595E-09  0.00000E+00
  1.115E+02  6.83251E-01  3.73341E-26  1.33322E-09  0.00000E+00
  1.120E+02  6.87303E-01  3.64391E-26  1.30126E-09  0.00000E+00
  1.125E+02  6.91342E-01  3.55650E-26  1.27005E-09  0.00000E+00
  1.130E+02  6.95366E-01  3.47113E-26  1.23956E-09  0.00000E+00
  1.135E+02  6.99375E-01  3.38775E-26  1.20979E-09  0.00000E+00
  1.140E+02  7.03368E-01  3.30630E-26  1.18070E-09  0.00000E+00
  1.145E+02  7.07347E-01  3.22674E-26  1.15229E-09  0.00000E+00
  1.150E+02  7.11309E-01  3.14901E-26  1.12453E-09  0.00000E+00
  1.155E+02  7.15256E-01  3.07307E-26  1.09741E-09  0.00000E+00
  1.160E+02  7.19186E-01  2.99887E-26  1.07092E-09  0.00000E+00
  1.165E+02  7.23099E-01  2.92637E-26  1.04502E-09  0.00000E+00
  1.170E+02  7.26995E-01  2.85552E-26  1.01972E-09  0.00000E+00
  1.175E+02  7.30874E-01  2.78628E-26  9.95000E-10  0.00000E+00
  1.180E+02  7.34736E-01  2.71862E-26  9.70836E-10  0.00000E+00
  1.185E+02  7.38579E-01  2.65248E-26  9.47219E-10  0.00000E+00
  1.190E+02  7.42405E-01  2.58784E-26  9.24136E-10  0.00000E+00
  1.195E+02  7.46212E-01  2.52466E-26  9.01573E-10  0.00000E+00
  1.200E+02  7.50000E-01  2.46290E-26  8.79517E-10  0.00000E+00
  1.205E+02  7.53769E-01  2.40252E-26  8.57955E-10  0.00000E+00
  1.210E+02  7.57519E-01  2.34349E-26  8.36876E-10  0.00000E+00
  1.215E+02  7.61249E-01  2.28578E-26  8.16268E-10  0.00000E+00
  1.220E+02  7.64960E-01  2.22936E-26  7.96119E-10  0.00000E+00
  1.225E+02  7.68650E-01  2.17419E-26  7.76417E-10  0.00000E+00
  1.230E+02  7.72320E-01  2.12025E-26  7.57153E-10  0.00000E+00
  1.235E+02  7.75968E-01  2.06750E-26  7.38316E-10  0.00000E+00
  1.240E+02  7.79596E-01  2.01591E-26  7.19895E-10  0.00000E+00
  1.245E+02  7.83203E-01  1.96547E-26  7.01881E-10  0.00000E+00
  1.250E+02  7.86788E-01  1.91613E-26  6.84263E-10  0.00000E+00
  1.255E+02  7.90351E-01  1.86788E-26  6.67033E-10  0.00000E+00
  1.260E+02  7.93893E-01  1.82069E-26  6.50181E-10  0.00000E+00
  1.265E+02  7.97411E-01  1.77454E-26  6.33699E-10  0.00000E+00
  1.270E+02  8.00908E-01  1.72939E-26  6.17578E-10  0.00000E+00
  1.275E+02  8.04381E-01  1.68524E-26  6.01809E-10  0.00000E+00
  1.280E+02  8.07831E-01  1.64205E-26  5.86385E-10  0.00000E+00
  1.285E+02  8.11257E-01  1.59980E-26  5.71297E-10  0.00000E+00
  1.290E+02  8.14660E-01  1.55847E-26  5.56538E-10  0.00000E+00
  1.295E+02  8.18039E-01  1.51804E-26  5.42101E-10  0.00000E+00
  1.300E+02  8.21394E-01  1.47849E-26  5.27977E-10  0.00000E+00
  1.305E+02  8.24724E-01  1.43980E-26  5.14160E-10  0.00000E+00
  1.310E+02  8.28030E-01  1.40194E-26  5.00643E-10  0.00000E+00
  1.315E+02  8.31310E-01  1.36492E-26  4.87420E-10  0.00000E+00
  1.320E+02  8.34565E-01  1.32869E-26  4.74483E-10  0.00000E+00
  1.325E+02  8.37795E-01  1.29325E-26  4.61827E-10  0.00000E+00
  1.330E+02  8.40999E-01  1.25858E-26  4.49446E-10  0.00000E+00
  1.335E+02  8.44177E-01  1.22465E-26  4.37332E-10  0.00000E+00
  1.340E+02  8.47329E-01  1.19147E-26  4.25481E-10  0.00000E+00
  1.345E+02  8.50455E-01  1.15900E-26  4.13887E-10  0.00000E+00
  1.350E+02  8.53553E-01  1.12724E-26  4.02544E-10  0.00000E+00
  1.355E+02  8.56625E-01  1.09616E-26  3.91447E-10  0.00000E+00
  1.360E+02  8.59670E-01  1.06576E-26  3.80590E-10  0.00000E+00
  1.365E+02  8.62687E-01  1.03602E-26  3.69969E-10  0.00000E+00
  1.370E+02  8.65677E-01  1.00692E-26  3.59579E-10  0.00000E+00
  1.375E+02  8.68639E-01  9.78460E-27  3.49414E-10  0.00000E+00
  1.380E+02  8.71572E-01  9.50615E-27  3.39471E-10  0.00000E+00
  1.385E+02  8.74478E-01  9.23376E-27  3.29744E-10  0.00000E+00
  1.390E+02  8.77355E-01  8.96731E-27  3.20229E-10  0.00000E+00
  1.395E+02  8.80203E-01  8.70668E-27  3.10921E-10  0.00000E+00
  1.400E+02  8.83022E-01  8.45174E-27  3.01817E-10  0.00000E+00
  1.405E+02  8.85812E-01  8.20238E-27  2.92912E-10  0.00000E+00
  1.410E+02  8.88573E-01  7.95849E-27  2.84203E-10  0.00000E+00
  1.415E+02  8.91304E-01  7.71996E-27  2.75685E-10  0.00000E+00
  1.420E+02  8.94005E-01  7.48669E-27  2.67354E-10  0.00000E+00
  1.425E+02  8.96677E-01  7.25856E-27  2.59208E-10  0.00000E+00
  1.430E+02  8.99318E-01  7.03549E-27  2.51242E-10  0.00000E+00
  1.435E+02  9.01928E-01  6.81737E-27  2.43453E-10  0.00000E+00
  1.440E+02  9.04508E-01  6.60410E-27  2.35837E-10  0.00000E+00
  1.445E+02  9.07058E-01  6.39560E-27  2.28391E-10  0.00000E+00
  1.450E+02  9.09576E-01  6.19177E-27  2.21112E-10  0.00000E+00
  1.455E+02  9.12063E-01  5.99253E-27  2.13997E-10  0.00000E+00
  1.460E+02  9.14519E-01  5.79779E-27  2.07043E-10  0.00000E+00
  1.465E+02  9.16943E-01  5.60746E-27  2.00246E-10  0.00000E+00
  1.470E+02  9.19335E-01  5.42147E-27  1.93604E-10  0.00000E+00
  1.475E+02  9.21696E-01  5.23974E-27  1.87114E-10  0.00000E+00
  1.480E+02  9.24024E-01  5.06218E-27  1.80774E-10  0.00000E+00
  1.485E+02  9.26320E-01  4.88873E-27  1.74580E-10  0.00000E+00
  1.490E+02  9.28584E-01  4.71931E-27  1.68530E-10  0.00000E+00
  1.495E+02  9.30815E-01  4.55385E-27  1.62621E-10  0.00000E+00
  1.500E+02  9.33013E-01  4.39228E-27  1.56851E-10  0.00000E+00
  1.505E+02  9.35178E-01  4.23454E-27  1.51218E-10  0.00000E+00
  1.510E+02  9.37310E-01  4.08055E-27  1.45719E-10  0.00000E+00
  1.515E+02  9.39409E-01  3.93027E-27  1.40352E-10  0.00000E+00
  1.520E+02  9.41474E-01  3.78361E-27  1.35115E-10  0.00000E+00
  1.525E+02  9.43505E-01  3.64053E-27  1.30006E-10  0.00000E+00
  1.530E+02  9.45503E-01  3.50097E-27  1.25022E-10  0.00000E+00
  1.535E+02  9.47467E-01  3.36486E-27  1.20161E-10  0.00000E+00
  1.540E+02  9.49397E-01  3.23216E-27  1.15423E-10  0.00000E+00
  1.545E+02  9.51293E-01  3.10281E-27  1.10803E-10  0.00000E+00
  1.550E+02  9.53154E-01  2.97676E-27  1.06302E-10  0.00000E+00
  1.555E+02  9.54981E-01  2.85395E-27  1.01916E-10  0.00000E+00
  1.560E+02  9.56773E-01  2.73434E-27  9.76452E-11  0.00000E+00
  1.565E+02  9.58530E-01  2.61789E-27  9.34865E-11  0.00000E+00
  1.570E+02  9.60252E-01  2.50454E-27  8.94386E-11  0.00000E+00
  1.575E+02  9.61940E-01  2.39424E-27  8.55000E-11  0.00000E+00
  1.580E+02  9.63592E-01  2.28697E-27  8.16691E-11  0.00000E+00
  1.585E+02  9.65209E-01  2.18266E-27  7.79444E-11  0.00000E+00
  1.590E+02  9.66790E-01  2.08129E-27  7.43244E-11  0.00000E+00
  1.595E+02  9.68336E-01  1.98282E-27  7.08077E-11  0.00000E+00
  1.600E+02  9.69846E-01  1.88719E-27  6.73929E-11  0.00000E+00
  1.605E+02  9.71321E-01  1.79439E-27  6.40787E-11  0.00000E+00
  1.610E+02  9.72759E-01  1.70436E-27  6.08638E-11  0.00000E+00
  1.615E+02  9.74162E-01  1.61708E-27  5.77470E-11  0.00000E+00
  1.620E+02  9.75528E-01  1.53251E-27  5.47271E-11  0.00000E+00
  1.625E+02  9.76858E-01  1.45063E-27  5.18028E-11  0.00000E+00
  1.630E+02  9.78152E-01  1.37138E-27  4.89730E-11  0.00000E+00
  1.635E+02  9.79410E-01  1.29476E-27  4.62368E-11  0.00000E+00
  1.640E+02  9.80631E-01  1.22073E-27  4.35929E-11  0.00000E+00
  1.645E+02  9.81815E-01  1.14925E-27  4.10405E-11  0.00000E+00
  1.650E+02  9.82963E-01  1.08031E-27  3.85784E-11  0.00000E+00
  1.655E+02  9.84074E-01  1.01387E-27  3.62059E-11  0.00000E+00
  1.660E+02  9.85148E-01  9.49911E-28  3.39219E-11  0.00000E+00
  1.665E+02  9.86185E-01  8.88410E-28  3.17257E-11  0.00000E+00
  1.670E+02  9.87185E-01  8.29342E-28  2.96163E-11  0.00000E+00
  1.675E+02  9.88148E-01  7.72685E-28  2.75931E-11  0.00000E+00
  1.680E+02  9.89074E-01  7.18416E-28  2.56551E-11  0.00000E+00
  1.685E+02  9.89962E-01  6.66516E-28  2.38017E-11  0.00000E+00
  1.690E+02  9.90814E-01  6.16966E-28  2.20322E-11  0.00000E+00
  1.695E+02  9.91627E-01  5.69745E-28  2.03460E-11  0.00000E+00
  1.700E+02  9.92404E-01  5.24837E-28  1.87423E-11  0.00000E+00
  1.705E+02  9.93143E-01  4.82225E-28  1.72206E-11  0.00000E+00
  1.710E+02  9.93844E-01  4.41893E-28  1.57803E-11  0.00000E+00
  1.715E+02  9.94508E-01  4.03826E-28  1.44209E-11  0.00000E+00
  1.720E+02  9.95134E-01  3.68008E-28  1.31418E-11  0.00000E+00
  1.725E+02  9.95722E-01  3.34428E-28  1.19427E-11  0.00000E+00
  1.730E+02  9.96273E-01  3.03073E-28  1.08229E-11  0.00000E+00
  1.735E+02  9.96786E-01  2.73930E-28  9.78223E-12  0.00000E+00
  1.740E+02  9.97261E-01  2.46989E-28  8.82015E-12  0.00000E+00
  1.745E+02  9.97698E-01  2.22241E-28  7.93636E-12  0.00000E+00
  1.750E+02  9.98097E-01  1.99675E-28  7.13051E-12  0.00000E+00
  1.755E+02  9.98459E-01  1.79283E-28  6.40230E-12  0.00000E+00
  1.760E+02  9.98782E-01  1.61058E-28  5.75148E-12  0.00000E+00
  1.765E+02  9.99067E-01  1.44993E-28  5.17779E-12  0.00000E+00
  1.770E+02  9.99315E-01  1.31082E-28  4.68102E-12  0.00000E+00
  1.775E+02  9.99524E-01  1.19320E-28  4.26099E-12  0.00000E+00
  1.780E+02  9.99695E-01  1.09702E-28  3.91753E-12  0.00000E+00
  1.785E+02  9.99829E-01  1.02225E-28  3.65054E-12  0.00000E+00
  1.790E+02  9.99924E-01  9.68870E-29  3.45990E-12  0.00000E+00
  1.795E+02  9.99981E-01  9.36846E-29  3.34554E-12  0.00000E+00
  1.800E+02  1.00000E+00  9.26175E-29  3.30743E-12  0.00000E+00
