

  **** Partial wave analysis (DPWA0) ******************************************


  Kinetic energy = 1.00000E+07 eV

  Only inner phase shifts are tabulated

      L       Phase(spin UP)     Phase(spin DOWN)
  -----------------------------------------------
       0     -3.15877471E-03      0.00000000E+00
       1     -6.19969338E-06     -2.88048908E-03
       2     -9.09808333E-09     -5.63408233E-06
       3     -1.07014781E-11     -8.26217240E-09
       4     -1.04636055E-14     -9.71580649E-12


  *** Scattering amplitudes and differential cross section ***

    Angle      DCS       Asymmetry    Direct amplitude       Spin-flip amplitude     error
    (deg)   (cm**2/sr)                      (cm)                    (cm)
  -------------------------------------------------------------------------------------------
  0.000E+00 1.00000E-45  0.000E+00 ( 0.000E+00, 0.000E+00) ( 0.000E+00, 0.000E+00)  1.00E+00
  1.000E-04 1.00000E-45  0.000E+00 ( 0.000E+00, 0.000E+00) ( 0.000E+00, 0.000E+00)  1.00E+00
  1.250E-04 1.00000E-45  0.000E+00 ( 0.000E+00, 0.000E+00) ( 0.000E+00, 0.000E+00)  1.00E+00
  1.500E-04 1.00000E-45  0.000E+00 ( 0.000E+00, 0.000E+00) ( 0.000E+00, 0.000E+00)  1.00E+00
  1.750E-04 1.00000E-45  0.000E+00 ( 0.000E+00, 0.000E+00) ( 0.000E+00, 0.000E+00)  1.00E+00
  2.000E-04 1.00000E-45  0.000E+00 ( 0.000E+00, 0.000E+00) ( 0.000E+00, 0.000E+00)  1.00E+00
  2.250E-04 1.00000E-45  0.000E+00 ( 0.000E+00, 0.000E+00) ( 0.000E+00, 0.000E+00)  1.00E+00
  2.500E-04 1.00000E-45  0.000E+00 ( 0.000E+00, 0.000E+00) ( 0.000E+00, 0.000E+00)  1.00E+00
  2.750E-04 1.00000E-45  0.000E+00 ( 0.000E+00, 0.000E+00) ( 0.000E+00, 0.000E+00)  1.00E+00
  3.000E-04 1.00000E-45  0.000E+00 ( 0.000E+00, 0.000E+00) ( 0.000E+00, 0.000E+00)  1.00E+00
  3.250E-04 1.00000E-45  0.000E+00 ( 0.000E+00, 0.000E+00) ( 0.000E+00, 0.000E+00)  1.00E+00
  3.500E-04 1.00000E-45  0.000E+00 ( 0.000E+00, 0.000E+00) ( 0.000E+00, 0.000E+00)  1.00E+00
  3.750E-04 1.00000E-45  0.000E+00 ( 0.000E+00, 0.000E+00) ( 0.000E+00, 0.000E+00)  1.00E+00
  4.000E-04 1.00000E-45  0.000E+00 ( 0.000E+00, 0.000E+00) ( 0.000E+00, 0.000E+00)  1.00E+00
  4.250E-04 1.00000E-45  0.000E+00 ( 0.000E+00, 0.000E+00) ( 0.000E+00, 0.000E+00)  1.00E+00
  4.500E-04 1.00000E-45  0.000E+00 ( 0.000E+00, 0.000E+00) ( 0.000E+00, 0.000E+00)  1.00E+00
  4.750E-04 1.00000E-45  0.000E+00 ( 0.000E+00, 0.000E+00) ( 0.000E+00, 0.000E+00)  1.00E+00
  5.000E-04 1.00000E-45  0.000E+00 ( 0.000E+00, 0.000E+00) ( 0.000E+00, 0.000E+00)  1.00E+00
  5.250E-04 1.00000E-45  0.000E+00 ( 0.000E+00, 0.000E+00) ( 0.000E+00, 0.000E+00)  1.00E+00
  5.500E-04 1.00000E-45  0.000E+00 ( 0.000E+00, 0.000E+00) ( 0.000E+00, 0.000E+00)  1.00E+00
  5.750E-04 1.00000E-45  0.000E+00 ( 0.000E+00, 0.000E+00) ( 0.000E+00, 0.000E+00)  1.00E+00
  6.000E-04 1.00000E-45  0.000E+00 ( 0.000E+00, 0.000E+00) ( 0.000E+00, 0.000E+00)  1.00E+00
  6.250E-04 1.00000E-45  0.000E+00 ( 0.000E+00, 0.000E+00) ( 0.000E+00, 0.000E+00)  1.00E+00
  6.500E-04 1.00000E-45  0.000E+00 ( 0.000E+00, 0.000E+00) ( 0.000E+00, 0.000E+00)  1.00E+00
  6.750E-04 1.00000E-45  0.000E+00 ( 0.000E+00, 0.000E+00) ( 0.000E+00, 0.000E+00)  1.00E+00
  7.000E-04 1.00000E-45  0.000E+00 ( 0.000E+00, 0.000E+00) ( 0.000E+00, 0.000E+00)  1.00E+00
  7.250E-04 1.00000E-45  0.000E+00 ( 0.000E+00, 0.000E+00) ( 0.000E+00, 0.000E+00)  1.00E+00
  7.500E-04 1.00000E-45  0.000E+00 ( 0.000E+00, 0.000E+00) ( 0.000E+00, 0.000E+00)  1.00E+00
  7.750E-04 1.00000E-45  0.000E+00 ( 0.000E+00, 0.000E+00) ( 0.000E+00, 0.000E+00)  1.00E+00
  8.000E-04 1.00000E-45  0.000E+00 ( 0.000E+00, 0.000E+00) ( 0.000E+00, 0.000E+00)  1.00E+00
  8.250E-04 1.00000E-45  0.000E+00 ( 0.000E+00, 0.000E+00) ( 0.000E+00, 0.000E+00)  1.00E+00
  8.500E-04 1.00000E-45  0.000E+00 ( 0.000E+00, 0.000E+00) ( 0.000E+00, 0.000E+00)  1.00E+00
  8.750E-04 1.00000E-45  0.000E+00 ( 0.000E+00, 0.000E+00) ( 0.000E+00, 0.000E+00)  1.00E+00
  9.000E-04 1.00000E-45  0.000E+00 ( 0.000E+00, 0.000E+00) ( 0.000E+00, 0.000E+00)  1.00E+00
  9.250E-04 1.00000E-45  0.000E+00 ( 0.000E+00, 0.000E+00) ( 0.000E+00, 0.000E+00)  1.00E+00
  9.500E-04 1.00000E-45  0.000E+00 ( 0.000E+00, 0.000E+00) ( 0.000E+00, 0.000E+00)  1.00E+00
  9.750E-04 1.00000E-45  0.000E+00 ( 0.000E+00, 0.000E+00) ( 0.000E+00, 0.000E+00)  1.00E+00
  1.000E-03 1.00000E-45  0.000E+00 ( 0.000E+00, 0.000E+00) ( 0.000E+00, 0.000E+00)  1.00E+00
  1.250E-03 1.00000E-45  0.000E+00 ( 0.000E+00, 0.000E+00) ( 0.000E+00, 0.000E+00)  1.00E+00
  1.500E-03 1.00000E-45  0.000E+00 ( 0.000E+00, 0.000E+00) ( 0.000E+00, 0.000E+00)  1.00E+00
  1.750E-03 1.00000E-45  0.000E+00 ( 0.000E+00, 0.000E+00) ( 0.000E+00, 0.000E+00)  1.00E+00
  2.000E-03 1.00000E-45  0.000E+00 ( 0.000E+00, 0.000E+00) ( 0.000E+00, 0.000E+00)  1.00E+00
  2.250E-03 1.00000E-45  0.000E+00 ( 0.000E+00, 0.000E+00) ( 0.000E+00, 0.000E+00)  1.00E+00
  2.500E-03 1.00000E-45  0.000E+00 ( 0.000E+00, 0.000E+00) ( 0.000E+00, 0.000E+00)  1.00E+00
  2.750E-03 1.00000E-45  0.000E+00 ( 0.000E+00, 0.000E+00) ( 0.000E+00, 0.000E+00)  1.00E+00
  3.000E-03 1.00000E-45  0.000E+00 ( 0.000E+00, 0.000E+00) ( 0.000E+00, 0.000E+00)  1.00E+00
  3.250E-03 1.00000E-45  0.000E+00 ( 0.000E+00, 0.000E+00) ( 0.000E+00, 0.000E+00)  1.00E+00
  3.500E-03 1.00000E-45  0.000E+00 ( 0.000E+00, 0.000E+00) ( 0.000E+00, 0.000E+00)  1.00E+00
  3.750E-03 1.00000E-45  0.000E+00 ( 0.000E+00, 0.000E+00) ( 0.000E+00, 0.000E+00)  1.00E+00
  4.000E-03 1.00000E-45  0.000E+00 ( 0.000E+00, 0.000E+00) ( 0.000E+00, 0.000E+00)  1.00E+00
  4.250E-03 1.00000E-45  0.000E+00 ( 0.000E+00, 0.000E+00) ( 0.000E+00, 0.000E+00)  1.00E+00
  4.500E-03 1.00000E-45  0.000E+00 ( 0.000E+00, 0.000E+00) ( 0.000E+00, 0.000E+00)  1.00E+00
  4.750E-03 1.00000E-45  0.000E+00 ( 0.000E+00, 0.000E+00) ( 0.000E+00, 0.000E+00)  1.00E+00
  5.000E-03 1.00000E-45  0.000E+00 ( 0.000E+00, 0.000E+00) ( 0.000E+00, 0.000E+00)  1.00E+00
  5.250E-03 1.00000E-45  0.000E+00 ( 0.000E+00, 0.000E+00) ( 0.000E+00, 0.000E+00)  1.00E+00
  5.500E-03 1.00000E-45  0.000E+00 ( 0.000E+00, 0.000E+00) ( 0.000E+00, 0.000E+00)  1.00E+00
  5.750E-03 1.00000E-45  0.000E+00 ( 0.000E+00, 0.000E+00) ( 0.000E+00, 0.000E+00)  1.00E+00
  6.000E-03 1.00000E-45  0.000E+00 ( 0.000E+00, 0.000E+00) ( 0.000E+00, 0.000E+00)  1.00E+00
  6.250E-03 1.00000E-45  0.000E+00 ( 0.000E+00, 0.000E+00) ( 0.000E+00, 0.000E+00)  1.00E+00
  6.500E-03 1.00000E-45  0.000E+00 ( 0.000E+00, 0.000E+00) ( 0.000E+00, 0.000E+00)  1.00E+00
  6.750E-03 1.00000E-45  0.000E+00 ( 0.000E+00, 0.000E+00) ( 0.000E+00, 0.000E+00)  1.00E+00
  7.000E-03 1.00000E-45  0.000E+00 ( 0.000E+00, 0.000E+00) ( 0.000E+00, 0.000E+00)  1.00E+00
  7.250E-03 1.00000E-45  0.000E+00 ( 0.000E+00, 0.000E+00) ( 0.000E+00, 0.000E+00)  1.00E+00
  7.500E-03 1.00000E-45  0.000E+00 ( 0.000E+00, 0.000E+00) ( 0.000E+00, 0.000E+00)  1.00E+00
  7.750E-03 1.00000E-45  0.000E+00 ( 0.000E+00, 0.000E+00) ( 0.000E+00, 0.000E+00)  1.00E+00
  8.000E-03 1.00000E-45  0.000E+00 ( 0.000E+00, 0.000E+00) ( 0.000E+00, 0.000E+00)  1.00E+00
  8.250E-03 1.00000E-45  0.000E+00 ( 0.000E+00, 0.000E+00) ( 0.000E+00, 0.000E+00)  1.00E+00
  8.500E-03 1.00000E-45  0.000E+00 ( 0.000E+00, 0.000E+00) ( 0.000E+00, 0.000E+00)  1.00E+00
  8.750E-03 1.00000E-45  0.000E+00 ( 0.000E+00, 0.000E+00) ( 0.000E+00, 0.000E+00)  1.00E+00
  9.000E-03 1.00000E-45  0.000E+00 ( 0.000E+00, 0.000E+00) ( 0.000E+00, 0.000E+00)  1.00E+00
  9.250E-03 1.00000E-45  0.000E+00 ( 0.000E+00, 0.000E+00) ( 0.000E+00, 0.000E+00)  1.00E+00
  9.500E-03 1.00000E-45  0.000E+00 ( 0.000E+00, 0.000E+00) ( 0.000E+00, 0.000E+00)  1.00E+00
  9.750E-03 1.00000E-45  0.000E+00 ( 0.000E+00, 0.000E+00) ( 0.000E+00, 0.000E+00)  1.00E+00
  1.000E-02 1.00000E-45  0.000E+00 ( 0.000E+00, 0.000E+00) ( 0.000E+00, 0.000E+00)  1.00E+00
  1.250E-02 1.00000E-45  0.000E+00 ( 0.000E+00, 0.000E+00) ( 0.000E+00, 0.000E+00)  1.00E+00
  1.500E-02 1.00000E-45  0.000E+00 ( 0.000E+00, 0.000E+00) ( 0.000E+00, 0.000E+00)  1.00E+00
  1.750E-02 1.00000E-45  0.000E+00 ( 0.000E+00, 0.000E+00) ( 0.000E+00, 0.000E+00)  1.00E+00
  2.000E-02 1.00000E-45  0.000E+00 ( 0.000E+00, 0.000E+00) ( 0.000E+00, 0.000E+00)  1.00E+00
  2.250E-02 1.00000E-45  0.000E+00 ( 0.000E+00, 0.000E+00) ( 0.000E+00, 0.000E+00)  1.00E+00
  2.500E-02 1.00000E-45  0.000E+00 ( 0.000E+00, 0.000E+00) ( 0.000E+00, 0.000E+00)  1.00E+00
  2.750E-02 1.00000E-45  0.000E+00 ( 0.000E+00, 0.000E+00) ( 0.000E+00, 0.000E+00)  1.00E+00
  3.000E-02 1.00000E-45  0.000E+00 ( 0.000E+00, 0.000E+00) ( 0.000E+00, 0.000E+00)  1.00E+00
  3.250E-02 1.00000E-45  0.000E+00 ( 0.000E+00, 0.000E+00) ( 0.000E+00, 0.000E+00)  1.00E+00
  3.500E-02 1.00000E-45  0.000E+00 ( 0.000E+00, 0.000E+00) ( 0.000E+00, 0.000E+00)  1.00E+00
  3.750E-02 1.00000E-45  0.000E+00 ( 0.000E+00, 0.000E+00) ( 0.000E+00, 0.000E+00)  1.00E+00
  4.000E-02 1.00000E-45  0.000E+00 ( 0.000E+00, 0.000E+00) ( 0.000E+00, 0.000E+00)  1.00E+00
  4.250E-02 1.00000E-45  0.000E+00 ( 0.000E+00, 0.000E+00) ( 0.000E+00, 0.000E+00)  1.00E+00
  4.500E-02 1.00000E-45  0.000E+00 ( 0.000E+00, 0.000E+00) ( 0.000E+00, 0.000E+00)  1.00E+00
  4.750E-02 1.00000E-45  0.000E+00 ( 0.000E+00, 0.000E+00) ( 0.000E+00, 0.000E+00)  1.00E+00
  5.000E-02 1.00000E-45  0.000E+00 ( 0.000E+00, 0.000E+00) ( 0.000E+00, 0.000E+00)  1.00E+00
  5.250E-02 1.00000E-45  0.000E+00 ( 0.000E+00, 0.000E+00) ( 0.000E+00, 0.000E+00)  1.00E+00
  5.500E-02 1.00000E-45  0.000E+00 ( 0.000E+00, 0.000E+00) ( 0.000E+00, 0.000E+00)  1.00E+00
  5.750E-02 1.00000E-45  0.000E+00 ( 0.000E+00, 0.000E+00) ( 0.000E+00, 0.000E+00)  1.00E+00
  6.000E-02 1.00000E-45  0.000E+00 ( 0.000E+00, 0.000E+00) ( 0.000E+00, 0.000E+00)  1.00E+00
  6.250E-02 1.00000E-45  0.000E+00 ( 0.000E+00, 0.000E+00) ( 0.000E+00, 0.000E+00)  1.00E+00
  6.500E-02 1.00000E-45  0.000E+00 ( 0.000E+00, 0.000E+00) ( 0.000E+00, 0.000E+00)  1.00E+00
  6.750E-02 1.00000E-45  0.000E+00 ( 0.000E+00, 0.000E+00) ( 0.000E+00, 0.000E+00)  1.00E+00
  7.000E-02 1.00000E-45  0.000E+00 ( 0.000E+00, 0.000E+00) ( 0.000E+00, 0.000E+00)  1.00E+00
  7.250E-02 1.00000E-45  0.000E+00 ( 0.000E+00, 0.000E+00) ( 0.000E+00, 0.000E+00)  1.00E+00
  7.500E-02 1.00000E-45  0.000E+00 ( 0.000E+00, 0.000E+00) ( 0.000E+00, 0.000E+00)  1.00E+00
  7.750E-02 1.00000E-45  0.000E+00 ( 0.000E+00, 0.000E+00) ( 0.000E+00, 0.000E+00)  1.00E+00
  8.000E-02 1.00000E-45  0.000E+00 ( 0.000E+00, 0.000E+00) ( 0.000E+00, 0.000E+00)  1.00E+00
  8.250E-02 1.00000E-45  0.000E+00 ( 0.000E+00, 0.000E+00) ( 0.000E+00, 0.000E+00)  1.00E+00
  8.500E-02 1.00000E-45  0.000E+00 ( 0.000E+00, 0.000E+00) ( 0.000E+00, 0.000E+00)  1.00E+00
  8.750E-02 1.00000E-45  0.000E+00 ( 0.000E+00, 0.000E+00) ( 0.000E+00, 0.000E+00)  1.00E+00
  9.000E-02 1.00000E-45  0.000E+00 ( 0.000E+00, 0.000E+00) ( 0.000E+00, 0.000E+00)  1.00E+00
  9.250E-02 1.00000E-45  0.000E+00 ( 0.000E+00, 0.000E+00) ( 0.000E+00, 0.000E+00)  1.00E+00
  9.500E-02 1.00000E-45  0.000E+00 ( 0.000E+00, 0.000E+00) ( 0.000E+00, 0.000E+00)  1.00E+00
  9.750E-02 1.00000E-45  0.000E+00 ( 0.000E+00, 0.000E+00) ( 0.000E+00, 0.000E+00)  1.00E+00
  1.000E-01 1.00000E-45  0.000E+00 ( 0.000E+00, 0.000E+00) ( 0.000E+00, 0.000E+00)  1.00E+00
  1.250E-01 1.00000E-45  0.000E+00 ( 0.000E+00, 0.000E+00) ( 0.000E+00, 0.000E+00)  1.00E+00
  1.500E-01 1.00000E-45  0.000E+00 ( 0.000E+00, 0.000E+00) ( 0.000E+00, 0.000E+00)  1.00E+00
  1.750E-01 1.00000E-45  0.000E+00 ( 0.000E+00, 0.000E+00) ( 0.000E+00, 0.000E+00)  1.00E+00
  2.000E-01 1.00000E-45  0.000E+00 ( 0.000E+00, 0.000E+00) ( 0.000E+00, 0.000E+00)  1.00E+00
  2.250E-01 1.00000E-45  0.000E+00 ( 0.000E+00, 0.000E+00) ( 0.000E+00, 0.000E+00)  1.00E+00
  2.500E-01 1.00000E-45  0.000E+00 ( 0.000E+00, 0.000E+00) ( 0.000E+00, 0.000E+00)  1.00E+00
  2.750E-01 1.00000E-45  0.000E+00 ( 0.000E+00, 0.000E+00) ( 0.000E+00, 0.000E+00)  1.00E+00
  3.000E-01 1.00000E-45  0.000E+00 ( 0.000E+00, 0.000E+00) ( 0.000E+00, 0.000E+00)  1.00E+00
  3.250E-01 1.00000E-45  0.000E+00 ( 0.000E+00, 0.000E+00) ( 0.000E+00, 0.000E+00)  1.00E+00
  3.500E-01 1.00000E-45  0.000E+00 ( 0.000E+00, 0.000E+00) ( 0.000E+00, 0.000E+00)  1.00E+00
  3.750E-01 1.00000E-45  0.000E+00 ( 0.000E+00, 0.000E+00) ( 0.000E+00, 0.000E+00)  1.00E+00
  4.000E-01 1.00000E-45  0.000E+00 ( 0.000E+00, 0.000E+00) ( 0.000E+00, 0.000E+00)  1.00E+00
  4.250E-01 1.00000E-45  0.000E+00 ( 0.000E+00, 0.000E+00) ( 0.000E+00, 0.000E+00)  1.00E+00
  4.500E-01 1.00000E-45  0.000E+00 ( 0.000E+00, 0.000E+00) ( 0.000E+00, 0.000E+00)  1.00E+00
  4.750E-01 1.00000E-45  0.000E+00 ( 0.000E+00, 0.000E+00) ( 0.000E+00, 0.000E+00)  1.00E+00
  5.000E-01 1.09646E-16  0.000E+00 (-4.967E-09,-9.218E-09) (-2.063E-11,-3.827E-11)  4.86E-05
  5.250E-01 9.02279E-17  0.000E+00 (-4.331E-09,-8.454E-09) (-1.886E-11,-3.685E-11)  4.29E-05
  5.500E-01 7.49233E-17  6.066E-06 (-3.793E-09,-7.780E-09) (-1.729E-11,-3.552E-11)  2.25E-05
  5.750E-01 6.27277E-17  6.238E-06 (-3.336E-09,-7.183E-09) (-1.590E-11,-3.429E-11)  2.36E-06
  6.000E-01 5.29135E-17  0.000E+00 (-2.944E-09,-6.652E-09) (-1.465E-11,-3.313E-11)  2.13E-05
  6.250E-01 4.49448E-17  0.000E+00 (-2.607E-09,-6.176E-09) (-1.353E-11,-3.205E-11)  2.87E-05
  6.500E-01 3.84215E-17  0.000E+00 (-2.315E-09,-5.750E-09) (-1.250E-11,-3.103E-11)  2.40E-05
  6.750E-01 3.30409E-17  0.000E+00 (-2.061E-09,-5.366E-09) (-1.157E-11,-3.008E-11)  1.10E-05
  7.000E-01 2.85713E-17  0.000E+00 (-1.840E-09,-5.019E-09) (-1.070E-11,-2.917E-11)  4.07E-06
  7.250E-01 2.48334E-17  0.000E+00 (-1.645E-09,-4.704E-09) (-9.909E-12,-2.832E-11)  1.50E-05
  7.500E-01 2.16878E-17  0.000E+00 (-1.474E-09,-4.418E-09) (-9.178E-12,-2.751E-11)  1.85E-05
  7.750E-01 1.90250E-17  0.000E+00 (-1.322E-09,-4.156E-09) (-8.505E-12,-2.675E-11)  1.45E-05
  8.000E-01 1.67585E-17  0.000E+00 (-1.188E-09,-3.917E-09) (-7.888E-12,-2.602E-11)  5.48E-06
  8.250E-01 1.48195E-17  0.000E+00 (-1.069E-09,-3.698E-09) (-7.319E-12,-2.533E-11)  4.39E-06
  8.500E-01 1.31529E-17  0.000E+00 (-9.631E-10,-3.496E-09) (-6.795E-12,-2.468E-11)  1.11E-05
  8.750E-01 1.17142E-17  0.000E+00 (-8.683E-10,-3.311E-09) (-6.309E-12,-2.405E-11)  1.26E-05
  9.000E-01 1.04670E-17  0.000E+00 (-7.832E-10,-3.139E-09) (-5.856E-12,-2.346E-11)  9.13E-06
  9.250E-01 9.38158E-18  0.000E+00 (-7.069E-10,-2.980E-09) (-5.432E-12,-2.289E-11)  2.57E-06
  9.500E-01 8.43347E-18  0.000E+00 (-6.381E-10,-2.833E-09) (-5.036E-12,-2.235E-11)  4.23E-06
  9.750E-01 7.60228E-18  0.000E+00 (-5.761E-10,-2.696E-09) (-4.665E-12,-2.183E-11)  8.48E-06
  1.000E+00 6.87109E-18  0.000E+00 (-5.201E-10,-2.569E-09) (-4.317E-12,-2.133E-11)  8.94E-06
  1.100E+00 4.69550E-18  0.000E+00 (-3.435E-10,-2.139E-09) (-3.137E-12,-1.954E-11)  6.62E-06
  1.200E+00 3.31700E-18  0.000E+00 (-2.220E-10,-1.808E-09) (-2.212E-12,-1.801E-11)  3.52E-06
  1.300E+00 2.40953E-18  0.000E+00 (-1.366E-10,-1.546E-09) (-1.474E-12,-1.669E-11)  6.03E-07
  1.400E+00 1.79231E-18  0.000E+00 (-7.572E-11,-1.337E-09) (-8.805E-13,-1.554E-11)  1.58E-06
  1.500E+00 1.36079E-18  0.000E+00 (-3.175E-11,-1.166E-09) (-3.949E-13,-1.452E-11)  2.67E-06
  1.600E+00 1.05173E-18  0.000E+00 ( 2.681E-13,-1.025E-09) ( 3.839E-15,-1.363E-11)  2.78E-06
  1.700E+00 8.25687E-19  0.000E+00 ( 2.370E-11,-9.083E-10) ( 3.348E-13,-1.282E-11)  2.17E-06
  1.800E+00 6.57281E-19  0.000E+00 ( 4.087E-11,-8.096E-10) ( 6.114E-13,-1.210E-11)  1.18E-06
  1.900E+00 5.29728E-19  0.000E+00 ( 5.343E-11,-7.258E-10) ( 8.433E-13,-1.145E-11)  1.29E-07
  2.000E+00 4.31697E-19  0.000E+00 ( 6.254E-11,-6.540E-10) ( 1.039E-12,-1.086E-11)  7.36E-07
  2.100E+00 3.55345E-19  0.000E+00 ( 6.907E-11,-5.920E-10) ( 1.205E-12,-1.033E-11)  1.20E-06
  2.200E+00 2.95166E-19  0.000E+00 ( 7.364E-11,-5.382E-10) ( 1.346E-12,-9.834E-12)  1.25E-06
  2.300E+00 2.47216E-19  0.000E+00 ( 7.672E-11,-4.912E-10) ( 1.466E-12,-9.383E-12)  9.87E-07
  2.400E+00 2.08627E-19  0.000E+00 ( 7.866E-11,-4.498E-10) ( 1.568E-12,-8.968E-12)  5.21E-07
  2.500E+00 1.77291E-19  0.000E+00 ( 7.973E-11,-4.134E-10) ( 1.656E-12,-8.584E-12)  1.00E-07
  2.600E+00 1.51630E-19  0.000E+00 ( 8.012E-11,-3.810E-10) ( 1.731E-12,-8.228E-12)  4.27E-07
  2.700E+00 1.30453E-19  0.000E+00 ( 8.000E-11,-3.521E-10) ( 1.795E-12,-7.897E-12)  6.61E-07
  2.800E+00 1.12851E-19  0.000E+00 ( 7.948E-11,-3.263E-10) ( 1.849E-12,-7.590E-12)  6.84E-07
  2.900E+00 9.81246E-20  0.000E+00 ( 7.867E-11,-3.031E-10) ( 1.895E-12,-7.302E-12)  5.32E-07
  3.000E+00 8.57267E-20  0.000E+00 ( 7.762E-11,-2.822E-10) ( 1.935E-12,-7.034E-12)  2.68E-07
  3.100E+00 7.52289E-20  0.000E+00 ( 7.641E-11,-2.633E-10) ( 1.968E-12,-6.782E-12)  1.00E-07
  3.200E+00 6.62923E-20  0.000E+00 ( 7.507E-11,-2.462E-10) ( 1.996E-12,-6.545E-12)  2.80E-07
  3.300E+00 5.86460E-20  0.000E+00 ( 7.365E-11,-2.306E-10) ( 2.019E-12,-6.322E-12)  4.12E-07
  3.400E+00 5.20726E-20  0.000E+00 ( 7.217E-11,-2.164E-10) ( 2.039E-12,-6.113E-12)  4.17E-07
  3.500E+00 4.63964E-20  0.000E+00 ( 7.064E-11,-2.034E-10) ( 2.055E-12,-5.915E-12)  3.19E-07
  3.600E+00 4.14741E-20  0.000E+00 ( 6.910E-11,-1.915E-10) ( 2.067E-12,-5.727E-12)  1.50E-07
  3.700E+00 3.71888E-20  0.000E+00 ( 6.755E-11,-1.805E-10) ( 2.077E-12,-5.550E-12)  1.00E-07
  3.800E+00 3.34438E-20  0.000E+00 ( 6.601E-11,-1.704E-10) ( 2.085E-12,-5.382E-12)  1.98E-07
  3.900E+00 3.01594E-20  0.000E+00 ( 6.448E-11,-1.612E-10) ( 2.090E-12,-5.223E-12)  2.78E-07
  4.000E+00 2.72692E-20  0.000E+00 ( 6.297E-11,-1.526E-10) ( 2.093E-12,-5.071E-12)  2.75E-07
  4.100E+00 2.47177E-20  0.000E+00 ( 6.148E-11,-1.446E-10) ( 2.095E-12,-4.927E-12)  2.04E-07
  4.200E+00 2.24583E-20  0.000E+00 ( 6.002E-11,-1.372E-10) ( 2.095E-12,-4.789E-12)  1.00E-07
  4.300E+00 2.04518E-20  0.000E+00 ( 5.859E-11,-1.304E-10) ( 2.094E-12,-4.658E-12)  1.00E-07
  4.400E+00 1.86649E-20  0.000E+00 ( 5.719E-11,-1.240E-10) ( 2.092E-12,-4.533E-12)  1.48E-07
  4.500E+00 1.70693E-20  0.000E+00 ( 5.583E-11,-1.180E-10) ( 2.088E-12,-4.414E-12)  1.98E-07
  4.600E+00 1.56411E-20  0.000E+00 ( 5.450E-11,-1.125E-10) ( 2.084E-12,-4.300E-12)  1.91E-07
  4.700E+00 1.43594E-20  0.000E+00 ( 5.321E-11,-1.073E-10) ( 2.079E-12,-4.190E-12)  1.37E-07
  4.800E+00 1.32067E-20  0.000E+00 ( 5.195E-11,-1.024E-10) ( 2.073E-12,-4.086E-12)  1.00E-07
  4.900E+00 1.21676E-20  0.000E+00 ( 5.073E-11,-9.784E-11) ( 2.067E-12,-3.985E-12)  1.00E-07
  5.000E+00 1.12289E-20  0.000E+00 ( 4.955E-11,-9.357E-11) ( 2.060E-12,-3.889E-12)  1.14E-07
  5.100E+00 1.03793E-20  0.000E+00 ( 4.840E-11,-8.955E-11) ( 2.052E-12,-3.796E-12)  1.47E-07
  5.200E+00 9.60872E-21  0.000E+00 ( 4.728E-11,-8.576E-11) ( 2.044E-12,-3.708E-12)  1.38E-07
  5.300E+00 8.90851E-21  0.000E+00 ( 4.619E-11,-8.220E-11) ( 2.036E-12,-3.622E-12)  1.00E-07
  5.400E+00 8.27110E-21  0.000E+00 ( 4.514E-11,-7.885E-11) ( 2.027E-12,-3.540E-12)  1.00E-07
  5.500E+00 7.68983E-21  0.000E+00 ( 4.412E-11,-7.568E-11) ( 2.018E-12,-3.461E-12)  1.00E-07
  5.600E+00 7.15887E-21  0.000E+00 ( 4.313E-11,-7.268E-11) ( 2.008E-12,-3.384E-12)  1.00E-07
  5.700E+00 6.67308E-21  0.000E+00 ( 4.217E-11,-6.985E-11) ( 1.999E-12,-3.311E-12)  1.12E-07
  5.800E+00 6.22791E-21  0.000E+00 ( 4.124E-11,-6.717E-11) ( 1.989E-12,-3.240E-12)  1.03E-07
  5.900E+00 5.81936E-21  0.000E+00 ( 4.034E-11,-6.464E-11) ( 1.979E-12,-3.171E-12)  1.00E-07
  6.000E+00 5.44385E-21  0.000E+00 ( 3.947E-11,-6.223E-11) ( 1.969E-12,-3.105E-12)  1.00E-07
  6.100E+00 5.09824E-21  0.000E+00 ( 3.862E-11,-5.995E-11) ( 1.959E-12,-3.041E-12)  1.00E-07
  6.200E+00 4.77970E-21  0.000E+00 ( 3.779E-11,-5.778E-11) ( 1.949E-12,-2.979E-12)  1.00E-07
  6.300E+00 4.48573E-21  0.000E+00 ( 3.699E-11,-5.572E-11) ( 1.938E-12,-2.920E-12)  1.00E-07
  6.400E+00 4.21408E-21  0.000E+00 ( 3.622E-11,-5.376E-11) ( 1.928E-12,-2.862E-12)  1.00E-07
  6.500E+00 3.96275E-21  0.000E+00 ( 3.547E-11,-5.190E-11) ( 1.918E-12,-2.806E-12)  1.00E-07
  6.600E+00 3.72993E-21  0.000E+00 ( 3.474E-11,-5.012E-11) ( 1.907E-12,-2.752E-12)  1.00E-07
  6.700E+00 3.51402E-21  0.000E+00 ( 3.403E-11,-4.843E-11) ( 1.897E-12,-2.699E-12)  1.00E-07
  6.800E+00 3.31355E-21  0.000E+00 ( 3.334E-11,-4.681E-11) ( 1.886E-12,-2.648E-12)  1.00E-07
  6.900E+00 3.12723E-21  0.000E+00 ( 3.267E-11,-4.527E-11) ( 1.875E-12,-2.599E-12)  1.00E-07
  7.000E+00 2.95386E-21  0.000E+00 ( 3.202E-11,-4.380E-11) ( 1.865E-12,-2.551E-12)  1.00E-07
  7.100E+00 2.79237E-21  0.000E+00 ( 3.139E-11,-4.239E-11) ( 1.854E-12,-2.504E-12)  1.00E-07
  7.200E+00 2.64181E-21  0.000E+00 ( 3.078E-11,-4.105E-11) ( 1.844E-12,-2.459E-12)  1.00E-07
  7.300E+00 2.50130E-21  0.000E+00 ( 3.018E-11,-3.976E-11) ( 1.833E-12,-2.415E-12)  1.00E-07
  7.400E+00 2.37004E-21  0.000E+00 ( 2.961E-11,-3.853E-11) ( 1.823E-12,-2.373E-12)  1.00E-07
  7.500E+00 2.24730E-21  0.000E+00 ( 2.904E-11,-3.735E-11) ( 1.813E-12,-2.331E-12)  1.00E-07
  7.600E+00 2.13244E-21  0.000E+00 ( 2.850E-11,-3.622E-11) ( 1.802E-12,-2.291E-12)  1.00E-07
  7.700E+00 2.02484E-21  0.000E+00 ( 2.796E-11,-3.514E-11) ( 1.792E-12,-2.252E-12)  1.00E-07
  7.800E+00 1.92397E-21  0.000E+00 ( 2.745E-11,-3.410E-11) ( 1.782E-12,-2.213E-12)  1.00E-07
  7.900E+00 1.82933E-21  0.000E+00 ( 2.694E-11,-3.310E-11) ( 1.771E-12,-2.176E-12)  1.00E-07
  8.000E+00 1.74046E-21  0.000E+00 ( 2.645E-11,-3.214E-11) ( 1.761E-12,-2.140E-12)  1.00E-07
  8.100E+00 1.65694E-21  0.000E+00 ( 2.597E-11,-3.122E-11) ( 1.751E-12,-2.105E-12)  1.00E-07
  8.200E+00 1.57838E-21  0.000E+00 ( 2.551E-11,-3.034E-11) ( 1.741E-12,-2.071E-12)  1.00E-07
  8.300E+00 1.50445E-21  0.000E+00 ( 2.506E-11,-2.949E-11) ( 1.731E-12,-2.037E-12)  1.00E-07
  8.400E+00 1.43481E-21  0.000E+00 ( 2.462E-11,-2.867E-11) ( 1.721E-12,-2.005E-12)  1.00E-07
  8.500E+00 1.36917E-21  0.000E+00 ( 2.419E-11,-2.788E-11) ( 1.712E-12,-1.973E-12)  1.00E-07
  8.600E+00 1.30725E-21  0.000E+00 ( 2.377E-11,-2.712E-11) ( 1.702E-12,-1.942E-12)  1.00E-07
  8.700E+00 1.24881E-21  0.000E+00 ( 2.336E-11,-2.639E-11) ( 1.692E-12,-1.912E-12)  1.00E-07
  8.800E+00 1.19361E-21  0.000E+00 ( 2.297E-11,-2.569E-11) ( 1.683E-12,-1.882E-12)  1.00E-07
  8.900E+00 1.14144E-21  0.000E+00 ( 2.258E-11,-2.501E-11) ( 1.673E-12,-1.854E-12)  1.00E-07
  9.000E+00 1.09210E-21  0.000E+00 ( 2.220E-11,-2.435E-11) ( 1.664E-12,-1.825E-12)  1.00E-07
  9.100E+00 1.04541E-21  0.000E+00 ( 2.183E-11,-2.372E-11) ( 1.654E-12,-1.798E-12)  1.00E-07
  9.200E+00 1.00120E-21  0.000E+00 ( 2.147E-11,-2.311E-11) ( 1.645E-12,-1.771E-12)  1.00E-07
  9.300E+00 9.59306E-22  0.000E+00 ( 2.112E-11,-2.253E-11) ( 1.636E-12,-1.745E-12)  1.00E-07
  9.400E+00 9.19593E-22  0.000E+00 ( 2.078E-11,-2.196E-11) ( 1.627E-12,-1.719E-12)  1.00E-07
  9.500E+00 8.81922E-22  0.000E+00 ( 2.045E-11,-2.141E-11) ( 1.618E-12,-1.694E-12)  1.00E-07
  9.600E+00 8.46168E-22  0.000E+00 ( 2.012E-11,-2.088E-11) ( 1.609E-12,-1.670E-12)  1.00E-07
  9.700E+00 8.12216E-22  0.000E+00 ( 1.980E-11,-2.037E-11) ( 1.600E-12,-1.646E-12)  1.00E-07
  9.800E+00 7.79956E-22  0.000E+00 ( 1.949E-11,-1.987E-11) ( 1.591E-12,-1.623E-12)  1.00E-07
  9.900E+00 7.49290E-22  0.000E+00 ( 1.919E-11,-1.939E-11) ( 1.582E-12,-1.600E-12)  1.00E-07
  1.000E+01 7.20122E-22  0.000E+00 ( 1.889E-11,-1.893E-11) ( 1.574E-12,-1.577E-12)  1.00E-07
  1.025E+01 6.53202E-22  0.000E+00 ( 1.818E-11,-1.783E-11) ( 1.553E-12,-1.523E-12)  1.00E-07
  1.050E+01 5.93910E-22  0.000E+00 ( 1.750E-11,-1.682E-11) ( 1.532E-12,-1.472E-12)  1.00E-07
  1.075E+01 5.41223E-22  0.000E+00 ( 1.687E-11,-1.589E-11) ( 1.511E-12,-1.424E-12)  1.00E-07
  1.100E+01 4.94275E-22  0.000E+00 ( 1.627E-11,-1.502E-11) ( 1.492E-12,-1.378E-12)  1.00E-07
  1.125E+01 4.52330E-22  0.000E+00 ( 1.569E-11,-1.422E-11) ( 1.472E-12,-1.334E-12)  1.00E-07
  1.150E+01 4.14762E-22  0.000E+00 ( 1.515E-11,-1.347E-11) ( 1.453E-12,-1.292E-12)  1.00E-07
  1.175E+01 3.81031E-22  0.000E+00 ( 1.464E-11,-1.277E-11) ( 1.435E-12,-1.252E-12)  1.00E-07
  1.200E+01 3.50675E-22  0.000E+00 ( 1.415E-11,-1.212E-11) ( 1.416E-12,-1.214E-12)  1.00E-07
  1.225E+01 3.23297E-22  0.000E+00 ( 1.369E-11,-1.152E-11) ( 1.399E-12,-1.177E-12)  1.00E-07
  1.250E+01 2.98551E-22  0.000E+00 ( 1.324E-11,-1.095E-11) ( 1.381E-12,-1.143E-12)  1.00E-07
  1.275E+01 2.76139E-22  0.000E+00 ( 1.282E-11,-1.042E-11) ( 1.365E-12,-1.109E-12)  1.00E-07
  1.300E+01 2.55801E-22  0.000E+00 ( 1.242E-11,-9.925E-12) ( 1.348E-12,-1.077E-12)  1.00E-07
  1.325E+01 2.37311E-22  0.000E+00 ( 1.204E-11,-9.460E-12) ( 1.332E-12,-1.047E-12)  1.00E-07
  1.350E+01 2.20469E-22  0.000E+00 ( 1.167E-11,-9.023E-12) ( 1.316E-12,-1.017E-12)  1.00E-07
  1.375E+01 2.05102E-22  0.000E+00 ( 1.133E-11,-8.612E-12) ( 1.301E-12,-9.894E-13)  1.00E-07
  1.400E+01 1.91057E-22  0.000E+00 ( 1.099E-11,-8.226E-12) ( 1.285E-12,-9.624E-13)  1.00E-07
  1.425E+01 1.78201E-22  0.000E+00 ( 1.067E-11,-7.862E-12) ( 1.271E-12,-9.364E-13)  1.00E-07
  1.450E+01 1.66412E-22  0.000E+00 ( 1.037E-11,-7.519E-12) ( 1.256E-12,-9.114E-13)  1.00E-07
  1.475E+01 1.55588E-22  0.000E+00 ( 1.007E-11,-7.195E-12) ( 1.242E-12,-8.874E-13)  1.00E-07
  1.500E+01 1.45634E-22  0.000E+00 ( 9.793E-12,-6.890E-12) ( 1.228E-12,-8.643E-13)  1.00E-07
  1.525E+01 1.36467E-22  0.000E+00 ( 9.524E-12,-6.601E-12) ( 1.214E-12,-8.420E-13)  1.00E-07
  1.550E+01 1.28014E-22  0.000E+00 ( 9.266E-12,-6.327E-12) ( 1.201E-12,-8.206E-13)  1.00E-07
  1.575E+01 1.20209E-22  0.000E+00 ( 9.018E-12,-6.068E-12) ( 1.188E-12,-7.999E-13)  1.00E-07
  1.600E+01 1.12993E-22  0.000E+00 ( 8.780E-12,-5.823E-12) ( 1.175E-12,-7.799E-13)  1.00E-07
  1.625E+01 1.06313E-22  0.000E+00 ( 8.551E-12,-5.591E-12) ( 1.163E-12,-7.606E-13)  1.00E-07
  1.650E+01 1.00121E-22  0.000E+00 ( 8.331E-12,-5.370E-12) ( 1.151E-12,-7.420E-13)  1.00E-07
  1.675E+01 9.43767E-23  0.000E+00 ( 8.120E-12,-5.160E-12) ( 1.138E-12,-7.240E-13)  1.00E-07
  1.700E+01 8.90403E-23  0.000E+00 ( 7.916E-12,-4.961E-12) ( 1.127E-12,-7.067E-13)  1.00E-07
  1.725E+01 8.40777E-23  0.000E+00 ( 7.719E-12,-4.772E-12) ( 1.115E-12,-6.898E-13)  1.00E-07
  1.750E+01 7.94578E-23  0.000E+00 ( 7.530E-12,-4.592E-12) ( 1.104E-12,-6.736E-13)  1.00E-07
  1.775E+01 7.51526E-23  0.000E+00 ( 7.348E-12,-4.420E-12) ( 1.093E-12,-6.578E-13)  1.00E-07
  1.800E+01 7.11365E-23  0.000E+00 ( 7.172E-12,-4.257E-12) ( 1.082E-12,-6.426E-13)  1.00E-07
  1.825E+01 6.73866E-23  0.000E+00 ( 7.002E-12,-4.101E-12) ( 1.071E-12,-6.278E-13)  1.00E-07
  1.850E+01 6.38817E-23  0.000E+00 ( 6.838E-12,-3.952E-12) ( 1.061E-12,-6.135E-13)  1.00E-07
  1.875E+01 6.06030E-23  0.000E+00 ( 6.680E-12,-3.810E-12) ( 1.050E-12,-5.997E-13)  1.00E-07
  1.900E+01 5.75330E-23  0.000E+00 ( 6.527E-12,-3.675E-12) ( 1.040E-12,-5.862E-13)  1.00E-07
  1.925E+01 5.46559E-23  0.000E+00 ( 6.379E-12,-3.545E-12) ( 1.030E-12,-5.732E-13)  1.00E-07
  1.950E+01 5.19574E-23  0.000E+00 ( 6.236E-12,-3.422E-12) ( 1.021E-12,-5.605E-13)  1.00E-07
  1.975E+01 4.94242E-23  0.000E+00 ( 6.098E-12,-3.303E-12) ( 1.011E-12,-5.482E-13)  1.00E-07
  2.000E+01 4.70443E-23  0.000E+00 ( 5.965E-12,-3.190E-12) ( 1.002E-12,-5.363E-13)  1.00E-07
  2.025E+01 4.48066E-23  0.000E+00 ( 5.835E-12,-3.082E-12) ( 9.923E-13,-5.247E-13)  1.00E-07
  2.050E+01 4.27011E-23  0.000E+00 ( 5.710E-12,-2.978E-12) ( 9.833E-13,-5.134E-13)  1.00E-07
  2.075E+01 4.07184E-23  0.000E+00 ( 5.588E-12,-2.879E-12) ( 9.743E-13,-5.025E-13)  1.00E-07
  2.100E+01 3.88501E-23  0.000E+00 ( 5.471E-12,-2.783E-12) ( 9.656E-13,-4.918E-13)  1.00E-07
  2.125E+01 3.70882E-23 -1.759E-04 ( 5.357E-12,-2.692E-12) ( 9.569E-13,-4.815E-13)  1.00E-07
  2.150E+01 3.54255E-23 -1.824E-04 ( 5.246E-12,-2.604E-12) ( 9.485E-13,-4.714E-13)  1.00E-07
  2.175E+01 3.38554E-23 -1.890E-04 ( 5.139E-12,-2.520E-12) ( 9.401E-13,-4.616E-13)  1.00E-07
  2.200E+01 3.23718E-23 -1.957E-04 ( 5.035E-12,-2.439E-12) ( 9.319E-13,-4.521E-13)  1.00E-07
  2.225E+01 3.09689E-23 -2.026E-04 ( 4.934E-12,-2.361E-12) ( 9.239E-13,-4.428E-13)  1.00E-07
  2.250E+01 2.96415E-23 -2.096E-04 ( 4.836E-12,-2.287E-12) ( 9.159E-13,-4.338E-13)  1.00E-07
  2.275E+01 2.83849E-23 -2.167E-04 ( 4.741E-12,-2.215E-12) ( 9.081E-13,-4.250E-13)  1.00E-07
  2.300E+01 2.71944E-23 -2.240E-04 ( 4.648E-12,-2.146E-12) ( 9.004E-13,-4.164E-13)  1.00E-07
  2.325E+01 2.60660E-23 -2.313E-04 ( 4.558E-12,-2.080E-12) ( 8.929E-13,-4.080E-13)  1.00E-07
  2.350E+01 2.49957E-23 -2.389E-04 ( 4.471E-12,-2.016E-12) ( 8.854E-13,-3.999E-13)  1.00E-07
  2.375E+01 2.39801E-23 -2.465E-04 ( 4.386E-12,-1.954E-12) ( 8.781E-13,-3.919E-13)  1.00E-07
  2.400E+01 2.30157E-23 -2.543E-04 ( 4.303E-12,-1.895E-12) ( 8.709E-13,-3.842E-13)  1.00E-07
  2.425E+01 2.20996E-23 -2.623E-04 ( 4.223E-12,-1.838E-12) ( 8.638E-13,-3.766E-13)  1.00E-07
  2.450E+01 2.12287E-23 -2.703E-04 ( 4.145E-12,-1.783E-12) ( 8.568E-13,-3.692E-13)  1.00E-07
  2.475E+01 2.04006E-23 -2.785E-04 ( 4.069E-12,-1.730E-12) ( 8.499E-13,-3.620E-13)  1.00E-07
  2.500E+01 1.96125E-23 -2.869E-04 ( 3.995E-12,-1.679E-12) ( 8.431E-13,-3.550E-13)  1.00E-07
  2.550E+01 1.81478E-23 -3.040E-04 ( 3.852E-12,-1.582E-12) ( 8.299E-13,-3.414E-13)  1.00E-07
  2.600E+01 1.68178E-23 -3.216E-04 ( 3.717E-12,-1.491E-12) ( 8.170E-13,-3.285E-13)  1.00E-07
  2.650E+01 1.56078E-23 -3.398E-04 ( 3.589E-12,-1.407E-12) ( 8.044E-13,-3.162E-13)  1.00E-07
  2.700E+01 1.45051E-23 -3.585E-04 ( 3.467E-12,-1.329E-12) ( 7.923E-13,-3.044E-13)  1.00E-07
  2.750E+01 1.34983E-23 -3.778E-04 ( 3.351E-12,-1.255E-12) ( 7.804E-13,-2.931E-13)  1.00E-07
  2.800E+01 1.25777E-23 -3.977E-04 ( 3.240E-12,-1.186E-12) ( 7.689E-13,-2.823E-13)  1.00E-07
  2.850E+01 1.17344E-23 -4.181E-04 ( 3.135E-12,-1.122E-12) ( 7.577E-13,-2.720E-13)  1.00E-07
  2.900E+01 1.09608E-23 -4.390E-04 ( 3.034E-12,-1.062E-12) ( 7.468E-13,-2.621E-13)  1.00E-07
  2.950E+01 1.02501E-23 -4.605E-04 ( 2.938E-12,-1.005E-12) ( 7.362E-13,-2.526E-13)  1.00E-07
  3.000E+01 9.59612E-24 -4.826E-04 ( 2.847E-12,-9.521E-13) ( 7.258E-13,-2.436E-13)  1.00E-07
  3.050E+01 8.99360E-24 -5.052E-04 ( 2.759E-12,-9.021E-13) ( 7.157E-13,-2.348E-13)  1.00E-07
  3.100E+01 8.43770E-24 -5.284E-04 ( 2.675E-12,-8.552E-13) ( 7.059E-13,-2.265E-13)  1.00E-07
  3.150E+01 7.92414E-24 -5.522E-04 ( 2.595E-12,-8.110E-13) ( 6.962E-13,-2.184E-13)  1.00E-07
  3.200E+01 7.44911E-24 -5.765E-04 ( 2.518E-12,-7.693E-13) ( 6.869E-13,-2.107E-13)  1.00E-07
  3.250E+01 7.00917E-24 -6.014E-04 ( 2.444E-12,-7.301E-13) ( 6.777E-13,-2.033E-13)  1.00E-07
  3.300E+01 6.60124E-24 -6.269E-04 ( 2.374E-12,-6.931E-13) ( 6.688E-13,-1.961E-13)  1.00E-07
  3.350E+01 6.22257E-24 -6.530E-04 ( 2.306E-12,-6.582E-13) ( 6.601E-13,-1.893E-13)  1.00E-07
  3.400E+01 5.87066E-24 -6.796E-04 ( 2.241E-12,-6.252E-13) ( 6.515E-13,-1.826E-13)  1.00E-07
  3.450E+01 5.54326E-24 -7.067E-04 ( 2.178E-12,-5.940E-13) ( 6.432E-13,-1.763E-13)  1.00E-07
  3.500E+01 5.23836E-24 -7.345E-04 ( 2.118E-12,-5.645E-13) ( 6.351E-13,-1.701E-13)  1.00E-07
  3.550E+01 4.95410E-24 -7.628E-04 ( 2.061E-12,-5.366E-13) ( 6.271E-13,-1.642E-13)  1.00E-07
  3.600E+01 4.68884E-24 -7.917E-04 ( 2.005E-12,-5.102E-13) ( 6.193E-13,-1.585E-13)  1.00E-07
  3.650E+01 4.44106E-24 -8.212E-04 ( 1.951E-12,-4.851E-13) ( 6.117E-13,-1.530E-13)  1.00E-07
  3.700E+01 4.20940E-24 -8.512E-04 ( 1.900E-12,-4.614E-13) ( 6.042E-13,-1.477E-13)  1.00E-07
  3.750E+01 3.99261E-24 -8.819E-04 ( 1.850E-12,-4.389E-13) ( 5.969E-13,-1.426E-13)  1.00E-07
  3.800E+01 3.78955E-24 -9.130E-04 ( 1.802E-12,-4.176E-13) ( 5.897E-13,-1.376E-13)  1.00E-07
  3.850E+01 3.59919E-24 -9.448E-04 ( 1.756E-12,-3.973E-13) ( 5.827E-13,-1.328E-13)  1.00E-07
  3.900E+01 3.42059E-24 -9.772E-04 ( 1.712E-12,-3.781E-13) ( 5.758E-13,-1.282E-13)  1.00E-07
  3.950E+01 3.25289E-24 -1.010E-03 ( 1.669E-12,-3.598E-13) ( 5.691E-13,-1.237E-13)  1.00E-07
  4.000E+01 3.09529E-24 -1.044E-03 ( 1.627E-12,-3.425E-13) ( 5.625E-13,-1.194E-13)  1.00E-07
  4.050E+01 2.94707E-24 -1.078E-03 ( 1.587E-12,-3.260E-13) ( 5.560E-13,-1.152E-13)  1.00E-07
  4.100E+01 2.80757E-24 -1.112E-03 ( 1.548E-12,-3.103E-13) ( 5.497E-13,-1.112E-13)  1.00E-07
  4.150E+01 2.67617E-24 -1.148E-03 ( 1.511E-12,-2.953E-13) ( 5.435E-13,-1.073E-13)  1.00E-07
  4.200E+01 2.55233E-24 -1.183E-03 ( 1.474E-12,-2.811E-13) ( 5.373E-13,-1.035E-13)  1.00E-07
  4.250E+01 2.43551E-24 -1.220E-03 ( 1.439E-12,-2.675E-13) ( 5.313E-13,-9.980E-14)  1.00E-07
  4.300E+01 2.32525E-24 -1.257E-03 ( 1.405E-12,-2.546E-13) ( 5.255E-13,-9.624E-14)  1.00E-07
  4.350E+01 2.22111E-24 -1.295E-03 ( 1.372E-12,-2.423E-13) ( 5.197E-13,-9.280E-14)  1.00E-07
  4.400E+01 2.12269E-24 -1.333E-03 ( 1.341E-12,-2.306E-13) ( 5.140E-13,-8.947E-14)  1.00E-07
  4.450E+01 2.02961E-24 -1.371E-03 ( 1.310E-12,-2.194E-13) ( 5.084E-13,-8.624E-14)  1.00E-07
  4.500E+01 1.94152E-24 -1.411E-03 ( 1.280E-12,-2.088E-13) ( 5.029E-13,-8.310E-14)  1.00E-07
  4.550E+01 1.85812E-24 -1.451E-03 ( 1.251E-12,-1.986E-13) ( 4.975E-13,-8.007E-14)  1.00E-07
  4.600E+01 1.77910E-24 -1.491E-03 ( 1.223E-12,-1.889E-13) ( 4.923E-13,-7.712E-14)  1.00E-07
  4.650E+01 1.70418E-24 -1.532E-03 ( 1.195E-12,-1.796E-13) ( 4.870E-13,-7.426E-14)  1.00E-07
  4.700E+01 1.63313E-24 -1.574E-03 ( 1.169E-12,-1.708E-13) ( 4.819E-13,-7.149E-14)  1.00E-07
  4.750E+01 1.56569E-24 -1.616E-03 ( 1.143E-12,-1.623E-13) ( 4.769E-13,-6.880E-14)  1.00E-07
  4.800E+01 1.50165E-24 -1.659E-03 ( 1.118E-12,-1.542E-13) ( 4.720E-13,-6.619E-14)  1.00E-07
  4.850E+01 1.44081E-24 -1.703E-03 ( 1.094E-12,-1.465E-13) ( 4.671E-13,-6.366E-14)  1.00E-07
  4.900E+01 1.38297E-24 -1.747E-03 ( 1.071E-12,-1.391E-13) ( 4.623E-13,-6.120E-14)  1.00E-07
  4.950E+01 1.32797E-24 -1.792E-03 ( 1.048E-12,-1.321E-13) ( 4.576E-13,-5.881E-14)  1.00E-07
  5.000E+01 1.27563E-24 -1.837E-03 ( 1.025E-12,-1.253E-13) ( 4.529E-13,-5.650E-14)  1.00E-07
  5.050E+01 1.22580E-24 -1.883E-03 ( 1.004E-12,-1.189E-13) ( 4.484E-13,-5.424E-14)  1.00E-07
  5.100E+01 1.17834E-24 -1.929E-03 ( 9.828E-13,-1.127E-13) ( 4.439E-13,-5.206E-14)  1.00E-07
  5.150E+01 1.13312E-24 -1.976E-03 ( 9.623E-13,-1.068E-13) ( 4.394E-13,-4.993E-14)  1.00E-07
  5.200E+01 1.09000E-24 -2.024E-03 ( 9.424E-13,-1.011E-13) ( 4.351E-13,-4.787E-14)  1.00E-07
  5.250E+01 1.04888E-24 -2.072E-03 ( 9.231E-13,-9.574E-14) ( 4.308E-13,-4.586E-14)  1.00E-07
  5.300E+01 1.00964E-24 -2.121E-03 ( 9.042E-13,-9.056E-14) ( 4.266E-13,-4.391E-14)  1.00E-07
  5.350E+01 9.72183E-25 -2.171E-03 ( 8.858E-13,-8.561E-14) ( 4.224E-13,-4.201E-14)  1.00E-07
  5.400E+01 9.36410E-25 -2.221E-03 ( 8.679E-13,-8.087E-14) ( 4.183E-13,-4.017E-14)  1.00E-07
  5.450E+01 9.02231E-25 -2.272E-03 ( 8.505E-13,-7.632E-14) ( 4.142E-13,-3.838E-14)  1.00E-07
  5.500E+01 8.69563E-25 -2.323E-03 ( 8.335E-13,-7.197E-14) ( 4.102E-13,-3.664E-14)  1.00E-07
  5.550E+01 8.38325E-25 -2.375E-03 ( 8.170E-13,-6.781E-14) ( 4.063E-13,-3.494E-14)  1.00E-07
  5.600E+01 8.08444E-25 -2.427E-03 ( 8.008E-13,-6.382E-14) ( 4.024E-13,-3.329E-14)  1.00E-07
  5.650E+01 7.79850E-25 -2.481E-03 ( 7.851E-13,-5.999E-14) ( 3.986E-13,-3.169E-14)  1.00E-07
  5.700E+01 7.52477E-25 -2.534E-03 ( 7.698E-13,-5.633E-14) ( 3.948E-13,-3.013E-14)  1.00E-07
  5.750E+01 7.26262E-25 -2.589E-03 ( 7.548E-13,-5.282E-14) ( 3.911E-13,-2.862E-14)  1.00E-07
  5.800E+01 7.01149E-25 -2.644E-03 ( 7.402E-13,-4.946E-14) ( 3.874E-13,-2.714E-14)  1.00E-07
  5.850E+01 6.77081E-25 -2.700E-03 ( 7.259E-13,-4.624E-14) ( 3.838E-13,-2.571E-14)  1.00E-07
  5.900E+01 6.54007E-25 -2.756E-03 ( 7.120E-13,-4.316E-14) ( 3.802E-13,-2.431E-14)  1.00E-07
  5.950E+01 6.31879E-25 -2.813E-03 ( 6.985E-13,-4.020E-14) ( 3.767E-13,-2.295E-14)  1.00E-07
  6.000E+01 6.10650E-25 -2.871E-03 ( 6.852E-13,-3.736E-14) ( 3.732E-13,-2.163E-14)  1.00E-07
  6.050E+01 5.90277E-25 -2.929E-03 ( 6.723E-13,-3.465E-14) ( 3.698E-13,-2.034E-14)  1.00E-07
  6.100E+01 5.70719E-25 -2.988E-03 ( 6.596E-13,-3.205E-14) ( 3.664E-13,-1.909E-14)  1.00E-07
  6.150E+01 5.51938E-25 -3.047E-03 ( 6.473E-13,-2.955E-14) ( 3.630E-13,-1.787E-14)  1.00E-07
  6.200E+01 5.33897E-25 -3.107E-03 ( 6.352E-13,-2.716E-14) ( 3.597E-13,-1.669E-14)  1.00E-07
  6.250E+01 5.16561E-25 -3.168E-03 ( 6.234E-13,-2.487E-14) ( 3.564E-13,-1.553E-14)  1.00E-07
  6.300E+01 4.99897E-25 -3.230E-03 ( 6.119E-13,-2.268E-14) ( 3.532E-13,-1.441E-14)  1.00E-07
  6.350E+01 4.83876E-25 -3.292E-03 ( 6.006E-13,-2.058E-14) ( 3.500E-13,-1.332E-14)  1.00E-07
  6.400E+01 4.68467E-25 -3.355E-03 ( 5.896E-13,-1.856E-14) ( 3.469E-13,-1.225E-14)  1.00E-07
  6.450E+01 4.53642E-25 -3.418E-03 ( 5.789E-13,-1.663E-14) ( 3.438E-13,-1.122E-14)  1.00E-07
  6.500E+01 4.39376E-25 -3.482E-03 ( 5.683E-13,-1.479E-14) ( 3.407E-13,-1.021E-14)  1.00E-07
  6.550E+01 4.25643E-25 -3.547E-03 ( 5.580E-13,-1.302E-14) ( 3.376E-13,-9.229E-15)  1.00E-07
  6.600E+01 4.12420E-25 -3.613E-03 ( 5.479E-13,-1.132E-14) ( 3.346E-13,-8.273E-15)  1.00E-07
  6.650E+01 3.99685E-25 -3.679E-03 ( 5.381E-13,-9.698E-15) ( 3.317E-13,-7.344E-15)  1.00E-07
  6.700E+01 3.87416E-25 -3.746E-03 ( 5.284E-13,-8.144E-15) ( 3.287E-13,-6.439E-15)  1.00E-07
  6.750E+01 3.75593E-25 -3.813E-03 ( 5.190E-13,-6.656E-15) ( 3.258E-13,-5.559E-15)  1.00E-07
  6.800E+01 3.64197E-25 -3.881E-03 ( 5.098E-13,-5.232E-15) ( 3.229E-13,-4.701E-15)  1.00E-07
  6.850E+01 3.53209E-25 -3.950E-03 ( 5.007E-13,-3.870E-15) ( 3.201E-13,-3.867E-15)  1.00E-07
  6.900E+01 3.42612E-25 -4.020E-03 ( 4.919E-13,-2.566E-15) ( 3.173E-13,-3.055E-15)  1.00E-07
  6.950E+01 3.32391E-25 -4.090E-03 ( 4.832E-13,-1.319E-15) ( 3.145E-13,-2.265E-15)  1.00E-07
  7.000E+01 3.22528E-25 -4.161E-03 ( 4.747E-13,-1.260E-16) ( 3.118E-13,-1.496E-15)  1.00E-07
  7.050E+01 3.13010E-25 -4.233E-03 ( 4.664E-13, 1.014E-15) ( 3.091E-13,-7.482E-16)  1.00E-07
  7.100E+01 3.03821E-25 -4.305E-03 ( 4.582E-13, 2.104E-15) ( 3.064E-13,-2.022E-17)  1.00E-07
  7.150E+01 2.94949E-25 -4.378E-03 ( 4.502E-13, 3.146E-15) ( 3.037E-13, 6.881E-16)  1.00E-07
  7.200E+01 2.86381E-25 -4.452E-03 ( 4.424E-13, 4.141E-15) ( 3.011E-13, 1.377E-15)  1.00E-07
  7.250E+01 2.78104E-25 -4.527E-03 ( 4.347E-13, 5.091E-15) ( 2.985E-13, 2.048E-15)  1.00E-07
  7.300E+01 2.70107E-25 -4.602E-03 ( 4.272E-13, 5.999E-15) ( 2.959E-13, 2.700E-15)  1.00E-07
  7.350E+01 2.62378E-25 -4.678E-03 ( 4.198E-13, 6.864E-15) ( 2.934E-13, 3.334E-15)  1.00E-07
  7.400E+01 2.54907E-25 -4.755E-03 ( 4.126E-13, 7.690E-15) ( 2.908E-13, 3.951E-15)  1.00E-07
  7.450E+01 2.47684E-25 -4.833E-03 ( 4.055E-13, 8.477E-15) ( 2.883E-13, 4.551E-15)  1.00E-07
  7.500E+01 2.40699E-25 -4.911E-03 ( 3.986E-13, 9.227E-15) ( 2.859E-13, 5.135E-15)  1.00E-07
  7.550E+01 2.33942E-25 -4.990E-03 ( 3.918E-13, 9.942E-15) ( 2.834E-13, 5.702E-15)  1.00E-07
  7.600E+01 2.27406E-25 -5.070E-03 ( 3.851E-13, 1.062E-14) ( 2.810E-13, 6.254E-15)  1.00E-07
  7.650E+01 2.21081E-25 -5.151E-03 ( 3.785E-13, 1.127E-14) ( 2.786E-13, 6.790E-15)  1.00E-07
  7.700E+01 2.14959E-25 -5.232E-03 ( 3.721E-13, 1.189E-14) ( 2.762E-13, 7.311E-15)  1.00E-07
  7.750E+01 2.09033E-25 -5.315E-03 ( 3.658E-13, 1.247E-14) ( 2.739E-13, 7.817E-15)  1.00E-07
  7.800E+01 2.03296E-25 -5.398E-03 ( 3.596E-13, 1.303E-14) ( 2.715E-13, 8.309E-15)  1.00E-07
  7.850E+01 1.97740E-25 -5.482E-03 ( 3.536E-13, 1.355E-14) ( 2.692E-13, 8.787E-15)  1.00E-07
  7.900E+01 1.92358E-25 -5.566E-03 ( 3.476E-13, 1.405E-14) ( 2.669E-13, 9.251E-15)  1.00E-07
  7.950E+01 1.87145E-25 -5.652E-03 ( 3.418E-13, 1.453E-14) ( 2.647E-13, 9.701E-15)  1.00E-07
  8.000E+01 1.82093E-25 -5.738E-03 ( 3.360E-13, 1.497E-14) ( 2.624E-13, 1.014E-14)  1.00E-07
  8.050E+01 1.77198E-25 -5.825E-03 ( 3.304E-13, 1.540E-14) ( 2.602E-13, 1.056E-14)  1.00E-07
  8.100E+01 1.72453E-25 -5.913E-03 ( 3.249E-13, 1.580E-14) ( 2.580E-13, 1.098E-14)  1.00E-07
  8.150E+01 1.67852E-25 -6.002E-03 ( 3.194E-13, 1.617E-14) ( 2.558E-13, 1.138E-14)  1.00E-07
  8.200E+01 1.63392E-25 -6.092E-03 ( 3.141E-13, 1.653E-14) ( 2.536E-13, 1.176E-14)  1.00E-07
  8.250E+01 1.59066E-25 -6.182E-03 ( 3.089E-13, 1.686E-14) ( 2.515E-13, 1.214E-14)  1.00E-07
  8.300E+01 1.54871E-25 -6.274E-03 ( 3.037E-13, 1.718E-14) ( 2.494E-13, 1.250E-14)  1.00E-07
  8.350E+01 1.50801E-25 -6.366E-03 ( 2.987E-13, 1.747E-14) ( 2.472E-13, 1.286E-14)  1.00E-07
  8.400E+01 1.46851E-25 -6.459E-03 ( 2.937E-13, 1.775E-14) ( 2.452E-13, 1.320E-14)  1.00E-07
  8.450E+01 1.43019E-25 -6.554E-03 ( 2.888E-13, 1.801E-14) ( 2.431E-13, 1.353E-14)  1.00E-07
  8.500E+01 1.39299E-25 -6.649E-03 ( 2.840E-13, 1.825E-14) ( 2.410E-13, 1.385E-14)  1.00E-07
  8.550E+01 1.35688E-25 -6.745E-03 ( 2.793E-13, 1.847E-14) ( 2.390E-13, 1.416E-14)  1.00E-07
  8.600E+01 1.32182E-25 -6.842E-03 ( 2.747E-13, 1.868E-14) ( 2.370E-13, 1.447E-14)  1.00E-07
  8.650E+01 1.28778E-25 -6.940E-03 ( 2.702E-13, 1.887E-14) ( 2.350E-13, 1.476E-14)  1.00E-07
  8.700E+01 1.25472E-25 -7.038E-03 ( 2.657E-13, 1.905E-14) ( 2.330E-13, 1.504E-14)  1.00E-07
  8.750E+01 1.22261E-25 -7.138E-03 ( 2.613E-13, 1.921E-14) ( 2.310E-13, 1.531E-14)  1.00E-07
  8.800E+01 1.19141E-25 -7.239E-03 ( 2.570E-13, 1.936E-14) ( 2.291E-13, 1.557E-14)  1.00E-07
  8.850E+01 1.16110E-25 -7.341E-03 ( 2.528E-13, 1.949E-14) ( 2.271E-13, 1.583E-14)  1.00E-07
  8.900E+01 1.13164E-25 -7.444E-03 ( 2.486E-13, 1.961E-14) ( 2.252E-13, 1.607E-14)  1.00E-07
  8.950E+01 1.10302E-25 -7.547E-03 ( 2.445E-13, 1.972E-14) ( 2.233E-13, 1.631E-14)  1.00E-07
  9.000E+01 1.07519E-25 -7.652E-03 ( 2.405E-13, 1.982E-14) ( 2.214E-13, 1.654E-14)  1.00E-07
  9.050E+01 1.04814E-25 -7.758E-03 ( 2.365E-13, 1.991E-14) ( 2.195E-13, 1.675E-14)  1.00E-07
  9.100E+01 1.02184E-25 -7.865E-03 ( 2.326E-13, 1.998E-14) ( 2.177E-13, 1.697E-14)  1.00E-07
  9.150E+01 9.96258E-26 -7.973E-03 ( 2.288E-13, 2.004E-14) ( 2.158E-13, 1.717E-14)  1.00E-07
  9.200E+01 9.71383E-26 -8.082E-03 ( 2.251E-13, 2.010E-14) ( 2.140E-13, 1.736E-14)  1.00E-07
  9.250E+01 9.47188E-26 -8.192E-03 ( 2.214E-13, 2.014E-14) ( 2.122E-13, 1.755E-14)  1.00E-07
  9.300E+01 9.23650E-26 -8.303E-03 ( 2.177E-13, 2.018E-14) ( 2.103E-13, 1.773E-14)  1.00E-07
  9.350E+01 9.00750E-26 -8.416E-03 ( 2.141E-13, 2.020E-14) ( 2.086E-13, 1.790E-14)  1.00E-07
  9.400E+01 8.78467E-26 -8.529E-03 ( 2.106E-13, 2.022E-14) ( 2.068E-13, 1.807E-14)  1.00E-07
  9.450E+01 8.56781E-26 -8.644E-03 ( 2.071E-13, 2.022E-14) ( 2.050E-13, 1.823E-14)  1.00E-07
  9.500E+01 8.35675E-26 -8.760E-03 ( 2.037E-13, 2.022E-14) ( 2.033E-13, 1.838E-14)  1.00E-07
  9.550E+01 8.15130E-26 -8.877E-03 ( 2.004E-13, 2.022E-14) ( 2.015E-13, 1.852E-14)  1.00E-07
  9.600E+01 7.95129E-26 -8.995E-03 ( 1.971E-13, 2.020E-14) ( 1.998E-13, 1.866E-14)  1.00E-07
  9.650E+01 7.75655E-26 -9.115E-03 ( 1.938E-13, 2.018E-14) ( 1.981E-13, 1.879E-14)  1.00E-07
  9.700E+01 7.56692E-26 -9.235E-03 ( 1.906E-13, 2.015E-14) ( 1.964E-13, 1.892E-14)  1.00E-07
  9.750E+01 7.38225E-26 -9.357E-03 ( 1.875E-13, 2.011E-14) ( 1.947E-13, 1.904E-14)  1.00E-07
  9.800E+01 7.20238E-26 -9.481E-03 ( 1.844E-13, 2.007E-14) ( 1.930E-13, 1.915E-14)  1.00E-07
  9.850E+01 7.02718E-26 -9.605E-03 ( 1.814E-13, 2.002E-14) ( 1.913E-13, 1.926E-14)  1.00E-07
  9.900E+01 6.85649E-26 -9.731E-03 ( 1.784E-13, 1.996E-14) ( 1.897E-13, 1.936E-14)  1.00E-07
  9.950E+01 6.69019E-26 -9.858E-03 ( 1.754E-13, 1.990E-14) ( 1.880E-13, 1.945E-14)  1.00E-07
  1.000E+02 6.52815E-26 -9.987E-03 ( 1.725E-13, 1.984E-14) ( 1.864E-13, 1.954E-14)  1.00E-07
  1.005E+02 6.37024E-26 -1.012E-02 ( 1.697E-13, 1.976E-14) ( 1.848E-13, 1.962E-14)  1.00E-07
  1.010E+02 6.21633E-26 -1.025E-02 ( 1.669E-13, 1.969E-14) ( 1.831E-13, 1.970E-14)  1.00E-07
  1.015E+02 6.06632E-26 -1.038E-02 ( 1.641E-13, 1.961E-14) ( 1.815E-13, 1.977E-14)  1.00E-07
  1.020E+02 5.92009E-26 -1.052E-02 ( 1.614E-13, 1.952E-14) ( 1.800E-13, 1.984E-14)  1.00E-07
  1.025E+02 5.77753E-26 -1.065E-02 ( 1.587E-13, 1.943E-14) ( 1.784E-13, 1.990E-14)  1.00E-07
  1.030E+02 5.63853E-26 -1.079E-02 ( 1.561E-13, 1.934E-14) ( 1.768E-13, 1.996E-14)  1.00E-07
  1.035E+02 5.50299E-26 -1.093E-02 ( 1.535E-13, 1.924E-14) ( 1.752E-13, 2.001E-14)  1.00E-07
  1.040E+02 5.37082E-26 -1.107E-02 ( 1.509E-13, 1.914E-14) ( 1.737E-13, 2.006E-14)  1.00E-07
  1.045E+02 5.24191E-26 -1.121E-02 ( 1.484E-13, 1.903E-14) ( 1.722E-13, 2.010E-14)  1.00E-07
  1.050E+02 5.11617E-26 -1.135E-02 ( 1.459E-13, 1.892E-14) ( 1.706E-13, 2.014E-14)  1.00E-07
  1.055E+02 4.99352E-26 -1.150E-02 ( 1.435E-13, 1.881E-14) ( 1.691E-13, 2.017E-14)  1.00E-07
  1.060E+02 4.87387E-26 -1.164E-02 ( 1.411E-13, 1.869E-14) ( 1.676E-13, 2.020E-14)  1.00E-07
  1.065E+02 4.75713E-26 -1.179E-02 ( 1.387E-13, 1.857E-14) ( 1.661E-13, 2.022E-14)  1.00E-07
  1.070E+02 4.64322E-26 -1.194E-02 ( 1.364E-13, 1.845E-14) ( 1.646E-13, 2.024E-14)  1.00E-07
  1.075E+02 4.53207E-26 -1.209E-02 ( 1.341E-13, 1.833E-14) ( 1.631E-13, 2.025E-14)  1.00E-07
  1.080E+02 4.42360E-26 -1.225E-02 ( 1.318E-13, 1.820E-14) ( 1.616E-13, 2.026E-14)  1.00E-07
  1.085E+02 4.31773E-26 -1.240E-02 ( 1.296E-13, 1.807E-14) ( 1.602E-13, 2.027E-14)  1.00E-07
  1.090E+02 4.21440E-26 -1.256E-02 ( 1.274E-13, 1.794E-14) ( 1.587E-13, 2.027E-14)  1.00E-07
  1.095E+02 4.11353E-26 -1.272E-02 ( 1.252E-13, 1.780E-14) ( 1.573E-13, 2.027E-14)  1.00E-07
  1.100E+02 4.01506E-26 -1.288E-02 ( 1.231E-13, 1.767E-14) ( 1.558E-13, 2.026E-14)  1.00E-07
  1.105E+02 3.91892E-26 -1.304E-02 ( 1.210E-13, 1.753E-14) ( 1.544E-13, 2.025E-14)  1.00E-07
  1.110E+02 3.82506E-26 -1.321E-02 ( 1.189E-13, 1.739E-14) ( 1.530E-13, 2.024E-14)  1.00E-07
  1.115E+02 3.73341E-26 -1.338E-02 ( 1.169E-13, 1.725E-14) ( 1.515E-13, 2.022E-14)  1.00E-07
  1.120E+02 3.64391E-26 -1.354E-02 ( 1.149E-13, 1.711E-14) ( 1.501E-13, 2.020E-14)  1.00E-07
  1.125E+02 3.55650E-26 -1.372E-02 ( 1.129E-13, 1.696E-14) ( 1.487E-13, 2.018E-14)  1.00E-07
  1.130E+02 3.47113E-26 -1.389E-02 ( 1.110E-13, 1.682E-14) ( 1.473E-13, 2.015E-14)  1.00E-07
  1.135E+02 3.38775E-26 -1.406E-02 ( 1.091E-13, 1.667E-14) ( 1.459E-13, 2.012E-14)  1.00E-07
  1.140E+02 3.30630E-26 -1.424E-02 ( 1.072E-13, 1.652E-14) ( 1.446E-13, 2.008E-14)  1.00E-07
  1.145E+02 3.22674E-26 -1.442E-02 ( 1.053E-13, 1.637E-14) ( 1.432E-13, 2.005E-14)  1.00E-07
  1.150E+02 3.14901E-26 -1.460E-02 ( 1.035E-13, 1.622E-14) ( 1.418E-13, 2.000E-14)  1.00E-07
  1.155E+02 3.07307E-26 -1.479E-02 ( 1.017E-13, 1.607E-14) ( 1.405E-13, 1.996E-14)  1.00E-07
  1.160E+02 2.99887E-26 -1.498E-02 ( 9.992E-14, 1.591E-14) ( 1.391E-13, 1.991E-14)  1.00E-07
  1.165E+02 2.92637E-26 -1.517E-02 ( 9.817E-14, 1.576E-14) ( 1.378E-13, 1.986E-14)  1.00E-07
  1.170E+02 2.85552E-26 -1.536E-02 ( 9.645E-14, 1.561E-14) ( 1.364E-13, 1.981E-14)  1.00E-07
  1.175E+02 2.78628E-26 -1.555E-02 ( 9.475E-14, 1.545E-14) ( 1.351E-13, 1.975E-14)  1.00E-07
  1.180E+02 2.71862E-26 -1.575E-02 ( 9.308E-14, 1.530E-14) ( 1.338E-13, 1.969E-14)  1.00E-07
  1.185E+02 2.65248E-26 -1.595E-02 ( 9.143E-14, 1.514E-14) ( 1.325E-13, 1.963E-14)  1.00E-07
  1.190E+02 2.58784E-26 -1.615E-02 ( 8.981E-14, 1.499E-14) ( 1.312E-13, 1.956E-14)  1.00E-07
  1.195E+02 2.52466E-26 -1.636E-02 ( 8.821E-14, 1.483E-14) ( 1.299E-13, 1.949E-14)  1.00E-07
  1.200E+02 2.46290E-26 -1.657E-02 ( 8.664E-14, 1.467E-14) ( 1.286E-13, 1.942E-14)  1.00E-07
  1.205E+02 2.40252E-26 -1.678E-02 ( 8.509E-14, 1.452E-14) ( 1.273E-13, 1.934E-14)  1.00E-07
  1.210E+02 2.34349E-26 -1.700E-02 ( 8.356E-14, 1.436E-14) ( 1.260E-13, 1.927E-14)  1.00E-07
  1.215E+02 2.28578E-26 -1.721E-02 ( 8.206E-14, 1.420E-14) ( 1.247E-13, 1.919E-14)  1.00E-07
  1.220E+02 2.22936E-26 -1.743E-02 ( 8.057E-14, 1.404E-14) ( 1.234E-13, 1.911E-14)  1.00E-07
  1.225E+02 2.17419E-26 -1.766E-02 ( 7.911E-14, 1.389E-14) ( 1.222E-13, 1.902E-14)  1.00E-07
  1.230E+02 2.12025E-26 -1.789E-02 ( 7.768E-14, 1.373E-14) ( 1.209E-13, 1.893E-14)  1.00E-07
  1.235E+02 2.06750E-26 -1.812E-02 ( 7.626E-14, 1.357E-14) ( 1.197E-13, 1.884E-14)  1.00E-07
  1.240E+02 2.01591E-26 -1.835E-02 ( 7.486E-14, 1.342E-14) ( 1.184E-13, 1.875E-14)  1.00E-07
  1.245E+02 1.96547E-26 -1.859E-02 ( 7.349E-14, 1.326E-14) ( 1.172E-13, 1.866E-14)  1.00E-07
  1.250E+02 1.91613E-26 -1.883E-02 ( 7.213E-14, 1.310E-14) ( 1.159E-13, 1.856E-14)  1.00E-07
  1.255E+02 1.86788E-26 -1.908E-02 ( 7.080E-14, 1.295E-14) ( 1.147E-13, 1.846E-14)  1.00E-07
  1.260E+02 1.82069E-26 -1.933E-02 ( 6.949E-14, 1.279E-14) ( 1.135E-13, 1.836E-14)  1.00E-07
  1.265E+02 1.77454E-26 -1.958E-02 ( 6.819E-14, 1.264E-14) ( 1.123E-13, 1.826E-14)  1.00E-07
  1.270E+02 1.72939E-26 -1.984E-02 ( 6.692E-14, 1.248E-14) ( 1.110E-13, 1.815E-14)  1.00E-07
  1.275E+02 1.68524E-26 -2.010E-02 ( 6.566E-14, 1.233E-14) ( 1.098E-13, 1.804E-14)  1.00E-07
  1.280E+02 1.64205E-26 -2.037E-02 ( 6.443E-14, 1.217E-14) ( 1.086E-13, 1.793E-14)  1.00E-07
  1.285E+02 1.59980E-26 -2.064E-02 ( 6.321E-14, 1.202E-14) ( 1.074E-13, 1.782E-14)  1.00E-07
  1.290E+02 1.55847E-26 -2.091E-02 ( 6.201E-14, 1.187E-14) ( 1.062E-13, 1.771E-14)  1.00E-07
  1.295E+02 1.51804E-26 -2.119E-02 ( 6.083E-14, 1.172E-14) ( 1.050E-13, 1.759E-14)  1.00E-07
  1.300E+02 1.47849E-26 -2.148E-02 ( 5.967E-14, 1.157E-14) ( 1.039E-13, 1.747E-14)  1.00E-07
  1.305E+02 1.43980E-26 -2.177E-02 ( 5.852E-14, 1.142E-14) ( 1.027E-13, 1.735E-14)  1.00E-07
  1.310E+02 1.40194E-26 -2.206E-02 ( 5.740E-14, 1.127E-14) ( 1.015E-13, 1.723E-14)  1.00E-07
  1.315E+02 1.36492E-26 -2.236E-02 ( 5.629E-14, 1.112E-14) ( 1.003E-13, 1.710E-14)  1.00E-07
  1.320E+02 1.32869E-26 -2.267E-02 ( 5.519E-14, 1.097E-14) ( 9.916E-14, 1.698E-14)  1.00E-07
  1.325E+02 1.29325E-26 -2.298E-02 ( 5.412E-14, 1.082E-14) ( 9.799E-14, 1.685E-14)  1.00E-07
  1.330E+02 1.25858E-26 -2.330E-02 ( 5.306E-14, 1.068E-14) ( 9.683E-14, 1.672E-14)  1.00E-07
  1.335E+02 1.22465E-26 -2.362E-02 ( 5.202E-14, 1.053E-14) ( 9.568E-14, 1.659E-14)  1.00E-07
  1.340E+02 1.19147E-26 -2.395E-02 ( 5.099E-14, 1.039E-14) ( 9.453E-14, 1.646E-14)  1.00E-07
  1.345E+02 1.15900E-26 -2.428E-02 ( 4.998E-14, 1.024E-14) ( 9.338E-14, 1.632E-14)  1.00E-07
  1.350E+02 1.12724E-26 -2.462E-02 ( 4.899E-14, 1.010E-14) ( 9.224E-14, 1.619E-14)  1.00E-07
  1.355E+02 1.09616E-26 -2.497E-02 ( 4.801E-14, 9.961E-15) ( 9.110E-14, 1.605E-14)  1.00E-07
  1.360E+02 1.06576E-26 -2.533E-02 ( 4.705E-14, 9.821E-15) ( 8.997E-14, 1.591E-14)  1.00E-07
  1.365E+02 1.03602E-26 -2.569E-02 ( 4.610E-14, 9.682E-15) ( 8.884E-14, 1.577E-14)  1.00E-07
  1.370E+02 1.00692E-26 -2.606E-02 ( 4.517E-14, 9.544E-15) ( 8.771E-14, 1.563E-14)  1.00E-07
  1.375E+02 9.78460E-27 -2.644E-02 ( 4.425E-14, 9.407E-15) ( 8.659E-14, 1.549E-14)  1.00E-07
  1.380E+02 9.50615E-27 -2.682E-02 ( 4.335E-14, 9.271E-15) ( 8.547E-14, 1.534E-14)  1.00E-07
  1.385E+02 9.23376E-27 -2.721E-02 ( 4.246E-14, 9.136E-15) ( 8.436E-14, 1.519E-14)  1.00E-07
  1.390E+02 8.96731E-27 -2.762E-02 ( 4.159E-14, 9.003E-15) ( 8.325E-14, 1.505E-14)  1.00E-07
  1.395E+02 8.70668E-27 -2.803E-02 ( 4.073E-14, 8.871E-15) ( 8.214E-14, 1.490E-14)  1.00E-07
  1.400E+02 8.45174E-27 -2.844E-02 ( 3.988E-14, 8.740E-15) ( 8.104E-14, 1.475E-14)  1.00E-07
  1.405E+02 8.20238E-27 -2.887E-02 ( 3.905E-14, 8.610E-15) ( 7.994E-14, 1.459E-14)  1.00E-07
  1.410E+02 7.95849E-27 -2.931E-02 ( 3.823E-14, 8.482E-15) ( 7.884E-14, 1.444E-14)  1.00E-07
  1.415E+02 7.71996E-27 -2.976E-02 ( 3.743E-14, 8.355E-15) ( 7.775E-14, 1.428E-14)  1.00E-07
  1.420E+02 7.48669E-27 -3.022E-02 ( 3.664E-14, 8.229E-15) ( 7.666E-14, 1.413E-14)  1.00E-07
  1.425E+02 7.25856E-27 -3.069E-02 ( 3.587E-14, 8.104E-15) ( 7.557E-14, 1.397E-14)  1.00E-07
  1.430E+02 7.03549E-27 -3.117E-02 ( 3.510E-14, 7.981E-15) ( 7.449E-14, 1.381E-14)  1.00E-07
  1.435E+02 6.81737E-27 -3.166E-02 ( 3.435E-14, 7.859E-15) ( 7.341E-14, 1.365E-14)  1.00E-07
  1.440E+02 6.60410E-27 -3.216E-02 ( 3.362E-14, 7.739E-15) ( 7.233E-14, 1.349E-14)  1.00E-07
  1.445E+02 6.39560E-27 -3.268E-02 ( 3.289E-14, 7.620E-15) ( 7.126E-14, 1.333E-14)  1.00E-07
  1.450E+02 6.19177E-27 -3.321E-02 ( 3.218E-14, 7.502E-15) ( 7.019E-14, 1.317E-14)  1.00E-07
  1.455E+02 5.99253E-27 -3.375E-02 ( 3.149E-14, 7.386E-15) ( 6.912E-14, 1.300E-14)  1.00E-07
  1.460E+02 5.79779E-27 -3.431E-02 ( 3.080E-14, 7.271E-15) ( 6.806E-14, 1.284E-14)  1.00E-07
  1.465E+02 5.60746E-27 -3.488E-02 ( 3.013E-14, 7.158E-15) ( 6.699E-14, 1.267E-14)  1.00E-07
  1.470E+02 5.42147E-27 -3.547E-02 ( 2.947E-14, 7.046E-15) ( 6.593E-14, 1.250E-14)  1.00E-07
  1.475E+02 5.23974E-27 -3.607E-02 ( 2.882E-14, 6.935E-15) ( 6.488E-14, 1.233E-14)  1.00E-07
  1.480E+02 5.06218E-27 -3.669E-02 ( 2.818E-14, 6.826E-15) ( 6.382E-14, 1.216E-14)  1.00E-07
  1.485E+02 4.88873E-27 -3.733E-02 ( 2.756E-14, 6.719E-15) ( 6.277E-14, 1.199E-14)  1.00E-07
  1.490E+02 4.71931E-27 -3.798E-02 ( 2.694E-14, 6.613E-15) ( 6.172E-14, 1.182E-14)  1.00E-07
  1.495E+02 4.55385E-27 -3.866E-02 ( 2.634E-14, 6.508E-15) ( 6.068E-14, 1.165E-14)  1.00E-07
  1.500E+02 4.39228E-27 -3.935E-02 ( 2.575E-14, 6.405E-15) ( 5.963E-14, 1.148E-14)  1.00E-07
  1.505E+02 4.23454E-27 -4.006E-02 ( 2.518E-14, 6.304E-15) ( 5.859E-14, 1.130E-14)  1.00E-07
  1.510E+02 4.08055E-27 -4.080E-02 ( 2.461E-14, 6.204E-15) ( 5.756E-14, 1.113E-14)  1.00E-07
  1.515E+02 3.93027E-27 -4.156E-02 ( 2.406E-14, 6.105E-15) ( 5.652E-14, 1.095E-14)  1.00E-07
  1.520E+02 3.78361E-27 -4.234E-02 ( 2.351E-14, 6.009E-15) ( 5.549E-14, 1.077E-14)  1.00E-07
  1.525E+02 3.64053E-27 -4.315E-02 ( 2.298E-14, 5.913E-15) ( 5.445E-14, 1.060E-14)  1.00E-07
  1.530E+02 3.50097E-27 -4.398E-02 ( 2.246E-14, 5.820E-15) ( 5.342E-14, 1.042E-14)  1.00E-07
  1.535E+02 3.36486E-27 -4.484E-02 ( 2.195E-14, 5.728E-15) ( 5.240E-14, 1.024E-14)  1.00E-07
  1.540E+02 3.23216E-27 -4.573E-02 ( 2.145E-14, 5.637E-15) ( 5.137E-14, 1.006E-14)  1.00E-07
  1.545E+02 3.10281E-27 -4.664E-02 ( 2.096E-14, 5.548E-15) ( 5.035E-14, 9.876E-15)  1.00E-07
  1.550E+02 2.97676E-27 -4.759E-02 ( 2.048E-14, 5.461E-15) ( 4.933E-14, 9.694E-15)  1.00E-07
  1.555E+02 2.85395E-27 -4.858E-02 ( 2.002E-14, 5.376E-15) ( 4.831E-14, 9.512E-15)  1.00E-07
  1.560E+02 2.73434E-27 -4.960E-02 ( 1.956E-14, 5.292E-15) ( 4.729E-14, 9.328E-15)  1.00E-07
  1.565E+02 2.61789E-27 -5.065E-02 ( 1.911E-14, 5.209E-15) ( 4.628E-14, 9.144E-15)  1.00E-07
  1.570E+02 2.50454E-27 -5.174E-02 ( 1.868E-14, 5.129E-15) ( 4.527E-14, 8.960E-15)  1.00E-07
  1.575E+02 2.39424E-27 -5.288E-02 ( 1.825E-14, 5.049E-15) ( 4.426E-14, 8.775E-15)  1.00E-07
  1.580E+02 2.28697E-27 -5.406E-02 ( 1.784E-14, 4.972E-15) ( 4.325E-14, 8.589E-15)  1.00E-07
  1.585E+02 2.18266E-27 -5.528E-02 ( 1.743E-14, 4.896E-15) ( 4.224E-14, 8.402E-15)  1.00E-07
  1.590E+02 2.08129E-27 -5.655E-02 ( 1.704E-14, 4.822E-15) ( 4.123E-14, 8.215E-15)  1.00E-07
  1.595E+02 1.98282E-27 -5.788E-02 ( 1.666E-14, 4.750E-15) ( 4.023E-14, 8.027E-15)  1.00E-07
  1.600E+02 1.88719E-27 -5.926E-02 ( 1.628E-14, 4.679E-15) ( 3.923E-14, 7.839E-15)  1.00E-07
  1.605E+02 1.79439E-27 -6.069E-02 ( 1.592E-14, 4.610E-15) ( 3.823E-14, 7.650E-15)  1.00E-07
  1.610E+02 1.70436E-27 -6.219E-02 ( 1.556E-14, 4.543E-15) ( 3.723E-14, 7.461E-15)  1.00E-07
  1.615E+02 1.61708E-27 -6.375E-02 ( 1.522E-14, 4.477E-15) ( 3.623E-14, 7.271E-15)  1.00E-07
  1.620E+02 1.53251E-27 -6.538E-02 ( 1.488E-14, 4.413E-15) ( 3.523E-14, 7.080E-15)  1.00E-07
  1.625E+02 1.45063E-27 -6.708E-02 ( 1.456E-14, 4.351E-15) ( 3.424E-14, 6.889E-15)  1.00E-07
  1.630E+02 1.37138E-27 -6.885E-02 ( 1.425E-14, 4.290E-15) ( 3.324E-14, 6.698E-15)  1.00E-07
  1.635E+02 1.29476E-27 -7.071E-02 ( 1.394E-14, 4.231E-15) ( 3.225E-14, 6.506E-15)  1.00E-07
  1.640E+02 1.22073E-27 -7.266E-02 ( 1.364E-14, 4.174E-15) ( 3.126E-14, 6.313E-15)  1.00E-07
  1.645E+02 1.14925E-27 -7.470E-02 ( 1.336E-14, 4.119E-15) ( 3.027E-14, 6.120E-15)  1.00E-07
  1.650E+02 1.08031E-27 -7.683E-02 ( 1.308E-14, 4.065E-15) ( 2.928E-14, 5.927E-15)  1.00E-07
  1.655E+02 1.01387E-27 -7.907E-02 ( 1.281E-14, 4.013E-15) ( 2.830E-14, 5.733E-15)  1.00E-07
  1.660E+02 9.49911E-28 -8.141E-02 ( 1.256E-14, 3.963E-15) ( 2.731E-14, 5.539E-15)  1.00E-07
  1.665E+02 8.88410E-28 -8.387E-02 ( 1.231E-14, 3.914E-15) ( 2.633E-14, 5.345E-15)  1.00E-07
  1.670E+02 8.29342E-28 -8.645E-02 ( 1.207E-14, 3.867E-15) ( 2.534E-14, 5.150E-15)  1.00E-07
  1.675E+02 7.72685E-28 -8.915E-02 ( 1.184E-14, 3.822E-15) ( 2.436E-14, 4.955E-15)  1.00E-07
  1.680E+02 7.18416E-28 -9.198E-02 ( 1.162E-14, 3.779E-15) ( 2.338E-14, 4.759E-15)  1.00E-07
  1.685E+02 6.66516E-28 -9.495E-02 ( 1.141E-14, 3.738E-15) ( 2.240E-14, 4.563E-15)  1.00E-07
  1.690E+02 6.16966E-28 -9.805E-02 ( 1.121E-14, 3.698E-15) ( 2.142E-14, 4.367E-15)  1.00E-07
  1.695E+02 5.69745E-28 -1.013E-01 ( 1.101E-14, 3.660E-15) ( 2.044E-14, 4.171E-15)  1.00E-07
  1.700E+02 5.24837E-28 -1.047E-01 ( 1.083E-14, 3.623E-15) ( 1.946E-14, 3.974E-15)  1.00E-07
  1.705E+02 4.82225E-28 -1.081E-01 ( 1.066E-14, 3.589E-15) ( 1.848E-14, 3.777E-15)  1.00E-07
  1.710E+02 4.41893E-28 -1.117E-01 ( 1.049E-14, 3.556E-15) ( 1.750E-14, 3.580E-15)  1.00E-07
  1.715E+02 4.03826E-28 -1.154E-01 ( 1.034E-14, 3.525E-15) ( 1.653E-14, 3.382E-15)  1.00E-07
  1.720E+02 3.68008E-28 -1.191E-01 ( 1.019E-14, 3.496E-15) ( 1.555E-14, 3.184E-15)  1.00E-07
  1.725E+02 3.34428E-28 -1.229E-01 ( 1.005E-14, 3.468E-15) ( 1.458E-14, 2.986E-15)  1.00E-07
  1.730E+02 3.03073E-28 -1.265E-01 ( 9.921E-15, 3.443E-15) ( 1.360E-14, 2.788E-15)  1.00E-07
  1.735E+02 2.73930E-28 -1.299E-01 ( 9.801E-15, 3.419E-15) ( 1.263E-14, 2.590E-15)  1.00E-07
  1.740E+02 2.46989E-28 -1.329E-01 ( 9.690E-15, 3.397E-15) ( 1.165E-14, 2.391E-15)  1.00E-07
  1.745E+02 2.22241E-28 -1.354E-01 ( 9.588E-15, 3.376E-15) ( 1.068E-14, 2.193E-15)  1.00E-07
  1.750E+02 1.99675E-28 -1.369E-01 ( 9.495E-15, 3.358E-15) ( 9.710E-15, 1.994E-15)  1.00E-07
  1.755E+02 1.79283E-28 -1.372E-01 ( 9.411E-15, 3.341E-15) ( 8.737E-15, 1.795E-15)  1.00E-07
  1.760E+02 1.61058E-28 -1.357E-01 ( 9.335E-15, 3.326E-15) ( 7.766E-15, 1.596E-15)  1.00E-07
  1.765E+02 1.44993E-28 -1.319E-01 ( 9.269E-15, 3.312E-15) ( 6.794E-15, 1.396E-15)  1.00E-07
  1.770E+02 1.31082E-28 -1.250E-01 ( 9.211E-15, 3.301E-15) ( 5.823E-15, 1.197E-15)  1.00E-07
  1.775E+02 1.19320E-28 -1.144E-01 ( 9.162E-15, 3.291E-15) ( 4.852E-15, 9.977E-16)  1.00E-07
  1.780E+02 1.09702E-28 -9.957E-02 ( 9.123E-15, 3.283E-15) ( 3.882E-15, 7.982E-16)  1.00E-07
  1.785E+02 1.02226E-28 -8.013E-02 ( 9.092E-15, 3.277E-15) ( 2.911E-15, 5.987E-16)  1.00E-07
  1.790E+02 9.68870E-29 -5.636E-02 ( 9.069E-15, 3.272E-15) ( 1.941E-15, 3.992E-16)  1.00E-07
  1.795E+02 9.36846E-29 -2.914E-02 ( 9.056E-15, 3.270E-15) ( 9.703E-16, 1.996E-16)  1.00E-07
  1.800E+02 9.26175E-29 -4.136E-16 ( 9.052E-15, 3.269E-15) ( 1.362E-29, 2.801E-30)  3.53E-07

  **** DPWA0 ended ************************************************************

