 #
 # Differential cross section:               MU=(1-COS(THETA))/2
 #
 #  THETA        MU          DCS          DCS        Sherman
 #  (deg)                 (cm**2/sr)   (a0**2/sr)    function
 #--------------------------------------------------------------
  0.000E+00  0.00000E+00  2.14988E-12  7.67735E+04  0.00000E+00
  1.000E-04  7.61557E-13  2.14981E-12  7.67710E+04  0.00000E+00
  1.250E-04  1.18994E-12  2.14977E-12  7.67695E+04  0.00000E+00
  1.500E-04  1.71346E-12  2.14972E-12  7.67678E+04  0.00000E+00
  1.750E-04  2.33225E-12  2.14966E-12  7.67657E+04  0.00000E+00
  2.000E-04  3.04617E-12  2.14959E-12  7.67634E+04  0.00000E+00
  2.250E-04  3.85530E-12  2.14952E-12  7.67607E+04  0.00000E+00
  2.500E-04  4.75964E-12  2.14943E-12  7.67577E+04  0.00000E+00
  2.750E-04  5.75917E-12  2.14934E-12  7.67543E+04  0.00000E+00
  3.000E-04  6.85391E-12  2.14924E-12  7.67507E+04  0.00000E+00
  3.250E-04  8.04379E-12  2.14913E-12  7.67468E+04  0.00000E+00
  3.500E-04  9.32893E-12  2.14901E-12  7.67425E+04  0.00000E+00
  3.750E-04  1.07092E-11  2.14888E-12  7.67379E+04  0.00000E+00
  4.000E-04  1.21847E-11  2.14874E-12  7.67330E+04  0.00000E+00
  4.250E-04  1.37554E-11  2.14860E-12  7.67278E+04  0.00000E+00
  4.500E-04  1.54213E-11  2.14844E-12  7.67223E+04  0.00000E+00
  4.750E-04  1.71823E-11  2.14828E-12  7.67164E+04  0.00000E+00
  5.000E-04  1.90386E-11  2.14811E-12  7.67103E+04  0.00000E+00
  5.250E-04  2.09900E-11  2.14793E-12  7.67038E+04  0.00000E+00
  5.500E-04  2.30367E-11  2.14774E-12  7.66970E+04  0.00000E+00
  5.750E-04  2.51785E-11  2.14754E-12  7.66899E+04  0.00000E+00
  6.000E-04  2.74156E-11  2.14733E-12  7.66825E+04  0.00000E+00
  6.250E-04  2.97478E-11  2.14711E-12  7.66748E+04  0.00000E+00
  6.500E-04  3.21752E-11  2.14689E-12  7.66668E+04  0.00000E+00
  6.750E-04  3.46979E-11  2.14665E-12  7.66584E+04  0.00000E+00
  7.000E-04  3.73157E-11  2.14641E-12  7.66497E+04  0.00000E+00
  7.250E-04  4.00286E-11  2.14616E-12  7.66408E+04  0.00000E+00
  7.500E-04  4.28368E-11  2.14590E-12  7.66315E+04  0.00000E+00
  7.750E-04  4.57402E-11  2.14563E-12  7.66219E+04  0.00000E+00
  8.000E-04  4.87388E-11  2.14535E-12  7.66119E+04  0.00000E+00
  8.250E-04  5.18325E-11  2.14507E-12  7.66017E+04  0.00000E+00
  8.500E-04  5.50215E-11  2.14477E-12  7.65912E+04  0.00000E+00
  8.750E-04  5.83057E-11  2.14447E-12  7.65803E+04  0.00000E+00
  9.000E-04  6.16850E-11  2.14415E-12  7.65692E+04  0.00000E+00
  9.250E-04  6.51595E-11  2.14383E-12  7.65577E+04  0.00000E+00
  9.500E-04  6.87293E-11  2.14350E-12  7.65459E+04  0.00000E+00
  9.750E-04  7.23943E-11  2.14316E-12  7.65338E+04  0.00000E+00
  1.000E-03  7.61544E-11  2.14282E-12  7.65214E+04  0.00000E+00
  1.250E-03  1.18991E-10  2.13886E-12  7.63802E+04  0.00000E+00
  1.500E-03  1.71347E-10  2.13405E-12  7.62083E+04  0.00000E+00
  1.750E-03  2.33223E-10  2.12838E-12  7.60059E+04  0.00000E+00
  2.000E-03  3.04617E-10  2.12187E-12  7.57735E+04  0.00000E+00
  2.250E-03  3.85531E-10  2.11454E-12  7.55115E+04  0.00000E+00
  2.500E-03  4.75965E-10  2.10639E-12  7.52204E+04  0.00000E+00
  2.750E-03  5.75917E-10  2.09743E-12  7.49007E+04  0.00000E+00
  3.000E-03  6.85389E-10  2.08770E-12  7.45531E+04  0.00000E+00
  3.250E-03  8.04380E-10  2.07720E-12  7.41783E+04  0.00000E+00
  3.500E-03  9.32891E-10  2.06596E-12  7.37769E+04  0.00000E+00
  3.750E-03  1.07092E-09  2.05400E-12  7.33496E+04  0.00000E+00
  4.000E-03  1.21847E-09  2.04133E-12  7.28973E+04  0.00000E+00
  4.250E-03  1.37554E-09  2.02799E-12  7.24207E+04  0.00000E+00
  4.500E-03  1.54213E-09  2.01399E-12  7.19208E+04  0.00000E+00
  4.750E-03  1.71823E-09  1.99936E-12  7.13983E+04  0.00000E+00
  5.000E-03  1.90386E-09  1.98412E-12  7.08543E+04  0.00000E+00
  5.250E-03  2.09900E-09  1.96830E-12  7.02892E+04  0.00000E+00
  5.500E-03  2.30367E-09  1.95183E-12  6.97013E+04  0.00000E+00
  5.750E-03  2.51785E-09  1.93489E-12  6.90961E+04  0.00000E+00
  6.000E-03  2.74156E-09  1.91749E-12  6.84750E+04  0.00000E+00
  6.250E-03  2.97478E-09  1.89968E-12  6.78389E+04  0.00000E+00
  6.500E-03  3.21752E-09  1.88148E-12  6.71890E+04  0.00000E+00
  6.750E-03  3.46978E-09  1.86267E-12  6.65171E+04  0.00000E+00
  7.000E-03  3.73156E-09  1.84349E-12  6.58321E+04  0.00000E+00
  7.250E-03  4.00286E-09  1.82401E-12  6.51365E+04  0.00000E+00
  7.500E-03  4.28368E-09  1.80426E-12  6.44315E+04  0.00000E+00
  7.750E-03  4.57402E-09  1.78428E-12  6.37179E+04  0.00000E+00
  8.000E-03  4.87388E-09  1.76387E-12  6.29889E+04  0.00000E+00
  8.250E-03  5.18326E-09  1.74315E-12  6.22489E+04  0.00000E+00
  8.500E-03  5.50215E-09  1.72228E-12  6.15036E+04  0.00000E+00
  8.750E-03  5.83057E-09  1.70128E-12  6.07538E+04  0.00000E+00
  9.000E-03  6.16850E-09  1.68019E-12  6.00007E+04  0.00000E+00
  9.250E-03  6.51596E-09  1.65887E-12  5.92393E+04  0.00000E+00
  9.500E-03  6.87293E-09  1.63727E-12  5.84681E+04  0.00000E+00
  9.750E-03  7.23942E-09  1.61566E-12  5.76963E+04  0.00000E+00
  1.000E-02  7.61544E-09  1.59405E-12  5.69246E+04  0.00000E+00
  1.250E-02  1.18991E-08  1.37828E-12  4.92191E+04  0.00000E+00
  1.500E-02  1.71347E-08  1.17490E-12  4.19566E+04  0.00000E+00
  1.750E-02  2.33223E-08  9.93986E-13  3.54959E+04  0.00000E+00
  2.000E-02  3.04617E-08  8.39117E-13  2.99654E+04  0.00000E+00
  2.250E-02  3.85531E-08  7.09699E-13  2.53438E+04  0.00000E+00
  2.500E-02  4.75965E-08  6.02976E-13  2.15327E+04  0.00000E+00
  2.750E-02  5.75917E-08  5.15429E-13  1.84063E+04  0.00000E+00
  3.000E-02  6.85389E-08  4.43563E-13  1.58399E+04  0.00000E+00
  3.250E-02  8.04380E-08  3.84309E-13  1.37239E+04  0.00000E+00
  3.500E-02  9.32891E-08  3.35135E-13  1.19679E+04  0.00000E+00
  3.750E-02  1.07092E-07  2.93996E-13  1.04988E+04  0.00000E+00
  4.000E-02  1.21847E-07  2.59284E-13  9.25918E+03  0.00000E+00
  4.250E-02  1.37554E-07  2.29744E-13  8.20429E+03  0.00000E+00
  4.500E-02  1.54213E-07  2.04403E-13  7.29935E+03  0.00000E+00
  4.750E-02  1.71823E-07  1.82502E-13  6.51728E+03  0.00000E+00
  5.000E-02  1.90386E-07  1.63450E-13  5.83690E+03  0.00000E+00
  5.250E-02  2.09900E-07  1.46637E-13  5.23652E+03  0.00000E+00
  5.500E-02  2.30367E-07  1.30839E-13  4.67235E+03  0.00000E+00
  5.750E-02  2.51785E-07  1.17510E-13  4.19635E+03  0.00000E+00
  6.000E-02  2.74156E-07  1.06189E-13  3.79207E+03  0.00000E+00
  6.250E-02  2.97478E-07  9.65139E-14  3.44657E+03  0.00000E+00
  6.500E-02  3.21752E-07  8.81960E-14  3.14954E+03  0.00000E+00
  6.750E-02  3.46978E-07  7.96548E-14  2.84452E+03  0.00000E+00
  7.000E-02  3.73156E-07  7.21050E-14  2.57492E+03  0.00000E+00
  7.250E-02  4.00286E-07  6.55724E-14  2.34163E+03  0.00000E+00
  7.500E-02  4.28368E-07  5.98922E-14  2.13879E+03  0.00000E+00
  7.750E-02  4.57402E-07  5.49302E-14  1.96159E+03  0.00000E+00
  8.000E-02  4.87388E-07  5.01183E-14  1.78976E+03  0.00000E+00
  8.250E-02  5.18325E-07  4.56621E-14  1.63062E+03  0.00000E+00
  8.500E-02  5.50215E-07  4.17480E-14  1.49085E+03  0.00000E+00
  8.750E-02  5.83057E-07  3.82967E-14  1.36760E+03  0.00000E+00
  9.000E-02  6.16850E-07  3.52426E-14  1.25854E+03  0.00000E+00
  9.250E-02  6.51596E-07  3.24021E-14  1.15710E+03  0.00000E+00
  9.500E-02  6.87293E-07  2.97082E-14  1.06090E+03  0.00000E+00
  9.750E-02  7.23942E-07  2.73120E-14  9.75329E+02  0.00000E+00
  1.000E-01  7.61543E-07  2.51741E-14  8.98982E+02  0.00000E+00
  1.250E-01  1.18991E-06  1.18283E-14  4.22396E+02  0.00000E+00
  1.500E-01  1.71347E-06  6.20235E-15  2.21490E+02  0.00000E+00
  1.750E-01  2.33223E-06  3.58274E-15  1.27942E+02  0.00000E+00
  2.000E-01  3.04617E-06  2.23583E-15  7.98428E+01  0.00000E+00
  2.250E-01  3.85531E-06  1.47918E-15  5.28223E+01  0.00000E+00
  2.500E-01  4.75964E-06  1.02205E-15  3.64980E+01  0.00000E+00
  2.750E-01  5.75916E-06  7.29697E-16  2.60580E+01  0.00000E+00
  3.000E-01  6.85388E-06  5.34466E-16  1.90861E+01  0.00000E+00
  3.250E-01  8.04378E-06  3.99775E-16  1.42762E+01  0.00000E+00
  3.500E-01  9.32888E-06  3.04395E-16  1.08702E+01  0.00000E+00
  3.750E-01  1.07092E-05  2.35387E-16  8.40582E+00  0.00000E+00
  4.000E-01  1.21846E-05  1.84566E-16  6.59097E+00  0.00000E+00
  4.250E-01  1.37553E-05  1.46561E-16  5.23379E+00  0.00000E+00
  4.500E-01  1.54212E-05  1.17740E-16  4.20457E+00  0.00000E+00
  4.750E-01  1.71822E-05  9.55975E-17  3.41385E+00  0.00000E+00
  5.000E-01  1.90385E-05  7.83768E-17  2.79888E+00  0.00000E+00
  5.250E-01  2.09899E-05  6.48497E-17  2.31582E+00  0.00000E+00
  5.500E-01  2.30365E-05  5.40953E-17  1.93178E+00  0.00000E+00
  5.750E-01  2.51783E-05  4.55039E-17  1.62498E+00  0.00000E+00
  6.000E-01  2.74153E-05  3.85301E-17  1.37593E+00  0.00000E+00
  6.250E-01  2.97475E-05  3.28557E-17  1.17330E+00  0.00000E+00
  6.500E-01  3.21749E-05  2.81827E-17  1.00642E+00  0.00000E+00
  6.750E-01  3.46974E-05  2.43194E-17  8.68461E-01  0.00000E+00
  7.000E-01  3.73152E-05  2.10959E-17  7.53350E-01  0.00000E+00
  7.250E-01  4.00281E-05  1.83940E-17  6.56863E-01  0.00000E+00
  7.500E-01  4.28362E-05  1.61117E-17  5.75360E-01  0.00000E+00
  7.750E-01  4.57395E-05  1.41751E-17  5.06202E-01  0.00000E+00
  8.000E-01  4.87380E-05  1.25215E-17  4.47151E-01  0.00000E+00
  8.250E-01  5.18317E-05  1.11034E-17  3.96510E-01  0.00000E+00
  8.500E-01  5.50205E-05  9.88103E-18  3.52858E-01  0.00000E+00
  8.750E-01  5.83045E-05  8.82295E-18  3.15073E-01  0.00000E+00
  9.000E-01  6.16838E-05  7.90338E-18  2.82235E-01  0.00000E+00
  9.250E-01  6.51582E-05  7.10086E-18  2.53576E-01  0.00000E+00
  9.500E-01  6.87277E-05  6.39827E-18  2.28487E-01  0.00000E+00
  9.750E-01  7.23925E-05  5.78053E-18  2.06426E-01  0.00000E+00
  1.000E+00  7.61524E-05  5.23607E-18  1.86983E-01  0.00000E+00
  1.100E+00  9.21439E-05  3.60655E-18  1.28792E-01  0.00000E+00
  1.200E+00  1.09658E-04  2.56482E-18  9.15913E-02  0.00000E+00
  1.300E+00  1.28695E-04  1.87359E-18  6.69070E-02  0.00000E+00
  1.400E+00  1.49255E-04  1.40020E-18  5.00022E-02  0.00000E+00
  1.500E+00  1.71338E-04  1.06726E-18  3.81125E-02  0.00000E+00
  1.600E+00  1.94942E-04  8.27561E-19  2.95528E-02  0.00000E+00
  1.700E+00  2.20070E-04  6.51475E-19  2.32646E-02  0.00000E+00
  1.800E+00  2.46720E-04  5.19788E-19  1.85620E-02  0.00000E+00
  1.900E+00  2.74892E-04  4.19723E-19  1.49886E-02  0.00000E+00
  2.000E+00  3.04586E-04  3.42602E-19  1.22345E-02  0.00000E+00
  2.100E+00  3.35803E-04  2.82393E-19  1.00844E-02  0.00000E+00
  2.200E+00  3.68542E-04  2.34841E-19  8.38631E-03  0.00000E+00
  2.300E+00  4.02802E-04  1.96884E-19  7.03084E-03  0.00000E+00
  2.400E+00  4.38585E-04  1.66291E-19  5.93836E-03  0.00000E+00
  2.500E+00  4.75889E-04  1.41415E-19  5.05002E-03  0.00000E+00
  2.600E+00  5.14715E-04  1.21020E-19  4.32171E-03  0.00000E+00
  2.700E+00  5.55063E-04  1.04173E-19  3.72010E-03  0.00000E+00
  2.800E+00  5.96931E-04  9.01588E-20  3.21963E-03  0.00000E+00
  2.900E+00  6.40321E-04  7.84242E-20  2.80058E-03  0.00000E+00
  3.000E+00  6.85233E-04  6.85387E-20  2.44756E-03  0.00000E+00
  3.100E+00  7.31665E-04  6.01634E-20  2.14847E-03  0.00000E+00
  3.200E+00  7.79618E-04  5.30300E-20  1.89374E-03  0.00000E+00
  3.300E+00  8.29092E-04  4.69237E-20  1.67568E-03  0.00000E+00
  3.400E+00  8.80086E-04  4.16723E-20  1.48814E-03  0.00000E+00
  3.500E+00  9.32601E-04  3.71359E-20  1.32615E-03  0.00000E+00
  3.600E+00  9.86636E-04  3.32008E-20  1.18562E-03  0.00000E+00
  3.700E+00  1.04219E-03  2.97740E-20  1.06325E-03  0.00000E+00
  3.800E+00  1.09927E-03  2.67785E-20  9.56277E-04  0.00000E+00
  3.900E+00  1.15786E-03  2.41509E-20  8.62443E-04  0.00000E+00
  4.000E+00  1.21797E-03  2.18381E-20  7.79854E-04  0.00000E+00
  4.100E+00  1.27961E-03  1.97961E-20  7.06931E-04  0.00000E+00
  4.200E+00  1.34276E-03  1.79876E-20  6.42348E-04  0.00000E+00
  4.300E+00  1.40743E-03  1.63812E-20  5.84983E-04  0.00000E+00
  4.400E+00  1.47362E-03  1.49505E-20  5.33892E-04  0.00000E+00
  4.500E+00  1.54133E-03  1.36729E-20  4.88267E-04  0.00000E+00
  4.600E+00  1.61056E-03  1.25290E-20  4.47420E-04  0.00000E+00
  4.700E+00  1.68131E-03  1.15026E-20  4.10765E-04  0.00000E+00
  4.800E+00  1.75357E-03  1.05793E-20  3.77793E-04  0.00000E+00
  4.900E+00  1.82735E-03  9.74696E-21  3.48070E-04  0.00000E+00
  5.000E+00  1.90265E-03  8.99505E-21  3.21219E-04  0.00000E+00
  5.100E+00  1.97947E-03  8.31440E-21  2.96913E-04  0.00000E+00
  5.200E+00  2.05780E-03  7.69705E-21  2.74867E-04  0.00000E+00
  5.300E+00  2.13765E-03  7.13606E-21  2.54833E-04  0.00000E+00
  5.400E+00  2.21902E-03  6.62537E-21  2.36596E-04  0.00000E+00
  5.500E+00  2.30190E-03  6.15965E-21  2.19965E-04  0.00000E+00
  5.600E+00  2.38630E-03  5.73423E-21  2.04773E-04  0.00000E+00
  5.700E+00  2.47222E-03  5.34499E-21  1.90873E-04  0.00000E+00
  5.800E+00  2.55965E-03  4.98829E-21  1.78135E-04  0.00000E+00
  5.900E+00  2.64859E-03  4.66093E-21  1.66445E-04  0.00000E+00
  6.000E+00  2.73905E-03  4.36005E-21  1.55700E-04  0.00000E+00
  6.100E+00  2.83103E-03  4.08312E-21  1.45811E-04  0.00000E+00
  6.200E+00  2.92452E-03  3.82788E-21  1.36696E-04  0.00000E+00
  6.300E+00  3.01952E-03  3.59232E-21  1.28284E-04  0.00000E+00
  6.400E+00  3.11604E-03  3.37465E-21  1.20511E-04  0.00000E+00
  6.500E+00  3.21407E-03  3.17327E-21  1.13319E-04  0.00000E+00
  6.600E+00  3.31362E-03  2.98672E-21  1.06658E-04  0.00000E+00
  6.700E+00  3.41468E-03  2.81372E-21  1.00480E-04  0.00000E+00
  6.800E+00  3.51725E-03  2.65310E-21  9.47438E-05  0.00000E+00
  6.900E+00  3.62133E-03  2.50380E-21  8.94124E-05  0.00000E+00
  7.000E+00  3.72692E-03  2.36489E-21  8.44519E-05  0.00000E+00
  7.100E+00  3.83403E-03  2.23551E-21  7.98316E-05  0.00000E+00
  7.200E+00  3.94265E-03  2.11488E-21  7.55238E-05  0.00000E+00
  7.300E+00  4.05278E-03  2.00230E-21  7.15036E-05  0.00000E+00
  7.400E+00  4.16442E-03  1.89714E-21  6.77481E-05  0.00000E+00
  7.500E+00  4.27757E-03  1.79881E-21  6.42367E-05  0.00000E+00
  7.600E+00  4.39223E-03  1.70679E-21  6.09505E-05  0.00000E+00
  7.700E+00  4.50840E-03  1.62059E-21  5.78724E-05  0.00000E+00
  7.800E+00  4.62608E-03  1.53979E-21  5.49868E-05  0.00000E+00
  7.900E+00  4.74527E-03  1.46397E-21  5.22794E-05  0.00000E+00
  8.000E+00  4.86597E-03  1.39278E-21  4.97370E-05  0.00000E+00
  8.100E+00  4.98817E-03  1.32588E-21  4.73479E-05  0.00000E+00
  8.200E+00  5.11188E-03  1.26295E-21  4.51009E-05  0.00000E+00
  8.300E+00  5.23711E-03  1.20373E-21  4.29861E-05  0.00000E+00
  8.400E+00  5.36383E-03  1.14795E-21  4.09942E-05  0.00000E+00
  8.500E+00  5.49207E-03  1.09538E-21  3.91167E-05  0.00000E+00
  8.600E+00  5.62181E-03  1.04579E-21  3.73458E-05  0.00000E+00
  8.700E+00  5.75306E-03  9.98984E-22  3.56744E-05  0.00000E+00
  8.800E+00  5.88581E-03  9.54777E-22  3.40957E-05  0.00000E+00
  8.900E+00  6.02007E-03  9.12997E-22  3.26037E-05  0.00000E+00
  9.000E+00  6.15583E-03  8.73484E-22  3.11927E-05  0.00000E+00
  9.100E+00  6.29310E-03  8.36094E-22  2.98575E-05  0.00000E+00
  9.200E+00  6.43187E-03  8.00690E-22  2.85932E-05  0.00000E+00
  9.300E+00  6.57214E-03  7.67147E-22  2.73953E-05  0.00000E+00
  9.400E+00  6.71392E-03  7.35348E-22  2.62597E-05  0.00000E+00
  9.500E+00  6.85720E-03  7.05185E-22  2.51826E-05  0.00000E+00
  9.600E+00  7.00198E-03  6.76559E-22  2.41604E-05  0.00000E+00
  9.700E+00  7.14827E-03  6.49376E-22  2.31896E-05  0.00000E+00
  9.800E+00  7.29605E-03  6.23550E-22  2.22674E-05  0.00000E+00
  9.900E+00  7.44534E-03  5.98999E-22  2.13906E-05  0.00000E+00
  1.000E+01  7.59612E-03  5.75649E-22  2.05568E-05  0.00000E+00
  1.025E+01  7.97965E-03  5.22081E-22  1.86439E-05  0.00000E+00
  1.050E+01  8.37255E-03  4.74623E-22  1.69491E-05  0.00000E+00
  1.075E+01  8.77480E-03  4.32456E-22  1.54433E-05  0.00000E+00
  1.100E+01  9.18641E-03  3.94886E-22  1.41016E-05  0.00000E+00
  1.125E+01  9.60736E-03  3.61323E-22  1.29031E-05  0.00000E+00
  1.150E+01  1.00376E-02  3.31265E-22  1.18297E-05  0.00000E+00
  1.175E+01  1.04773E-02  3.04280E-22  1.08660E-05  0.00000E+00
  1.200E+01  1.09262E-02  2.79998E-22  9.99890E-06  0.00000E+00
  1.225E+01  1.13844E-02  2.58099E-22  9.21689E-06  0.00000E+00
  1.250E+01  1.18520E-02  2.38309E-22  8.51015E-06  0.00000E+00
  1.275E+01  1.23288E-02  2.20386E-22  7.87014E-06  0.00000E+00
  1.300E+01  1.28150E-02  2.04124E-22  7.28941E-06  0.00000E+00
  1.325E+01  1.33104E-02  1.89341E-22  6.76148E-06  0.00000E+00
  1.350E+01  1.38150E-02  1.75877E-22  6.28068E-06  0.00000E+00
  1.375E+01  1.43290E-02  1.63594E-22  5.84204E-06  0.00000E+00
  1.400E+01  1.48521E-02  1.52369E-22  5.44119E-06  0.00000E+00
  1.425E+01  1.53845E-02  1.42094E-22  5.07427E-06  0.00000E+00
  1.450E+01  1.59262E-02  1.32674E-22  4.73789E-06  0.00000E+00
  1.475E+01  1.64770E-02  1.24026E-22  4.42905E-06  0.00000E+00
  1.500E+01  1.70371E-02  1.16074E-22  4.14507E-06  0.00000E+00
  1.525E+01  1.76063E-02  1.08751E-22  3.88358E-06  0.00000E+00
  1.550E+01  1.81848E-02  1.02000E-22  3.64247E-06  0.00000E+00
  1.575E+01  1.87724E-02  9.57662E-23  3.41987E-06  0.00000E+00
  1.600E+01  1.93692E-02  9.00036E-23  3.21409E-06  0.00000E+00
  1.625E+01  1.99751E-02  8.46699E-23  3.02362E-06  0.00000E+00
  1.650E+01  2.05901E-02  7.97271E-23  2.84711E-06  0.00000E+00
  1.675E+01  2.12143E-02  7.51413E-23  2.68334E-06  0.00000E+00
  1.700E+01  2.18476E-02  7.08819E-23  2.53124E-06  0.00000E+00
  1.725E+01  2.24900E-02  6.69213E-23  2.38980E-06  0.00000E+00
  1.750E+01  2.31415E-02  6.32347E-23  2.25815E-06  0.00000E+00
  1.775E+01  2.38021E-02  5.97995E-23  2.13548E-06  0.00000E+00
  1.800E+01  2.44717E-02  5.65954E-23  2.02106E-06  0.00000E+00
  1.825E+01  2.51504E-02  5.36040E-23  1.91423E-06  0.00000E+00
  1.850E+01  2.58382E-02  5.08084E-23  1.81440E-06  0.00000E+00
  1.875E+01  2.65349E-02  4.81934E-23  1.72102E-06  0.00000E+00
  1.900E+01  2.72407E-02  4.57452E-23  1.63359E-06  0.00000E+00
  1.925E+01  2.79555E-02  4.34512E-23  1.55167E-06  0.00000E+00
  1.950E+01  2.86793E-02  4.12997E-23  1.47484E-06  0.00000E+00
  1.975E+01  2.94120E-02  3.92803E-23  1.40273E-06  0.00000E+00
  2.000E+01  3.01537E-02  3.73833E-23  1.33498E-06  0.00000E+00
  2.025E+01  3.09043E-02  3.55999E-23  1.27130E-06  0.00000E+00
  2.050E+01  3.16639E-02  3.39221E-23  1.21138E-06  0.00000E+00
  2.075E+01  3.24324E-02  3.23422E-23  1.15496E-06  0.00000E+00
  2.100E+01  3.32098E-02  3.08537E-23  1.10180E-06  0.00000E+00
  2.125E+01  3.39961E-02  2.94501E-23  1.05168E-06  0.00000E+00
  2.150E+01  3.47912E-02  2.81257E-23  1.00439E-06  0.00000E+00
  2.175E+01  3.55952E-02  2.68752E-23  9.59732E-07  0.00000E+00
  2.200E+01  3.64081E-02  2.56937E-23  9.17540E-07  0.00000E+00
  2.225E+01  3.72297E-02  2.45767E-23  8.77649E-07  0.00000E+00
  2.250E+01  3.80602E-02  2.35199E-23  8.39910E-07  0.00000E+00
  2.275E+01  3.88995E-02  2.25195E-23  8.04185E-07  0.00000E+00
  2.300E+01  3.97476E-02  2.15719E-23  7.70346E-07  0.00000E+00
  2.325E+01  4.06044E-02  2.06738E-23  7.38274E-07  0.00000E+00
  2.350E+01  4.14700E-02  1.98221E-23  7.07859E-07  0.00000E+00
  2.375E+01  4.23443E-02  1.90139E-23  6.79000E-07  0.00000E+00
  2.400E+01  4.32273E-02  1.82467E-23  6.51601E-07  0.00000E+00
  2.425E+01  4.41190E-02  1.75179E-23  6.25574E-07  0.00000E+00
  2.450E+01  4.50194E-02  1.68252E-23  6.00837E-07  0.00000E+00
  2.475E+01  4.59284E-02  1.61665E-23  5.77315E-07  0.00000E+00
  2.500E+01  4.68461E-02  1.55398E-23  5.54936E-07  0.00000E+00
  2.550E+01  4.87074E-02  1.43752E-23  5.13347E-07  0.00000E+00
  2.600E+01  5.06030E-02  1.33179E-23  4.75591E-07  0.00000E+00
  2.650E+01  5.25328E-02  1.23563E-23  4.41251E-07  0.00000E+00
  2.700E+01  5.44967E-02  1.14801E-23  4.09961E-07  0.00000E+00
  2.750E+01  5.64946E-02  1.06803E-23  3.81402E-07  0.00000E+00
  2.800E+01  5.85262E-02  9.94915E-24  3.55291E-07  0.00000E+00
  2.850E+01  6.05914E-02  9.27957E-24  3.31379E-07  0.00000E+00
  2.900E+01  6.26901E-02  8.66545E-24  3.09449E-07  0.00000E+00
  2.950E+01  6.48222E-02  8.10135E-24  2.89305E-07  0.00000E+00
  3.000E+01  6.69873E-02  7.58246E-24  2.70774E-07  0.00000E+00
  3.050E+01  6.91854E-02  7.10447E-24  2.53705E-07  0.00000E+00
  3.100E+01  7.14163E-02  6.66357E-24  2.37960E-07  0.00000E+00
  3.150E+01  7.36799E-02  6.25634E-24  2.23418E-07  0.00000E+00
  3.200E+01  7.59760E-02  5.87975E-24  2.09970E-07  0.00000E+00
  3.250E+01  7.83043E-02  5.53106E-24  1.97518E-07  0.00000E+00
  3.300E+01  8.06647E-02  5.20781E-24  1.85974E-07  0.00000E+00
  3.350E+01  8.30571E-02  4.90781E-24  1.75261E-07  0.00000E+00
  3.400E+01  8.54812E-02  4.62907E-24  1.65307E-07  0.00000E+00
  3.450E+01  8.79369E-02  4.36980E-24  1.56049E-07  0.00000E+00
  3.500E+01  9.04240E-02  4.12840E-24  1.47428E-07  0.00000E+00
  3.550E+01  9.29422E-02  3.90340E-24  1.39393E-07  0.00000E+00
  3.600E+01  9.54915E-02  3.69348E-24  1.31897E-07  0.00000E+00
  3.650E+01  9.80716E-02  3.49744E-24  1.24896E-07  0.00000E+00
  3.700E+01  1.00682E-01  3.31418E-24  1.18352E-07  0.00000E+00
  3.750E+01  1.03323E-01  3.14273E-24  1.12229E-07  0.00000E+00
  3.800E+01  1.05995E-01  2.98218E-24  1.06495E-07  0.00000E+00
  3.850E+01  1.08696E-01  2.83170E-24  1.01122E-07  0.00000E+00
  3.900E+01  1.11427E-01  2.69054E-24  9.60810E-08  0.00000E+00
  3.950E+01  1.14188E-01  2.55802E-24  9.13487E-08  0.00000E+00
  4.000E+01  1.16978E-01  2.43352E-24  8.69025E-08  0.00000E+00
  4.050E+01  1.19797E-01  2.31645E-24  8.27219E-08  0.00000E+00
  4.100E+01  1.22645E-01  2.20629E-24  7.87879E-08  0.00000E+00
  4.150E+01  1.25522E-01  2.10255E-24  7.50834E-08  0.00000E+00
  4.200E+01  1.28428E-01  2.00479E-24  7.15924E-08  0.00000E+00
  4.250E+01  1.31361E-01  1.91260E-24  6.83002E-08  0.00000E+00
  4.300E+01  1.34323E-01  1.82561E-24  6.51935E-08  0.00000E+00
  4.350E+01  1.37313E-01  1.74345E-24  6.22599E-08  0.00000E+00
  4.400E+01  1.40330E-01  1.66583E-24  5.94878E-08  0.00000E+00
  4.450E+01  1.43375E-01  1.59243E-24  5.68667E-08  0.00000E+00
  4.500E+01  1.46447E-01  1.52299E-24  5.43869E-08  0.00000E+00
  4.550E+01  1.49545E-01  1.45725E-24  5.20393E-08  0.00000E+00
  4.600E+01  1.52671E-01  1.39497E-24  4.98154E-08  0.00000E+00
  4.650E+01  1.55823E-01  1.33595E-24  4.77077E-08  0.00000E+00
  4.700E+01  1.59001E-01  1.27998E-24  4.57088E-08  0.00000E+00
  4.750E+01  1.62205E-01  1.22687E-24  4.38122E-08  0.00000E+00
  4.800E+01  1.65435E-01  1.17644E-24  4.20115E-08  0.00000E+00
  4.850E+01  1.68690E-01  1.12854E-24  4.03010E-08  0.00000E+00
  4.900E+01  1.71970E-01  1.08302E-24  3.86754E-08  0.00000E+00
  4.950E+01  1.75276E-01  1.03973E-24  3.71296E-08  0.00000E+00
  5.000E+01  1.78606E-01  9.98553E-25  3.56590E-08  0.00000E+00
  5.050E+01  1.81961E-01  9.59357E-25  3.42592E-08  0.00000E+00
  5.100E+01  1.85340E-01  9.22030E-25  3.29263E-08  0.00000E+00
  5.150E+01  1.88743E-01  8.86468E-25  3.16564E-08  0.00000E+00
  5.200E+01  1.92169E-01  8.52572E-25  3.04459E-08  0.00000E+00
  5.250E+01  1.95619E-01  8.20248E-25  2.92916E-08  0.00000E+00
  5.300E+01  1.99092E-01  7.89411E-25  2.81904E-08  0.00000E+00
  5.350E+01  2.02589E-01  7.59978E-25  2.71393E-08  0.00000E+00
  5.400E+01  2.06107E-01  7.31875E-25  2.61357E-08  0.00000E+00
  5.450E+01  2.09649E-01  7.05030E-25  2.51771E-08  0.00000E+00
  5.500E+01  2.13212E-01  6.79375E-25  2.42609E-08  0.00000E+00
  5.550E+01  2.16797E-01  6.54849E-25  2.33851E-08  0.00000E+00
  5.600E+01  2.20404E-01  6.31392E-25  2.25474E-08  0.00000E+00
  5.650E+01  2.24032E-01  6.08950E-25  2.17460E-08  0.00000E+00
  5.700E+01  2.27680E-01  5.87469E-25  2.09789E-08  0.00000E+00
  5.750E+01  2.31350E-01  5.66902E-25  2.02444E-08  0.00000E+00
  5.800E+01  2.35040E-01  5.47202E-25  1.95409E-08  0.00000E+00
  5.850E+01  2.38751E-01  5.28326E-25  1.88669E-08  0.00000E+00
  5.900E+01  2.42481E-01  5.10232E-25  1.82207E-08  0.00000E+00
  5.950E+01  2.46231E-01  4.92883E-25  1.76012E-08  0.00000E+00
  6.000E+01  2.50000E-01  4.76243E-25  1.70069E-08  0.00000E+00
  6.050E+01  2.53788E-01  4.60276E-25  1.64367E-08  0.00000E+00
  6.100E+01  2.57595E-01  4.44950E-25  1.58895E-08  0.00000E+00
  6.150E+01  2.61421E-01  4.30236E-25  1.53640E-08  0.00000E+00
  6.200E+01  2.65264E-01  4.16104E-25  1.48593E-08  0.00000E+00
  6.250E+01  2.69126E-01  4.02526E-25  1.43745E-08  0.00000E+00
  6.300E+01  2.73005E-01  3.89478E-25  1.39085E-08  0.00000E+00
  6.350E+01  2.76901E-01  3.76934E-25  1.34606E-08  0.00000E+00
  6.400E+01  2.80814E-01  3.64872E-25  1.30298E-08  0.00000E+00
  6.450E+01  2.84744E-01  3.53270E-25  1.26155E-08  0.00000E+00
  6.500E+01  2.88691E-01  3.42106E-25  1.22168E-08  0.00000E+00
  6.550E+01  2.92653E-01  3.31362E-25  1.18331E-08  0.00000E+00
  6.600E+01  2.96632E-01  3.21018E-25  1.14638E-08  0.00000E+00
  6.650E+01  3.00625E-01  3.11058E-25  1.11081E-08  0.00000E+00
  6.700E+01  3.04634E-01  3.01463E-25  1.07654E-08  0.00000E+00
  6.750E+01  3.08658E-01  2.92219E-25  1.04353E-08  0.00000E+00
  6.800E+01  3.12697E-01  2.83310E-25  1.01172E-08  0.00000E+00
  6.850E+01  3.16749E-01  2.74722E-25  9.81049E-09  0.00000E+00
  6.900E+01  3.20816E-01  2.66441E-25  9.51477E-09  0.00000E+00
  6.950E+01  3.24896E-01  2.58454E-25  9.22955E-09  0.00000E+00
  7.000E+01  3.28990E-01  2.50749E-25  8.95440E-09  0.00000E+00
  7.050E+01  3.33097E-01  2.43314E-25  8.68889E-09  0.00000E+00
  7.100E+01  3.37216E-01  2.36138E-25  8.43263E-09  0.00000E+00
  7.150E+01  3.41348E-01  2.29210E-25  8.18524E-09  0.00000E+00
  7.200E+01  3.45492E-01  2.22520E-25  7.94634E-09  0.00000E+00
  7.250E+01  3.49647E-01  2.16059E-25  7.71561E-09  0.00000E+00
  7.300E+01  3.53814E-01  2.09817E-25  7.49271E-09  0.00000E+00
  7.350E+01  3.57992E-01  2.03786E-25  7.27732E-09  0.00000E+00
  7.400E+01  3.62181E-01  1.97956E-25  7.06915E-09  0.00000E+00
  7.450E+01  3.66381E-01  1.92321E-25  6.86791E-09  0.00000E+00
  7.500E+01  3.70590E-01  1.86872E-25  6.67334E-09  0.00000E+00
  7.550E+01  3.74810E-01  1.81603E-25  6.48516E-09  0.00000E+00
  7.600E+01  3.79039E-01  1.76506E-25  6.30314E-09  0.00000E+00
  7.650E+01  3.83277E-01  1.71574E-25  6.12704E-09  0.00000E+00
  7.700E+01  3.87524E-01  1.66802E-25  5.95662E-09  0.00000E+00
  7.750E+01  3.91780E-01  1.62183E-25  5.79168E-09  0.00000E+00
  7.800E+01  3.96044E-01  1.57712E-25  5.63200E-09  0.00000E+00
  7.850E+01  4.00316E-01  1.53383E-25  5.47739E-09  0.00000E+00
  7.900E+01  4.04596E-01  1.49190E-25  5.32767E-09  0.00000E+00
  7.950E+01  4.08882E-01  1.45129E-25  5.18264E-09  0.00000E+00
  8.000E+01  4.13176E-01  1.41194E-25  5.04213E-09  0.00000E+00
  8.050E+01  4.17476E-01  1.37382E-25  4.90599E-09  0.00000E+00
  8.100E+01  4.21783E-01  1.33687E-25  4.77404E-09  0.00000E+00
  8.150E+01  4.26095E-01  1.30105E-25  4.64615E-09  0.00000E+00
  8.200E+01  4.30413E-01  1.26633E-25  4.52215E-09  0.00000E+00
  8.250E+01  4.34737E-01  1.23266E-25  4.40192E-09  0.00000E+00
  8.300E+01  4.39065E-01  1.20001E-25  4.28532E-09  0.00000E+00
  8.350E+01  4.43398E-01  1.16834E-25  4.17222E-09  0.00000E+00
  8.400E+01  4.47736E-01  1.13762E-25  4.06250E-09  0.00000E+00
  8.450E+01  4.52077E-01  1.10780E-25  3.95603E-09  0.00000E+00
  8.500E+01  4.56422E-01  1.07887E-25  3.85272E-09  0.00000E+00
  8.550E+01  4.60770E-01  1.05079E-25  3.75243E-09  0.00000E+00
  8.600E+01  4.65122E-01  1.02353E-25  3.65508E-09  0.00000E+00
  8.650E+01  4.69476E-01  9.97061E-26  3.56057E-09  0.00000E+00
  8.700E+01  4.73832E-01  9.71359E-26  3.46879E-09  0.00000E+00
  8.750E+01  4.78190E-01  9.46398E-26  3.37965E-09  0.00000E+00
  8.800E+01  4.82550E-01  9.22152E-26  3.29307E-09  0.00000E+00
  8.850E+01  4.86912E-01  8.98598E-26  3.20895E-09  0.00000E+00
  8.900E+01  4.91274E-01  8.75712E-26  3.12722E-09  0.00000E+00
  8.950E+01  4.95637E-01  8.53472E-26  3.04780E-09  0.00000E+00
  9.000E+01  5.00000E-01  8.31856E-26  2.97061E-09  0.00000E+00
  9.050E+01  5.04363E-01  8.10846E-26  2.89558E-09  0.00000E+00
  9.100E+01  5.08726E-01  7.90420E-26  2.82264E-09  0.00000E+00
  9.150E+01  5.13088E-01  7.70560E-26  2.75172E-09  0.00000E+00
  9.200E+01  5.17450E-01  7.51247E-26  2.68275E-09  0.00000E+00
  9.250E+01  5.21810E-01  7.32464E-26  2.61568E-09  0.00000E+00
  9.300E+01  5.26168E-01  7.14195E-26  2.55044E-09  0.00000E+00
  9.350E+01  5.30524E-01  6.96422E-26  2.48697E-09  0.00000E+00
  9.400E+01  5.34878E-01  6.79130E-26  2.42522E-09  0.00000E+00
  9.450E+01  5.39230E-01  6.62304E-26  2.36513E-09  0.00000E+00
  9.500E+01  5.43578E-01  6.45929E-26  2.30665E-09  0.00000E+00
  9.550E+01  5.47923E-01  6.29992E-26  2.24974E-09  0.00000E+00
  9.600E+01  5.52264E-01  6.14478E-26  2.19434E-09  0.00000E+00
  9.650E+01  5.56602E-01  5.99375E-26  2.14041E-09  0.00000E+00
  9.700E+01  5.60935E-01  5.84670E-26  2.08790E-09  0.00000E+00
  9.750E+01  5.65263E-01  5.70351E-26  2.03676E-09  0.00000E+00
  9.800E+01  5.69587E-01  5.56407E-26  1.98696E-09  0.00000E+00
  9.850E+01  5.73905E-01  5.42825E-26  1.93846E-09  0.00000E+00
  9.900E+01  5.78217E-01  5.29595E-26  1.89122E-09  0.00000E+00
  9.950E+01  5.82524E-01  5.16707E-26  1.84519E-09  0.00000E+00
  1.000E+02  5.86824E-01  5.04150E-26  1.80035E-09  0.00000E+00
  1.005E+02  5.91118E-01  4.91915E-26  1.75666E-09  0.00000E+00
  1.010E+02  5.95404E-01  4.79991E-26  1.71408E-09  0.00000E+00
  1.015E+02  5.99684E-01  4.68370E-26  1.67258E-09  0.00000E+00
  1.020E+02  6.03956E-01  4.57044E-26  1.63213E-09  0.00000E+00
  1.025E+02  6.08220E-01  4.46002E-26  1.59270E-09  0.00000E+00
  1.030E+02  6.12476E-01  4.35238E-26  1.55426E-09  0.00000E+00
  1.035E+02  6.16723E-01  4.24743E-26  1.51679E-09  0.00000E+00
  1.040E+02  6.20961E-01  4.14509E-26  1.48024E-09  0.00000E+00
  1.045E+02  6.25190E-01  4.04530E-26  1.44460E-09  0.00000E+00
  1.050E+02  6.29410E-01  3.94797E-26  1.40985E-09  0.00000E+00
  1.055E+02  6.33619E-01  3.85304E-26  1.37595E-09  0.00000E+00
  1.060E+02  6.37819E-01  3.76044E-26  1.34288E-09  0.00000E+00
  1.065E+02  6.42008E-01  3.67010E-26  1.31062E-09  0.00000E+00
  1.070E+02  6.46186E-01  3.58197E-26  1.27914E-09  0.00000E+00
  1.075E+02  6.50353E-01  3.49597E-26  1.24843E-09  0.00000E+00
  1.080E+02  6.54508E-01  3.41206E-26  1.21847E-09  0.00000E+00
  1.085E+02  6.58652E-01  3.33017E-26  1.18922E-09  0.00000E+00
  1.090E+02  6.62784E-01  3.25025E-26  1.16068E-09  0.00000E+00
  1.095E+02  6.66903E-01  3.17224E-26  1.13283E-09  0.00000E+00
  1.100E+02  6.71010E-01  3.09610E-26  1.10564E-09  0.00000E+00
  1.105E+02  6.75104E-01  3.02176E-26  1.07909E-09  0.00000E+00
  1.110E+02  6.79184E-01  2.94919E-26  1.05318E-09  0.00000E+00
  1.115E+02  6.83251E-01  2.87834E-26  1.02787E-09  0.00000E+00
  1.120E+02  6.87303E-01  2.80916E-26  1.00317E-09  0.00000E+00
  1.125E+02  6.91342E-01  2.74160E-26  9.79044E-10  0.00000E+00
  1.130E+02  6.95366E-01  2.67563E-26  9.55484E-10  0.00000E+00
  1.135E+02  6.99375E-01  2.61119E-26  9.32474E-10  0.00000E+00
  1.140E+02  7.03368E-01  2.54826E-26  9.10000E-10  0.00000E+00
  1.145E+02  7.07347E-01  2.48679E-26  8.88048E-10  0.00000E+00
  1.150E+02  7.11309E-01  2.42674E-26  8.66604E-10  0.00000E+00
  1.155E+02  7.15256E-01  2.36808E-26  8.45655E-10  0.00000E+00
  1.160E+02  7.19186E-01  2.31076E-26  8.25189E-10  0.00000E+00
  1.165E+02  7.23099E-01  2.25477E-26  8.05192E-10  0.00000E+00
  1.170E+02  7.26995E-01  2.20005E-26  7.85654E-10  0.00000E+00
  1.175E+02  7.30874E-01  2.14659E-26  7.66562E-10  0.00000E+00
  1.180E+02  7.34736E-01  2.09435E-26  7.47904E-10  0.00000E+00
  1.185E+02  7.38579E-01  2.04329E-26  7.29671E-10  0.00000E+00
  1.190E+02  7.42405E-01  1.99339E-26  7.11851E-10  0.00000E+00
  1.195E+02  7.46212E-01  1.94461E-26  6.94434E-10  0.00000E+00
  1.200E+02  7.50000E-01  1.89694E-26  6.77409E-10  0.00000E+00
  1.205E+02  7.53769E-01  1.85034E-26  6.60769E-10  0.00000E+00
  1.210E+02  7.57519E-01  1.80479E-26  6.44501E-10  0.00000E+00
  1.215E+02  7.61249E-01  1.76026E-26  6.28599E-10  0.00000E+00
  1.220E+02  7.64960E-01  1.71672E-26  6.13051E-10  0.00000E+00
  1.225E+02  7.68650E-01  1.67415E-26  5.97851E-10  0.00000E+00
  1.230E+02  7.72320E-01  1.63254E-26  5.82990E-10  0.00000E+00
  1.235E+02  7.75968E-01  1.59185E-26  5.68458E-10  0.00000E+00
  1.240E+02  7.79596E-01  1.55206E-26  5.54249E-10  0.00000E+00
  1.245E+02  7.83203E-01  1.51315E-26  5.40355E-10  0.00000E+00
  1.250E+02  7.86788E-01  1.47510E-26  5.26768E-10  0.00000E+00
  1.255E+02  7.90351E-01  1.43789E-26  5.13481E-10  0.00000E+00
  1.260E+02  7.93893E-01  1.40151E-26  5.00487E-10  0.00000E+00
  1.265E+02  7.97411E-01  1.36592E-26  4.87778E-10  0.00000E+00
  1.270E+02  8.00908E-01  1.33111E-26  4.75349E-10  0.00000E+00
  1.275E+02  8.04381E-01  1.29707E-26  4.63193E-10  0.00000E+00
  1.280E+02  8.07831E-01  1.26378E-26  4.51303E-10  0.00000E+00
  1.285E+02  8.11257E-01  1.23121E-26  4.39673E-10  0.00000E+00
  1.290E+02  8.14660E-01  1.19935E-26  4.28297E-10  0.00000E+00
  1.295E+02  8.18039E-01  1.16820E-26  4.17170E-10  0.00000E+00
  1.300E+02  8.21394E-01  1.13772E-26  4.06286E-10  0.00000E+00
  1.305E+02  8.24724E-01  1.10790E-26  3.95639E-10  0.00000E+00
  1.310E+02  8.28030E-01  1.07874E-26  3.85224E-10  0.00000E+00
  1.315E+02  8.31310E-01  1.05021E-26  3.75036E-10  0.00000E+00
  1.320E+02  8.34565E-01  1.02230E-26  3.65069E-10  0.00000E+00
  1.325E+02  8.37795E-01  9.94995E-27  3.55319E-10  0.00000E+00
  1.330E+02  8.40999E-01  9.68286E-27  3.45781E-10  0.00000E+00
  1.335E+02  8.44177E-01  9.42158E-27  3.36451E-10  0.00000E+00
  1.340E+02  8.47329E-01  9.16598E-27  3.27323E-10  0.00000E+00
  1.345E+02  8.50455E-01  8.91593E-27  3.18394E-10  0.00000E+00
  1.350E+02  8.53553E-01  8.67132E-27  3.09658E-10  0.00000E+00
  1.355E+02  8.56625E-01  8.43203E-27  3.01113E-10  0.00000E+00
  1.360E+02  8.59670E-01  8.19793E-27  2.92754E-10  0.00000E+00
  1.365E+02  8.62687E-01  7.96894E-27  2.84576E-10  0.00000E+00
  1.370E+02  8.65677E-01  7.74492E-27  2.76576E-10  0.00000E+00
  1.375E+02  8.68639E-01  7.52579E-27  2.68751E-10  0.00000E+00
  1.380E+02  8.71572E-01  7.31144E-27  2.61096E-10  0.00000E+00
  1.385E+02  8.74478E-01  7.10176E-27  2.53609E-10  0.00000E+00
  1.390E+02  8.77355E-01  6.89667E-27  2.46285E-10  0.00000E+00
  1.395E+02  8.80203E-01  6.69607E-27  2.39121E-10  0.00000E+00
  1.400E+02  8.83022E-01  6.49986E-27  2.32114E-10  0.00000E+00
  1.405E+02  8.85812E-01  6.30796E-27  2.25261E-10  0.00000E+00
  1.410E+02  8.88573E-01  6.12028E-27  2.18559E-10  0.00000E+00
  1.415E+02  8.91304E-01  5.93673E-27  2.12005E-10  0.00000E+00
  1.420E+02  8.94005E-01  5.75724E-27  2.05595E-10  0.00000E+00
  1.425E+02  8.96677E-01  5.58172E-27  1.99327E-10  0.00000E+00
  1.430E+02  8.99318E-01  5.41010E-27  1.93198E-10  0.00000E+00
  1.435E+02  9.01928E-01  5.24229E-27  1.87206E-10  0.00000E+00
  1.440E+02  9.04508E-01  5.07823E-27  1.81347E-10  0.00000E+00
  1.445E+02  9.07058E-01  4.91785E-27  1.75620E-10  0.00000E+00
  1.450E+02  9.09576E-01  4.76106E-27  1.70021E-10  0.00000E+00
  1.455E+02  9.12063E-01  4.60782E-27  1.64548E-10  0.00000E+00
  1.460E+02  9.14519E-01  4.45804E-27  1.59199E-10  0.00000E+00
  1.465E+02  9.16943E-01  4.31166E-27  1.53972E-10  0.00000E+00
  1.470E+02  9.19335E-01  4.16863E-27  1.48864E-10  0.00000E+00
  1.475E+02  9.21696E-01  4.02887E-27  1.43874E-10  0.00000E+00
  1.480E+02  9.24024E-01  3.89234E-27  1.38998E-10  0.00000E+00
  1.485E+02  9.26320E-01  3.75897E-27  1.34235E-10  0.00000E+00
  1.490E+02  9.28584E-01  3.62870E-27  1.29583E-10  0.00000E+00
  1.495E+02  9.30815E-01  3.50149E-27  1.25040E-10  0.00000E+00
  1.500E+02  9.33013E-01  3.37727E-27  1.20605E-10  0.00000E+00
  1.505E+02  9.35178E-01  3.25600E-27  1.16274E-10  0.00000E+00
  1.510E+02  9.37310E-01  3.13763E-27  1.12047E-10  0.00000E+00
  1.515E+02  9.39409E-01  3.02210E-27  1.07921E-10  0.00000E+00
  1.520E+02  9.41474E-01  2.90937E-27  1.03895E-10  0.00000E+00
  1.525E+02  9.43505E-01  2.79939E-27  9.99679E-11  0.00000E+00
  1.530E+02  9.45503E-01  2.69212E-27  9.61372E-11  0.00000E+00
  1.535E+02  9.47467E-01  2.58751E-27  9.24015E-11  0.00000E+00
  1.540E+02  9.49397E-01  2.48552E-27  8.87595E-11  0.00000E+00
  1.545E+02  9.51293E-01  2.38611E-27  8.52095E-11  0.00000E+00
  1.550E+02  9.53154E-01  2.28924E-27  8.17501E-11  0.00000E+00
  1.555E+02  9.54981E-01  2.19487E-27  7.83801E-11  0.00000E+00
  1.560E+02  9.56773E-01  2.10295E-27  7.50979E-11  0.00000E+00
  1.565E+02  9.58530E-01  2.01347E-27  7.19023E-11  0.00000E+00
  1.570E+02  9.60252E-01  1.92637E-27  6.87920E-11  0.00000E+00
  1.575E+02  9.61940E-01  1.84163E-27  6.57657E-11  0.00000E+00
  1.580E+02  9.63592E-01  1.75920E-27  6.28223E-11  0.00000E+00
  1.585E+02  9.65209E-01  1.67907E-27  5.99606E-11  0.00000E+00
  1.590E+02  9.66790E-01  1.60119E-27  5.71794E-11  0.00000E+00
  1.595E+02  9.68336E-01  1.52553E-27  5.44777E-11  0.00000E+00
  1.600E+02  9.69846E-01  1.45207E-27  5.18544E-11  0.00000E+00
  1.605E+02  9.71321E-01  1.38078E-27  4.93084E-11  0.00000E+00
  1.610E+02  9.72759E-01  1.31162E-27  4.68388E-11  0.00000E+00
  1.615E+02  9.74162E-01  1.24457E-27  4.44446E-11  0.00000E+00
  1.620E+02  9.75528E-01  1.17961E-27  4.21248E-11  0.00000E+00
  1.625E+02  9.76858E-01  1.11671E-27  3.98786E-11  0.00000E+00
  1.630E+02  9.78152E-01  1.05585E-27  3.77051E-11  0.00000E+00
  1.635E+02  9.79410E-01  9.96997E-28  3.56034E-11  0.00000E+00
  1.640E+02  9.80631E-01  9.40134E-28  3.35728E-11  0.00000E+00
  1.645E+02  9.81815E-01  8.85238E-28  3.16124E-11  0.00000E+00
  1.650E+02  9.82963E-01  8.32287E-28  2.97215E-11  0.00000E+00
  1.655E+02  9.84074E-01  7.81263E-28  2.78994E-11  0.00000E+00
  1.660E+02  9.85148E-01  7.32145E-28  2.61454E-11  0.00000E+00
  1.665E+02  9.86185E-01  6.84914E-28  2.44587E-11  0.00000E+00
  1.670E+02  9.87185E-01  6.39552E-28  2.28388E-11  0.00000E+00
  1.675E+02  9.88148E-01  5.96043E-28  2.12851E-11  0.00000E+00
  1.680E+02  9.89074E-01  5.54369E-28  1.97969E-11  0.00000E+00
  1.685E+02  9.89962E-01  5.14514E-28  1.83736E-11  0.00000E+00
  1.690E+02  9.90814E-01  4.76465E-28  1.70149E-11  0.00000E+00
  1.695E+02  9.91627E-01  4.40205E-28  1.57200E-11  0.00000E+00
  1.700E+02  9.92404E-01  4.05722E-28  1.44886E-11  0.00000E+00
  1.705E+02  9.93143E-01  3.73002E-28  1.33201E-11  0.00000E+00
  1.710E+02  9.93844E-01  3.42033E-28  1.22142E-11  0.00000E+00
  1.715E+02  9.94508E-01  3.12803E-28  1.11704E-11  0.00000E+00
  1.720E+02  9.95134E-01  2.85302E-28  1.01883E-11  0.00000E+00
  1.725E+02  9.95722E-01  2.59519E-28  9.26758E-12  0.00000E+00
  1.730E+02  9.96273E-01  2.35444E-28  8.40784E-12  0.00000E+00
  1.735E+02  9.96786E-01  2.13068E-28  7.60879E-12  0.00000E+00
  1.740E+02  9.97261E-01  1.92383E-28  6.87013E-12  0.00000E+00
  1.745E+02  9.97698E-01  1.73381E-28  6.19156E-12  0.00000E+00
  1.750E+02  9.98097E-01  1.56056E-28  5.57285E-12  0.00000E+00
  1.755E+02  9.98459E-01  1.40399E-28  5.01375E-12  0.00000E+00
  1.760E+02  9.98782E-01  1.26407E-28  4.51407E-12  0.00000E+00
  1.765E+02  9.99067E-01  1.14073E-28  4.07362E-12  0.00000E+00
  1.770E+02  9.99315E-01  1.03393E-28  3.69222E-12  0.00000E+00
  1.775E+02  9.99524E-01  9.43622E-29  3.36974E-12  0.00000E+00
  1.780E+02  9.99695E-01  8.69783E-29  3.10605E-12  0.00000E+00
  1.785E+02  9.99829E-01  8.12381E-29  2.90107E-12  0.00000E+00
  1.790E+02  9.99924E-01  7.71395E-29  2.75470E-12  0.00000E+00
  1.795E+02  9.99981E-01  7.46810E-29  2.66691E-12  0.00000E+00
  1.800E+02  1.00000E+00  7.38620E-29  2.63766E-12  0.00000E+00
