 #
 # Subroutine MOTTSC. Elastic scattering of electrons and positrons
 #                    by unscreened Coulomb fields
 #
 # Projectile: electron
 # Kinetic energy = 1.00000E+07 eV = 3.67493E+05 a.u.
 #
 # Z =  26
 #
 # Differential cross section      MU=(1-COS(THETA))/2
 #
 #  THETA        MU          DCS          DCS       McKinl-Fesh    error
 #  (deg)                 (cm**2/sr)   (a0**2/sr)   (a0**2/sr)
 #-----------------------------------------------------------------------
  0.000E+00  0.00000E+00  1.00000E-45  3.57106E-29  1.96230E+19   1.0E+00
  1.000E-04  7.61557E-13  5.49481E-02  1.96223E+15  1.96230E+15   1.0E+00
  1.250E-04  1.18994E-12  2.25066E-02  8.03725E+14  8.03759E+14   1.0E+00
  1.500E-04  1.71346E-12  1.08545E-02  3.87620E+14  3.87616E+14   1.0E+00
  1.750E-04  2.33225E-12  5.85881E-03  2.09222E+14  2.09225E+14   1.0E+00
  2.000E-04  3.04617E-12  3.43438E-03  1.22644E+14  1.22644E+14   1.0E+00
  2.250E-04  3.85530E-12  2.14408E-03  7.65664E+13  7.65661E+13   1.0E+00
  2.500E-04  4.75964E-12  1.40673E-03  5.02352E+13  5.02350E+13   1.0E+00
  2.750E-04  5.75917E-12  9.60812E-04  3.43112E+13  3.43112E+13   1.0E+00
  3.000E-04  6.85391E-12  6.78394E-04  2.42259E+13  2.42260E+13   1.0E+00
  3.250E-04  8.04379E-12  4.92535E-04  1.75887E+13  1.75887E+13   1.0E+00
  3.500E-04  9.32893E-12  3.66180E-04  1.30765E+13  1.30766E+13   1.0E+00
  3.750E-04  1.07092E-11  2.77871E-04  9.92296E+12  9.92297E+12   1.0E+00
  4.000E-04  1.21847E-11  2.14649E-04  7.66526E+12  7.66526E+12   1.0E+00
  4.250E-04  1.37554E-11  1.68427E-04  6.01465E+12  6.01466E+12   1.0E+00
  4.500E-04  1.54213E-11  1.34004E-04  4.78537E+12  4.78538E+12   1.0E+00
  4.750E-04  1.71823E-11  1.07943E-04  3.85472E+12  3.85472E+12   1.0E+00
  5.000E-04  1.90386E-11  8.79202E-05  3.13969E+12  3.13969E+12   1.0E+00
  5.250E-04  2.09900E-11  7.23323E-05  2.58303E+12  2.58303E+12   1.0E+00
  5.500E-04  2.30367E-11  6.00508E-05  2.14445E+12  2.14445E+12   1.0E+00
  5.750E-04  2.51785E-11  5.02688E-05  1.79513E+12  1.79513E+12   1.0E+00
  6.000E-04  2.74156E-11  4.23998E-05  1.51413E+12  1.51413E+12   1.0E+00
  6.250E-04  2.97478E-11  3.60121E-05  1.28602E+12  1.28602E+12   1.0E+00
  6.500E-04  3.21752E-11  3.07834E-05  1.09929E+12  1.09929E+12   1.0E+00
  6.750E-04  3.46979E-11  2.64700E-05  9.45260E+11  9.45262E+11   1.0E+00
  7.000E-04  3.73157E-11  2.28864E-05  8.17287E+11  8.17288E+11   1.0E+00
  7.250E-04  4.00286E-11  1.98892E-05  7.10256E+11  7.10257E+11   1.0E+00
  7.500E-04  4.28368E-11  1.73670E-05  6.20186E+11  6.20187E+11   1.0E+00
  7.750E-04  4.57402E-11  1.52322E-05  5.43953E+11  5.43952E+11   1.0E+00
  8.000E-04  4.87388E-11  1.34156E-05  4.79079E+11  4.79080E+11   1.0E+00
  8.250E-04  5.18325E-11  1.18619E-05  4.23596E+11  4.23596E+11   1.0E+00
  8.500E-04  5.50215E-11  1.05267E-05  3.75917E+11  3.75917E+11   1.0E+00
  8.750E-04  5.83057E-11  9.37427E-06  3.34761E+11  3.34762E+11   1.0E+00
  9.000E-04  6.16850E-11  8.37529E-06  2.99087E+11  2.99087E+11   1.0E+00
  9.250E-04  6.51595E-11  7.50591E-06  2.68041E+11  2.68041E+11   1.0E+00
  9.500E-04  6.87293E-11  6.74646E-06  2.40920E+11  2.40920E+11   1.0E+00
  9.750E-04  7.23943E-11  6.08067E-06  2.17145E+11  2.17145E+11   1.0E+00
  1.000E-03  7.61544E-11  5.49503E-06  1.96231E+11  1.96231E+11   1.0E+00
  1.250E-03  1.18991E-10  2.25077E-06  8.03763E+10  8.03764E+10   1.0E+00
  1.500E-03  1.71347E-10  1.08544E-06  3.87618E+10  3.87618E+10   1.0E+00
  1.750E-03  2.33223E-10  5.85894E-07  2.09227E+10  2.09227E+10   1.0E+00
  2.000E-03  3.04617E-10  3.43441E-07  1.22645E+10  1.22645E+10   1.0E+00
  2.250E-03  3.85531E-10  2.14409E-07  7.65668E+09  7.65669E+09   1.0E+00
  2.500E-03  4.75965E-10  1.40674E-07  5.02355E+09  5.02356E+09   1.0E+00
  2.750E-03  5.75917E-10  9.60822E-08  3.43116E+09  3.43116E+09   1.0E+00
  3.000E-03  6.85389E-10  6.78405E-08  2.42263E+09  2.42263E+09   1.0E+00
  3.250E-03  8.04380E-10  4.92540E-08  1.75889E+09  1.75889E+09   1.0E+00
  3.500E-03  9.32891E-10  3.66187E-08  1.30768E+09  1.30768E+09   1.0E+00
  3.750E-03  1.07092E-09  2.77876E-08  9.92312E+08  9.92314E+08   1.0E+00
  4.000E-03  1.21847E-09  2.14653E-08  7.66538E+08  7.66540E+08   1.0E+00
  4.250E-03  1.37554E-09  1.68431E-08  6.01476E+08  6.01478E+08   1.0E+00
  4.500E-03  1.54213E-09  1.34007E-08  4.78547E+08  4.78548E+08   1.0E+00
  4.750E-03  1.71823E-09  1.07945E-08  3.85479E+08  3.85480E+08   1.0E+00
  5.000E-03  1.90386E-09  8.79221E-09  3.13976E+08  3.13976E+08   1.0E+00
  5.250E-03  2.09900E-09  7.23338E-09  2.58309E+08  2.58310E+08   1.0E+00
  5.500E-03  2.30367E-09  6.00521E-09  2.14450E+08  2.14451E+08   1.0E+00
  5.750E-03  2.51785E-09  5.02699E-09  1.79517E+08  1.79518E+08   1.0E+00
  6.000E-03  2.74156E-09  4.24009E-09  1.51416E+08  1.51417E+08   1.0E+00
  6.250E-03  2.97478E-09  3.60131E-09  1.28605E+08  1.28606E+08   1.0E+00
  6.500E-03  3.21752E-09  3.07842E-09  1.09932E+08  1.09933E+08   1.0E+00
  6.750E-03  3.46978E-09  2.64708E-09  9.45288E+07  9.45292E+07   1.0E+00
  7.000E-03  3.73156E-09  2.28871E-09  8.17311E+07  8.17315E+07   1.0E+00
  7.250E-03  4.00286E-09  1.98898E-09  7.10278E+07  7.10281E+07   1.0E+00
  7.500E-03  4.28368E-09  1.73675E-09  6.20206E+07  6.20209E+07   1.0E+00
  7.750E-03  4.57402E-09  1.52327E-09  5.43969E+07  5.43972E+07   1.0E+00
  8.000E-03  4.87388E-09  1.34160E-09  4.79095E+07  4.79098E+07   1.0E+00
  8.250E-03  5.18326E-09  1.18623E-09  4.23610E+07  4.23612E+07   1.0E+00
  8.500E-03  5.50215E-09  1.05271E-09  3.75930E+07  3.75932E+07   1.0E+00
  8.750E-03  5.83057E-09  9.37461E-10  3.34773E+07  3.34775E+07   1.0E+00
  9.000E-03  6.16850E-09  8.37560E-10  2.99098E+07  2.99100E+07   1.0E+00
  9.250E-03  6.51596E-09  7.50619E-10  2.68051E+07  2.68052E+07   1.0E+00
  9.500E-03  6.87293E-09  6.74672E-10  2.40930E+07  2.40931E+07   1.0E+00
  9.750E-03  7.23942E-09  6.08092E-10  2.17153E+07  2.17155E+07   1.0E+00
  1.000E-02  7.61544E-09  5.49526E-10  1.96239E+07  1.96240E+07   1.0E+00
  1.250E-02  1.18991E-08  2.25088E-10  8.03805E+06  8.03811E+06   1.0E+00
  1.500E-02  1.71347E-08  1.08551E-10  3.87642E+06  3.87645E+06   1.0E+00
  1.750E-02  2.33223E-08  5.85937E-11  2.09242E+06  2.09244E+06   1.0E+00
  2.000E-02  3.04617E-08  3.43469E-11  1.22655E+06  1.22657E+06   1.0E+00
  2.250E-02  3.85531E-08  2.14429E-11  7.65738E+05  7.65749E+05   1.0E+00
  2.500E-02  4.75965E-08  1.40688E-11  5.02407E+05  5.02415E+05   1.0E+00
  2.750E-02  5.75917E-08  9.60930E-12  3.43154E+05  3.43160E+05   1.0E+00
  3.000E-02  6.85389E-08  6.78489E-12  2.42293E+05  2.42297E+05   1.0E+00
  3.250E-02  8.04380E-08  4.92605E-12  1.75913E+05  1.75916E+05   1.0E+00
  3.500E-02  9.32891E-08  3.66240E-12  1.30787E+05  1.30789E+05   1.0E+00
  3.750E-02  1.07092E-07  2.77919E-12  9.92465E+04  9.92488E+04   1.0E+00
  4.000E-02  1.21847E-07  2.14688E-12  7.66664E+04  7.66683E+04   1.0E+00
  4.250E-02  1.37554E-07  1.68460E-12  6.01582E+04  6.01597E+04   1.0E+00
  4.500E-02  1.54213E-07  1.34032E-12  4.78636E+04  4.78649E+04   1.0E+00
  4.750E-02  1.71823E-07  1.07966E-12  3.85554E+04  3.85566E+04   1.0E+00
  5.000E-02  1.90386E-07  8.79402E-13  3.14040E+04  3.14050E+04   1.0E+00
  5.250E-02  2.09900E-07  7.23494E-13  2.58365E+04  2.58373E+04   1.0E+00
  5.500E-02  2.30367E-07  6.00657E-13  2.14499E+04  2.14506E+04   1.0E+00
  5.750E-02  2.51785E-07  5.02818E-13  1.79560E+04  1.79566E+04   1.0E+00
  6.000E-02  2.74156E-07  4.24114E-13  1.51454E+04  1.51459E+04   1.0E+00
  6.250E-02  2.97478E-07  3.60224E-13  1.28638E+04  1.28643E+04   1.0E+00
  6.500E-02  3.21752E-07  3.07924E-13  1.09962E+04  1.09966E+04   1.0E+00
  6.750E-02  3.46978E-07  2.64781E-13  9.45551E+03  9.45590E+03   1.0E+00
  7.000E-02  3.73156E-07  2.28936E-13  8.17547E+03  8.17582E+03   1.0E+00
  7.250E-02  4.00286E-07  1.98957E-13  7.10490E+03  7.10521E+03   1.0E+00
  7.500E-02  4.28368E-07  1.73729E-13  6.20397E+03  6.20426E+03   1.0E+00
  7.750E-02  4.57402E-07  1.52376E-13  5.44143E+03  5.44169E+03   1.0E+00
  8.000E-02  4.87388E-07  1.34204E-13  4.79253E+03  4.79277E+03   1.0E+00
  8.250E-02  5.18325E-07  1.18663E-13  4.23754E+03  4.23776E+03   1.0E+00
  8.500E-02  5.50215E-07  1.05308E-13  3.76062E+03  3.76081E+03   1.0E+00
  8.750E-02  5.83057E-07  9.37799E-14  3.34894E+03  3.34912E+03   1.0E+00
  9.000E-02  6.16850E-07  8.37870E-14  2.99209E+03  2.99225E+03   1.0E+00
  9.250E-02  6.51596E-07  7.50905E-14  2.68153E+03  2.68168E+03   1.0E+00
  9.500E-02  6.87293E-07  6.74936E-14  2.41024E+03  2.41038E+03   1.0E+00
  9.750E-02  7.23942E-07  6.08336E-14  2.17241E+03  2.17254E+03   1.0E+00
  1.000E-01  7.61543E-07  5.49752E-14  1.96320E+03  1.96332E+03   1.0E+00
  1.250E-01  1.18991E-06  2.25204E-14  8.04219E+02  8.04280E+02   1.0E+00
  1.500E-01  1.71347E-06  1.08618E-14  3.87881E+02  3.87917E+02   1.0E+00
  1.750E-01  2.33223E-06  5.86359E-15  2.09393E+02  2.09415E+02   1.0E+00
  2.000E-01  3.04617E-06  3.43752E-15  1.22756E+02  1.22771E+02   1.0E+00
  2.250E-01  3.85531E-06  2.14627E-15  7.66449E+01  7.66552E+01   1.0E+00
  2.500E-01  4.75964E-06  1.40833E-15  5.02925E+01  5.03000E+01   1.0E+00
  2.750E-01  5.75916E-06  9.62020E-16  3.43544E+01  3.43600E+01   1.0E+00
  3.000E-01  6.85388E-06  6.79329E-16  2.42593E+01  2.42636E+01   1.0E+00
  3.250E-01  8.04378E-06  4.93266E-16  1.76149E+01  1.76182E+01   1.0E+00
  3.500E-01  9.32888E-06  3.66769E-16  1.30976E+01  1.31002E+01   1.0E+00
  3.750E-01  1.07092E-05  2.78349E-16  9.94002E+00  9.94218E+00   1.0E+00
  4.000E-01  1.21846E-05  2.15043E-16  7.67931E+00  7.68109E+00   1.0E+00
  4.250E-01  1.37553E-05  1.68756E-16  6.02638E+00  6.02785E+00   1.0E+00
  4.500E-01  1.54212E-05  1.34281E-16  4.79526E+00  4.79649E+00   1.0E+00
  4.750E-01  1.71822E-05  1.08178E-16  3.86312E+00  3.86416E+00   1.0E+00
  5.000E-01  1.90385E-05  8.81164E-17  3.14669E+00  3.14778E+00   5.3E-05
  5.250E-01  2.09899E-05  7.25092E-17  2.58935E+00  2.59002E+00   4.8E-05
  5.500E-01  2.30365E-05  6.02090E-17  2.15010E+00  2.15053E+00   2.6E-05
  5.750E-01  2.51783E-05  5.04082E-17  1.80011E+00  1.80044E+00   1.5E-06
  6.000E-01  2.74153E-05  4.25215E-17  1.51847E+00  1.51880E+00   2.3E-05
  6.250E-01  2.97475E-05  3.61179E-17  1.28980E+00  1.29015E+00   3.2E-05
  6.500E-01  3.21749E-05  3.08758E-17  1.10259E+00  1.10297E+00   2.7E-05
  6.750E-01  3.46974E-05  2.65517E-17  9.48180E-01  9.48543E-01   1.3E-05
  7.000E-01  3.73152E-05  2.29596E-17  8.19902E-01  8.20229E-01   3.7E-06
  7.250E-01  4.00281E-05  1.99555E-17  7.12624E-01  7.12903E-01   1.6E-05
  7.500E-01  4.28362E-05  1.74275E-17  6.22346E-01  6.22576E-01   2.0E-05
  7.750E-01  4.57395E-05  1.52875E-17  5.45927E-01  5.46117E-01   1.6E-05
  8.000E-01  4.87380E-05  1.34661E-17  4.80884E-01  4.81047E-01   6.6E-06
  8.250E-01  5.18317E-05  1.19080E-17  4.25242E-01  4.25390E-01   4.2E-06
  8.500E-01  5.50205E-05  1.05688E-17  3.77417E-01  3.77556E-01   1.2E-05
  8.750E-01  5.83045E-05  9.41261E-18  3.36131E-01  3.36264E-01   1.4E-05
  9.000E-01  6.16838E-05  8.41039E-18  3.00340E-01  3.00467E-01   1.0E-05
  9.250E-01  6.51582E-05  7.53818E-18  2.69193E-01  2.69312E-01   3.3E-06
  9.500E-01  6.87277E-05  6.77628E-18  2.41985E-01  2.42093E-01   4.2E-06
  9.750E-01  7.23925E-05  6.10834E-18  2.18133E-01  2.18229E-01   9.1E-06
  1.000E+00  7.61524E-05  5.52076E-18  1.97150E-01  1.97236E-01   9.9E-06
  1.100E+00  9.21439E-05  3.77257E-18  1.34721E-01  1.34782E-01   7.2E-06
  1.200E+00  1.09658E-04  2.66491E-18  9.51657E-02  9.52130E-02   3.6E-06
  1.300E+00  1.28695E-04  1.93575E-18  6.91269E-02  6.91615E-02   3.6E-07
  1.400E+00  1.49255E-04  1.43983E-18  5.14173E-02  5.14448E-02   2.0E-06
  1.500E+00  1.71338E-04  1.09313E-18  3.90363E-02  3.90575E-02   3.1E-06
  1.600E+00  1.94942E-04  8.44816E-19  3.01689E-02  3.01859E-02   3.1E-06
  1.700E+00  2.20070E-04  6.63215E-19  2.36838E-02  2.36975E-02   2.3E-06
  1.800E+00  2.46720E-04  5.27923E-19  1.88525E-02  1.88634E-02   1.1E-06
  1.900E+00  2.74892E-04  4.25454E-19  1.51932E-02  1.52023E-02   8.5E-08
  2.000E+00  3.04586E-04  3.46703E-19  1.23810E-02  1.23884E-02   9.5E-07
  2.100E+00  3.35803E-04  2.85370E-19  1.01908E-02  1.01969E-02   1.4E-06
  2.200E+00  3.68542E-04  2.37031E-19  8.46452E-03  8.46964E-03   1.4E-06
  2.300E+00  4.02802E-04  1.98515E-19  7.08911E-03  7.09340E-03   1.0E-06
  2.400E+00  4.38585E-04  1.67521E-19  5.98228E-03  5.98590E-03   4.7E-07
  2.500E+00  4.75889E-04  1.42352E-19  5.08349E-03  5.08654E-03   1.3E-07
  2.600E+00  5.14715E-04  1.21742E-19  4.34748E-03  4.35008E-03   5.6E-07
  2.700E+00  5.55063E-04  1.04734E-19  3.74013E-03  3.74233E-03   7.8E-07
  2.800E+00  5.96931E-04  9.05985E-20  3.23533E-03  3.23721E-03   7.6E-07
  2.900E+00  6.40321E-04  7.87719E-20  2.81299E-03  2.81460E-03   5.4E-07
  3.000E+00  6.85233E-04  6.88158E-20  2.45746E-03  2.45883E-03   2.2E-07
  3.100E+00  7.31665E-04  6.03860E-20  2.15642E-03  2.15760E-03   1.3E-07
  3.200E+00  7.79618E-04  5.32100E-20  1.90016E-03  1.90117E-03   3.7E-07
  3.300E+00  8.29092E-04  4.70703E-20  1.68091E-03  1.68177E-03   4.9E-07
  3.400E+00  8.80086E-04  4.17924E-20  1.49243E-03  1.49317E-03   4.6E-07
  3.500E+00  9.32601E-04  3.72349E-20  1.32968E-03  1.33032E-03   3.2E-07
  3.600E+00  9.86636E-04  3.32830E-20  1.18856E-03  1.18910E-03   1.1E-07
  3.700E+00  1.04219E-03  2.98425E-20  1.06569E-03  1.06616E-03   1.1E-07
  3.800E+00  1.09927E-03  2.68360E-20  9.58329E-04  9.58722E-04   2.7E-07
  3.900E+00  1.15786E-03  2.41993E-20  8.64172E-04  8.64504E-04   3.3E-07
  4.000E+00  1.21797E-03  2.18792E-20  7.81319E-04  7.81598E-04   3.0E-07
  4.100E+00  1.27961E-03  1.98310E-20  7.08178E-04  7.08411E-04   1.9E-07
  4.200E+00  1.34276E-03  1.80174E-20  6.43413E-04  6.43606E-04   5.1E-08
  4.300E+00  1.40743E-03  1.64068E-20  5.85898E-04  5.86057E-04   1.0E-07
  4.400E+00  1.47362E-03  1.49726E-20  5.34681E-04  5.34808E-04   2.0E-07
  4.500E+00  1.54133E-03  1.36920E-20  4.88950E-04  4.89050E-04   2.4E-07
  4.600E+00  1.61056E-03  1.25457E-20  4.48014E-04  4.48091E-04   2.1E-07
  4.700E+00  1.68131E-03  1.15171E-20  4.11282E-04  4.11338E-04   1.3E-07
  4.800E+00  1.75357E-03  1.05920E-20  3.78247E-04  3.78284E-04   2.3E-08
  4.900E+00  1.82735E-03  9.75813E-21  3.48469E-04  3.48490E-04   8.9E-08
  5.000E+00  1.90265E-03  9.00490E-21  3.21571E-04  3.21578E-04   1.6E-07
  5.100E+00  1.97947E-03  8.32312E-21  2.97224E-04  2.97219E-04   1.8E-07
  5.200E+00  2.05780E-03  7.70480E-21  2.75144E-04  2.75127E-04   1.5E-07
  5.300E+00  2.13765E-03  7.14297E-21  2.55080E-04  2.55054E-04   8.2E-08
  5.400E+00  2.21902E-03  6.63155E-21  2.36817E-04  2.36783E-04   1.4E-08
  5.500E+00  2.30190E-03  6.16519E-21  2.20163E-04  2.20121E-04   7.8E-08
  5.600E+00  2.38630E-03  5.73921E-21  2.04951E-04  2.04903E-04   1.2E-07
  5.700E+00  2.47222E-03  5.34949E-21  1.91034E-04  1.90980E-04   1.3E-07
  5.800E+00  2.55965E-03  4.99236E-21  1.78281E-04  1.78222E-04   1.1E-07
  5.900E+00  2.64859E-03  4.66462E-21  1.66577E-04  1.66514E-04   5.4E-08
  6.000E+00  2.73905E-03  4.36341E-21  1.55820E-04  1.55754E-04   1.7E-08
  6.100E+00  2.83103E-03  4.08618E-21  1.45920E-04  1.45851E-04   6.9E-08
  6.200E+00  2.92452E-03  3.83068E-21  1.36796E-04  1.36724E-04   1.0E-07
  6.300E+00  3.01952E-03  3.59490E-21  1.28376E-04  1.28301E-04   1.0E-07
  6.400E+00  3.11604E-03  3.37702E-21  1.20596E-04  1.20519E-04   8.0E-08
  6.500E+00  3.21407E-03  3.17545E-21  1.13397E-04  1.13319E-04   3.6E-08
  6.600E+00  3.31362E-03  2.98874E-21  1.06730E-04  1.06650E-04   2.1E-08
  6.700E+00  3.41468E-03  2.81559E-21  1.00547E-04  1.00466E-04   6.1E-08
  6.800E+00  3.51725E-03  2.65483E-21  9.48058E-05  9.47246E-05   8.3E-08
  6.900E+00  3.62133E-03  2.50542E-21  8.94702E-05  8.93884E-05   8.3E-08
  7.000E+00  3.72692E-03  2.36640E-21  8.45058E-05  8.44236E-05   6.0E-08
  7.100E+00  3.83403E-03  2.23692E-21  7.98820E-05  7.97995E-05   2.3E-08
  7.200E+00  3.94265E-03  2.11621E-21  7.55711E-05  7.54885E-05   2.3E-08
  7.300E+00  4.05278E-03  2.00355E-21  7.15479E-05  7.14654E-05   5.4E-08
  7.400E+00  4.16442E-03  1.89831E-21  6.77898E-05  6.77074E-05   7.0E-08
  7.500E+00  4.27757E-03  1.79991E-21  6.42760E-05  6.41938E-05   6.7E-08
  7.600E+00  4.39223E-03  1.70783E-21  6.09876E-05  6.09057E-05   4.5E-08
  7.700E+00  4.50840E-03  1.62158E-21  5.79075E-05  5.78261E-05   1.5E-08
  7.800E+00  4.62608E-03  1.54072E-21  5.50201E-05  5.49391E-05   2.4E-08
  7.900E+00  4.74527E-03  1.46486E-21  5.23109E-05  5.22305E-05   4.8E-08
  8.000E+00  4.86597E-03  1.39362E-21  4.97671E-05  4.96872E-05   5.9E-08
  8.100E+00  4.98817E-03  1.32668E-21  4.73765E-05  4.72973E-05   5.4E-08
  8.200E+00  5.11188E-03  1.26372E-21  4.51282E-05  4.50497E-05   3.5E-08
  8.300E+00  5.23711E-03  1.20446E-21  4.30121E-05  4.29343E-05   8.9E-09
  8.400E+00  5.36383E-03  1.14865E-21  4.10191E-05  4.09420E-05   2.4E-08
  8.500E+00  5.49207E-03  1.09605E-21  3.91405E-05  3.90643E-05   4.3E-08
  8.600E+00  5.62181E-03  1.04643E-21  3.73687E-05  3.72932E-05   5.0E-08
  8.700E+00  5.75306E-03  9.99599E-22  3.56963E-05  3.56217E-05   4.4E-08
  8.800E+00  5.88581E-03  9.55368E-22  3.41168E-05  3.40430E-05   2.6E-08
  8.900E+00  6.02007E-03  9.13565E-22  3.26240E-05  3.25511E-05   6.3E-09
  9.000E+00  6.15583E-03  8.74032E-22  3.12123E-05  3.11402E-05   2.4E-08
  9.100E+00  6.29310E-03  8.36622E-22  2.98763E-05  2.98051E-05   3.8E-08
  9.200E+00  6.43187E-03  8.01200E-22  2.86114E-05  2.85410E-05   4.3E-08
  9.300E+00  6.57214E-03  7.67640E-22  2.74129E-05  2.73434E-05   3.6E-08
  9.400E+00  6.71392E-03  7.35825E-22  2.62768E-05  2.62082E-05   2.0E-08
  9.500E+00  6.85720E-03  7.05647E-22  2.51991E-05  2.51314E-05   6.4E-09
  9.600E+00  7.00198E-03  6.77007E-22  2.41763E-05  2.41095E-05   2.3E-08
  9.700E+00  7.14827E-03  6.49810E-22  2.32051E-05  2.31392E-05   3.5E-08
  9.800E+00  7.29605E-03  6.23971E-22  2.22824E-05  2.22173E-05   3.7E-08
  9.900E+00  7.44534E-03  5.99408E-22  2.14053E-05  2.13410E-05   3.0E-08
  1.000E+01  7.59612E-03  5.76047E-22  2.05710E-05  2.05077E-05   1.5E-08
  1.025E+01  7.97965E-03  5.22453E-22  1.86571E-05  1.85959E-05   2.0E-08
  1.050E+01  8.37255E-03  4.74972E-22  1.69616E-05  1.69024E-05   2.4E-08
  1.075E+01  8.77480E-03  4.32784E-22  1.54550E-05  1.53979E-05   2.7E-08
  1.100E+01  9.18641E-03  3.95196E-22  1.41127E-05  1.40576E-05   2.8E-08
  1.125E+01  9.60736E-03  3.61617E-22  1.29136E-05  1.28603E-05   2.7E-08
  1.150E+01  1.00376E-02  3.31543E-22  1.18396E-05  1.17883E-05   2.5E-08
  1.175E+01  1.04773E-02  3.04545E-22  1.08755E-05  1.08259E-05   2.2E-08
  1.200E+01  1.09262E-02  2.80250E-22  1.00079E-05  9.96004E-06   1.9E-08
  1.225E+01  1.13844E-02  2.58341E-22  9.22551E-06  9.17928E-06   1.5E-08
  1.250E+01  1.18520E-02  2.38540E-22  8.51840E-06  8.47377E-06   1.1E-08
  1.275E+01  1.23288E-02  2.20608E-22  7.87804E-06  7.83494E-06   6.3E-09
  1.300E+01  1.28150E-02  2.04337E-22  7.29700E-06  7.25537E-06   3.4E-09
  1.325E+01  1.33104E-02  1.89545E-22  6.76878E-06  6.72856E-06   5.4E-09
  1.350E+01  1.38150E-02  1.76074E-22  6.28770E-06  6.24884E-06   8.7E-09
  1.375E+01  1.43290E-02  1.63783E-22  5.84881E-06  5.81125E-06   1.2E-08
  1.400E+01  1.48521E-02  1.52552E-22  5.44771E-06  5.41140E-06   1.4E-08
  1.425E+01  1.53845E-02  1.42271E-22  5.08057E-06  5.04546E-06   1.5E-08
  1.450E+01  1.59262E-02  1.32845E-22  4.74399E-06  4.71003E-06   1.5E-08
  1.475E+01  1.64770E-02  1.24191E-22  4.43494E-06  4.40209E-06   1.5E-08
  1.500E+01  1.70371E-02  1.16233E-22  4.15077E-06  4.11898E-06   1.4E-08
  1.525E+01  1.76063E-02  1.08906E-22  3.88911E-06  3.85833E-06   1.2E-08
  1.550E+01  1.81848E-02  1.02150E-22  3.64783E-06  3.61803E-06   1.0E-08
  1.575E+01  1.87724E-02  9.59117E-23  3.42507E-06  3.39621E-06   8.1E-09
  1.600E+01  1.93692E-02  9.01449E-23  3.21913E-06  3.19118E-06   5.6E-09
  1.625E+01  1.99751E-02  8.48071E-23  3.02852E-06  3.00143E-06   3.2E-09
  1.650E+01  2.05901E-02  7.98604E-23  2.85187E-06  2.82561E-06   2.4E-09
  1.675E+01  2.12143E-02  7.52709E-23  2.68797E-06  2.66252E-06   4.2E-09
  1.700E+01  2.18476E-02  7.10080E-23  2.53574E-06  2.51105E-06   6.3E-09
  1.725E+01  2.24900E-02  6.70440E-23  2.39419E-06  2.37024E-06   7.9E-09
  1.750E+01  2.31415E-02  6.33542E-23  2.26242E-06  2.23918E-06   9.1E-09
  1.775E+01  2.38021E-02  5.99159E-23  2.13964E-06  2.11708E-06   9.8E-09
  1.800E+01  2.44717E-02  5.67088E-23  2.02511E-06  2.00322E-06   9.9E-09
  1.825E+01  2.51504E-02  5.37145E-23  1.91818E-06  1.89692E-06   9.5E-09
  1.850E+01  2.58382E-02  5.09162E-23  1.81825E-06  1.79760E-06   8.7E-09
  1.875E+01  2.65349E-02  4.82986E-23  1.72478E-06  1.70472E-06   7.7E-09
  1.900E+01  2.72407E-02  4.58479E-23  1.63726E-06  1.61777E-06   6.4E-09
  1.925E+01  2.79555E-02  4.35514E-23  1.55525E-06  1.53631E-06   4.8E-09
  1.950E+01  2.86793E-02  4.13976E-23  1.47834E-06  1.45992E-06   3.2E-09
  1.975E+01  2.94120E-02  3.93760E-23  1.40614E-06  1.38823E-06   1.8E-09
  2.000E+01  3.01537E-02  3.74768E-23  1.33832E-06  1.32090E-06   2.2E-09
  2.025E+01  3.09043E-02  3.56913E-23  1.27456E-06  1.25761E-06   3.6E-09
  2.050E+01  3.16639E-02  3.40114E-23  1.21457E-06  1.19808E-06   4.9E-09
  2.075E+01  3.24324E-02  3.24296E-23  1.15808E-06  1.14203E-06   6.0E-09
  2.100E+01  3.32098E-02  3.09391E-23  1.10486E-06  1.08923E-06   6.6E-09
  2.125E+01  3.39961E-02  2.95337E-23  1.05467E-06  1.03945E-06   6.9E-09
  2.150E+01  3.47912E-02  2.82075E-23  1.00731E-06  9.92490E-07   6.8E-09
  2.175E+01  3.55952E-02  2.69553E-23  9.62592E-07  9.48156E-07   6.4E-09
  2.200E+01  3.64081E-02  2.57722E-23  9.20341E-07  9.06275E-07   5.9E-09
  2.225E+01  3.72297E-02  2.46535E-23  8.80392E-07  8.66684E-07   5.1E-09
  2.250E+01  3.80602E-02  2.35951E-23  8.42598E-07  8.29236E-07   4.1E-09
  2.275E+01  3.88995E-02  2.25932E-23  8.06819E-07  7.93792E-07   3.0E-09
  2.300E+01  3.97476E-02  2.16442E-23  7.72927E-07  7.60224E-07   1.8E-09
  2.325E+01  4.06044E-02  2.07446E-23  7.40804E-07  7.28415E-07   1.3E-09
  2.350E+01  4.14700E-02  1.98915E-23  7.10340E-07  6.98254E-07   2.2E-09
  2.375E+01  4.23443E-02  1.90820E-23  6.81432E-07  6.69641E-07   3.2E-09
  2.400E+01  4.32273E-02  1.83135E-23  6.53986E-07  6.42480E-07   4.1E-09
  2.425E+01  4.41190E-02  1.75834E-23  6.27914E-07  6.16683E-07   4.7E-09
  2.450E+01  4.50194E-02  1.68895E-23  6.03134E-07  5.92170E-07   5.1E-09
  2.475E+01  4.59284E-02  1.62296E-23  5.79568E-07  5.68864E-07   5.1E-09
  2.500E+01  4.68461E-02  1.56017E-23  5.57148E-07  5.46695E-07   4.9E-09
  2.550E+01  4.87074E-02  1.44349E-23  5.15478E-07  5.05505E-07   4.2E-09
  2.600E+01  5.06030E-02  1.33755E-23  4.77647E-07  4.68125E-07   2.7E-09
  2.650E+01  5.25328E-02  1.24118E-23  4.43235E-07  4.34138E-07   1.0E-09
  2.700E+01  5.44967E-02  1.15337E-23  4.11877E-07  4.03181E-07   2.2E-09
  2.750E+01  5.64946E-02  1.07322E-23  3.83253E-07  3.74935E-07   3.5E-09
  2.800E+01  5.85262E-02  9.99925E-24  3.57080E-07  3.49119E-07   4.0E-09
  2.850E+01  6.05914E-02  9.32803E-24  3.33110E-07  3.25487E-07   3.7E-09
  2.900E+01  6.26901E-02  8.71234E-24  3.11123E-07  3.03819E-07   3.0E-09
  2.950E+01  6.48222E-02  8.14675E-24  2.90926E-07  2.83923E-07   1.8E-09
  3.000E+01  6.69873E-02  7.62643E-24  2.72345E-07  2.65628E-07   8.7E-10
  3.050E+01  6.91854E-02  7.14708E-24  2.55227E-07  2.48781E-07   2.1E-09
  3.100E+01  7.14163E-02  6.70488E-24  2.39435E-07  2.33247E-07   2.9E-09
  3.150E+01  7.36799E-02  6.29641E-24  2.24849E-07  2.18904E-07   3.1E-09
  3.200E+01  7.59760E-02  5.91862E-24  2.11358E-07  2.05645E-07   2.9E-09
  3.250E+01  7.83043E-02  5.56879E-24  1.98865E-07  1.93372E-07   2.2E-09
  3.300E+01  8.06647E-02  5.24444E-24  1.87282E-07  1.81999E-07   1.1E-09
  3.350E+01  8.30571E-02  4.94339E-24  1.76532E-07  1.71447E-07   1.0E-09
  3.400E+01  8.54812E-02  4.66365E-24  1.66542E-07  1.61647E-07   2.0E-09
  3.450E+01  8.79369E-02  4.40342E-24  1.57249E-07  1.52534E-07   2.5E-09
  3.500E+01  9.04240E-02  4.16109E-24  1.48595E-07  1.44052E-07   2.5E-09
  3.550E+01  9.29422E-02  3.93519E-24  1.40528E-07  1.36150E-07   2.2E-09
  3.600E+01  9.54915E-02  3.72441E-24  1.33001E-07  1.28779E-07   1.6E-09
  3.650E+01  9.80716E-02  3.52754E-24  1.25971E-07  1.21898E-07   6.4E-10
  3.700E+01  1.00682E-01  3.34349E-24  1.19398E-07  1.15468E-07   1.1E-09
  3.750E+01  1.03323E-01  3.17127E-24  1.13248E-07  1.09455E-07   1.8E-09
  3.800E+01  1.05995E-01  3.00998E-24  1.07488E-07  1.03825E-07   2.0E-09
  3.850E+01  1.08696E-01  2.85878E-24  1.02089E-07  9.85508E-08   2.0E-09
  3.900E+01  1.11427E-01  2.71694E-24  9.70237E-08  9.36048E-08   1.7E-09
  3.950E+01  1.14188E-01  2.58376E-24  9.22678E-08  8.89631E-08   1.1E-09
  4.000E+01  1.16978E-01  2.45861E-24  8.77987E-08  8.46035E-08   4.8E-10
  4.050E+01  1.19797E-01  2.34092E-24  8.35959E-08  8.05056E-08   1.1E-09
  4.100E+01  1.22645E-01  2.23016E-24  7.96406E-08  7.66509E-08   1.6E-09
  4.150E+01  1.25522E-01  2.12585E-24  7.59154E-08  7.30221E-08   1.7E-09
  4.200E+01  1.28428E-01  2.02753E-24  7.24043E-08  6.96036E-08   1.7E-09
  4.250E+01  1.31361E-01  1.93480E-24  6.90929E-08  6.63809E-08   1.3E-09
  4.300E+01  1.34323E-01  1.84728E-24  6.59675E-08  6.33408E-08   7.0E-10
  4.350E+01  1.37313E-01  1.76462E-24  6.30157E-08  6.04709E-08   5.8E-10
  4.400E+01  1.40330E-01  1.68650E-24  6.02260E-08  5.77600E-08   1.1E-09
  4.450E+01  1.43375E-01  1.61263E-24  5.75879E-08  5.51976E-08   1.4E-09
  4.500E+01  1.46447E-01  1.54272E-24  5.50916E-08  5.27741E-08   1.4E-09
  4.550E+01  1.49545E-01  1.47653E-24  5.27280E-08  5.04805E-08   1.3E-09
  4.600E+01  1.52671E-01  1.41383E-24  5.04887E-08  4.83085E-08   9.7E-10
  4.650E+01  1.55823E-01  1.35438E-24  4.83659E-08  4.62506E-08   4.2E-10
  4.700E+01  1.59001E-01  1.29800E-24  4.63524E-08  4.42996E-08   6.5E-10
  4.750E+01  1.62205E-01  1.24449E-24  4.44416E-08  4.24490E-08   1.0E-09
  4.800E+01  1.65435E-01  1.19368E-24  4.26271E-08  4.06925E-08   1.2E-09
  4.850E+01  1.68690E-01  1.14541E-24  4.09033E-08  3.90246E-08   1.2E-09
  4.900E+01  1.71970E-01  1.09952E-24  3.92647E-08  3.74399E-08   1.1E-09
  4.950E+01  1.75276E-01  1.05588E-24  3.77063E-08  3.59335E-08   6.9E-10
  5.000E+01  1.78606E-01  1.01436E-24  3.62234E-08  3.45008E-08   2.7E-10
  5.050E+01  1.81961E-01  9.74828E-25  3.48117E-08  3.31375E-08   6.6E-10
  5.100E+01  1.85340E-01  9.37177E-25  3.34672E-08  3.18397E-08   9.1E-10
  5.150E+01  1.88743E-01  9.01299E-25  3.21860E-08  3.06036E-08   9.9E-10
  5.200E+01  1.92169E-01  8.67095E-25  3.09645E-08  2.94258E-08   1.0E-09
  5.250E+01  1.95619E-01  8.34472E-25  2.97995E-08  2.83029E-08   8.3E-10
  5.300E+01  1.99092E-01  8.03343E-25  2.86879E-08  2.72320E-08   4.8E-10
  5.350E+01  2.02589E-01  7.73627E-25  2.76267E-08  2.62102E-08   3.2E-10
  5.400E+01  2.06107E-01  7.45247E-25  2.66133E-08  2.52348E-08   6.3E-10
  5.450E+01  2.09649E-01  7.18132E-25  2.56450E-08  2.43033E-08   7.9E-10
  5.500E+01  2.13212E-01  6.92215E-25  2.47195E-08  2.34134E-08   8.6E-10
  5.550E+01  2.16797E-01  6.67433E-25  2.38345E-08  2.25629E-08   8.3E-10
  5.600E+01  2.20404E-01  6.43727E-25  2.29879E-08  2.17497E-08   6.3E-10
  5.650E+01  2.24032E-01  6.21041E-25  2.21778E-08  2.09719E-08   3.1E-10
  5.700E+01  2.27680E-01  5.99324E-25  2.14022E-08  2.02276E-08   3.5E-10
  5.750E+01  2.31350E-01  5.78525E-25  2.06595E-08  1.95152E-08   5.7E-10
  5.800E+01  2.35040E-01  5.58599E-25  1.99479E-08  1.88330E-08   6.7E-10
  5.850E+01  2.38751E-01  5.39503E-25  1.92660E-08  1.81795E-08   7.4E-10
  5.900E+01  2.42481E-01  5.21194E-25  1.86122E-08  1.75533E-08   6.8E-10
  5.950E+01  2.46231E-01  5.03635E-25  1.79851E-08  1.69529E-08   4.8E-10
  6.000E+01  2.50000E-01  4.86790E-25  1.73836E-08  1.63773E-08   1.9E-10
  6.050E+01  2.53788E-01  4.70622E-25  1.68062E-08  1.58251E-08   3.4E-10
  6.100E+01  2.57595E-01  4.55102E-25  1.62520E-08  1.52952E-08   5.1E-10
  6.150E+01  2.61421E-01  4.40196E-25  1.57197E-08  1.47866E-08   5.8E-10
  6.200E+01  2.65264E-01  4.25877E-25  1.52083E-08  1.42982E-08   6.3E-10
  6.250E+01  2.69126E-01  4.12117E-25  1.47170E-08  1.38292E-08   5.5E-10
  6.300E+01  2.73005E-01  3.98891E-25  1.42446E-08  1.33785E-08   3.6E-10
  6.350E+01  2.76901E-01  3.86173E-25  1.37905E-08  1.29453E-08   1.2E-10
  6.400E+01  2.80814E-01  3.73940E-25  1.33536E-08  1.25289E-08   3.2E-10
  6.450E+01  2.84744E-01  3.62171E-25  1.29334E-08  1.21285E-08   4.5E-10
  6.500E+01  2.88691E-01  3.50844E-25  1.25289E-08  1.17433E-08   5.1E-10
  6.550E+01  2.92653E-01  3.39940E-25  1.21395E-08  1.13726E-08   5.3E-10
  6.600E+01  2.96632E-01  3.29441E-25  1.17645E-08  1.10158E-08   4.4E-10
  6.650E+01  3.00625E-01  3.19327E-25  1.14034E-08  1.06724E-08   2.7E-10
  6.700E+01  3.04634E-01  3.09583E-25  1.10554E-08  1.03416E-08   1.3E-10
  6.750E+01  3.08658E-01  3.00193E-25  1.07201E-08  1.00230E-08   3.0E-10
  6.800E+01  3.12697E-01  2.91141E-25  1.03968E-08  9.71602E-09   4.0E-10
  6.850E+01  3.16749E-01  2.82412E-25  1.00851E-08  9.42015E-09   4.4E-10
  6.900E+01  3.20816E-01  2.73994E-25  9.78450E-09  9.13492E-09   4.4E-10
  6.950E+01  3.24896E-01  2.65872E-25  9.49448E-09  8.85989E-09   3.6E-10
  7.000E+01  3.28990E-01  2.58036E-25  9.21462E-09  8.59461E-09   2.1E-10
  7.050E+01  3.33097E-01  2.50472E-25  8.94450E-09  8.33869E-09   1.3E-10
  7.100E+01  3.37216E-01  2.43169E-25  8.68373E-09  8.09174E-09   2.7E-10
  7.150E+01  3.41348E-01  2.36117E-25  8.43191E-09  7.85337E-09   3.6E-10
  7.200E+01  3.45492E-01  2.29306E-25  8.18868E-09  7.62325E-09   3.8E-10
  7.250E+01  3.49647E-01  2.22726E-25  7.95369E-09  7.40103E-09   3.8E-10
  7.300E+01  3.53814E-01  2.16368E-25  7.72663E-09  7.18639E-09   3.1E-10
  7.350E+01  3.57992E-01  2.10222E-25  7.50716E-09  6.97903E-09   1.8E-10
  7.400E+01  3.62181E-01  2.04280E-25  7.29498E-09  6.77866E-09   1.3E-10
  7.450E+01  3.66381E-01  1.98535E-25  7.08982E-09  6.58500E-09   2.6E-10
  7.500E+01  3.70590E-01  1.92979E-25  6.89139E-09  6.39779E-09   3.4E-10
  7.550E+01  3.74810E-01  1.87604E-25  6.69944E-09  6.21676E-09   3.5E-10
  7.600E+01  3.79039E-01  1.82403E-25  6.51372E-09  6.04169E-09   3.4E-10
  7.650E+01  3.83277E-01  1.77369E-25  6.33398E-09  5.87234E-09   2.8E-10
  7.700E+01  3.87524E-01  1.72498E-25  6.16000E-09  5.70849E-09   1.7E-10
  7.750E+01  3.91780E-01  1.67781E-25  5.99156E-09  5.54993E-09   1.3E-10
  7.800E+01  3.96044E-01  1.63213E-25  5.82845E-09  5.39646E-09   2.6E-10
  7.850E+01  4.00316E-01  1.58789E-25  5.67047E-09  5.24788E-09   3.3E-10
  7.900E+01  4.04596E-01  1.54504E-25  5.51744E-09  5.10402E-09   3.4E-10
  7.950E+01  4.08882E-01  1.50352E-25  5.36916E-09  4.96470E-09   3.2E-10
  8.000E+01  4.13176E-01  1.46328E-25  5.22547E-09  4.82974E-09   2.7E-10
  8.050E+01  4.17476E-01  1.42428E-25  5.08620E-09  4.69900E-09   1.7E-10
  8.100E+01  4.21783E-01  1.38647E-25  4.95118E-09  4.57230E-09   1.5E-10
  8.150E+01  4.26095E-01  1.34981E-25  4.82027E-09  4.44952E-09   2.7E-10
  8.200E+01  4.30413E-01  1.31426E-25  4.69332E-09  4.33049E-09   3.4E-10
  8.250E+01  4.34737E-01  1.27978E-25  4.57018E-09  4.21510E-09   3.4E-10
  8.300E+01  4.39065E-01  1.24633E-25  4.45072E-09  4.10321E-09   3.2E-10
  8.350E+01  4.43398E-01  1.21387E-25  4.33481E-09  3.99469E-09   2.8E-10
  8.400E+01  4.47736E-01  1.18237E-25  4.22233E-09  3.88942E-09   1.8E-10
  8.450E+01  4.52077E-01  1.15180E-25  4.11315E-09  3.78730E-09   1.7E-10
  8.500E+01  4.56422E-01  1.12212E-25  4.00717E-09  3.68821E-09   3.0E-10
  8.550E+01  4.60770E-01  1.09331E-25  3.90428E-09  3.59204E-09   3.6E-10
  8.600E+01  4.65122E-01  1.06533E-25  3.80436E-09  3.49870E-09   3.5E-10
  8.650E+01  4.69476E-01  1.03815E-25  3.70731E-09  3.40808E-09   3.3E-10
  8.700E+01  4.73832E-01  1.01176E-25  3.61305E-09  3.32010E-09   3.0E-10
  8.750E+01  4.78190E-01  9.86112E-26  3.52147E-09  3.23466E-09   2.0E-10
  8.800E+01  4.82550E-01  9.61194E-26  3.43249E-09  3.15168E-09   2.1E-10
  8.850E+01  4.86912E-01  9.36979E-26  3.34601E-09  3.07108E-09   3.3E-10
  8.900E+01  4.91274E-01  9.13444E-26  3.26197E-09  2.99277E-09   3.8E-10
  8.950E+01  4.95637E-01  8.90565E-26  3.18027E-09  2.91668E-09   3.5E-10
  9.000E+01  5.00000E-01  8.68322E-26  3.10083E-09  2.84273E-09   3.6E-10
  9.050E+01  5.04363E-01  8.46694E-26  3.02360E-09  2.77087E-09   3.2E-10
  9.100E+01  5.08726E-01  8.25661E-26  2.94849E-09  2.70101E-09   2.1E-10
  9.150E+01  5.13088E-01  8.05204E-26  2.87543E-09  2.63309E-09   2.6E-10
  9.200E+01  5.17450E-01  7.85304E-26  2.80437E-09  2.56705E-09   3.7E-10
  9.250E+01  5.21810E-01  7.65943E-26  2.73523E-09  2.50282E-09   4.0E-10
  9.300E+01  5.26168E-01  7.47105E-26  2.66796E-09  2.44036E-09   3.7E-10
  9.350E+01  5.30524E-01  7.28773E-26  2.60250E-09  2.37960E-09   4.0E-10
  9.400E+01  5.34878E-01  7.10931E-26  2.53878E-09  2.32050E-09   3.4E-10
  9.450E+01  5.39230E-01  6.93564E-26  2.47676E-09  2.26298E-09   2.1E-10
  9.500E+01  5.43578E-01  6.76657E-26  2.41639E-09  2.20702E-09   3.2E-10
  9.550E+01  5.47923E-01  6.60196E-26  2.35760E-09  2.15256E-09   4.1E-10
  9.600E+01  5.52264E-01  6.44167E-26  2.30036E-09  2.09954E-09   4.2E-10
  9.650E+01  5.56602E-01  6.28557E-26  2.24462E-09  2.04794E-09   4.3E-10
  9.700E+01  5.60935E-01  6.13353E-26  2.19032E-09  1.99770E-09   4.4E-10
  9.750E+01  5.65263E-01  5.98543E-26  2.13743E-09  1.94878E-09   3.6E-10
  9.800E+01  5.69587E-01  5.84114E-26  2.08591E-09  1.90114E-09   2.3E-10
  9.850E+01  5.73905E-01  5.70057E-26  2.03571E-09  1.85474E-09   3.8E-10
  9.900E+01  5.78217E-01  5.56359E-26  1.98679E-09  1.80955E-09   4.5E-10
  9.950E+01  5.82524E-01  5.43009E-26  1.93912E-09  1.76553E-09   4.2E-10
  1.000E+02  5.86824E-01  5.29998E-26  1.89266E-09  1.72264E-09   4.8E-10
  1.005E+02  5.91118E-01  5.17316E-26  1.84737E-09  1.68086E-09   4.7E-10
  1.010E+02  5.95404E-01  5.04952E-26  1.80322E-09  1.64014E-09   3.6E-10
  1.015E+02  5.99684E-01  4.92898E-26  1.76017E-09  1.60046E-09   3.0E-10
  1.020E+02  6.03956E-01  4.81145E-26  1.71820E-09  1.56178E-09   4.3E-10
  1.025E+02  6.08220E-01  4.69684E-26  1.67727E-09  1.52408E-09   4.7E-10
  1.030E+02  6.12476E-01  4.58506E-26  1.63736E-09  1.48732E-09   4.7E-10
  1.035E+02  6.16723E-01  4.47604E-26  1.59842E-09  1.45149E-09   5.4E-10
  1.040E+02  6.20961E-01  4.36970E-26  1.56045E-09  1.41655E-09   5.0E-10
  1.045E+02  6.25190E-01  4.26595E-26  1.52340E-09  1.38248E-09   3.4E-10
  1.050E+02  6.29410E-01  4.16474E-26  1.48725E-09  1.34925E-09   3.8E-10
  1.055E+02  6.33619E-01  4.06598E-26  1.45199E-09  1.31684E-09   4.8E-10
  1.060E+02  6.37819E-01  3.96960E-26  1.41757E-09  1.28523E-09   4.9E-10
  1.065E+02  6.42008E-01  3.87555E-26  1.38399E-09  1.25439E-09   5.6E-10
  1.070E+02  6.46186E-01  3.78376E-26  1.35121E-09  1.22431E-09   5.9E-10
  1.075E+02  6.50353E-01  3.69416E-26  1.31921E-09  1.19495E-09   5.0E-10
  1.080E+02  6.54508E-01  3.60670E-26  1.28798E-09  1.16631E-09   3.0E-10
  1.085E+02  6.58652E-01  3.52132E-26  1.25749E-09  1.13836E-09   4.5E-10
  1.090E+02  6.62784E-01  3.43795E-26  1.22772E-09  1.11108E-09   5.2E-10
  1.095E+02  6.66903E-01  3.35655E-26  1.19865E-09  1.08445E-09   5.1E-10
  1.100E+02  6.71010E-01  3.27707E-26  1.17026E-09  1.05846E-09   6.4E-10
  1.105E+02  6.75104E-01  3.19945E-26  1.14254E-09  1.03309E-09   6.3E-10
  1.110E+02  6.79184E-01  3.12363E-26  1.11547E-09  1.00832E-09   4.9E-10
  1.115E+02  6.83251E-01  3.04959E-26  1.08903E-09  9.84138E-10   3.7E-10
  1.120E+02  6.87303E-01  2.97726E-26  1.06320E-09  9.60524E-10   5.1E-10
  1.125E+02  6.91342E-01  2.90660E-26  1.03797E-09  9.37465E-10   5.4E-10
  1.130E+02  6.95366E-01  2.83757E-26  1.01332E-09  9.14946E-10   6.2E-10
  1.135E+02  6.99375E-01  2.77013E-26  9.89231E-10  8.92953E-10   7.1E-10
  1.140E+02  7.03368E-01  2.70423E-26  9.65699E-10  8.71472E-10   6.5E-10
  1.145E+02  7.07347E-01  2.63984E-26  9.42704E-10  8.50489E-10   4.4E-10
  1.150E+02  7.11309E-01  2.57691E-26  9.20233E-10  8.29992E-10   4.6E-10
  1.155E+02  7.15256E-01  2.51542E-26  8.98272E-10  8.09968E-10   5.7E-10
  1.160E+02  7.19186E-01  2.45531E-26  8.76808E-10  7.90405E-10   5.4E-10
  1.165E+02  7.23099E-01  2.39657E-26  8.55829E-10  7.71290E-10   7.3E-10
  1.170E+02  7.26995E-01  2.33914E-26  8.35322E-10  7.52613E-10   7.7E-10
  1.175E+02  7.30874E-01  2.28301E-26  8.15276E-10  7.34362E-10   6.4E-10
  1.180E+02  7.34736E-01  2.22813E-26  7.95679E-10  7.16527E-10   3.7E-10
  1.185E+02  7.38579E-01  2.17448E-26  7.76520E-10  6.99096E-10   5.4E-10
  1.190E+02  7.42405E-01  2.12202E-26  7.57787E-10  6.82060E-10   6.0E-10
  1.195E+02  7.46212E-01  2.07073E-26  7.39471E-10  6.65408E-10   6.7E-10
  1.200E+02  7.50000E-01  2.02058E-26  7.21561E-10  6.49132E-10   8.3E-10
  1.205E+02  7.53769E-01  1.97153E-26  7.04048E-10  6.33222E-10   8.0E-10
  1.210E+02  7.57519E-01  1.92357E-26  6.86921E-10  6.17668E-10   6.0E-10
  1.215E+02  7.61249E-01  1.87667E-26  6.70171E-10  6.02463E-10   4.7E-10
  1.220E+02  7.64960E-01  1.83080E-26  6.53789E-10  5.87596E-10   6.1E-10
  1.225E+02  7.68650E-01  1.78593E-26  6.37767E-10  5.73061E-10   6.1E-10
  1.230E+02  7.72320E-01  1.74204E-26  6.22095E-10  5.58849E-10   8.1E-10
  1.235E+02  7.75968E-01  1.69912E-26  6.06766E-10  5.44953E-10   9.1E-10
  1.240E+02  7.79596E-01  1.65713E-26  5.91771E-10  5.31364E-10   8.1E-10
  1.245E+02  7.83203E-01  1.61605E-26  5.77102E-10  5.18075E-10   5.2E-10
  1.250E+02  7.86788E-01  1.57587E-26  5.62752E-10  5.05080E-10   5.7E-10
  1.255E+02  7.90351E-01  1.53655E-26  5.48713E-10  4.92371E-10   6.6E-10
  1.260E+02  7.93893E-01  1.49809E-26  5.34978E-10  4.79941E-10   7.1E-10
  1.265E+02  7.97411E-01  1.46046E-26  5.21540E-10  4.67784E-10   9.4E-10
  1.270E+02  8.00908E-01  1.42364E-26  5.08392E-10  4.55894E-10   9.7E-10
  1.275E+02  8.04381E-01  1.38762E-26  4.95528E-10  4.44264E-10   7.7E-10
  1.280E+02  8.07831E-01  1.35237E-26  4.82940E-10  4.32888E-10   4.8E-10
  1.285E+02  8.11257E-01  1.31788E-26  4.70624E-10  4.21761E-10   6.5E-10
  1.290E+02  8.14660E-01  1.28413E-26  4.58572E-10  4.10876E-10   6.8E-10
  1.295E+02  8.18039E-01  1.25111E-26  4.46778E-10  4.00228E-10   8.9E-10
  1.300E+02  8.21394E-01  1.21879E-26  4.35238E-10  3.89812E-10   1.1E-09
  1.305E+02  8.24724E-01  1.18717E-26  4.23945E-10  3.79622E-10   9.9E-10
  1.310E+02  8.28030E-01  1.15622E-26  4.12893E-10  3.69654E-10   7.0E-10
  1.315E+02  8.31310E-01  1.12593E-26  4.02078E-10  3.59902E-10   6.0E-10
  1.320E+02  8.34565E-01  1.09630E-26  3.91494E-10  3.50362E-10   7.2E-10
  1.325E+02  8.37795E-01  1.06729E-26  3.81137E-10  3.41028E-10   7.5E-10
  1.330E+02  8.40999E-01  1.03891E-26  3.71001E-10  3.31897E-10   1.1E-09
  1.335E+02  8.44177E-01  1.01113E-26  3.61081E-10  3.22964E-10   1.1E-09
  1.340E+02  8.47329E-01  9.83946E-27  3.51373E-10  3.14224E-10   9.8E-10
  1.345E+02  8.50455E-01  9.57342E-27  3.41873E-10  3.05674E-10   5.8E-10
  1.350E+02  8.53553E-01  9.31307E-27  3.32576E-10  2.97309E-10   7.1E-10
  1.355E+02  8.56625E-01  9.05828E-27  3.23477E-10  2.89125E-10   7.7E-10
  1.360E+02  8.59670E-01  8.80894E-27  3.14573E-10  2.81118E-10   9.8E-10
  1.365E+02  8.62687E-01  8.56494E-27  3.05860E-10  2.73286E-10   1.2E-09
  1.370E+02  8.65677E-01  8.32616E-27  2.97333E-10  2.65623E-10   1.2E-09
  1.375E+02  8.68639E-01  8.09250E-27  2.88988E-10  2.58126E-10   9.2E-10
  1.380E+02  8.71572E-01  7.86384E-27  2.80823E-10  2.50793E-10   6.3E-10
  1.385E+02  8.74478E-01  7.64010E-27  2.72833E-10  2.43619E-10   8.1E-10
  1.390E+02  8.77355E-01  7.42117E-27  2.65015E-10  2.36601E-10   8.1E-10
  1.395E+02  8.80203E-01  7.20695E-27  2.57365E-10  2.29736E-10   1.2E-09
  1.400E+02  8.83022E-01  6.99735E-27  2.49880E-10  2.23021E-10   1.4E-09
  1.405E+02  8.85812E-01  6.79228E-27  2.42557E-10  2.16453E-10   1.2E-09
  1.410E+02  8.88573E-01  6.59164E-27  2.35392E-10  2.10029E-10   8.0E-10
  1.415E+02  8.91304E-01  6.39536E-27  2.28383E-10  2.03746E-10   7.8E-10
  1.420E+02  8.94005E-01  6.20335E-27  2.21526E-10  1.97601E-10   9.0E-10
  1.425E+02  8.96677E-01  6.01552E-27  2.14818E-10  1.91592E-10   1.1E-09
  1.430E+02  8.99318E-01  5.83180E-27  2.08257E-10  1.85716E-10   1.4E-09
  1.435E+02  9.01928E-01  5.65210E-27  2.01840E-10  1.79970E-10   1.5E-09
  1.440E+02  9.04508E-01  5.47635E-27  1.95564E-10  1.74352E-10   1.2E-09
  1.445E+02  9.07058E-01  5.30448E-27  1.89427E-10  1.68859E-10   6.7E-10
  1.450E+02  9.09576E-01  5.13642E-27  1.83425E-10  1.63489E-10   9.3E-10
  1.455E+02  9.12063E-01  4.97209E-27  1.77556E-10  1.58240E-10   9.9E-10
  1.460E+02  9.14519E-01  4.81142E-27  1.71819E-10  1.53109E-10   1.4E-09
  1.465E+02  9.16943E-01  4.65436E-27  1.66210E-10  1.48094E-10   1.7E-09
  1.470E+02  9.19335E-01  4.50083E-27  1.60728E-10  1.43194E-10   1.6E-09
  1.475E+02  9.21696E-01  4.35078E-27  1.55369E-10  1.38405E-10   1.1E-09
  1.480E+02  9.24024E-01  4.20414E-27  1.50132E-10  1.33726E-10   8.8E-10
  1.485E+02  9.26320E-01  4.06084E-27  1.45015E-10  1.29156E-10   1.1E-09
  1.490E+02  9.28584E-01  3.92084E-27  1.40016E-10  1.24691E-10   1.2E-09
  1.495E+02  9.30815E-01  3.78408E-27  1.35132E-10  1.20331E-10   1.7E-09
  1.500E+02  9.33013E-01  3.65050E-27  1.30362E-10  1.16073E-10   1.9E-09
  1.505E+02  9.35178E-01  3.52005E-27  1.25703E-10  1.11916E-10   1.6E-09
  1.510E+02  9.37310E-01  3.39268E-27  1.21155E-10  1.07858E-10   9.6E-10
  1.515E+02  9.39409E-01  3.26833E-27  1.16714E-10  1.03897E-10   1.1E-09
  1.520E+02  9.41474E-01  3.14696E-27  1.12380E-10  1.00031E-10   1.3E-09
  1.525E+02  9.43505E-01  3.02852E-27  1.08150E-10  9.62599E-11   1.7E-09
  1.530E+02  9.45503E-01  2.91296E-27  1.04024E-10  9.25811E-11   2.1E-09
  1.535E+02  9.47467E-01  2.80023E-27  9.99982E-11  8.89934E-11   2.1E-09
  1.540E+02  9.49397E-01  2.69031E-27  9.60725E-11  8.54953E-11   1.6E-09
  1.545E+02  9.51293E-01  2.58313E-27  9.22451E-11  8.20854E-11   1.0E-09
  1.550E+02  9.53154E-01  2.47866E-27  8.85144E-11  7.87623E-11   1.4E-09
  1.555E+02  9.54981E-01  2.37686E-27  8.48790E-11  7.55247E-11   1.5E-09
  1.560E+02  9.56773E-01  2.27768E-27  8.13375E-11  7.23713E-11   2.2E-09
  1.565E+02  9.58530E-01  2.18110E-27  7.78886E-11  6.93009E-11   2.5E-09
  1.570E+02  9.60252E-01  2.08708E-27  7.45309E-11  6.63123E-11   2.3E-09
  1.575E+02  9.61940E-01  1.99557E-27  7.12631E-11  6.34042E-11   1.5E-09
  1.580E+02  9.63592E-01  1.90654E-27  6.80840E-11  6.05755E-11   1.4E-09
  1.585E+02  9.65209E-01  1.81997E-27  6.49923E-11  5.78251E-11   1.9E-09
  1.590E+02  9.66790E-01  1.73581E-27  6.19870E-11  5.51520E-11   2.2E-09
  1.595E+02  9.68336E-01  1.65404E-27  5.90669E-11  5.25550E-11   2.9E-09
  1.600E+02  9.69846E-01  1.57463E-27  5.62309E-11  5.00333E-11   3.0E-09
  1.605E+02  9.71321E-01  1.49753E-27  5.34779E-11  4.75858E-11   2.5E-09
  1.610E+02  9.72759E-01  1.42274E-27  5.08069E-11  4.52115E-11   1.3E-09
  1.615E+02  9.74162E-01  1.35021E-27  4.82169E-11  4.29095E-11   2.1E-09
  1.620E+02  9.75528E-01  1.27993E-27  4.57070E-11  4.06790E-11   2.5E-09
  1.625E+02  9.76858E-01  1.21185E-27  4.32761E-11  3.85192E-11   3.2E-09
  1.630E+02  9.78152E-01  1.14597E-27  4.09235E-11  3.64291E-11   3.9E-09
  1.635E+02  9.79410E-01  1.08226E-27  3.86482E-11  3.44079E-11   3.7E-09
  1.640E+02  9.80631E-01  1.02069E-27  3.64493E-11  3.24550E-11   2.6E-09
  1.645E+02  9.81815E-01  9.61231E-28  3.43262E-11  3.05695E-11   2.1E-09
  1.650E+02  9.82963E-01  9.03875E-28  3.22780E-11  2.87508E-11   3.2E-09
  1.655E+02  9.84074E-01  8.48595E-28  3.03039E-11  2.69981E-11   3.7E-09
  1.660E+02  9.85148E-01  7.95372E-28  2.84033E-11  2.53109E-11   4.9E-09
  1.665E+02  9.86185E-01  7.44186E-28  2.65754E-11  2.36883E-11   5.4E-09
  1.670E+02  9.87185E-01  6.95018E-28  2.48195E-11  2.21300E-11   4.6E-09
  1.675E+02  9.88148E-01  6.47850E-28  2.31352E-11  2.06351E-11   2.6E-09
  1.680E+02  9.89074E-01  6.02666E-28  2.15216E-11  1.92033E-11   3.8E-09
  1.685E+02  9.89962E-01  5.59449E-28  1.99783E-11  1.78340E-11   5.5E-09
  1.690E+02  9.90814E-01  5.18183E-28  1.85047E-11  1.65266E-11   6.4E-09
  1.695E+02  9.91627E-01  4.78854E-28  1.71002E-11  1.52806E-11   8.2E-09
  1.700E+02  9.92404E-01  4.41447E-28  1.57643E-11  1.40957E-11   8.2E-09
  1.705E+02  9.93143E-01  4.05948E-28  1.44967E-11  1.29713E-11   6.1E-09
  1.710E+02  9.93844E-01  3.72346E-28  1.32967E-11  1.19070E-11   3.6E-09
  1.715E+02  9.94508E-01  3.40627E-28  1.21640E-11  1.09025E-11   7.7E-09
  1.720E+02  9.95134E-01  3.10781E-28  1.10982E-11  9.95735E-12   1.1E-08
  1.725E+02  9.95722E-01  2.82797E-28  1.00989E-11  9.07122E-12   1.4E-08
  1.730E+02  9.96273E-01  2.56665E-28  9.16567E-12  8.24378E-12   1.6E-08
  1.735E+02  9.96786E-01  2.32375E-28  8.29826E-12  7.47471E-12   1.4E-08
  1.740E+02  9.97261E-01  2.09919E-28  7.49634E-12  6.76375E-12   8.0E-09
  1.745E+02  9.97698E-01  1.89289E-28  6.75962E-12  6.11063E-12   9.8E-09
  1.750E+02  9.98097E-01  1.70477E-28  6.08784E-12  5.51510E-12   2.0E-08
  1.755E+02  9.98459E-01  1.53477E-28  5.48076E-12  4.97695E-12   2.8E-08
  1.760E+02  9.98782E-01  1.38283E-28  4.93816E-12  4.49597E-12   3.5E-08
  1.765E+02  9.99067E-01  1.24888E-28  4.45985E-12  4.07200E-12   3.6E-08
  1.770E+02  9.99315E-01  1.13290E-28  4.04565E-12  3.70487E-12   2.7E-08
  1.775E+02  9.99524E-01  1.03483E-28  3.69543E-12  3.39445E-12   6.4E-09
  1.780E+02  9.99695E-01  9.54632E-29  3.40905E-12  3.14062E-12   3.4E-08
  1.785E+02  9.99829E-01  8.92288E-29  3.18642E-12  2.94330E-12   7.0E-08
  1.790E+02  9.99924E-01  8.47773E-29  3.02745E-12  2.80241E-12   1.1E-07
  1.795E+02  9.99981E-01  8.21070E-29  2.93210E-12  2.71789E-12   1.5E-07
  1.800E+02  1.00000E+00  8.12175E-29  2.90033E-12  2.68972E-12   7.2E-07
