

  **** Partial wave analysis (DPWA0) ******************************************


  Kinetic energy = 1.00000E+07 eV

  Only inner phase shifts are tabulated

      L       Phase(spin UP)     Phase(spin DOWN)
  -----------------------------------------------
       0     -2.46458612E-03      0.00000000E+00
       1     -4.61292512E-06     -2.24567814E-03
       2     -6.52039715E-09     -4.19115836E-06
       3     -7.46752645E-12     -5.92067351E-09
       4     -7.67331070E-15     -6.77832364E-12


  *** Scattering amplitudes and differential cross section ***

    Angle      DCS       Asymmetry    Direct amplitude       Spin-flip amplitude     error
    (deg)   (cm**2/sr)                      (cm)                    (cm)
  -------------------------------------------------------------------------------------------
  0.000E+00 1.00000E-45  0.000E+00 ( 0.000E+00, 0.000E+00) ( 0.000E+00, 0.000E+00)  1.00E+00
  1.000E-04 1.00000E-45  0.000E+00 ( 0.000E+00, 0.000E+00) ( 0.000E+00, 0.000E+00)  1.00E+00
  1.250E-04 1.00000E-45  0.000E+00 ( 0.000E+00, 0.000E+00) ( 0.000E+00, 0.000E+00)  1.00E+00
  1.500E-04 1.00000E-45  0.000E+00 ( 0.000E+00, 0.000E+00) ( 0.000E+00, 0.000E+00)  1.00E+00
  1.750E-04 1.00000E-45  0.000E+00 ( 0.000E+00, 0.000E+00) ( 0.000E+00, 0.000E+00)  1.00E+00
  2.000E-04 1.00000E-45  0.000E+00 ( 0.000E+00, 0.000E+00) ( 0.000E+00, 0.000E+00)  1.00E+00
  2.250E-04 1.00000E-45  0.000E+00 ( 0.000E+00, 0.000E+00) ( 0.000E+00, 0.000E+00)  1.00E+00
  2.500E-04 1.00000E-45  0.000E+00 ( 0.000E+00, 0.000E+00) ( 0.000E+00, 0.000E+00)  1.00E+00
  2.750E-04 1.00000E-45  0.000E+00 ( 0.000E+00, 0.000E+00) ( 0.000E+00, 0.000E+00)  1.00E+00
  3.000E-04 1.00000E-45  0.000E+00 ( 0.000E+00, 0.000E+00) ( 0.000E+00, 0.000E+00)  1.00E+00
  3.250E-04 1.00000E-45  0.000E+00 ( 0.000E+00, 0.000E+00) ( 0.000E+00, 0.000E+00)  1.00E+00
  3.500E-04 1.00000E-45  0.000E+00 ( 0.000E+00, 0.000E+00) ( 0.000E+00, 0.000E+00)  1.00E+00
  3.750E-04 1.00000E-45  0.000E+00 ( 0.000E+00, 0.000E+00) ( 0.000E+00, 0.000E+00)  1.00E+00
  4.000E-04 1.00000E-45  0.000E+00 ( 0.000E+00, 0.000E+00) ( 0.000E+00, 0.000E+00)  1.00E+00
  4.250E-04 1.00000E-45  0.000E+00 ( 0.000E+00, 0.000E+00) ( 0.000E+00, 0.000E+00)  1.00E+00
  4.500E-04 1.00000E-45  0.000E+00 ( 0.000E+00, 0.000E+00) ( 0.000E+00, 0.000E+00)  1.00E+00
  4.750E-04 1.00000E-45  0.000E+00 ( 0.000E+00, 0.000E+00) ( 0.000E+00, 0.000E+00)  1.00E+00
  5.000E-04 1.00000E-45  0.000E+00 ( 0.000E+00, 0.000E+00) ( 0.000E+00, 0.000E+00)  1.00E+00
  5.250E-04 1.00000E-45  0.000E+00 ( 0.000E+00, 0.000E+00) ( 0.000E+00, 0.000E+00)  1.00E+00
  5.500E-04 1.00000E-45  0.000E+00 ( 0.000E+00, 0.000E+00) ( 0.000E+00, 0.000E+00)  1.00E+00
  5.750E-04 1.00000E-45  0.000E+00 ( 0.000E+00, 0.000E+00) ( 0.000E+00, 0.000E+00)  1.00E+00
  6.000E-04 1.00000E-45  0.000E+00 ( 0.000E+00, 0.000E+00) ( 0.000E+00, 0.000E+00)  1.00E+00
  6.250E-04 1.00000E-45  0.000E+00 ( 0.000E+00, 0.000E+00) ( 0.000E+00, 0.000E+00)  1.00E+00
  6.500E-04 1.00000E-45  0.000E+00 ( 0.000E+00, 0.000E+00) ( 0.000E+00, 0.000E+00)  1.00E+00
  6.750E-04 1.00000E-45  0.000E+00 ( 0.000E+00, 0.000E+00) ( 0.000E+00, 0.000E+00)  1.00E+00
  7.000E-04 1.00000E-45  0.000E+00 ( 0.000E+00, 0.000E+00) ( 0.000E+00, 0.000E+00)  1.00E+00
  7.250E-04 1.00000E-45  0.000E+00 ( 0.000E+00, 0.000E+00) ( 0.000E+00, 0.000E+00)  1.00E+00
  7.500E-04 1.00000E-45  0.000E+00 ( 0.000E+00, 0.000E+00) ( 0.000E+00, 0.000E+00)  1.00E+00
  7.750E-04 1.00000E-45  0.000E+00 ( 0.000E+00, 0.000E+00) ( 0.000E+00, 0.000E+00)  1.00E+00
  8.000E-04 1.00000E-45  0.000E+00 ( 0.000E+00, 0.000E+00) ( 0.000E+00, 0.000E+00)  1.00E+00
  8.250E-04 1.00000E-45  0.000E+00 ( 0.000E+00, 0.000E+00) ( 0.000E+00, 0.000E+00)  1.00E+00
  8.500E-04 1.00000E-45  0.000E+00 ( 0.000E+00, 0.000E+00) ( 0.000E+00, 0.000E+00)  1.00E+00
  8.750E-04 1.00000E-45  0.000E+00 ( 0.000E+00, 0.000E+00) ( 0.000E+00, 0.000E+00)  1.00E+00
  9.000E-04 1.00000E-45  0.000E+00 ( 0.000E+00, 0.000E+00) ( 0.000E+00, 0.000E+00)  1.00E+00
  9.250E-04 1.00000E-45  0.000E+00 ( 0.000E+00, 0.000E+00) ( 0.000E+00, 0.000E+00)  1.00E+00
  9.500E-04 1.00000E-45  0.000E+00 ( 0.000E+00, 0.000E+00) ( 0.000E+00, 0.000E+00)  1.00E+00
  9.750E-04 1.00000E-45  0.000E+00 ( 0.000E+00, 0.000E+00) ( 0.000E+00, 0.000E+00)  1.00E+00
  1.000E-03 1.00000E-45  0.000E+00 ( 0.000E+00, 0.000E+00) ( 0.000E+00, 0.000E+00)  1.00E+00
  1.250E-03 1.00000E-45  0.000E+00 ( 0.000E+00, 0.000E+00) ( 0.000E+00, 0.000E+00)  1.00E+00
  1.500E-03 1.00000E-45  0.000E+00 ( 0.000E+00, 0.000E+00) ( 0.000E+00, 0.000E+00)  1.00E+00
  1.750E-03 1.00000E-45  0.000E+00 ( 0.000E+00, 0.000E+00) ( 0.000E+00, 0.000E+00)  1.00E+00
  2.000E-03 1.00000E-45  0.000E+00 ( 0.000E+00, 0.000E+00) ( 0.000E+00, 0.000E+00)  1.00E+00
  2.250E-03 1.00000E-45  0.000E+00 ( 0.000E+00, 0.000E+00) ( 0.000E+00, 0.000E+00)  1.00E+00
  2.500E-03 1.00000E-45  0.000E+00 ( 0.000E+00, 0.000E+00) ( 0.000E+00, 0.000E+00)  1.00E+00
  2.750E-03 1.00000E-45  0.000E+00 ( 0.000E+00, 0.000E+00) ( 0.000E+00, 0.000E+00)  1.00E+00
  3.000E-03 1.00000E-45  0.000E+00 ( 0.000E+00, 0.000E+00) ( 0.000E+00, 0.000E+00)  1.00E+00
  3.250E-03 1.00000E-45  0.000E+00 ( 0.000E+00, 0.000E+00) ( 0.000E+00, 0.000E+00)  1.00E+00
  3.500E-03 1.00000E-45  0.000E+00 ( 0.000E+00, 0.000E+00) ( 0.000E+00, 0.000E+00)  1.00E+00
  3.750E-03 1.00000E-45  0.000E+00 ( 0.000E+00, 0.000E+00) ( 0.000E+00, 0.000E+00)  1.00E+00
  4.000E-03 1.00000E-45  0.000E+00 ( 0.000E+00, 0.000E+00) ( 0.000E+00, 0.000E+00)  1.00E+00
  4.250E-03 1.00000E-45  0.000E+00 ( 0.000E+00, 0.000E+00) ( 0.000E+00, 0.000E+00)  1.00E+00
  4.500E-03 1.00000E-45  0.000E+00 ( 0.000E+00, 0.000E+00) ( 0.000E+00, 0.000E+00)  1.00E+00
  4.750E-03 1.00000E-45  0.000E+00 ( 0.000E+00, 0.000E+00) ( 0.000E+00, 0.000E+00)  1.00E+00
  5.000E-03 1.00000E-45  0.000E+00 ( 0.000E+00, 0.000E+00) ( 0.000E+00, 0.000E+00)  1.00E+00
  5.250E-03 1.00000E-45  0.000E+00 ( 0.000E+00, 0.000E+00) ( 0.000E+00, 0.000E+00)  1.00E+00
  5.500E-03 1.00000E-45  0.000E+00 ( 0.000E+00, 0.000E+00) ( 0.000E+00, 0.000E+00)  1.00E+00
  5.750E-03 1.00000E-45  0.000E+00 ( 0.000E+00, 0.000E+00) ( 0.000E+00, 0.000E+00)  1.00E+00
  6.000E-03 1.00000E-45  0.000E+00 ( 0.000E+00, 0.000E+00) ( 0.000E+00, 0.000E+00)  1.00E+00
  6.250E-03 1.00000E-45  0.000E+00 ( 0.000E+00, 0.000E+00) ( 0.000E+00, 0.000E+00)  1.00E+00
  6.500E-03 1.00000E-45  0.000E+00 ( 0.000E+00, 0.000E+00) ( 0.000E+00, 0.000E+00)  1.00E+00
  6.750E-03 1.00000E-45  0.000E+00 ( 0.000E+00, 0.000E+00) ( 0.000E+00, 0.000E+00)  1.00E+00
  7.000E-03 1.00000E-45  0.000E+00 ( 0.000E+00, 0.000E+00) ( 0.000E+00, 0.000E+00)  1.00E+00
  7.250E-03 1.00000E-45  0.000E+00 ( 0.000E+00, 0.000E+00) ( 0.000E+00, 0.000E+00)  1.00E+00
  7.500E-03 1.00000E-45  0.000E+00 ( 0.000E+00, 0.000E+00) ( 0.000E+00, 0.000E+00)  1.00E+00
  7.750E-03 1.00000E-45  0.000E+00 ( 0.000E+00, 0.000E+00) ( 0.000E+00, 0.000E+00)  1.00E+00
  8.000E-03 1.00000E-45  0.000E+00 ( 0.000E+00, 0.000E+00) ( 0.000E+00, 0.000E+00)  1.00E+00
  8.250E-03 1.00000E-45  0.000E+00 ( 0.000E+00, 0.000E+00) ( 0.000E+00, 0.000E+00)  1.00E+00
  8.500E-03 1.00000E-45  0.000E+00 ( 0.000E+00, 0.000E+00) ( 0.000E+00, 0.000E+00)  1.00E+00
  8.750E-03 1.00000E-45  0.000E+00 ( 0.000E+00, 0.000E+00) ( 0.000E+00, 0.000E+00)  1.00E+00
  9.000E-03 1.00000E-45  0.000E+00 ( 0.000E+00, 0.000E+00) ( 0.000E+00, 0.000E+00)  1.00E+00
  9.250E-03 1.00000E-45  0.000E+00 ( 0.000E+00, 0.000E+00) ( 0.000E+00, 0.000E+00)  1.00E+00
  9.500E-03 1.00000E-45  0.000E+00 ( 0.000E+00, 0.000E+00) ( 0.000E+00, 0.000E+00)  1.00E+00
  9.750E-03 1.00000E-45  0.000E+00 ( 0.000E+00, 0.000E+00) ( 0.000E+00, 0.000E+00)  1.00E+00
  1.000E-02 1.00000E-45  0.000E+00 ( 0.000E+00, 0.000E+00) ( 0.000E+00, 0.000E+00)  1.00E+00
  1.250E-02 1.00000E-45  0.000E+00 ( 0.000E+00, 0.000E+00) ( 0.000E+00, 0.000E+00)  1.00E+00
  1.500E-02 1.00000E-45  0.000E+00 ( 0.000E+00, 0.000E+00) ( 0.000E+00, 0.000E+00)  1.00E+00
  1.750E-02 1.00000E-45  0.000E+00 ( 0.000E+00, 0.000E+00) ( 0.000E+00, 0.000E+00)  1.00E+00
  2.000E-02 1.00000E-45  0.000E+00 ( 0.000E+00, 0.000E+00) ( 0.000E+00, 0.000E+00)  1.00E+00
  2.250E-02 1.00000E-45  0.000E+00 ( 0.000E+00, 0.000E+00) ( 0.000E+00, 0.000E+00)  1.00E+00
  2.500E-02 1.00000E-45  0.000E+00 ( 0.000E+00, 0.000E+00) ( 0.000E+00, 0.000E+00)  1.00E+00
  2.750E-02 1.00000E-45  0.000E+00 ( 0.000E+00, 0.000E+00) ( 0.000E+00, 0.000E+00)  1.00E+00
  3.000E-02 1.00000E-45  0.000E+00 ( 0.000E+00, 0.000E+00) ( 0.000E+00, 0.000E+00)  1.00E+00
  3.250E-02 1.00000E-45  0.000E+00 ( 0.000E+00, 0.000E+00) ( 0.000E+00, 0.000E+00)  1.00E+00
  3.500E-02 1.00000E-45  0.000E+00 ( 0.000E+00, 0.000E+00) ( 0.000E+00, 0.000E+00)  1.00E+00
  3.750E-02 1.00000E-45  0.000E+00 ( 0.000E+00, 0.000E+00) ( 0.000E+00, 0.000E+00)  1.00E+00
  4.000E-02 1.00000E-45  0.000E+00 ( 0.000E+00, 0.000E+00) ( 0.000E+00, 0.000E+00)  1.00E+00
  4.250E-02 1.00000E-45  0.000E+00 ( 0.000E+00, 0.000E+00) ( 0.000E+00, 0.000E+00)  1.00E+00
  4.500E-02 1.00000E-45  0.000E+00 ( 0.000E+00, 0.000E+00) ( 0.000E+00, 0.000E+00)  1.00E+00
  4.750E-02 1.00000E-45  0.000E+00 ( 0.000E+00, 0.000E+00) ( 0.000E+00, 0.000E+00)  1.00E+00
  5.000E-02 1.00000E-45  0.000E+00 ( 0.000E+00, 0.000E+00) ( 0.000E+00, 0.000E+00)  1.00E+00
  5.250E-02 1.00000E-45  0.000E+00 ( 0.000E+00, 0.000E+00) ( 0.000E+00, 0.000E+00)  1.00E+00
  5.500E-02 1.00000E-45  0.000E+00 ( 0.000E+00, 0.000E+00) ( 0.000E+00, 0.000E+00)  1.00E+00
  5.750E-02 1.00000E-45  0.000E+00 ( 0.000E+00, 0.000E+00) ( 0.000E+00, 0.000E+00)  1.00E+00
  6.000E-02 1.00000E-45  0.000E+00 ( 0.000E+00, 0.000E+00) ( 0.000E+00, 0.000E+00)  1.00E+00
  6.250E-02 1.00000E-45  0.000E+00 ( 0.000E+00, 0.000E+00) ( 0.000E+00, 0.000E+00)  1.00E+00
  6.500E-02 1.00000E-45  0.000E+00 ( 0.000E+00, 0.000E+00) ( 0.000E+00, 0.000E+00)  1.00E+00
  6.750E-02 1.00000E-45  0.000E+00 ( 0.000E+00, 0.000E+00) ( 0.000E+00, 0.000E+00)  1.00E+00
  7.000E-02 1.00000E-45  0.000E+00 ( 0.000E+00, 0.000E+00) ( 0.000E+00, 0.000E+00)  1.00E+00
  7.250E-02 1.00000E-45  0.000E+00 ( 0.000E+00, 0.000E+00) ( 0.000E+00, 0.000E+00)  1.00E+00
  7.500E-02 1.00000E-45  0.000E+00 ( 0.000E+00, 0.000E+00) ( 0.000E+00, 0.000E+00)  1.00E+00
  7.750E-02 1.00000E-45  0.000E+00 ( 0.000E+00, 0.000E+00) ( 0.000E+00, 0.000E+00)  1.00E+00
  8.000E-02 1.00000E-45  0.000E+00 ( 0.000E+00, 0.000E+00) ( 0.000E+00, 0.000E+00)  1.00E+00
  8.250E-02 1.00000E-45  0.000E+00 ( 0.000E+00, 0.000E+00) ( 0.000E+00, 0.000E+00)  1.00E+00
  8.500E-02 1.00000E-45  0.000E+00 ( 0.000E+00, 0.000E+00) ( 0.000E+00, 0.000E+00)  1.00E+00
  8.750E-02 1.00000E-45  0.000E+00 ( 0.000E+00, 0.000E+00) ( 0.000E+00, 0.000E+00)  1.00E+00
  9.000E-02 1.00000E-45  0.000E+00 ( 0.000E+00, 0.000E+00) ( 0.000E+00, 0.000E+00)  1.00E+00
  9.250E-02 1.00000E-45  0.000E+00 ( 0.000E+00, 0.000E+00) ( 0.000E+00, 0.000E+00)  1.00E+00
  9.500E-02 1.00000E-45  0.000E+00 ( 0.000E+00, 0.000E+00) ( 0.000E+00, 0.000E+00)  1.00E+00
  9.750E-02 1.00000E-45  0.000E+00 ( 0.000E+00, 0.000E+00) ( 0.000E+00, 0.000E+00)  1.00E+00
  1.000E-01 1.00000E-45  0.000E+00 ( 0.000E+00, 0.000E+00) ( 0.000E+00, 0.000E+00)  1.00E+00
  1.250E-01 1.00000E-45  0.000E+00 ( 0.000E+00, 0.000E+00) ( 0.000E+00, 0.000E+00)  1.00E+00
  1.500E-01 1.00000E-45  0.000E+00 ( 0.000E+00, 0.000E+00) ( 0.000E+00, 0.000E+00)  1.00E+00
  1.750E-01 1.00000E-45  0.000E+00 ( 0.000E+00, 0.000E+00) ( 0.000E+00, 0.000E+00)  1.00E+00
  2.000E-01 1.00000E-45  0.000E+00 ( 0.000E+00, 0.000E+00) ( 0.000E+00, 0.000E+00)  1.00E+00
  2.250E-01 1.00000E-45  0.000E+00 ( 0.000E+00, 0.000E+00) ( 0.000E+00, 0.000E+00)  1.00E+00
  2.500E-01 1.00000E-45  0.000E+00 ( 0.000E+00, 0.000E+00) ( 0.000E+00, 0.000E+00)  1.00E+00
  2.750E-01 1.00000E-45  0.000E+00 ( 0.000E+00, 0.000E+00) ( 0.000E+00, 0.000E+00)  1.00E+00
  3.000E-01 1.00000E-45  0.000E+00 ( 0.000E+00, 0.000E+00) ( 0.000E+00, 0.000E+00)  1.00E+00
  3.250E-01 1.00000E-45  0.000E+00 ( 0.000E+00, 0.000E+00) ( 0.000E+00, 0.000E+00)  1.00E+00
  3.500E-01 1.00000E-45  0.000E+00 ( 0.000E+00, 0.000E+00) ( 0.000E+00, 0.000E+00)  1.00E+00
  3.750E-01 1.00000E-45  0.000E+00 ( 0.000E+00, 0.000E+00) ( 0.000E+00, 0.000E+00)  1.00E+00
  4.000E-01 1.00000E-45  0.000E+00 ( 0.000E+00, 0.000E+00) ( 0.000E+00, 0.000E+00)  1.00E+00
  4.250E-01 1.00000E-45  0.000E+00 ( 0.000E+00, 0.000E+00) ( 0.000E+00, 0.000E+00)  1.00E+00
  4.500E-01 1.00000E-45  0.000E+00 ( 0.000E+00, 0.000E+00) ( 0.000E+00, 0.000E+00)  1.00E+00
  4.750E-01 1.00000E-45  0.000E+00 ( 0.000E+00, 0.000E+00) ( 0.000E+00, 0.000E+00)  1.00E+00
  5.000E-01 8.81164E-17  4.372E-06 (-2.589E-09,-9.023E-09) (-1.072E-11,-3.745E-11)  5.32E-05
  5.250E-01 7.25093E-17 -6.043E-06 (-2.195E-09,-8.227E-09) (-9.598E-12,-3.587E-11)  4.78E-05
  5.500E-01 6.02090E-17 -1.214E-05 (-1.867E-09,-7.531E-09) (-8.579E-12,-3.441E-11)  2.57E-05
  5.750E-01 5.04083E-17 -1.249E-05 (-1.591E-09,-6.919E-09) (-7.647E-12,-3.305E-11)  1.55E-06
  6.000E-01 4.25215E-17 -8.023E-06 (-1.359E-09,-6.378E-09) (-6.797E-12,-3.178E-11)  2.28E-05
  6.250E-01 3.61180E-17  0.000E+00 (-1.161E-09,-5.897E-09) (-6.029E-12,-3.060E-11)  3.15E-05
  6.500E-01 3.08758E-17  0.000E+00 (-9.920E-10,-5.467E-09) (-5.339E-12,-2.950E-11)  2.68E-05
  6.750E-01 2.65518E-17  8.229E-06 (-8.471E-10,-5.083E-09) (-4.725E-12,-2.848E-11)  1.29E-05
  7.000E-01 2.29596E-17  7.932E-06 (-7.222E-10,-4.737E-09) (-4.177E-12,-2.753E-11)  3.69E-06
  7.250E-01 1.99555E-17  0.000E+00 (-6.142E-10,-4.425E-09) (-3.686E-12,-2.663E-11)  1.61E-05
  7.500E-01 1.74275E-17  0.000E+00 (-5.205E-10,-4.142E-09) (-3.241E-12,-2.579E-11)  2.04E-05
  7.750E-01 1.52875E-17  0.000E+00 (-4.389E-10,-3.885E-09) (-2.832E-12,-2.500E-11)  1.63E-05
  8.000E-01 1.34661E-17  0.000E+00 (-3.678E-10,-3.651E-09) (-2.454E-12,-2.426E-11)  6.62E-06
  8.250E-01 1.19080E-17  0.000E+00 (-3.056E-10,-3.437E-09) (-2.102E-12,-2.355E-11)  4.24E-06
  8.500E-01 1.05688E-17  0.000E+00 (-2.511E-10,-3.241E-09) (-1.776E-12,-2.288E-11)  1.19E-05
  8.750E-01 9.41262E-18  0.000E+00 (-2.032E-10,-3.061E-09) (-1.475E-12,-2.224E-11)  1.40E-05
  9.000E-01 8.41040E-18  0.000E+00 (-1.611E-10,-2.896E-09) (-1.199E-12,-2.164E-11)  1.04E-05
  9.250E-01 7.53819E-18  0.000E+00 (-1.239E-10,-2.743E-09) (-9.453E-13,-2.106E-11)  3.31E-06
  9.500E-01 6.77629E-18  0.000E+00 (-9.100E-11,-2.601E-09) (-7.130E-13,-2.052E-11)  4.20E-06
  9.750E-01 6.10834E-18  0.000E+00 (-6.194E-11,-2.471E-09) (-4.993E-13,-2.000E-11)  9.13E-06
  1.000E+00 5.52076E-18  0.000E+00 (-3.621E-11,-2.349E-09) (-3.014E-13,-1.951E-11)  9.94E-06
  1.100E+00 3.77257E-18  0.000E+00 ( 4.061E-11,-1.942E-09) ( 3.705E-13,-1.774E-11)  7.17E-06
  1.200E+00 2.66491E-18  0.000E+00 ( 8.823E-11,-1.630E-09) ( 8.808E-13,-1.624E-11)  3.61E-06
  1.300E+00 1.93575E-18  0.000E+00 ( 1.176E-10,-1.386E-09) ( 1.268E-12,-1.497E-11)  3.61E-07
  1.400E+00 1.43983E-18  0.000E+00 ( 1.351E-10,-1.192E-09) ( 1.572E-12,-1.386E-11)  1.98E-06
  1.500E+00 1.09313E-18  0.000E+00 ( 1.450E-10,-1.035E-09) ( 1.807E-12,-1.290E-11)  3.08E-06
  1.600E+00 8.44815E-19  0.000E+00 ( 1.499E-10,-9.068E-10) ( 1.992E-12,-1.205E-11)  3.09E-06
  1.700E+00 6.63214E-19  0.000E+00 ( 1.513E-10,-8.001E-10) ( 2.137E-12,-1.130E-11)  2.31E-06
  1.800E+00 5.27921E-19  0.000E+00 ( 1.506E-10,-7.107E-10) ( 2.251E-12,-1.062E-11)  1.14E-06
  1.900E+00 4.25452E-19  0.000E+00 ( 1.483E-10,-6.351E-10) ( 2.341E-12,-1.002E-11)  1.00E-07
  2.000E+00 3.46702E-19  0.000E+00 ( 1.451E-10,-5.706E-10) ( 2.410E-12,-9.478E-12)  9.51E-07
  2.100E+00 2.85368E-19  0.000E+00 ( 1.413E-10,-5.151E-10) ( 2.464E-12,-8.984E-12)  1.40E-06
  2.200E+00 2.37029E-19  0.000E+00 ( 1.371E-10,-4.671E-10) ( 2.505E-12,-8.535E-12)  1.40E-06
  2.300E+00 1.98514E-19  0.000E+00 ( 1.327E-10,-4.253E-10) ( 2.535E-12,-8.124E-12)  1.03E-06
  2.400E+00 1.67519E-19  0.000E+00 ( 1.282E-10,-3.886E-10) ( 2.556E-12,-7.747E-12)  4.71E-07
  2.500E+00 1.42351E-19  0.000E+00 ( 1.238E-10,-3.563E-10) ( 2.570E-12,-7.399E-12)  1.26E-07
  2.600E+00 1.21740E-19  0.000E+00 ( 1.194E-10,-3.278E-10) ( 2.578E-12,-7.079E-12)  5.62E-07
  2.700E+00 1.04733E-19  0.000E+00 ( 1.151E-10,-3.024E-10) ( 2.582E-12,-6.782E-12)  7.80E-07
  2.800E+00 9.05970E-20  0.000E+00 ( 1.109E-10,-2.797E-10) ( 2.581E-12,-6.506E-12)  7.59E-07
  2.900E+00 7.87704E-20  0.000E+00 ( 1.069E-10,-2.594E-10) ( 2.576E-12,-6.249E-12)  5.43E-07
  3.000E+00 6.88144E-20  0.000E+00 ( 1.031E-10,-2.411E-10) ( 2.569E-12,-6.009E-12)  2.19E-07
  3.100E+00 6.03845E-20  0.000E+00 ( 9.940E-11,-2.246E-10) ( 2.560E-12,-5.785E-12)  1.26E-07
  3.200E+00 5.32086E-20  0.000E+00 ( 9.586E-11,-2.097E-10) ( 2.548E-12,-5.575E-12)  3.73E-07
  3.300E+00 4.70690E-20  0.000E+00 ( 9.247E-11,-1.962E-10) ( 2.535E-12,-5.378E-12)  4.89E-07
  3.400E+00 4.17911E-20  0.000E+00 ( 8.924E-11,-1.838E-10) ( 2.521E-12,-5.193E-12)  4.61E-07
  3.500E+00 3.72336E-20  0.000E+00 ( 8.615E-11,-1.726E-10) ( 2.505E-12,-5.018E-12)  3.15E-07
  3.600E+00 3.32817E-20  0.000E+00 ( 8.320E-11,-1.623E-10) ( 2.489E-12,-4.853E-12)  1.06E-07
  3.700E+00 2.98413E-20  0.000E+00 ( 8.039E-11,-1.528E-10) ( 2.472E-12,-4.698E-12)  1.14E-07
  3.800E+00 2.68348E-20  0.000E+00 ( 7.771E-11,-1.441E-10) ( 2.454E-12,-4.550E-12)  2.67E-07
  3.900E+00 2.41982E-20  0.000E+00 ( 7.515E-11,-1.361E-10) ( 2.435E-12,-4.411E-12)  3.31E-07
  4.000E+00 2.18781E-20  0.000E+00 ( 7.271E-11,-1.287E-10) ( 2.417E-12,-4.278E-12)  3.01E-07
  4.100E+00 1.98299E-20  0.000E+00 ( 7.037E-11,-1.219E-10) ( 2.398E-12,-4.152E-12)  1.95E-07
  4.200E+00 1.80164E-20  0.000E+00 ( 6.815E-11,-1.155E-10) ( 2.379E-12,-4.033E-12)  1.00E-07
  4.300E+00 1.64058E-20  0.000E+00 ( 6.602E-11,-1.097E-10) ( 2.359E-12,-3.919E-12)  1.01E-07
  4.400E+00 1.49716E-20  0.000E+00 ( 6.399E-11,-1.042E-10) ( 2.340E-12,-3.810E-12)  2.00E-07
  4.500E+00 1.36910E-20  0.000E+00 ( 6.204E-11,-9.911E-11) ( 2.320E-12,-3.707E-12)  2.36E-07
  4.600E+00 1.25448E-20  0.000E+00 ( 6.018E-11,-9.436E-11) ( 2.301E-12,-3.608E-12)  2.07E-07
  4.700E+00 1.15162E-20  0.000E+00 ( 5.841E-11,-8.993E-11) ( 2.282E-12,-3.513E-12)  1.25E-07
  4.800E+00 1.05911E-20  0.000E+00 ( 5.670E-11,-8.578E-11) ( 2.262E-12,-3.422E-12)  1.00E-07
  4.900E+00 9.75728E-21  0.000E+00 ( 5.507E-11,-8.190E-11) ( 2.243E-12,-3.336E-12)  1.00E-07
  5.000E+00 9.00408E-21  0.000E+00 ( 5.351E-11,-7.826E-11) ( 2.224E-12,-3.253E-12)  1.55E-07
  5.100E+00 8.32232E-21  0.000E+00 ( 5.201E-11,-7.485E-11) ( 2.205E-12,-3.173E-12)  1.75E-07
  5.200E+00 7.70402E-21  0.000E+00 ( 5.058E-11,-7.164E-11) ( 2.186E-12,-3.097E-12)  1.47E-07
  5.300E+00 7.14221E-21  0.000E+00 ( 4.920E-11,-6.861E-11) ( 2.168E-12,-3.023E-12)  1.00E-07
  5.400E+00 6.63081E-21  0.000E+00 ( 4.788E-11,-6.577E-11) ( 2.149E-12,-2.952E-12)  1.00E-07
  5.500E+00 6.16447E-21  0.000E+00 ( 4.661E-11,-6.308E-11) ( 2.131E-12,-2.885E-12)  1.00E-07
  5.600E+00 5.73851E-21  0.000E+00 ( 4.538E-11,-6.055E-11) ( 2.113E-12,-2.819E-12)  1.24E-07
  5.700E+00 5.34879E-21  0.000E+00 ( 4.421E-11,-5.816E-11) ( 2.095E-12,-2.756E-12)  1.34E-07
  5.800E+00 4.99169E-21  0.000E+00 ( 4.308E-11,-5.589E-11) ( 2.078E-12,-2.695E-12)  1.07E-07
  5.900E+00 4.66396E-21  0.000E+00 ( 4.199E-11,-5.375E-11) ( 2.060E-12,-2.637E-12)  1.00E-07
  6.000E+00 4.36277E-21  0.000E+00 ( 4.095E-11,-5.172E-11) ( 2.043E-12,-2.580E-12)  1.00E-07
  6.100E+00 4.08555E-21  0.000E+00 ( 3.994E-11,-4.980E-11) ( 2.026E-12,-2.526E-12)  1.00E-07
  6.200E+00 3.83007E-21  0.000E+00 ( 3.897E-11,-4.797E-11) ( 2.009E-12,-2.473E-12)  1.01E-07
  6.300E+00 3.59429E-21  0.000E+00 ( 3.804E-11,-4.624E-11) ( 1.993E-12,-2.422E-12)  1.05E-07
  6.400E+00 3.37644E-21  0.000E+00 ( 3.713E-11,-4.459E-11) ( 1.976E-12,-2.373E-12)  1.00E-07
  6.500E+00 3.17488E-21  0.000E+00 ( 3.626E-11,-4.302E-11) ( 1.960E-12,-2.326E-12)  1.00E-07
  6.600E+00 2.98818E-21  0.000E+00 ( 3.542E-11,-4.153E-11) ( 1.944E-12,-2.280E-12)  1.00E-07
  6.700E+00 2.81504E-21  0.000E+00 ( 3.461E-11,-4.010E-11) ( 1.929E-12,-2.235E-12)  1.00E-07
  6.800E+00 2.65430E-21  0.000E+00 ( 3.383E-11,-3.875E-11) ( 1.913E-12,-2.192E-12)  1.00E-07
  6.900E+00 2.50489E-21  0.000E+00 ( 3.307E-11,-3.746E-11) ( 1.898E-12,-2.150E-12)  1.00E-07
  7.000E+00 2.36589E-21  0.000E+00 ( 3.234E-11,-3.622E-11) ( 1.883E-12,-2.109E-12)  1.00E-07
  7.100E+00 2.23642E-21  0.000E+00 ( 3.163E-11,-3.504E-11) ( 1.868E-12,-2.070E-12)  1.00E-07
  7.200E+00 2.11571E-21  0.000E+00 ( 3.095E-11,-3.392E-11) ( 1.854E-12,-2.032E-12)  1.00E-07
  7.300E+00 2.00306E-21  0.000E+00 ( 3.028E-11,-3.284E-11) ( 1.839E-12,-1.995E-12)  1.00E-07
  7.400E+00 1.89783E-21  0.000E+00 ( 2.964E-11,-3.181E-11) ( 1.825E-12,-1.959E-12)  1.00E-07
  7.500E+00 1.79945E-21  0.000E+00 ( 2.902E-11,-3.082E-11) ( 1.811E-12,-1.924E-12)  1.00E-07
  7.600E+00 1.70737E-21  0.000E+00 ( 2.842E-11,-2.988E-11) ( 1.797E-12,-1.890E-12)  1.00E-07
  7.700E+00 1.62113E-21  0.000E+00 ( 2.784E-11,-2.897E-11) ( 1.784E-12,-1.857E-12)  1.00E-07
  7.800E+00 1.54028E-21  0.000E+00 ( 2.727E-11,-2.811E-11) ( 1.770E-12,-1.824E-12)  1.00E-07
  7.900E+00 1.46443E-21  0.000E+00 ( 2.673E-11,-2.727E-11) ( 1.757E-12,-1.793E-12)  1.00E-07
  8.000E+00 1.39320E-21  0.000E+00 ( 2.619E-11,-2.648E-11) ( 1.744E-12,-1.763E-12)  1.00E-07
  8.100E+00 1.32626E-21  0.000E+00 ( 2.568E-11,-2.571E-11) ( 1.731E-12,-1.733E-12)  1.00E-07
  8.200E+00 1.26331E-21  0.000E+00 ( 2.518E-11,-2.497E-11) ( 1.718E-12,-1.704E-12)  1.00E-07
  8.300E+00 1.20406E-21  0.000E+00 ( 2.469E-11,-2.426E-11) ( 1.706E-12,-1.676E-12)  1.00E-07
  8.400E+00 1.14826E-21  0.000E+00 ( 2.422E-11,-2.358E-11) ( 1.693E-12,-1.649E-12)  1.00E-07
  8.500E+00 1.09566E-21  0.000E+00 ( 2.376E-11,-2.293E-11) ( 1.681E-12,-1.622E-12)  1.00E-07
  8.600E+00 1.04605E-21  0.000E+00 ( 2.332E-11,-2.229E-11) ( 1.669E-12,-1.596E-12)  1.00E-07
  8.700E+00 9.99228E-22  0.000E+00 ( 2.288E-11,-2.169E-11) ( 1.657E-12,-1.571E-12)  1.00E-07
  8.800E+00 9.55004E-22  0.000E+00 ( 2.246E-11,-2.110E-11) ( 1.646E-12,-1.546E-12)  1.00E-07
  8.900E+00 9.13207E-22  0.000E+00 ( 2.205E-11,-2.054E-11) ( 1.634E-12,-1.522E-12)  1.00E-07
  9.000E+00 8.73680E-22  0.000E+00 ( 2.166E-11,-2.000E-11) ( 1.623E-12,-1.499E-12)  1.00E-07
  9.100E+00 8.36276E-22  0.000E+00 ( 2.127E-11,-1.947E-11) ( 1.612E-12,-1.476E-12)  1.00E-07
  9.200E+00 8.00860E-22  0.000E+00 ( 2.089E-11,-1.897E-11) ( 1.600E-12,-1.453E-12)  1.00E-07
  9.300E+00 7.67305E-22  0.000E+00 ( 2.052E-11,-1.848E-11) ( 1.590E-12,-1.431E-12)  1.00E-07
  9.400E+00 7.35496E-22  0.000E+00 ( 2.017E-11,-1.801E-11) ( 1.579E-12,-1.410E-12)  1.00E-07
  9.500E+00 7.05324E-22  0.000E+00 ( 1.982E-11,-1.755E-11) ( 1.568E-12,-1.389E-12)  1.00E-07
  9.600E+00 6.76689E-22  0.000E+00 ( 1.948E-11,-1.711E-11) ( 1.558E-12,-1.369E-12)  1.00E-07
  9.700E+00 6.49497E-22  0.000E+00 ( 1.915E-11,-1.669E-11) ( 1.547E-12,-1.349E-12)  1.00E-07
  9.800E+00 6.23663E-22  0.000E+00 ( 1.883E-11,-1.628E-11) ( 1.537E-12,-1.329E-12)  1.00E-07
  9.900E+00 5.99105E-22  0.000E+00 ( 1.851E-11,-1.588E-11) ( 1.527E-12,-1.310E-12)  1.00E-07
  1.000E+01 5.75749E-22  0.000E+00 ( 1.821E-11,-1.550E-11) ( 1.517E-12,-1.291E-12)  1.00E-07
  1.025E+01 5.22166E-22  0.000E+00 ( 1.748E-11,-1.459E-11) ( 1.492E-12,-1.246E-12)  1.00E-07
  1.050E+01 4.74696E-22  0.000E+00 ( 1.679E-11,-1.376E-11) ( 1.469E-12,-1.204E-12)  1.00E-07
  1.075E+01 4.32519E-22  0.000E+00 ( 1.614E-11,-1.298E-11) ( 1.446E-12,-1.163E-12)  1.00E-07
  1.100E+01 3.94940E-22  0.000E+00 ( 1.553E-11,-1.227E-11) ( 1.424E-12,-1.125E-12)  1.00E-07
  1.125E+01 3.61370E-22  0.000E+00 ( 1.495E-11,-1.161E-11) ( 1.402E-12,-1.089E-12)  1.00E-07
  1.150E+01 3.31306E-22  0.000E+00 ( 1.441E-11,-1.099E-11) ( 1.381E-12,-1.054E-12)  1.00E-07
  1.175E+01 3.04315E-22  0.000E+00 ( 1.389E-11,-1.042E-11) ( 1.361E-12,-1.021E-12)  1.00E-07
  1.200E+01 2.80029E-22  0.000E+00 ( 1.340E-11,-9.882E-12) ( 1.341E-12,-9.893E-13)  1.00E-07
  1.225E+01 2.58126E-22  0.000E+00 ( 1.294E-11,-9.384E-12) ( 1.322E-12,-9.592E-13)  1.00E-07
  1.250E+01 2.38332E-22  0.000E+00 ( 1.250E-11,-8.919E-12) ( 1.303E-12,-9.304E-13)  1.00E-07
  1.275E+01 2.20407E-22  0.000E+00 ( 1.208E-11,-8.484E-12) ( 1.285E-12,-9.029E-13)  1.00E-07
  1.300E+01 2.04143E-22  0.000E+00 ( 1.168E-11,-8.077E-12) ( 1.268E-12,-8.766E-13)  1.00E-07
  1.325E+01 1.89357E-22  0.000E+00 ( 1.131E-11,-7.695E-12) ( 1.251E-12,-8.514E-13)  1.00E-07
  1.350E+01 1.75891E-22  0.000E+00 ( 1.095E-11,-7.337E-12) ( 1.234E-12,-8.272E-13)  1.00E-07
  1.375E+01 1.63607E-22  0.000E+00 ( 1.061E-11,-7.001E-12) ( 1.218E-12,-8.041E-13)  1.00E-07
  1.400E+01 1.52380E-22  0.000E+00 ( 1.028E-11,-6.684E-12) ( 1.202E-12,-7.818E-13)  1.00E-07
  1.425E+01 1.42104E-22  0.000E+00 ( 9.967E-12,-6.386E-12) ( 1.186E-12,-7.605E-13)  1.00E-07
  1.450E+01 1.32684E-22  0.000E+00 ( 9.669E-12,-6.105E-12) ( 1.171E-12,-7.400E-13)  1.00E-07
  1.475E+01 1.24034E-22  0.000E+00 ( 9.384E-12,-5.841E-12) ( 1.157E-12,-7.202E-13)  1.00E-07
  1.500E+01 1.16081E-22  0.000E+00 ( 9.112E-12,-5.591E-12) ( 1.142E-12,-7.012E-13)  1.00E-07
  1.525E+01 1.08758E-22  0.000E+00 ( 8.851E-12,-5.355E-12) ( 1.128E-12,-6.829E-13)  1.00E-07
  1.550E+01 1.02006E-22  0.000E+00 ( 8.602E-12,-5.131E-12) ( 1.115E-12,-6.653E-13)  1.00E-07
  1.575E+01 9.57715E-23  0.000E+00 ( 8.363E-12,-4.920E-12) ( 1.101E-12,-6.484E-13)  1.00E-07
  1.600E+01 9.00084E-23  0.000E+00 ( 8.133E-12,-4.720E-12) ( 1.088E-12,-6.320E-13)  1.00E-07
  1.625E+01 8.46742E-23  0.000E+00 ( 7.913E-12,-4.530E-12) ( 1.076E-12,-6.162E-13)  1.00E-07
  1.650E+01 7.97310E-23  0.000E+00 ( 7.702E-12,-4.350E-12) ( 1.063E-12,-6.010E-13)  1.00E-07
  1.675E+01 7.51448E-23  0.000E+00 ( 7.499E-12,-4.179E-12) ( 1.051E-12,-5.863E-13)  1.00E-07
  1.700E+01 7.08851E-23  0.000E+00 ( 7.304E-12,-4.017E-12) ( 1.039E-12,-5.720E-13)  1.00E-07
  1.725E+01 6.69242E-23  0.000E+00 ( 7.116E-12,-3.863E-12) ( 1.028E-12,-5.583E-13)  1.00E-07
  1.750E+01 6.32373E-23  0.000E+00 ( 6.935E-12,-3.716E-12) ( 1.016E-12,-5.450E-13)  1.00E-07
  1.775E+01 5.98019E-23  0.000E+00 ( 6.762E-12,-3.576E-12) ( 1.005E-12,-5.322E-13)  1.00E-07
  1.800E+01 5.65976E-23  0.000E+00 ( 6.594E-12,-3.443E-12) ( 9.945E-13,-5.197E-13)  1.00E-07
  1.825E+01 5.36059E-23  0.000E+00 ( 6.433E-12,-3.317E-12) ( 9.838E-13,-5.077E-13)  1.00E-07
  1.850E+01 5.08102E-23  0.000E+00 ( 6.277E-12,-3.196E-12) ( 9.734E-13,-4.960E-13)  1.00E-07
  1.875E+01 4.81951E-23  0.000E+00 ( 6.127E-12,-3.080E-12) ( 9.632E-13,-4.847E-13)  1.00E-07
  1.900E+01 4.57468E-23  0.000E+00 ( 5.983E-12,-2.970E-12) ( 9.532E-13,-4.737E-13)  1.00E-07
  1.925E+01 4.34526E-23  0.000E+00 ( 5.843E-12,-2.865E-12) ( 9.434E-13,-4.631E-13)  1.00E-07
  1.950E+01 4.13010E-23  0.000E+00 ( 5.708E-12,-2.765E-12) ( 9.338E-13,-4.528E-13)  1.00E-07
  1.975E+01 3.92815E-23  0.000E+00 ( 5.578E-12,-2.669E-12) ( 9.244E-13,-4.428E-13)  1.00E-07
  2.000E+01 3.73844E-23  0.000E+00 ( 5.452E-12,-2.577E-12) ( 9.152E-13,-4.331E-13)  1.00E-07
  2.025E+01 3.56009E-23  0.000E+00 ( 5.330E-12,-2.489E-12) ( 9.062E-13,-4.236E-13)  1.00E-07
  2.050E+01 3.39229E-23  0.000E+00 ( 5.212E-12,-2.405E-12) ( 8.973E-13,-4.145E-13)  1.00E-07
  2.075E+01 3.23431E-23  0.000E+00 ( 5.098E-12,-2.324E-12) ( 8.886E-13,-4.056E-13)  1.00E-07
  2.100E+01 3.08544E-23  0.000E+00 ( 4.987E-12,-2.247E-12) ( 8.800E-13,-3.969E-13)  1.00E-07
  2.125E+01 2.94508E-23  0.000E+00 ( 4.881E-12,-2.173E-12) ( 8.716E-13,-3.885E-13)  1.00E-07
  2.150E+01 2.81264E-23  0.000E+00 ( 4.777E-12,-2.102E-12) ( 8.634E-13,-3.803E-13)  1.00E-07
  2.175E+01 2.68758E-23 -1.775E-04 ( 4.677E-12,-2.033E-12) ( 8.553E-13,-3.724E-13)  1.00E-07
  2.200E+01 2.56943E-23 -1.836E-04 ( 4.579E-12,-1.968E-12) ( 8.474E-13,-3.647E-13)  1.00E-07
  2.225E+01 2.45772E-23 -1.898E-04 ( 4.485E-12,-1.905E-12) ( 8.396E-13,-3.571E-13)  1.00E-07
  2.250E+01 2.35203E-23 -1.962E-04 ( 4.394E-12,-1.844E-12) ( 8.319E-13,-3.498E-13)  1.00E-07
  2.275E+01 2.25199E-23 -2.026E-04 ( 4.305E-12,-1.786E-12) ( 8.244E-13,-3.426E-13)  1.00E-07
  2.300E+01 2.15723E-23 -2.092E-04 ( 4.219E-12,-1.731E-12) ( 8.170E-13,-3.357E-13)  1.00E-07
  2.325E+01 2.06741E-23 -2.159E-04 ( 4.135E-12,-1.677E-12) ( 8.097E-13,-3.289E-13)  1.00E-07
  2.350E+01 1.98224E-23 -2.227E-04 ( 4.054E-12,-1.625E-12) ( 8.026E-13,-3.223E-13)  1.00E-07
  2.375E+01 1.90142E-23 -2.297E-04 ( 3.975E-12,-1.575E-12) ( 7.956E-13,-3.159E-13)  1.00E-07
  2.400E+01 1.82470E-23 -2.367E-04 ( 3.898E-12,-1.528E-12) ( 7.887E-13,-3.096E-13)  1.00E-07
  2.425E+01 1.75181E-23 -2.439E-04 ( 3.824E-12,-1.481E-12) ( 7.819E-13,-3.035E-13)  1.00E-07
  2.450E+01 1.68254E-23 -2.512E-04 ( 3.751E-12,-1.437E-12) ( 7.752E-13,-2.975E-13)  1.00E-07
  2.475E+01 1.61667E-23 -2.586E-04 ( 3.681E-12,-1.394E-12) ( 7.686E-13,-2.917E-13)  1.00E-07
  2.500E+01 1.55400E-23 -2.661E-04 ( 3.612E-12,-1.353E-12) ( 7.621E-13,-2.860E-13)  1.00E-07
  2.550E+01 1.43753E-23 -2.816E-04 ( 3.480E-12,-1.274E-12) ( 7.495E-13,-2.750E-13)  1.00E-07
  2.600E+01 1.33180E-23 -2.975E-04 ( 3.356E-12,-1.202E-12) ( 7.373E-13,-2.646E-13)  1.00E-07
  2.650E+01 1.23564E-23 -3.139E-04 ( 3.237E-12,-1.134E-12) ( 7.254E-13,-2.546E-13)  1.00E-07
  2.700E+01 1.14802E-23 -3.308E-04 ( 3.125E-12,-1.070E-12) ( 7.139E-13,-2.451E-13)  1.00E-07
  2.750E+01 1.06804E-23 -3.481E-04 ( 3.018E-12,-1.011E-12) ( 7.027E-13,-2.360E-13)  1.00E-07
  2.800E+01 9.94922E-24 -3.660E-04 ( 2.916E-12,-9.556E-13) ( 6.918E-13,-2.273E-13)  1.00E-07
  2.850E+01 9.27963E-24 -3.843E-04 ( 2.820E-12,-9.037E-13) ( 6.813E-13,-2.190E-13)  1.00E-07
  2.900E+01 8.66550E-24 -4.032E-04 ( 2.728E-12,-8.551E-13) ( 6.710E-13,-2.110E-13)  1.00E-07
  2.950E+01 8.10139E-24 -4.225E-04 ( 2.640E-12,-8.095E-13) ( 6.611E-13,-2.034E-13)  1.00E-07
  3.000E+01 7.58249E-24 -4.423E-04 ( 2.556E-12,-7.667E-13) ( 6.514E-13,-1.961E-13)  1.00E-07
  3.050E+01 7.10449E-24 -4.626E-04 ( 2.476E-12,-7.265E-13) ( 6.419E-13,-1.890E-13)  1.00E-07
  3.100E+01 6.66359E-24 -4.835E-04 ( 2.399E-12,-6.887E-13) ( 6.328E-13,-1.823E-13)  1.00E-07
  3.150E+01 6.25636E-24 -5.048E-04 ( 2.326E-12,-6.531E-13) ( 6.238E-13,-1.758E-13)  1.00E-07
  3.200E+01 5.87976E-24 -5.266E-04 ( 2.256E-12,-6.196E-13) ( 6.151E-13,-1.696E-13)  1.00E-07
  3.250E+01 5.53107E-24 -5.489E-04 ( 2.189E-12,-5.881E-13) ( 6.066E-13,-1.637E-13)  1.00E-07
  3.300E+01 5.20782E-24 -5.717E-04 ( 2.124E-12,-5.583E-13) ( 5.983E-13,-1.579E-13)  1.00E-07
  3.350E+01 4.90781E-24 -5.951E-04 ( 2.063E-12,-5.302E-13) ( 5.902E-13,-1.524E-13)  1.00E-07
  3.400E+01 4.62907E-24 -6.189E-04 ( 2.004E-12,-5.037E-13) ( 5.823E-13,-1.471E-13)  1.00E-07
  3.450E+01 4.36981E-24 -6.432E-04 ( 1.947E-12,-4.786E-13) ( 5.746E-13,-1.420E-13)  1.00E-07
  3.500E+01 4.12840E-24 -6.680E-04 ( 1.892E-12,-4.549E-13) ( 5.671E-13,-1.371E-13)  1.00E-07
  3.550E+01 3.90340E-24 -6.934E-04 ( 1.840E-12,-4.325E-13) ( 5.597E-13,-1.323E-13)  1.00E-07
  3.600E+01 3.69348E-24 -7.192E-04 ( 1.790E-12,-4.113E-13) ( 5.525E-13,-1.277E-13)  1.00E-07
  3.650E+01 3.49744E-24 -7.456E-04 ( 1.741E-12,-3.912E-13) ( 5.455E-13,-1.233E-13)  1.00E-07
  3.700E+01 3.31419E-24 -7.724E-04 ( 1.695E-12,-3.721E-13) ( 5.386E-13,-1.190E-13)  1.00E-07
  3.750E+01 3.14273E-24 -7.998E-04 ( 1.650E-12,-3.541E-13) ( 5.319E-13,-1.149E-13)  1.00E-07
  3.800E+01 2.98218E-24 -8.277E-04 ( 1.606E-12,-3.370E-13) ( 5.254E-13,-1.110E-13)  1.00E-07
  3.850E+01 2.83170E-24 -8.561E-04 ( 1.565E-12,-3.207E-13) ( 5.189E-13,-1.071E-13)  1.00E-07
  3.900E+01 2.69054E-24 -8.850E-04 ( 1.524E-12,-3.053E-13) ( 5.126E-13,-1.034E-13)  1.00E-07
  3.950E+01 2.55803E-24 -9.144E-04 ( 1.486E-12,-2.906E-13) ( 5.065E-13,-9.985E-14)  1.00E-07
  4.000E+01 2.43352E-24 -9.443E-04 ( 1.448E-12,-2.767E-13) ( 5.004E-13,-9.639E-14)  1.00E-07
  4.050E+01 2.31645E-24 -9.747E-04 ( 1.412E-12,-2.634E-13) ( 4.945E-13,-9.305E-14)  1.00E-07
  4.100E+01 2.20629E-24 -1.006E-03 ( 1.377E-12,-2.508E-13) ( 4.887E-13,-8.981E-14)  1.00E-07
  4.150E+01 2.10255E-24 -1.037E-03 ( 1.343E-12,-2.388E-13) ( 4.830E-13,-8.668E-14)  1.00E-07
  4.200E+01 2.00479E-24 -1.069E-03 ( 1.311E-12,-2.274E-13) ( 4.775E-13,-8.365E-14)  1.00E-07
  4.250E+01 1.91260E-24 -1.102E-03 ( 1.279E-12,-2.165E-13) ( 4.720E-13,-8.072E-14)  1.00E-07
  4.300E+01 1.82561E-24 -1.135E-03 ( 1.249E-12,-2.062E-13) ( 4.666E-13,-7.788E-14)  1.00E-07
  4.350E+01 1.74345E-24 -1.168E-03 ( 1.219E-12,-1.963E-13) ( 4.614E-13,-7.513E-14)  1.00E-07
  4.400E+01 1.66583E-24 -1.202E-03 ( 1.191E-12,-1.869E-13) ( 4.562E-13,-7.247E-14)  1.00E-07
  4.450E+01 1.59243E-24 -1.237E-03 ( 1.163E-12,-1.780E-13) ( 4.511E-13,-6.988E-14)  1.00E-07
  4.500E+01 1.52299E-24 -1.272E-03 ( 1.136E-12,-1.694E-13) ( 4.462E-13,-6.738E-14)  1.00E-07
  4.550E+01 1.45725E-24 -1.307E-03 ( 1.110E-12,-1.612E-13) ( 4.413E-13,-6.496E-14)  1.00E-07
  4.600E+01 1.39498E-24 -1.344E-03 ( 1.085E-12,-1.535E-13) ( 4.365E-13,-6.261E-14)  1.00E-07
  4.650E+01 1.33595E-24 -1.380E-03 ( 1.060E-12,-1.460E-13) ( 4.318E-13,-6.032E-14)  1.00E-07
  4.700E+01 1.27998E-24 -1.417E-03 ( 1.037E-12,-1.389E-13) ( 4.272E-13,-5.811E-14)  1.00E-07
  4.750E+01 1.22687E-24 -1.455E-03 ( 1.014E-12,-1.321E-13) ( 4.226E-13,-5.597E-14)  1.00E-07
  4.800E+01 1.17644E-24 -1.493E-03 ( 9.914E-13,-1.257E-13) ( 4.181E-13,-5.388E-14)  1.00E-07
  4.850E+01 1.12854E-24 -1.532E-03 ( 9.697E-13,-1.195E-13) ( 4.137E-13,-5.186E-14)  1.00E-07
  4.900E+01 1.08302E-24 -1.571E-03 ( 9.487E-13,-1.136E-13) ( 4.094E-13,-4.990E-14)  1.00E-07
  4.950E+01 1.03973E-24 -1.611E-03 ( 9.282E-13,-1.079E-13) ( 4.052E-13,-4.800E-14)  1.00E-07
  5.000E+01 9.98554E-25 -1.651E-03 ( 9.084E-13,-1.025E-13) ( 4.010E-13,-4.615E-14)  1.00E-07
  5.050E+01 9.59357E-25 -1.692E-03 ( 8.891E-13,-9.732E-14) ( 3.968E-13,-4.435E-14)  1.00E-07
  5.100E+01 9.22031E-25 -1.734E-03 ( 8.703E-13,-9.237E-14) ( 3.928E-13,-4.261E-14)  1.00E-07
  5.150E+01 8.86469E-25 -1.776E-03 ( 8.520E-13,-8.763E-14) ( 3.888E-13,-4.091E-14)  1.00E-07
  5.200E+01 8.52572E-25 -1.818E-03 ( 8.343E-13,-8.310E-14) ( 3.849E-13,-3.927E-14)  1.00E-07
  5.250E+01 8.20248E-25 -1.861E-03 ( 8.170E-13,-7.876E-14) ( 3.810E-13,-3.767E-14)  1.00E-07
  5.300E+01 7.89411E-25 -1.905E-03 ( 8.002E-13,-7.461E-14) ( 3.772E-13,-3.611E-14)  1.00E-07
  5.350E+01 7.59979E-25 -1.949E-03 ( 7.838E-13,-7.064E-14) ( 3.735E-13,-3.460E-14)  1.00E-07
  5.400E+01 7.31875E-25 -1.993E-03 ( 7.678E-13,-6.683E-14) ( 3.698E-13,-3.313E-14)  1.00E-07
  5.450E+01 7.05030E-25 -2.038E-03 ( 7.523E-13,-6.319E-14) ( 3.661E-13,-3.171E-14)  1.00E-07
  5.500E+01 6.79375E-25 -2.084E-03 ( 7.372E-13,-5.969E-14) ( 3.626E-13,-3.032E-14)  1.00E-07
  5.550E+01 6.54849E-25 -2.130E-03 ( 7.224E-13,-5.635E-14) ( 3.590E-13,-2.897E-14)  1.00E-07
  5.600E+01 6.31393E-25 -2.177E-03 ( 7.081E-13,-5.315E-14) ( 3.556E-13,-2.766E-14)  1.00E-07
  5.650E+01 6.08950E-25 -2.225E-03 ( 6.941E-13,-5.008E-14) ( 3.521E-13,-2.638E-14)  1.00E-07
  5.700E+01 5.87470E-25 -2.272E-03 ( 6.804E-13,-4.714E-14) ( 3.487E-13,-2.514E-14)  1.00E-07
  5.750E+01 5.66902E-25 -2.321E-03 ( 6.671E-13,-4.432E-14) ( 3.454E-13,-2.393E-14)  1.00E-07
  5.800E+01 5.47202E-25 -2.370E-03 ( 6.541E-13,-4.162E-14) ( 3.421E-13,-2.276E-14)  1.00E-07
  5.850E+01 5.28326E-25 -2.419E-03 ( 6.415E-13,-3.903E-14) ( 3.389E-13,-2.161E-14)  1.00E-07
  5.900E+01 5.10232E-25 -2.470E-03 ( 6.291E-13,-3.655E-14) ( 3.357E-13,-2.050E-14)  1.00E-07
  5.950E+01 4.92884E-25 -2.520E-03 ( 6.171E-13,-3.417E-14) ( 3.325E-13,-1.942E-14)  1.00E-07
  6.000E+01 4.76243E-25 -2.572E-03 ( 6.053E-13,-3.189E-14) ( 3.294E-13,-1.837E-14)  1.00E-07
  6.050E+01 4.60276E-25 -2.623E-03 ( 5.938E-13,-2.971E-14) ( 3.263E-13,-1.734E-14)  1.00E-07
  6.100E+01 4.44950E-25 -2.676E-03 ( 5.826E-13,-2.762E-14) ( 3.233E-13,-1.635E-14)  1.00E-07
  6.150E+01 4.30236E-25 -2.729E-03 ( 5.716E-13,-2.561E-14) ( 3.203E-13,-1.538E-14)  1.00E-07
  6.200E+01 4.16104E-25 -2.782E-03 ( 5.609E-13,-2.369E-14) ( 3.174E-13,-1.443E-14)  1.00E-07
  6.250E+01 4.02526E-25 -2.836E-03 ( 5.504E-13,-2.184E-14) ( 3.144E-13,-1.351E-14)  1.00E-07
  6.300E+01 3.89478E-25 -2.891E-03 ( 5.402E-13,-2.008E-14) ( 3.116E-13,-1.262E-14)  1.00E-07
  6.350E+01 3.76934E-25 -2.946E-03 ( 5.302E-13,-1.838E-14) ( 3.087E-13,-1.175E-14)  1.00E-07
  6.400E+01 3.64872E-25 -3.002E-03 ( 5.205E-13,-1.676E-14) ( 3.059E-13,-1.090E-14)  1.00E-07
  6.450E+01 3.53270E-25 -3.059E-03 ( 5.109E-13,-1.520E-14) ( 3.031E-13,-1.008E-14)  1.00E-07
  6.500E+01 3.42106E-25 -3.116E-03 ( 5.016E-13,-1.371E-14) ( 3.004E-13,-9.276E-15)  1.00E-07
  6.550E+01 3.31362E-25 -3.173E-03 ( 4.925E-13,-1.229E-14) ( 2.977E-13,-8.495E-15)  1.00E-07
  6.600E+01 3.21018E-25 -3.232E-03 ( 4.835E-13,-1.092E-14) ( 2.950E-13,-7.734E-15)  1.00E-07
  6.650E+01 3.11058E-25 -3.290E-03 ( 4.748E-13,-9.607E-15) ( 2.924E-13,-6.994E-15)  1.00E-07
  6.700E+01 3.01463E-25 -3.350E-03 ( 4.663E-13,-8.352E-15) ( 2.898E-13,-6.273E-15)  1.00E-07
  6.750E+01 2.92219E-25 -3.410E-03 ( 4.579E-13,-7.149E-15) ( 2.872E-13,-5.572E-15)  1.00E-07
  6.800E+01 2.83310E-25 -3.471E-03 ( 4.497E-13,-5.998E-15) ( 2.846E-13,-4.889E-15)  1.00E-07
  6.850E+01 2.74722E-25 -3.532E-03 ( 4.417E-13,-4.895E-15) ( 2.821E-13,-4.225E-15)  1.00E-07
  6.900E+01 2.66441E-25 -3.594E-03 ( 4.339E-13,-3.840E-15) ( 2.796E-13,-3.578E-15)  1.00E-07
  6.950E+01 2.58454E-25 -3.656E-03 ( 4.262E-13,-2.830E-15) ( 2.771E-13,-2.949E-15)  1.00E-07
  7.000E+01 2.50749E-25 -3.719E-03 ( 4.187E-13,-1.863E-15) ( 2.747E-13,-2.336E-15)  1.00E-07
  7.050E+01 2.43314E-25 -3.783E-03 ( 4.113E-13,-9.383E-16) ( 2.723E-13,-1.740E-15)  1.00E-07
  7.100E+01 2.36138E-25 -3.848E-03 ( 4.041E-13,-5.374E-17) ( 2.699E-13,-1.160E-15)  1.00E-07
  7.150E+01 2.29210E-25 -3.913E-03 ( 3.970E-13, 7.922E-16) ( 2.675E-13,-5.956E-16)  1.00E-07
  7.200E+01 2.22520E-25 -3.978E-03 ( 3.901E-13, 1.601E-15) ( 2.652E-13,-4.630E-17)  1.00E-07
  7.250E+01 2.16059E-25 -4.045E-03 ( 3.833E-13, 2.374E-15) ( 2.629E-13, 4.881E-16)  1.00E-07
  7.300E+01 2.09817E-25 -4.112E-03 ( 3.767E-13, 3.112E-15) ( 2.606E-13, 1.008E-15)  1.00E-07
  7.350E+01 2.03786E-25 -4.179E-03 ( 3.702E-13, 3.817E-15) ( 2.584E-13, 1.514E-15)  1.00E-07
  7.400E+01 1.97956E-25 -4.248E-03 ( 3.638E-13, 4.491E-15) ( 2.561E-13, 2.006E-15)  1.00E-07
  7.450E+01 1.92321E-25 -4.317E-03 ( 3.575E-13, 5.133E-15) ( 2.539E-13, 2.485E-15)  1.00E-07
  7.500E+01 1.86873E-25 -4.386E-03 ( 3.514E-13, 5.746E-15) ( 2.517E-13, 2.950E-15)  1.00E-07
  7.550E+01 1.81603E-25 -4.457E-03 ( 3.454E-13, 6.331E-15) ( 2.495E-13, 3.403E-15)  1.00E-07
  7.600E+01 1.76506E-25 -4.528E-03 ( 3.395E-13, 6.888E-15) ( 2.474E-13, 3.843E-15)  1.00E-07
  7.650E+01 1.71574E-25 -4.600E-03 ( 3.337E-13, 7.419E-15) ( 2.453E-13, 4.271E-15)  1.00E-07
  7.700E+01 1.66802E-25 -4.672E-03 ( 3.280E-13, 7.924E-15) ( 2.432E-13, 4.687E-15)  1.00E-07
  7.750E+01 1.62183E-25 -4.745E-03 ( 3.224E-13, 8.405E-15) ( 2.411E-13, 5.091E-15)  1.00E-07
  7.800E+01 1.57712E-25 -4.819E-03 ( 3.170E-13, 8.862E-15) ( 2.390E-13, 5.484E-15)  1.00E-07
  7.850E+01 1.53383E-25 -4.894E-03 ( 3.116E-13, 9.297E-15) ( 2.370E-13, 5.866E-15)  1.00E-07
  7.900E+01 1.49190E-25 -4.969E-03 ( 3.064E-13, 9.709E-15) ( 2.350E-13, 6.237E-15)  1.00E-07
  7.950E+01 1.45129E-25 -5.045E-03 ( 3.012E-13, 1.010E-14) ( 2.329E-13, 6.597E-15)  1.00E-07
  8.000E+01 1.41194E-25 -5.122E-03 ( 2.961E-13, 1.047E-14) ( 2.310E-13, 6.947E-15)  1.00E-07
  8.050E+01 1.37382E-25 -5.199E-03 ( 2.912E-13, 1.082E-14) ( 2.290E-13, 7.287E-15)  1.00E-07
  8.100E+01 1.33687E-25 -5.277E-03 ( 2.863E-13, 1.116E-14) ( 2.270E-13, 7.616E-15)  1.00E-07
  8.150E+01 1.30105E-25 -5.356E-03 ( 2.815E-13, 1.147E-14) ( 2.251E-13, 7.937E-15)  1.00E-07
  8.200E+01 1.26633E-25 -5.436E-03 ( 2.768E-13, 1.177E-14) ( 2.232E-13, 8.247E-15)  1.00E-07
  8.250E+01 1.23266E-25 -5.517E-03 ( 2.722E-13, 1.205E-14) ( 2.213E-13, 8.549E-15)  1.00E-07
  8.300E+01 1.20001E-25 -5.598E-03 ( 2.676E-13, 1.231E-14) ( 2.194E-13, 8.841E-15)  1.00E-07
  8.350E+01 1.16834E-25 -5.680E-03 ( 2.632E-13, 1.256E-14) ( 2.176E-13, 9.124E-15)  1.00E-07
  8.400E+01 1.13762E-25 -5.763E-03 ( 2.588E-13, 1.280E-14) ( 2.157E-13, 9.399E-15)  1.00E-07
  8.450E+01 1.10780E-25 -5.847E-03 ( 2.545E-13, 1.301E-14) ( 2.139E-13, 9.665E-15)  1.00E-07
  8.500E+01 1.07887E-25 -5.931E-03 ( 2.503E-13, 1.322E-14) ( 2.121E-13, 9.923E-15)  1.00E-07
  8.550E+01 1.05079E-25 -6.017E-03 ( 2.461E-13, 1.341E-14) ( 2.103E-13, 1.017E-14)  1.00E-07
  8.600E+01 1.02353E-25 -6.103E-03 ( 2.421E-13, 1.359E-14) ( 2.085E-13, 1.042E-14)  1.00E-07
  8.650E+01 9.97061E-26 -6.190E-03 ( 2.381E-13, 1.376E-14) ( 2.067E-13, 1.065E-14)  1.00E-07
  8.700E+01 9.71359E-26 -6.278E-03 ( 2.341E-13, 1.391E-14) ( 2.050E-13, 1.088E-14)  1.00E-07
  8.750E+01 9.46398E-26 -6.366E-03 ( 2.303E-13, 1.405E-14) ( 2.032E-13, 1.109E-14)  1.00E-07
  8.800E+01 9.22152E-26 -6.456E-03 ( 2.265E-13, 1.418E-14) ( 2.015E-13, 1.131E-14)  1.00E-07
  8.850E+01 8.98598E-26 -6.546E-03 ( 2.227E-13, 1.430E-14) ( 1.998E-13, 1.151E-14)  1.00E-07
  8.900E+01 8.75712E-26 -6.638E-03 ( 2.190E-13, 1.441E-14) ( 1.981E-13, 1.171E-14)  1.00E-07
  8.950E+01 8.53472E-26 -6.730E-03 ( 2.154E-13, 1.451E-14) ( 1.964E-13, 1.190E-14)  1.00E-07
  9.000E+01 8.31857E-26 -6.823E-03 ( 2.119E-13, 1.460E-14) ( 1.947E-13, 1.208E-14)  1.00E-07
  9.050E+01 8.10846E-26 -6.917E-03 ( 2.084E-13, 1.469E-14) ( 1.931E-13, 1.226E-14)  1.00E-07
  9.100E+01 7.90420E-26 -7.012E-03 ( 2.050E-13, 1.476E-14) ( 1.915E-13, 1.243E-14)  1.00E-07
  9.150E+01 7.70560E-26 -7.108E-03 ( 2.016E-13, 1.482E-14) ( 1.898E-13, 1.260E-14)  1.00E-07
  9.200E+01 7.51247E-26 -7.205E-03 ( 1.983E-13, 1.488E-14) ( 1.882E-13, 1.275E-14)  1.00E-07
  9.250E+01 7.32464E-26 -7.303E-03 ( 1.950E-13, 1.492E-14) ( 1.866E-13, 1.291E-14)  1.00E-07
  9.300E+01 7.14195E-26 -7.402E-03 ( 1.918E-13, 1.496E-14) ( 1.850E-13, 1.305E-14)  1.00E-07
  9.350E+01 6.96422E-26 -7.502E-03 ( 1.887E-13, 1.500E-14) ( 1.834E-13, 1.319E-14)  1.00E-07
  9.400E+01 6.79130E-26 -7.603E-03 ( 1.856E-13, 1.502E-14) ( 1.819E-13, 1.333E-14)  1.00E-07
  9.450E+01 6.62304E-26 -7.705E-03 ( 1.825E-13, 1.504E-14) ( 1.803E-13, 1.346E-14)  1.00E-07
  9.500E+01 6.45929E-26 -7.808E-03 ( 1.795E-13, 1.505E-14) ( 1.788E-13, 1.358E-14)  1.00E-07
  9.550E+01 6.29992E-26 -7.912E-03 ( 1.766E-13, 1.506E-14) ( 1.772E-13, 1.370E-14)  1.00E-07
  9.600E+01 6.14478E-26 -8.017E-03 ( 1.737E-13, 1.506E-14) ( 1.757E-13, 1.381E-14)  1.00E-07
  9.650E+01 5.99375E-26 -8.124E-03 ( 1.708E-13, 1.505E-14) ( 1.742E-13, 1.392E-14)  1.00E-07
  9.700E+01 5.84670E-26 -8.231E-03 ( 1.680E-13, 1.504E-14) ( 1.727E-13, 1.403E-14)  1.00E-07
  9.750E+01 5.70352E-26 -8.339E-03 ( 1.652E-13, 1.502E-14) ( 1.712E-13, 1.412E-14)  1.00E-07
  9.800E+01 5.56407E-26 -8.449E-03 ( 1.625E-13, 1.500E-14) ( 1.697E-13, 1.422E-14)  1.00E-07
  9.850E+01 5.42825E-26 -8.560E-03 ( 1.598E-13, 1.497E-14) ( 1.683E-13, 1.431E-14)  1.00E-07
  9.900E+01 5.29595E-26 -8.671E-03 ( 1.572E-13, 1.494E-14) ( 1.668E-13, 1.439E-14)  1.00E-07
  9.950E+01 5.16707E-26 -8.785E-03 ( 1.546E-13, 1.490E-14) ( 1.653E-13, 1.447E-14)  1.00E-07
  1.000E+02 5.04150E-26 -8.899E-03 ( 1.520E-13, 1.486E-14) ( 1.639E-13, 1.454E-14)  1.00E-07
  1.005E+02 4.91915E-26 -9.014E-03 ( 1.495E-13, 1.481E-14) ( 1.625E-13, 1.461E-14)  1.00E-07
  1.010E+02 4.79991E-26 -9.131E-03 ( 1.471E-13, 1.476E-14) ( 1.611E-13, 1.468E-14)  1.00E-07
  1.015E+02 4.68370E-26 -9.249E-03 ( 1.446E-13, 1.471E-14) ( 1.596E-13, 1.474E-14)  1.00E-07
  1.020E+02 4.57044E-26 -9.368E-03 ( 1.422E-13, 1.465E-14) ( 1.582E-13, 1.480E-14)  1.00E-07
  1.025E+02 4.46002E-26 -9.489E-03 ( 1.399E-13, 1.459E-14) ( 1.569E-13, 1.485E-14)  1.00E-07
  1.030E+02 4.35238E-26 -9.611E-03 ( 1.375E-13, 1.453E-14) ( 1.555E-13, 1.490E-14)  1.00E-07
  1.035E+02 4.24743E-26 -9.734E-03 ( 1.353E-13, 1.446E-14) ( 1.541E-13, 1.495E-14)  1.00E-07
  1.040E+02 4.14510E-26 -9.859E-03 ( 1.330E-13, 1.439E-14) ( 1.527E-13, 1.499E-14)  1.00E-07
  1.045E+02 4.04530E-26 -9.985E-03 ( 1.308E-13, 1.432E-14) ( 1.514E-13, 1.503E-14)  1.00E-07
  1.050E+02 3.94797E-26 -1.011E-02 ( 1.286E-13, 1.424E-14) ( 1.500E-13, 1.506E-14)  1.00E-07
  1.055E+02 3.85304E-26 -1.024E-02 ( 1.265E-13, 1.416E-14) ( 1.487E-13, 1.509E-14)  1.00E-07
  1.060E+02 3.76044E-26 -1.037E-02 ( 1.243E-13, 1.408E-14) ( 1.474E-13, 1.512E-14)  1.00E-07
  1.065E+02 3.67010E-26 -1.050E-02 ( 1.223E-13, 1.399E-14) ( 1.460E-13, 1.514E-14)  1.00E-07
  1.070E+02 3.58197E-26 -1.064E-02 ( 1.202E-13, 1.391E-14) ( 1.447E-13, 1.516E-14)  1.00E-07
  1.075E+02 3.49597E-26 -1.077E-02 ( 1.182E-13, 1.382E-14) ( 1.434E-13, 1.518E-14)  1.00E-07
  1.080E+02 3.41206E-26 -1.091E-02 ( 1.162E-13, 1.373E-14) ( 1.421E-13, 1.519E-14)  1.00E-07
  1.085E+02 3.33017E-26 -1.105E-02 ( 1.142E-13, 1.363E-14) ( 1.408E-13, 1.520E-14)  1.00E-07
  1.090E+02 3.25025E-26 -1.119E-02 ( 1.123E-13, 1.354E-14) ( 1.396E-13, 1.520E-14)  1.00E-07
  1.095E+02 3.17224E-26 -1.133E-02 ( 1.104E-13, 1.344E-14) ( 1.383E-13, 1.521E-14)  1.00E-07
  1.100E+02 3.09610E-26 -1.147E-02 ( 1.085E-13, 1.334E-14) ( 1.370E-13, 1.521E-14)  1.00E-07
  1.105E+02 3.02176E-26 -1.162E-02 ( 1.067E-13, 1.324E-14) ( 1.358E-13, 1.521E-14)  1.00E-07
  1.110E+02 2.94920E-26 -1.176E-02 ( 1.049E-13, 1.314E-14) ( 1.345E-13, 1.520E-14)  1.00E-07
  1.115E+02 2.87834E-26 -1.191E-02 ( 1.031E-13, 1.304E-14) ( 1.333E-13, 1.519E-14)  1.00E-07
  1.120E+02 2.80916E-26 -1.206E-02 ( 1.013E-13, 1.293E-14) ( 1.320E-13, 1.518E-14)  1.00E-07
  1.125E+02 2.74160E-26 -1.221E-02 ( 9.959E-14, 1.283E-14) ( 1.308E-13, 1.517E-14)  1.00E-07
  1.130E+02 2.67563E-26 -1.237E-02 ( 9.788E-14, 1.272E-14) ( 1.296E-13, 1.515E-14)  1.00E-07
  1.135E+02 2.61119E-26 -1.252E-02 ( 9.620E-14, 1.261E-14) ( 1.283E-13, 1.513E-14)  1.00E-07
  1.140E+02 2.54826E-26 -1.268E-02 ( 9.454E-14, 1.250E-14) ( 1.271E-13, 1.511E-14)  1.00E-07
  1.145E+02 2.48679E-26 -1.284E-02 ( 9.291E-14, 1.239E-14) ( 1.259E-13, 1.508E-14)  1.00E-07
  1.150E+02 2.42674E-26 -1.300E-02 ( 9.130E-14, 1.228E-14) ( 1.247E-13, 1.505E-14)  1.00E-07
  1.155E+02 2.36808E-26 -1.317E-02 ( 8.971E-14, 1.217E-14) ( 1.235E-13, 1.502E-14)  1.00E-07
  1.160E+02 2.31076E-26 -1.333E-02 ( 8.815E-14, 1.206E-14) ( 1.223E-13, 1.499E-14)  1.00E-07
  1.165E+02 2.25477E-26 -1.350E-02 ( 8.661E-14, 1.195E-14) ( 1.212E-13, 1.495E-14)  1.00E-07
  1.170E+02 2.20006E-26 -1.367E-02 ( 8.510E-14, 1.183E-14) ( 1.200E-13, 1.492E-14)  1.00E-07
  1.175E+02 2.14659E-26 -1.385E-02 ( 8.361E-14, 1.172E-14) ( 1.188E-13, 1.488E-14)  1.00E-07
  1.180E+02 2.09435E-26 -1.402E-02 ( 8.214E-14, 1.160E-14) ( 1.177E-13, 1.483E-14)  1.00E-07
  1.185E+02 2.04329E-26 -1.420E-02 ( 8.069E-14, 1.149E-14) ( 1.165E-13, 1.479E-14)  1.00E-07
  1.190E+02 1.99339E-26 -1.438E-02 ( 7.926E-14, 1.137E-14) ( 1.153E-13, 1.474E-14)  1.00E-07
  1.195E+02 1.94461E-26 -1.456E-02 ( 7.785E-14, 1.126E-14) ( 1.142E-13, 1.469E-14)  1.00E-07
  1.200E+02 1.89694E-26 -1.475E-02 ( 7.647E-14, 1.114E-14) ( 1.131E-13, 1.464E-14)  1.00E-07
  1.205E+02 1.85034E-26 -1.494E-02 ( 7.511E-14, 1.102E-14) ( 1.119E-13, 1.459E-14)  1.00E-07
  1.210E+02 1.80479E-26 -1.513E-02 ( 7.376E-14, 1.091E-14) ( 1.108E-13, 1.453E-14)  1.00E-07
  1.215E+02 1.76026E-26 -1.532E-02 ( 7.244E-14, 1.079E-14) ( 1.097E-13, 1.447E-14)  1.00E-07
  1.220E+02 1.71672E-26 -1.552E-02 ( 7.114E-14, 1.067E-14) ( 1.086E-13, 1.441E-14)  1.00E-07
  1.225E+02 1.67415E-26 -1.572E-02 ( 6.985E-14, 1.055E-14) ( 1.074E-13, 1.435E-14)  1.00E-07
  1.230E+02 1.63254E-26 -1.592E-02 ( 6.859E-14, 1.044E-14) ( 1.063E-13, 1.429E-14)  1.00E-07
  1.235E+02 1.59185E-26 -1.612E-02 ( 6.734E-14, 1.032E-14) ( 1.052E-13, 1.422E-14)  1.00E-07
  1.240E+02 1.55206E-26 -1.633E-02 ( 6.611E-14, 1.020E-14) ( 1.041E-13, 1.415E-14)  1.00E-07
  1.245E+02 1.51315E-26 -1.655E-02 ( 6.490E-14, 1.009E-14) ( 1.030E-13, 1.409E-14)  1.00E-07
  1.250E+02 1.47510E-26 -1.676E-02 ( 6.371E-14, 9.969E-15) ( 1.020E-13, 1.401E-14)  1.00E-07
  1.255E+02 1.43789E-26 -1.698E-02 ( 6.254E-14, 9.853E-15) ( 1.009E-13, 1.394E-14)  1.00E-07
  1.260E+02 1.40151E-26 -1.720E-02 ( 6.138E-14, 9.736E-15) ( 9.980E-14, 1.387E-14)  1.00E-07
  1.265E+02 1.36592E-26 -1.743E-02 ( 6.025E-14, 9.620E-15) ( 9.873E-14, 1.379E-14)  1.00E-07
  1.270E+02 1.33111E-26 -1.765E-02 ( 5.912E-14, 9.504E-15) ( 9.766E-14, 1.371E-14)  1.00E-07
  1.275E+02 1.29707E-26 -1.789E-02 ( 5.802E-14, 9.389E-15) ( 9.659E-14, 1.363E-14)  1.00E-07
  1.280E+02 1.26378E-26 -1.812E-02 ( 5.693E-14, 9.274E-15) ( 9.553E-14, 1.355E-14)  1.00E-07
  1.285E+02 1.23121E-26 -1.836E-02 ( 5.586E-14, 9.159E-15) ( 9.448E-14, 1.347E-14)  1.00E-07
  1.290E+02 1.19935E-26 -1.861E-02 ( 5.481E-14, 9.045E-15) ( 9.343E-14, 1.338E-14)  1.00E-07
  1.295E+02 1.16820E-26 -1.886E-02 ( 5.377E-14, 8.931E-15) ( 9.238E-14, 1.330E-14)  1.00E-07
  1.300E+02 1.13772E-26 -1.911E-02 ( 5.275E-14, 8.818E-15) ( 9.134E-14, 1.321E-14)  1.00E-07
  1.305E+02 1.10790E-26 -1.937E-02 ( 5.174E-14, 8.705E-15) ( 9.030E-14, 1.312E-14)  1.00E-07
  1.310E+02 1.07874E-26 -1.963E-02 ( 5.075E-14, 8.593E-15) ( 8.927E-14, 1.303E-14)  1.00E-07
  1.315E+02 1.05021E-26 -1.990E-02 ( 4.977E-14, 8.481E-15) ( 8.824E-14, 1.294E-14)  1.00E-07
  1.320E+02 1.02230E-26 -2.017E-02 ( 4.881E-14, 8.370E-15) ( 8.721E-14, 1.284E-14)  1.00E-07
  1.325E+02 9.94995E-27 -2.044E-02 ( 4.787E-14, 8.259E-15) ( 8.619E-14, 1.275E-14)  1.00E-07
  1.330E+02 9.68286E-27 -2.073E-02 ( 4.693E-14, 8.149E-15) ( 8.517E-14, 1.265E-14)  1.00E-07
  1.335E+02 9.42158E-27 -2.101E-02 ( 4.602E-14, 8.040E-15) ( 8.415E-14, 1.255E-14)  1.00E-07
  1.340E+02 9.16598E-27 -2.130E-02 ( 4.511E-14, 7.931E-15) ( 8.314E-14, 1.245E-14)  1.00E-07
  1.345E+02 8.91593E-27 -2.160E-02 ( 4.423E-14, 7.824E-15) ( 8.214E-14, 1.235E-14)  1.00E-07
  1.350E+02 8.67132E-27 -2.191E-02 ( 4.335E-14, 7.716E-15) ( 8.113E-14, 1.225E-14)  1.00E-07
  1.355E+02 8.43203E-27 -2.221E-02 ( 4.249E-14, 7.610E-15) ( 8.013E-14, 1.215E-14)  1.00E-07
  1.360E+02 8.19793E-27 -2.253E-02 ( 4.164E-14, 7.505E-15) ( 7.914E-14, 1.204E-14)  1.00E-07
  1.365E+02 7.96894E-27 -2.285E-02 ( 4.081E-14, 7.400E-15) ( 7.814E-14, 1.194E-14)  1.00E-07
  1.370E+02 7.74493E-27 -2.318E-02 ( 3.999E-14, 7.296E-15) ( 7.715E-14, 1.183E-14)  1.00E-07
  1.375E+02 7.52579E-27 -2.352E-02 ( 3.918E-14, 7.193E-15) ( 7.617E-14, 1.172E-14)  1.00E-07
  1.380E+02 7.31144E-27 -2.386E-02 ( 3.839E-14, 7.090E-15) ( 7.518E-14, 1.161E-14)  1.00E-07
  1.385E+02 7.10177E-27 -2.421E-02 ( 3.761E-14, 6.989E-15) ( 7.420E-14, 1.150E-14)  1.00E-07
  1.390E+02 6.89667E-27 -2.456E-02 ( 3.684E-14, 6.888E-15) ( 7.323E-14, 1.139E-14)  1.00E-07
  1.395E+02 6.69607E-27 -2.493E-02 ( 3.608E-14, 6.788E-15) ( 7.225E-14, 1.128E-14)  1.00E-07
  1.400E+02 6.49986E-27 -2.530E-02 ( 3.534E-14, 6.690E-15) ( 7.128E-14, 1.117E-14)  1.00E-07
  1.405E+02 6.30796E-27 -2.568E-02 ( 3.461E-14, 6.592E-15) ( 7.032E-14, 1.105E-14)  1.00E-07
  1.410E+02 6.12028E-27 -2.607E-02 ( 3.389E-14, 6.495E-15) ( 6.935E-14, 1.094E-14)  1.00E-07
  1.415E+02 5.93673E-27 -2.647E-02 ( 3.318E-14, 6.399E-15) ( 6.839E-14, 1.082E-14)  1.00E-07
  1.420E+02 5.75724E-27 -2.687E-02 ( 3.249E-14, 6.304E-15) ( 6.743E-14, 1.070E-14)  1.00E-07
  1.425E+02 5.58172E-27 -2.729E-02 ( 3.181E-14, 6.210E-15) ( 6.648E-14, 1.058E-14)  1.00E-07
  1.430E+02 5.41010E-27 -2.772E-02 ( 3.114E-14, 6.117E-15) ( 6.553E-14, 1.046E-14)  1.00E-07
  1.435E+02 5.24229E-27 -2.815E-02 ( 3.048E-14, 6.025E-15) ( 6.458E-14, 1.034E-14)  1.00E-07
  1.440E+02 5.07823E-27 -2.860E-02 ( 2.983E-14, 5.934E-15) ( 6.363E-14, 1.022E-14)  1.00E-07
  1.445E+02 4.91785E-27 -2.906E-02 ( 2.919E-14, 5.844E-15) ( 6.269E-14, 1.010E-14)  1.00E-07
  1.450E+02 4.76106E-27 -2.953E-02 ( 2.857E-14, 5.755E-15) ( 6.174E-14, 9.978E-15)  1.00E-07
  1.455E+02 4.60782E-27 -3.001E-02 ( 2.795E-14, 5.667E-15) ( 6.081E-14, 9.854E-15)  1.00E-07
  1.460E+02 4.45804E-27 -3.051E-02 ( 2.735E-14, 5.580E-15) ( 5.987E-14, 9.729E-15)  1.00E-07
  1.465E+02 4.31166E-27 -3.102E-02 ( 2.676E-14, 5.494E-15) ( 5.894E-14, 9.603E-15)  1.00E-07
  1.470E+02 4.16863E-27 -3.154E-02 ( 2.618E-14, 5.410E-15) ( 5.800E-14, 9.477E-15)  1.00E-07
  1.475E+02 4.02887E-27 -3.207E-02 ( 2.560E-14, 5.326E-15) ( 5.707E-14, 9.349E-15)  1.00E-07
  1.480E+02 3.89234E-27 -3.262E-02 ( 2.504E-14, 5.244E-15) ( 5.615E-14, 9.221E-15)  1.00E-07
  1.485E+02 3.75897E-27 -3.319E-02 ( 2.449E-14, 5.162E-15) ( 5.522E-14, 9.092E-15)  1.00E-07
  1.490E+02 3.62870E-27 -3.377E-02 ( 2.396E-14, 5.082E-15) ( 5.430E-14, 8.963E-15)  1.00E-07
  1.495E+02 3.50149E-27 -3.436E-02 ( 2.343E-14, 5.003E-15) ( 5.338E-14, 8.832E-15)  1.00E-07
  1.500E+02 3.37727E-27 -3.498E-02 ( 2.291E-14, 4.925E-15) ( 5.246E-14, 8.701E-15)  1.00E-07
  1.505E+02 3.25600E-27 -3.561E-02 ( 2.240E-14, 4.848E-15) ( 5.155E-14, 8.569E-15)  1.00E-07
  1.510E+02 3.13763E-27 -3.627E-02 ( 2.190E-14, 4.773E-15) ( 5.064E-14, 8.437E-15)  1.00E-07
  1.515E+02 3.02210E-27 -3.694E-02 ( 2.141E-14, 4.698E-15) ( 4.972E-14, 8.303E-15)  1.00E-07
  1.520E+02 2.90937E-27 -3.763E-02 ( 2.094E-14, 4.625E-15) ( 4.882E-14, 8.169E-15)  1.00E-07
  1.525E+02 2.79939E-27 -3.835E-02 ( 2.047E-14, 4.553E-15) ( 4.791E-14, 8.035E-15)  1.00E-07
  1.530E+02 2.69212E-27 -3.908E-02 ( 2.001E-14, 4.482E-15) ( 4.700E-14, 7.900E-15)  1.00E-07
  1.535E+02 2.58751E-27 -3.985E-02 ( 1.956E-14, 4.412E-15) ( 4.610E-14, 7.764E-15)  1.00E-07
  1.540E+02 2.48552E-27 -4.063E-02 ( 1.912E-14, 4.344E-15) ( 4.520E-14, 7.627E-15)  1.00E-07
  1.545E+02 2.38611E-27 -4.145E-02 ( 1.869E-14, 4.277E-15) ( 4.430E-14, 7.490E-15)  1.00E-07
  1.550E+02 2.28924E-27 -4.229E-02 ( 1.827E-14, 4.210E-15) ( 4.340E-14, 7.353E-15)  1.00E-07
  1.555E+02 2.19487E-27 -4.316E-02 ( 1.786E-14, 4.146E-15) ( 4.251E-14, 7.215E-15)  1.00E-07
  1.560E+02 2.10296E-27 -4.406E-02 ( 1.746E-14, 4.082E-15) ( 4.161E-14, 7.076E-15)  1.00E-07
  1.565E+02 2.01347E-27 -4.500E-02 ( 1.706E-14, 4.020E-15) ( 4.072E-14, 6.937E-15)  1.00E-07
  1.570E+02 1.92637E-27 -4.596E-02 ( 1.668E-14, 3.958E-15) ( 3.983E-14, 6.797E-15)  1.00E-07
  1.575E+02 1.84163E-27 -4.697E-02 ( 1.631E-14, 3.899E-15) ( 3.894E-14, 6.657E-15)  1.00E-07
  1.580E+02 1.75920E-27 -4.801E-02 ( 1.594E-14, 3.840E-15) ( 3.805E-14, 6.516E-15)  1.00E-07
  1.585E+02 1.67907E-27 -4.910E-02 ( 1.559E-14, 3.782E-15) ( 3.716E-14, 6.374E-15)  1.00E-07
  1.590E+02 1.60119E-27 -5.022E-02 ( 1.524E-14, 3.726E-15) ( 3.628E-14, 6.233E-15)  1.00E-07
  1.595E+02 1.52553E-27 -5.139E-02 ( 1.490E-14, 3.671E-15) ( 3.540E-14, 6.090E-15)  1.00E-07
  1.600E+02 1.45207E-27 -5.261E-02 ( 1.457E-14, 3.618E-15) ( 3.451E-14, 5.948E-15)  1.00E-07
  1.605E+02 1.38078E-27 -5.388E-02 ( 1.425E-14, 3.565E-15) ( 3.363E-14, 5.804E-15)  1.00E-07
  1.610E+02 1.31162E-27 -5.520E-02 ( 1.394E-14, 3.514E-15) ( 3.276E-14, 5.661E-15)  1.00E-07
  1.615E+02 1.24457E-27 -5.658E-02 ( 1.364E-14, 3.465E-15) ( 3.188E-14, 5.517E-15)  1.00E-07
  1.620E+02 1.17961E-27 -5.802E-02 ( 1.334E-14, 3.416E-15) ( 3.100E-14, 5.372E-15)  1.00E-07
  1.625E+02 1.11671E-27 -5.952E-02 ( 1.306E-14, 3.369E-15) ( 3.013E-14, 5.228E-15)  1.00E-07
  1.630E+02 1.05585E-27 -6.109E-02 ( 1.278E-14, 3.323E-15) ( 2.925E-14, 5.082E-15)  1.00E-07
  1.635E+02 9.96997E-28 -6.273E-02 ( 1.251E-14, 3.278E-15) ( 2.838E-14, 4.937E-15)  1.00E-07
  1.640E+02 9.40134E-28 -6.444E-02 ( 1.225E-14, 3.235E-15) ( 2.751E-14, 4.791E-15)  1.00E-07
  1.645E+02 8.85238E-28 -6.624E-02 ( 1.200E-14, 3.193E-15) ( 2.664E-14, 4.645E-15)  1.00E-07
  1.650E+02 8.32287E-28 -6.812E-02 ( 1.176E-14, 3.152E-15) ( 2.577E-14, 4.498E-15)  1.00E-07
  1.655E+02 7.81263E-28 -7.008E-02 ( 1.152E-14, 3.113E-15) ( 2.490E-14, 4.351E-15)  1.00E-07
  1.660E+02 7.32145E-28 -7.214E-02 ( 1.129E-14, 3.075E-15) ( 2.403E-14, 4.204E-15)  1.00E-07
  1.665E+02 6.84914E-28 -7.430E-02 ( 1.107E-14, 3.038E-15) ( 2.316E-14, 4.056E-15)  1.00E-07
  1.670E+02 6.39552E-28 -7.656E-02 ( 1.086E-14, 3.002E-15) ( 2.230E-14, 3.909E-15)  1.00E-07
  1.675E+02 5.96043E-28 -7.893E-02 ( 1.066E-14, 2.968E-15) ( 2.143E-14, 3.761E-15)  1.00E-07
  1.680E+02 5.54369E-28 -8.141E-02 ( 1.047E-14, 2.935E-15) ( 2.057E-14, 3.612E-15)  1.00E-07
  1.685E+02 5.14514E-28 -8.400E-02 ( 1.028E-14, 2.904E-15) ( 1.971E-14, 3.464E-15)  1.00E-07
  1.690E+02 4.76465E-28 -8.671E-02 ( 1.011E-14, 2.874E-15) ( 1.884E-14, 3.315E-15)  1.00E-07
  1.695E+02 4.40205E-28 -8.953E-02 ( 9.936E-15, 2.845E-15) ( 1.798E-14, 3.166E-15)  1.00E-07
  1.700E+02 4.05722E-28 -9.245E-02 ( 9.774E-15, 2.817E-15) ( 1.712E-14, 3.016E-15)  1.00E-07
  1.705E+02 3.73002E-28 -9.548E-02 ( 9.621E-15, 2.791E-15) ( 1.626E-14, 2.867E-15)  1.00E-07
  1.710E+02 3.42033E-28 -9.859E-02 ( 9.475E-15, 2.766E-15) ( 1.540E-14, 2.717E-15)  1.00E-07
  1.715E+02 3.12803E-28 -1.018E-01 ( 9.338E-15, 2.743E-15) ( 1.454E-14, 2.567E-15)  1.00E-07
  1.720E+02 2.85302E-28 -1.050E-01 ( 9.209E-15, 2.721E-15) ( 1.368E-14, 2.417E-15)  1.00E-07
  1.725E+02 2.59519E-28 -1.081E-01 ( 9.087E-15, 2.700E-15) ( 1.283E-14, 2.267E-15)  1.00E-07
  1.730E+02 2.35444E-28 -1.112E-01 ( 8.973E-15, 2.680E-15) ( 1.197E-14, 2.116E-15)  1.00E-07
  1.735E+02 2.13068E-28 -1.140E-01 ( 8.868E-15, 2.662E-15) ( 1.111E-14, 1.966E-15)  1.00E-07
  1.740E+02 1.92383E-28 -1.165E-01 ( 8.770E-15, 2.645E-15) ( 1.026E-14, 1.815E-15)  1.00E-07
  1.745E+02 1.73381E-28 -1.185E-01 ( 8.680E-15, 2.630E-15) ( 9.400E-15, 1.664E-15)  1.00E-07
  1.750E+02 1.56056E-28 -1.196E-01 ( 8.598E-15, 2.616E-15) ( 8.544E-15, 1.513E-15)  1.00E-07
  1.755E+02 1.40399E-28 -1.196E-01 ( 8.524E-15, 2.603E-15) ( 7.689E-15, 1.362E-15)  1.00E-07
  1.760E+02 1.26407E-28 -1.181E-01 ( 8.457E-15, 2.591E-15) ( 6.834E-15, 1.211E-15)  1.00E-07
  1.765E+02 1.14073E-28 -1.145E-01 ( 8.399E-15, 2.581E-15) ( 5.979E-15, 1.060E-15)  1.00E-07
  1.770E+02 1.03393E-28 -1.082E-01 ( 8.348E-15, 2.572E-15) ( 5.124E-15, 9.087E-16)  1.00E-07
  1.775E+02 9.43623E-29 -9.882E-02 ( 8.305E-15, 2.565E-15) ( 4.270E-15, 7.573E-16)  1.00E-07
  1.780E+02 8.69784E-29 -8.575E-02 ( 8.270E-15, 2.559E-15) ( 3.416E-15, 6.059E-16)  1.00E-07
  1.785E+02 8.12381E-29 -6.885E-02 ( 8.243E-15, 2.554E-15) ( 2.562E-15, 4.545E-16)  1.00E-07
  1.790E+02 7.71395E-29 -4.834E-02 ( 8.223E-15, 2.551E-15) ( 1.708E-15, 3.030E-16)  1.07E-07
  1.795E+02 7.46810E-29 -2.496E-02 ( 8.212E-15, 2.549E-15) ( 8.538E-16, 1.515E-16)  1.50E-07
  1.800E+02 7.38620E-29 -3.542E-16 ( 8.208E-15, 2.548E-15) ( 1.198E-29, 2.126E-30)  7.18E-07

  **** DPWA0 ended ************************************************************

