-0.0243502926634244
0.0243502926634244
-0.0729931217877990
0.0729931217877990
-0.1214628192961206
0.1214628192961206
-0.1696444204239928
0.1696444204239928
-0.2174236437400071
0.2174236437400071
-0.2646871622087674
0.2646871622087674
-0.3113228719902110
0.3113228719902110
-0.3572201583376681
0.3572201583376681
-0.4022701579639916
0.4022701579639916
-0.4463660172534641
0.4463660172534641
-0.4894031457070530
0.4894031457070530
-0.5312794640198946
0.5312794640198946
-0.5718956462026340
0.5718956462026340
-0.6111553551723933
0.6111553551723933
-0.6489654712546573
0.6489654712546573
-0.6852363130542333
0.6852363130542333
-0.7198818501716109
0.7198818501716109
-0.7528199072605319
0.7528199072605319
-0.7839723589433414
0.7839723589433414
-0.8132653151227975
0.8132653151227975
-0.8406292962525803
0.8406292962525803
-0.8659993981540928
0.8659993981540928
-0.8893154459951141
0.8893154459951141
-0.9105221370785028
0.9105221370785028
-0.9295691721319396
0.9295691721319396
-0.9464113748584028
0.9464113748584028
-0.9610087996520538
0.9610087996520538
-0.9733268277899110
0.9733268277899110
-0.9833362538846260
0.9833362538846260
-0.9910133714767443
0.9910133714767443
-0.9963401167719553
0.9963401167719553
-0.9993050417357722
0.9993050417357722