-0.0483076656877383
0.0483076656877383
-0.1444719615827965
0.1444719615827965
-0.2392873622521371
0.2392873622521371
-0.3318686022821277
0.3318686022821277
-0.4213512761306353
0.4213512761306353
-0.5068999089322294
0.5068999089322294
-0.5877157572407623
0.5877157572407623
-0.6630442669302152
0.6630442669302152
-0.7321821187402897
0.7321821187402897
-0.7944837959679424
0.7944837959679424
-0.8493676137325700
0.8493676137325700
-0.8963211557660521
0.8963211557660521
-0.9349060759377397
0.9349060759377397
-0.9647622555875064
0.9647622555875064
-0.9856115115452684
0.9856115115452684
-0.9972638618494816
0.9972638618494816