0.0486909570091397
0.0486909570091397
0.0485754674415034
0.0485754674415034
0.0483447622348030
0.0483447622348030
0.0479993885964583
0.0479993885964583
0.0475401657148303
0.0475401657148303
0.0469681828162100
0.0469681828162100
0.0462847965813144
0.0462847965813144
0.0454916279274181
0.0454916279274181
0.0445905581637566
0.0445905581637566
0.0435837245293235
0.0435837245293235
0.0424735151236536
0.0424735151236536
0.0412625632426235
0.0412625632426235
0.0399537411327203
0.0399537411327203
0.0385501531786156
0.0385501531786156
0.0370551285402400
0.0370551285402400
0.0354722132568824
0.0354722132568824
0.0338051618371416
0.0338051618371416
0.0320579283548516
0.0320579283548516
0.0302346570724025
0.0302346570724025
0.0283396726142595
0.0283396726142595
0.0263774697150547
0.0263774697150547
0.0243527025687109
0.0243527025687109
0.0222701738083833
0.0222701738083833
0.0201348231535302
0.0201348231535302
0.0179517157756973
0.0179517157756973
0.0157260304760247
0.0157260304760247
0.0134630478967186
0.0134630478967186
0.0111681394601311
0.0111681394601311
0.0088467598263639
0.0088467598263639
0.0065044579689784
0.0065044579689784
0.0041470332605625
0.0041470332605625
0.0017832807216964
0.0017832807216964