0.0965400885147278
0.0965400885147278
0.0956387200792749
0.0956387200792749
0.0938443990808046
0.0938443990808046
0.0911738786957639
0.0911738786957639
0.0876520930044038
0.0876520930044038
0.0833119242269467
0.0833119242269467
0.0781938957870703
0.0781938957870703
0.0723457941088485
0.0723457941088485
0.0658222227763618
0.0658222227763618
0.0586840934785355
0.0586840934785355
0.0509980592623762
0.0509980592623762
0.0428358980222267
0.0428358980222267
0.0342738629130214
0.0342738629130214
0.0253920653092621
0.0253920653092621
0.0162743947309057
0.0162743947309057
0.0070186100094701
0.0070186100094701