

  **** Partial wave analysis (DPWA0) ******************************************


  Kinetic energy = 1.00000E+07 eV

      L       Phase(spin UP)     Phase(spin DOWN)
  -----------------------------------------------
       0      9.78456811E-01      0.00000000E+00
       1      3.89868738E-01      9.54658537E-01
       2      9.24371056E-02      3.75836937E-01
       3     -1.02401029E-01      8.30729059E-02
       4     -2.47539966E-01     -1.09422369E-01
       5     -3.63262094E-01     -2.53155167E-01
       6     -4.59504673E-01     -3.67939583E-01
       7     -5.41884693E-01     -4.63512152E-01
       8     -6.13890173E-01     -5.45389495E-01
       9     -6.77836967E-01     -6.17003872E-01
      10     -7.35341798E-01     -6.80637677E-01
      11     -7.87578310E-01     -7.37886338E-01
      12     -8.35425629E-01     -7.89909306E-01
      13     -8.79559423E-01     -8.37575878E-01
      14     -9.20510262E-01     -8.81554698E-01
      15     -9.58702440E-01     -9.22371189E-01
      16     -9.94480616E-01     -9.60445781E-01
      17     -1.02812859E+00     -9.96120180E-01
      18     -1.05988287E+00     -1.02967589E+00
      19     -1.08994260E+00     -1.06134760E+00
      20     -1.11847709E+00     -1.09133300E+00
      21     -1.14563147E+00     -1.11980023E+00
      22     -1.17153109E+00     -1.14689346E+00
      23     -1.19628498E+00     -1.17273724E+00
      24     -1.21998855E+00     -1.19743994E+00
      25     -1.24272579E+00     -1.22109641E+00
      26     -1.26457098E+00     -1.24379016E+00
      27     -1.28559019E+00     -1.26559510E+00
      28     -1.30584241E+00     -1.28657692E+00
      29     -1.32538052E+00     -1.30679433E+00
      30     -1.34425215E+00     -1.32629996E+00
      31     -1.36250031E+00     -1.34514120E+00
      32     -1.38016396E+00     -1.36336087E+00
      33     -1.39727857E+00     -1.38099776E+00
      34     -1.41387643E+00     -1.39808717E+00
      35     -1.42998711E+00     -1.41466129E+00
      36     -1.44563768E+00     -1.43074954E+00
      37     -1.46085304E+00     -1.44637890E+00
      38     -1.47565612E+00     -1.46157417E+00
      39     -1.49006807E+00     -1.47635818E+00
      40     -1.50410848E+00     -1.49075203E+00
      41     -1.51779548E+00     -1.50477521E+00
      42     -1.53114591E+00     -1.51844581E+00
      43     -1.54417545E+00     -1.53178060E+00
      44     -1.55689869E+00     -1.54479521E+00
      45     -1.56932925E+00     -1.55750419E+00
      46      1.56011279E+00     -1.56992110E+00
      47      1.54823020E+00      1.55953400E+00
      48      1.53660447E+00      1.54766392E+00
      49      1.52522511E+00      1.53605020E+00
      50      1.51408226E+00      1.52468236E+00
      51      1.50316666E+00      1.51355059E+00
      52      1.49246957E+00      1.50264564E+00
      53      1.48198275E+00      1.49195880E+00
      54      1.47169842E+00      1.48148184E+00
      55      1.46160922E+00      1.47120702E+00
      56      1.45170820E+00      1.46112699E+00
      57      1.44198876E+00      1.45123482E+00
      58      1.43244466E+00      1.44152392E+00
      59      1.42306997E+00      1.43198808E+00
      60      1.41385905E+00      1.42262136E+00
      61      1.40480656E+00      1.41341817E+00
      62      1.39590739E+00      1.40437314E+00
      63      1.38715670E+00      1.39548121E+00
      64      1.37854987E+00      1.38673753E+00
      65      1.37008249E+00      1.37813749E+00
      66      1.36175034E+00      1.36967670E+00
      67      1.35354943E+00      1.36135095E+00
      68      1.34547590E+00      1.35315624E+00
      69      1.33752608E+00      1.34508873E+00
      70      1.32969646E+00      1.33714477E+00
      71      1.32198368E+00      1.32932084E+00
      72      1.31438450E+00      1.32161359E+00
      73      1.30689584E+00      1.31401980E+00
      74      1.29951473E+00      1.30653638E+00
      75      1.29223832E+00      1.29916037E+00
      76      1.28506388E+00      1.29188893E+00
      77      1.27798878E+00      1.28471933E+00
      78      1.27101049E+00      1.27764895E+00
      79      1.26412659E+00      1.27067526E+00
      80      1.25733472E+00      1.26379583E+00
      81      1.25063264E+00      1.25700834E+00
      82      1.24401817E+00      1.25031052E+00
      83      1.23748922E+00      1.24370022E+00
      84      1.23104378E+00      1.23717534E+00
      85      1.22467989E+00      1.23073387E+00
      86      1.21839568E+00      1.22437387E+00
      87      1.21218932E+00      1.21809345E+00
      88      1.20605908E+00      1.21189080E+00
      89      1.20000324E+00      1.20576418E+00
      90      1.19402017E+00      1.19971189E+00
      91      1.18810830E+00      1.19373229E+00
      92      1.18226607E+00      1.18782380E+00
      93      1.17649201E+00      1.18198490E+00
      94      1.17078468E+00      1.17621409E+00
      95      1.16514269E+00      1.17050994E+00  i
      96      1.15956469E+00      1.16487107E+00  i
      97      1.15404936E+00      1.15929612E+00  i
      98      1.14859544E+00      1.15378378E+00  i
      99      1.14320171E+00      1.14833280E+00  i
     100      1.13786695E+00      1.14294193E+00  i
     105      1.11203850E+00      1.11684885E+00  i
     110      1.08752409E+00      1.09209373E+00  i
     115      1.06420789E+00      1.06855768E+00  i
     120      1.04198857E+00      1.04613680E+00  i
     125      1.02077690E+00      1.02473971E+00  i
     130      1.00049391E+00      1.00428563E+00  i
     135      9.81069384E-01      9.84702764E-01  i
     140      9.62440548E-01      9.65927008E-01  i
     145      9.44551111E-01      9.47900912E-01  i
     150      9.27350384E-01      9.30572778E-01  i
     155      9.10792574E-01      9.13895929E-01  i
     160      8.94836182E-01      8.97828091E-01  i
     165      8.79443498E-01      8.82330868E-01  i
     170      8.64580159E-01      8.67369291E-01  i
     175      8.50214783E-01      8.52911436E-01  i
     180      8.36318641E-01      8.38928092E-01  i
     185      8.22865380E-01      8.25392474E-01  i
     190      8.09830776E-01      8.12279970E-01  i
     195      7.97192521E-01      7.99567922E-01  i
     200      7.84930036E-01      7.87235436E-01  i
     205      7.73024300E-01      7.75263206E-01  i
     210      7.61457707E-01      7.63633367E-01  i
     215      7.50213930E-01      7.52329358E-01  i
     220      7.39277808E-01      7.41335806E-01  i
     225      7.28635239E-01      7.30638413E-01  i
     230      7.18273086E-01      7.20223866E-01  i
     235      7.08179092E-01      7.10079747E-01  i
     240      6.98341806E-01      7.00194456E-01  i
     245      6.88750511E-01      6.90557143E-01  i
     250      6.79395168E-01      6.81157642E-01  i
     255      6.70266353E-01      6.71986418E-01  i
     260      6.61355211E-01      6.63034510E-01  i
     265      6.52653408E-01      6.54293489E-01  i
     270      6.44153091E-01      6.45755414E-01  i
     275      6.35846849E-01      6.37412792E-01  i
     280      6.27727679E-01      6.29258544E-01  i
     285      6.19788953E-01      6.21285974E-01  i
     290      6.12024394E-01      6.13488740E-01  i
     295      6.04428044E-01      6.05860826E-01  i
     300      5.96994248E-01      5.98396520E-01  i
     310      5.82593049E-01      5.83937263E-01  i
     320      5.68780739E-01      5.70070545E-01  i
     330      5.55520846E-01      5.56759573E-01  i
     340      5.42780022E-01      5.43970720E-01  i
     350      5.30527664E-01      5.31673135E-01  i
     360      5.18735585E-01      5.19838416E-01  i
     370      5.07377751E-01      5.08440332E-01  i
     380      4.96430044E-01      4.97454593E-01  i
     390      4.85870073E-01      4.86858652E-01  i
     400      4.75677007E-01      4.76631534E-01  i
     410      4.65831434E-01      4.66753699E-01  i
     420      4.56315234E-01      4.57206907E-01  i
     430      4.47111477E-01      4.47974122E-01  i
     440      4.38204328E-01      4.39039406E-01  i
     450      4.29578964E-01      4.30387844E-01  i
     460      4.21221500E-01      4.22005464E-01  i
     470      4.13118924E-01      4.13879175E-01  i
     480      4.05259039E-01      4.05996704E-01  i
     490      3.97630404E-01      3.98346539E-01  i
     500      3.90222288E-01      3.90917886E-01  i
     510      3.83024624E-01      3.83700615E-01  i
     520      3.76027964E-01      3.76685222E-01  i
     530      3.69223443E-01      3.69862787E-01  i
     540      3.62602737E-01      3.63224937E-01  i
     550      3.56158032E-01      3.56763810E-01  i
     560      3.49881991E-01      3.50472025E-01  i
     570      3.43767722E-01      3.44342650E-01  i
     580      3.37808747E-01      3.38369168E-01  i
     590      3.31998980E-01      3.32545457E-01  i
     600      3.26332698E-01      3.26865761E-01  i
     620      3.15409365E-01      3.15917064E-01  i
     640      3.04999331E-01      3.05483439E-01  i
     660      2.95067579E-01      2.95529670E-01  i
     680      2.85582893E-01      2.86024373E-01  i
     700      2.76517338E-01      2.76939469E-01  i
     720      2.67845803E-01      2.68249723E-01  i
     740      2.59545610E-01      2.59932347E-01  i
     760      2.51596165E-01      2.51966656E-01  i
     780      2.43978668E-01      2.44333770E-01  i
     800      2.36675860E-01      2.37016363E-01  i
     820      2.29671813E-01      2.29998447E-01  i
     840      2.22951748E-01      2.23265192E-01  i
     860      2.16501886E-01      2.16802775E-01  i
     880      2.10309321E-01      2.10598251E-01  i
     900      2.04361918E-01      2.04639451E-01  i
     920      1.98648224E-01      1.98914890E-01  i
     940      1.93157400E-01      1.93413701E-01  i
     960      1.87879157E-01      1.88125571E-01  i
     980      1.82803716E-01      1.83040697E-01  i
    1000      1.77921759E-01      1.78149741E-01  i
    1020      1.73224404E-01      1.73443799E-01  i
    1040      1.68703172E-01      1.68914376E-01  i
    1060      1.64349970E-01      1.64553358E-01  i
    1080      1.60157064E-01      1.60352998E-01  i
    1100      1.56117072E-01      1.56305893E-01  i
    1120      1.52222938E-01      1.52404976E-01  i
    1140      1.48467929E-01      1.48643497E-01  i
    1160      1.44845617E-01      1.45015014E-01  i
    1180      1.41349872E-01      1.41513383E-01  i
    1200      1.37974847E-01      1.38132743E-01  i
    1250      1.30029526E-01      1.30174493E-01  i
    1300      1.22724641E-01      1.22858108E-01  i
    1350      1.15989676E-01      1.16112903E-01  i
    1400      1.09762687E-01      1.09876777E-01  i
    1450      1.03989426E-01      1.04095345E-01  i
    1500      9.86225083E-02      9.87210996E-02  i
    1550      9.36206207E-02      9.37126180E-02  i
    1600      8.89477764E-02      8.90338189E-02  i
    1650      8.45726352E-02      8.46532799E-02  i
    1700      8.04678856E-02      8.05436180E-02  i
    1750      7.66096912E-02      7.66809355E-02  i
    1800      7.29772016E-02      7.30443295E-02  i
    1850      6.95521238E-02      6.96154618E-02  i
    1900      6.63183496E-02      6.63781860E-02  i
    1950      6.32616355E-02      6.33182255E-02  i
    2000      6.03693269E-02      6.04228981E-02  i
    2050      5.76301255E-02      5.76808814E-02  i
    2100      5.50338907E-02      5.50820146E-02  i
    2150      5.25714725E-02      5.26171302E-02  i
    2200      5.02345718E-02      5.02779139E-02  i
    2250      4.80156221E-02      4.80567864E-02  i
    2300      4.59076913E-02      4.59468044E-02  i
    2350      4.39043996E-02      4.39415781E-02  i
    2400      4.19998506E-02      4.20352026E-02  i
    2450      4.01885738E-02      4.02221997E-02  i
    2500      3.84654769E-02      3.84974703E-02  i
    2550      3.68258050E-02      3.68562534E-02  i
    2600      3.52651069E-02      3.52940925E-02  i
    2650      3.37792066E-02      3.38068064E-02  i
    2700      3.23641784E-02      3.23904649E-02  i
    2750      3.10163264E-02      3.10413678E-02  i
    2800      2.97321662E-02      2.97560269E-02  i
    2850      2.85084095E-02      2.85311504E-02  i
    2900      2.73419502E-02      2.73636289E-02  i
    2950      2.62298525E-02      2.62505232E-02  i
    3000      2.51693398E-02      2.51890539E-02  i
    3100      2.31927017E-02      2.32106460E-02  i
    3200      2.13926605E-02      2.14090095E-02  i
    3300      1.97518478E-02      1.97667581E-02  i
    3400      1.82546882E-02      1.82683000E-02  i
    3500      1.68872113E-02      1.68996504E-02  i
    3600      1.56368856E-02      1.56482651E-02  i
    3700      1.44924699E-02      1.45028911E-02  i
    3800      1.34438796E-02      1.34534333E-02  i
    3900      1.24820661E-02      1.24908338E-02  i
    4000      1.15989083E-02      1.16069633E-02  i
    4100      1.07871150E-02      1.07945231E-02  i
    4200      1.00401372E-02      1.00469573E-02  i
    4300      9.35208884E-03      9.35837416E-03  i
    4400      8.71767628E-03      8.72347455E-03  i
    4500      8.13213505E-03      8.13748930E-03  i
    4600      7.59117341E-03      7.59612240E-03  i
    4700      7.09092183E-03      7.09550053E-03  i
    4800      6.62788810E-03      6.63212808E-03  i
    4900      6.19891729E-03      6.20284710E-03  i
    5000      5.80115620E-03      5.80480166E-03  i
    5100      5.43202163E-03      5.43540614E-03  i
    5200      5.08917227E-03      5.09231704E-03  i
    5300      4.77048362E-03      4.77340792E-03  i
    5400      4.47402573E-03      4.47674706E-03  i
    5500      4.19804335E-03      4.20057764E-03  i
    5600      3.94093831E-03      3.94330008E-03  i
    5700      3.70125382E-03      3.70345632E-03  i
    5800      3.47766047E-03      3.47971576E-03  i
    5900      3.26894369E-03      3.27086285E-03  i
    6000      3.07399271E-03      3.07578584E-03  i
    6100      2.89179051E-03      2.89346686E-03  i
    6200      2.72140495E-03      2.72297303E-03  i
    6300      2.56198084E-03      2.56344844E-03  i
    6400      2.41273274E-03      2.41410702E-03  i
    6500      2.27293860E-03      2.27422615E-03  i
    6600      2.14193397E-03      2.14314087E-03  i
    6700      2.01910687E-03      2.02023870E-03  i
    6800      1.90389309E-03      1.90495500E-03  i
    6900      1.79577202E-03      1.79676878E-03  i
    7000      1.69426288E-03      1.69519888E-03  i
    7100      1.59892128E-03      1.59980060E-03  i
    7200      1.50933615E-03      1.51016254E-03  i
    7300      1.42512692E-03      1.42590386E-03  i
    7400      1.34594096E-03      1.34667169E-03  i
    7500      1.27145134E-03      1.27213887E-03  i
    7600      1.20135475E-03      1.20200183E-03  i
    7700      1.13536951E-03      1.13597874E-03  i
    7800      1.07323391E-03      1.07380769E-03  i
    7900      1.01470462E-03      1.01524518E-03  i
    8000      9.59555263E-04      9.60064691E-04  i
    8100      9.07575101E-04      9.08055325E-04  i
    8200      8.58567787E-04      8.59020610E-04  i
    8300      8.12350345E-04      8.12777448E-04  i
    8400      7.68752136E-04      7.69155089E-04  i
    8500      7.27613911E-04      7.27994175E-04  i
    8600      6.88786986E-04      6.89145930E-04  i
    8700      6.52132503E-04      6.52471405E-04  i
    8800      6.17520662E-04      6.17840715E-04  i
    8900      5.84830077E-04      5.85132399E-04  i
    9000      5.53947228E-04      5.54232863E-04  i
    9100      5.24765835E-04      5.25035762E-04  i
    9200      4.97186383E-04      4.97441518E-04  i
    9300      4.71115651E-04      4.71356853E-04  i
    9400      4.46466265E-04      4.46694339E-04  i
    9500      4.23156301E-04      4.23372001E-04  i
    9600      4.01108935E-04      4.01312970E-04  i
    9700      3.80252043E-04      3.80445078E-04  i
    9800      3.60517949E-04      3.60700608E-04  i
    9900      3.41843092E-04      3.42015961E-04  i
   10000      3.24167744E-04      3.24331373E-04  i
   10250      2.83992226E-04      2.84134955E-04  i
   10500      2.48932851E-04      2.49057459E-04  i
   10750      2.18311944E-04      2.18420822E-04  i
   11000      1.91546487E-04      1.91641692E-04  i
   11250      1.68134026E-04      1.68217334E-04  i
   11500      1.47640791E-04      1.47713735E-04  i
   11750      1.29691702E-04      1.29755609E-04  i
   12000      1.13961970E-04      1.14017991E-04  i
   12250      1.00169957E-04      1.00219089E-04  i
   12500      8.80711312E-05      8.81142418E-05  i
   12750      7.74529180E-05      7.74907609E-05  i
   13000      6.81303358E-05      6.81635674E-05  i
   13250      5.99422319E-05      5.99714248E-05  i
   13500      5.27480858E-05      5.27737392E-05  i
   13750      4.64252518E-05      4.64478016E-05  i
   14000      4.08666027E-05      4.08864297E-05  i
   14250      3.59784981E-05      3.59959359E-05  i
   14500      3.16790152E-05      3.16943546E-05  i
   14750      2.78964274E-05      2.79099240E-05  i
   15000      2.45679581E-05      2.45798358E-05  i
   15250      2.16385434E-05      2.16489978E-05  i
   15500      1.90599205E-05      1.90691238E-05  i
   15750      1.67897445E-05      1.67978475E-05  i
   16000      1.47908522E-05      1.47979873E-05  i
   16250      1.30306134E-05      1.30368970E-05  i
   16500      1.14803578E-05      1.14858921E-05  i
   16750      1.01149221E-05      1.01197968E-05  i
   17000      8.91216159E-06      8.91645566E-06  i
   17250      7.85261499E-06      7.85639787E-06  i
   17500      6.91916882E-06      6.92250170E-06  i
   17750      6.09676790E-06      6.09970439E-06  i
   18000      5.37216588E-06      5.37475321E-06  i
   18250      4.73369690E-06      4.73597667E-06  i
   18500      4.17111798E-06      4.17312684E-06  i
   18750      3.67538772E-06      3.67715786E-06  i
   19000      3.23855242E-06      3.24011211E-06  i
   19250      2.85360831E-06      2.85498285E-06  i
   19500      2.51437666E-06      2.51558802E-06  i
   19750      2.21544506E-06      2.21651250E-06  i
   20000      1.95201725E-06      1.95295784E-06  i
   20250      1.71987675E-06      1.72070568E-06  i
   20500      1.51530822E-06      1.51603862E-06  i
   20750      1.33502233E-06      1.33566599E-06  i
   21000      1.17616594E-06      1.17673328E-06  i
   21250      1.03618244E-06      1.03668236E-06  i
   21500      9.12831366E-07      9.13271755E-07  i
   21750      8.04138190E-07      8.04526302E-07  i
   22000      7.08362941E-07      7.08704987E-07  i
   22250      6.23972954E-07      6.24274346E-07  i
   22500      5.49597422E-07      5.49862766E-07  i
   22750      4.84082873E-07      4.84316646E-07  i
   23000      4.26361556E-07      4.26567748E-07  i
   23250      3.75507435E-07      3.75688925E-07  i
   23500      3.30704821E-07      3.30864654E-07  i
   23750      2.91234979E-07      2.91375809E-07  i
   24000      2.56464117E-07      2.56588228E-07  i
   24250      2.25813696E-07      2.25923045E-07  i
   24500      1.98832239E-07      1.98928629E-07  i
   24750      1.75065749E-07      1.75150563E-07  i
   24999      1.54210314E-07      1.54285159E-07  i

  WARNING: TST = 1.5429E-07. Check convergence.


  *** Scattering amplitudes and differential cross section ***

    Angle      DCS       Asymmetry    Direct amplitude       Spin-flip amplitude     error
    (deg)   (cm**2/sr)                      (cm)                    (cm)
  -------------------------------------------------------------------------------------------
  0.000E+00 4.36837E-12  0.000E+00 ( 2.064E-06, 3.273E-07) ( 0.000E+00, 0.000E+00)  2.10E-07
  1.000E-04 4.36830E-12  0.000E+00 ( 2.064E-06, 3.273E-07) ( 1.714E-12, 2.717E-13)  2.10E-07
  1.250E-04 4.36825E-12  0.000E+00 ( 2.064E-06, 3.273E-07) ( 2.142E-12, 3.396E-13)  2.09E-07
  1.500E-04 4.36820E-12  0.000E+00 ( 2.064E-06, 3.273E-07) ( 2.571E-12, 4.076E-13)  2.09E-07
  1.750E-04 4.36814E-12  0.000E+00 ( 2.064E-06, 3.273E-07) ( 2.999E-12, 4.755E-13)  2.09E-07
  2.000E-04 4.36807E-12  0.000E+00 ( 2.064E-06, 3.273E-07) ( 3.427E-12, 5.434E-13)  2.09E-07
  2.250E-04 4.36799E-12  0.000E+00 ( 2.064E-06, 3.273E-07) ( 3.856E-12, 6.114E-13)  2.09E-07
  2.500E-04 4.36791E-12  0.000E+00 ( 2.064E-06, 3.273E-07) ( 4.284E-12, 6.793E-13)  2.09E-07
  2.750E-04 4.36781E-12  0.000E+00 ( 2.064E-06, 3.273E-07) ( 4.712E-12, 7.472E-13)  2.09E-07
  3.000E-04 4.36770E-12  0.000E+00 ( 2.064E-06, 3.273E-07) ( 5.141E-12, 8.151E-13)  2.09E-07
  3.250E-04 4.36759E-12  0.000E+00 ( 2.064E-06, 3.273E-07) ( 5.569E-12, 8.831E-13)  2.09E-07
  3.500E-04 4.36746E-12  0.000E+00 ( 2.064E-06, 3.273E-07) ( 5.997E-12, 9.510E-13)  2.08E-07
  3.750E-04 4.36733E-12  0.000E+00 ( 2.064E-06, 3.273E-07) ( 6.426E-12, 1.019E-12)  2.08E-07
  4.000E-04 4.36718E-12  0.000E+00 ( 2.064E-06, 3.273E-07) ( 6.854E-12, 1.087E-12)  2.08E-07
  4.250E-04 4.36703E-12  0.000E+00 ( 2.064E-06, 3.273E-07) ( 7.282E-12, 1.155E-12)  2.08E-07
  4.500E-04 4.36687E-12  0.000E+00 ( 2.064E-06, 3.273E-07) ( 7.710E-12, 1.223E-12)  2.08E-07
  4.750E-04 4.36669E-12  0.000E+00 ( 2.064E-06, 3.273E-07) ( 8.138E-12, 1.291E-12)  2.07E-07
  5.000E-04 4.36651E-12  0.000E+00 ( 2.064E-06, 3.273E-07) ( 8.567E-12, 1.359E-12)  2.07E-07
  5.250E-04 4.36632E-12  0.000E+00 ( 2.064E-06, 3.273E-07) ( 8.995E-12, 1.426E-12)  2.07E-07
  5.500E-04 4.36612E-12  0.000E+00 ( 2.064E-06, 3.273E-07) ( 9.423E-12, 1.494E-12)  2.07E-07
  5.750E-04 4.36592E-12  0.000E+00 ( 2.064E-06, 3.273E-07) ( 9.851E-12, 1.562E-12)  2.06E-07
  6.000E-04 4.36570E-12  0.000E+00 ( 2.064E-06, 3.273E-07) ( 1.028E-11, 1.630E-12)  2.06E-07
  6.250E-04 4.36547E-12  0.000E+00 ( 2.064E-06, 3.273E-07) ( 1.071E-11, 1.698E-12)  2.06E-07
  6.500E-04 4.36523E-12  0.000E+00 ( 2.064E-06, 3.273E-07) ( 1.113E-11, 1.766E-12)  2.06E-07
  6.750E-04 4.36499E-12  0.000E+00 ( 2.063E-06, 3.273E-07) ( 1.156E-11, 1.834E-12)  2.05E-07
  7.000E-04 4.36473E-12  0.000E+00 ( 2.063E-06, 3.273E-07) ( 1.199E-11, 1.902E-12)  2.05E-07
  7.250E-04 4.36447E-12  0.000E+00 ( 2.063E-06, 3.273E-07) ( 1.242E-11, 1.970E-12)  2.05E-07
  7.500E-04 4.36420E-12  0.000E+00 ( 2.063E-06, 3.273E-07) ( 1.285E-11, 2.038E-12)  2.04E-07
  7.750E-04 4.36391E-12  0.000E+00 ( 2.063E-06, 3.272E-07) ( 1.327E-11, 2.106E-12)  2.04E-07
  8.000E-04 4.36362E-12  0.000E+00 ( 2.063E-06, 3.272E-07) ( 1.370E-11, 2.174E-12)  2.03E-07
  8.250E-04 4.36332E-12  0.000E+00 ( 2.063E-06, 3.272E-07) ( 1.413E-11, 2.242E-12)  2.03E-07
  8.500E-04 4.36301E-12  0.000E+00 ( 2.063E-06, 3.272E-07) ( 1.456E-11, 2.309E-12)  2.03E-07
  8.750E-04 4.36269E-12  0.000E+00 ( 2.063E-06, 3.272E-07) ( 1.498E-11, 2.377E-12)  2.02E-07
  9.000E-04 4.36236E-12  0.000E+00 ( 2.063E-06, 3.272E-07) ( 1.541E-11, 2.445E-12)  2.02E-07
  9.250E-04 4.36203E-12  0.000E+00 ( 2.063E-06, 3.272E-07) ( 1.584E-11, 2.513E-12)  2.01E-07
  9.500E-04 4.36168E-12  0.000E+00 ( 2.063E-06, 3.272E-07) ( 1.627E-11, 2.581E-12)  2.01E-07
  9.750E-04 4.36132E-12  0.000E+00 ( 2.063E-06, 3.272E-07) ( 1.669E-11, 2.649E-12)  2.00E-07
  1.000E-03 4.36096E-12  0.000E+00 ( 2.062E-06, 3.272E-07) ( 1.712E-11, 2.717E-12)  2.00E-07
  1.250E-03 4.35680E-12  0.000E+00 ( 2.061E-06, 3.272E-07) ( 2.139E-11, 3.396E-12)  1.95E-07
  1.500E-03 4.35172E-12  0.000E+00 ( 2.060E-06, 3.272E-07) ( 2.566E-11, 4.075E-12)  1.88E-07
  1.750E-03 4.34574E-12  0.000E+00 ( 2.059E-06, 3.272E-07) ( 2.991E-11, 4.754E-12)  1.81E-07
  2.000E-03 4.33886E-12  0.000E+00 ( 2.057E-06, 3.272E-07) ( 3.416E-11, 5.432E-12)  1.72E-07
  2.250E-03 4.33108E-12  0.000E+00 ( 2.055E-06, 3.271E-07) ( 3.839E-11, 6.111E-12)  1.63E-07
  2.500E-03 4.32242E-12  0.000E+00 ( 2.053E-06, 3.271E-07) ( 4.261E-11, 6.789E-12)  1.53E-07
  2.750E-03 4.31289E-12  0.000E+00 ( 2.051E-06, 3.271E-07) ( 4.682E-11, 7.467E-12)  1.42E-07
  3.000E-03 4.30249E-12  0.000E+00 ( 2.048E-06, 3.270E-07) ( 5.101E-11, 8.145E-12)  1.30E-07
  3.250E-03 4.29124E-12  0.000E+00 ( 2.046E-06, 3.270E-07) ( 5.519E-11, 8.823E-12)  1.18E-07
  3.500E-03 4.27915E-12  0.000E+00 ( 2.043E-06, 3.269E-07) ( 5.935E-11, 9.500E-12)  1.05E-07
  3.750E-03 4.26624E-12  0.000E+00 ( 2.039E-06, 3.269E-07) ( 6.349E-11, 1.018E-11)  1.00E-07
  4.000E-03 4.25252E-12  0.000E+00 ( 2.036E-06, 3.268E-07) ( 6.761E-11, 1.085E-11)  1.00E-07
  4.250E-03 4.23800E-12  0.000E+00 ( 2.033E-06, 3.268E-07) ( 7.171E-11, 1.153E-11)  1.00E-07
  4.500E-03 4.22270E-12  0.000E+00 ( 2.029E-06, 3.267E-07) ( 7.579E-11, 1.221E-11)  1.00E-07
  4.750E-03 4.20664E-12  0.000E+00 ( 2.025E-06, 3.266E-07) ( 7.985E-11, 1.288E-11)  1.00E-07
  5.000E-03 4.18984E-12  0.000E+00 ( 2.021E-06, 3.266E-07) ( 8.388E-11, 1.356E-11)  1.00E-07
  5.250E-03 4.17230E-12  0.000E+00 ( 2.016E-06, 3.265E-07) ( 8.788E-11, 1.423E-11)  1.00E-07
  5.500E-03 4.15406E-12  0.000E+00 ( 2.012E-06, 3.264E-07) ( 9.186E-11, 1.491E-11)  1.00E-07
  5.750E-03 4.13513E-12  0.000E+00 ( 2.007E-06, 3.264E-07) ( 9.582E-11, 1.558E-11)  1.00E-07
  6.000E-03 4.11553E-12  0.000E+00 ( 2.002E-06, 3.263E-07) ( 9.974E-11, 1.625E-11)  1.00E-07
  6.250E-03 4.09528E-12  0.000E+00 ( 1.997E-06, 3.262E-07) ( 1.036E-10, 1.693E-11)  1.00E-07
  6.500E-03 4.07440E-12  0.000E+00 ( 1.992E-06, 3.261E-07) ( 1.075E-10, 1.760E-11)  1.00E-07
  6.750E-03 4.05291E-12  0.000E+00 ( 1.987E-06, 3.260E-07) ( 1.113E-10, 1.827E-11)  1.00E-07
  7.000E-03 4.03083E-12  0.000E+00 ( 1.981E-06, 3.259E-07) ( 1.151E-10, 1.894E-11)  1.00E-07
  7.250E-03 4.00818E-12  0.000E+00 ( 1.975E-06, 3.258E-07) ( 1.189E-10, 1.961E-11)  1.00E-07
  7.500E-03 3.98499E-12  0.000E+00 ( 1.969E-06, 3.257E-07) ( 1.226E-10, 2.028E-11)  1.00E-07
  7.750E-03 3.96128E-12  0.000E+00 ( 1.963E-06, 3.256E-07) ( 1.263E-10, 2.095E-11)  1.00E-07
  8.000E-03 3.93706E-12  0.000E+00 ( 1.957E-06, 3.255E-07) ( 1.300E-10, 2.162E-11)  1.00E-07
  8.250E-03 3.91236E-12  0.000E+00 ( 1.951E-06, 3.254E-07) ( 1.336E-10, 2.229E-11)  1.00E-07
  8.500E-03 3.88720E-12  0.000E+00 ( 1.945E-06, 3.253E-07) ( 1.372E-10, 2.296E-11)  1.00E-07
  8.750E-03 3.86161E-12  0.000E+00 ( 1.938E-06, 3.252E-07) ( 1.408E-10, 2.362E-11)  1.00E-07
  9.000E-03 3.83560E-12  0.000E+00 ( 1.931E-06, 3.251E-07) ( 1.443E-10, 2.429E-11)  1.00E-07
  9.250E-03 3.80920E-12  0.000E+00 ( 1.924E-06, 3.249E-07) ( 1.478E-10, 2.495E-11)  1.00E-07
  9.500E-03 3.78242E-12  0.000E+00 ( 1.918E-06, 3.248E-07) ( 1.512E-10, 2.562E-11)  1.00E-07
  9.750E-03 3.75529E-12  0.000E+00 ( 1.910E-06, 3.247E-07) ( 1.547E-10, 2.628E-11)  1.00E-07
  1.000E-02 3.72784E-12  0.000E+00 ( 1.903E-06, 3.246E-07) ( 1.580E-10, 2.695E-11)  1.00E-07
  1.250E-02 3.43961E-12  0.000E+00 ( 1.826E-06, 3.231E-07) ( 1.895E-10, 3.353E-11)  1.00E-07
  1.500E-02 3.13936E-12  0.000E+00 ( 1.742E-06, 3.213E-07) ( 2.170E-10, 4.001E-11)  1.00E-07
  1.750E-02 2.84193E-12  0.000E+00 ( 1.655E-06, 3.192E-07) ( 2.405E-10, 4.638E-11)  1.00E-07
  2.000E-02 2.55758E-12  0.000E+00 ( 1.568E-06, 3.168E-07) ( 2.603E-10, 5.261E-11)  1.00E-07
  2.250E-02 2.29248E-12  0.000E+00 ( 1.481E-06, 3.143E-07) ( 2.767E-10, 5.871E-11)  1.00E-07
  2.500E-02 2.04970E-12  0.000E+00 ( 1.397E-06, 3.114E-07) ( 2.900E-10, 6.465E-11)  1.00E-07
  2.750E-02 1.83012E-12  0.000E+00 ( 1.317E-06, 3.084E-07) ( 3.007E-10, 7.042E-11)  1.00E-07
  3.000E-02 1.63323E-12  0.000E+00 ( 1.241E-06, 3.052E-07) ( 3.091E-10, 7.603E-11)  1.00E-07
  3.250E-02 1.45769E-12  0.000E+00 ( 1.169E-06, 3.019E-07) ( 3.154E-10, 8.146E-11)  1.00E-07
  3.500E-02 1.30177E-12  0.000E+00 ( 1.101E-06, 2.984E-07) ( 3.200E-10, 8.671E-11)  1.00E-07
  3.750E-02 1.16358E-12  0.000E+00 ( 1.038E-06, 2.948E-07) ( 3.231E-10, 9.178E-11)  1.00E-07
  4.000E-02 1.04127E-12  0.000E+00 ( 9.780E-07, 2.910E-07) ( 3.248E-10, 9.666E-11)  1.00E-07
  4.250E-02 9.33089E-13  0.000E+00 ( 9.223E-07, 2.872E-07) ( 3.254E-10, 1.014E-10)  1.00E-07
  4.500E-02 8.37400E-13  0.000E+00 ( 8.701E-07, 2.834E-07) ( 3.251E-10, 1.059E-10)  1.00E-07
  4.750E-02 7.52729E-13  0.000E+00 ( 8.214E-07, 2.794E-07) ( 3.239E-10, 1.102E-10)  1.00E-07
  5.000E-02 6.77755E-13  0.000E+00 ( 7.758E-07, 2.754E-07) ( 3.221E-10, 1.143E-10)  1.00E-07
  5.250E-02 6.11307E-13  0.000E+00 ( 7.332E-07, 2.714E-07) ( 3.196E-10, 1.183E-10)  1.00E-07
  5.500E-02 5.52356E-13  0.000E+00 ( 6.934E-07, 2.674E-07) ( 3.166E-10, 1.221E-10)  1.00E-07
  5.750E-02 4.99999E-13  0.000E+00 ( 6.562E-07, 2.634E-07) ( 3.133E-10, 1.257E-10)  1.00E-07
  6.000E-02 4.53439E-13  0.000E+00 ( 6.214E-07, 2.593E-07) ( 3.096E-10, 1.292E-10)  1.00E-07
  6.250E-02 4.11977E-13  0.000E+00 ( 5.889E-07, 2.553E-07) ( 3.056E-10, 1.325E-10)  1.00E-07
  6.500E-02 3.74998E-13  0.000E+00 ( 5.584E-07, 2.513E-07) ( 3.014E-10, 1.356E-10)  1.00E-07
  6.750E-02 3.41970E-13  0.000E+00 ( 5.299E-07, 2.473E-07) ( 2.970E-10, 1.386E-10)  1.03E-07
  7.000E-02 3.12427E-13  0.000E+00 ( 5.032E-07, 2.434E-07) ( 2.924E-10, 1.414E-10)  1.00E-07
  7.250E-02 2.85960E-13  0.000E+00 ( 4.782E-07, 2.394E-07) ( 2.878E-10, 1.441E-10)  1.00E-07
  7.500E-02 2.62212E-13  0.000E+00 ( 4.547E-07, 2.356E-07) ( 2.831E-10, 1.467E-10)  1.05E-07
  7.750E-02 2.40865E-13  0.000E+00 ( 4.326E-07, 2.317E-07) ( 2.784E-10, 1.491E-10)  1.00E-07
  8.000E-02 2.21646E-13  0.000E+00 ( 4.119E-07, 2.279E-07) ( 2.736E-10, 1.514E-10)  1.12E-07
  8.250E-02 2.04312E-13  0.000E+00 ( 3.925E-07, 2.242E-07) ( 2.688E-10, 1.536E-10)  1.04E-07
  8.500E-02 1.88653E-13  0.000E+00 ( 3.742E-07, 2.205E-07) ( 2.641E-10, 1.556E-10)  1.00E-07
  8.750E-02 1.74484E-13  0.000E+00 ( 3.570E-07, 2.168E-07) ( 2.594E-10, 1.575E-10)  1.28E-07
  9.000E-02 1.61640E-13  0.000E+00 ( 3.408E-07, 2.133E-07) ( 2.547E-10, 1.594E-10)  1.01E-07
  9.250E-02 1.49976E-13  0.000E+00 ( 3.256E-07, 2.097E-07) ( 2.500E-10, 1.611E-10)  1.00E-07
  9.500E-02 1.39366E-13  0.000E+00 ( 3.112E-07, 2.062E-07) ( 2.454E-10, 1.627E-10)  1.42E-07
  9.750E-02 1.29697E-13  0.000E+00 ( 2.976E-07, 2.028E-07) ( 2.409E-10, 1.642E-10)  1.00E-07
  1.000E-01 1.20872E-13  0.000E+00 ( 2.848E-07, 1.995E-07) ( 2.364E-10, 1.656E-10)  1.00E-07
  1.250E-01 6.39349E-14  0.000E+00 ( 1.881E-07, 1.690E-07) ( 1.952E-10, 1.754E-10)  1.78E-07
  1.500E-01 3.71028E-14  0.000E+00 ( 1.283E-07, 1.437E-07) ( 1.598E-10, 1.790E-10)  1.00E-07
  1.750E-01 2.28939E-14  0.000E+00 ( 8.851E-08, 1.227E-07) ( 1.286E-10, 1.783E-10)  2.62E-07
  2.000E-01 1.47781E-14  0.000E+00 ( 6.086E-08, 1.052E-07) ( 1.011E-10, 1.747E-10)  1.00E-07
  2.250E-01 9.90716E-15  0.000E+00 ( 4.120E-08, 9.061E-08) ( 7.697E-11, 1.693E-10)  3.54E-07
  2.500E-01 6.87181E-15  0.000E+00 ( 2.712E-08, 7.834E-08) ( 5.628E-11, 1.626E-10)  1.00E-07
  2.750E-01 4.91596E-15  0.000E+00 ( 1.701E-08, 6.802E-08) ( 3.883E-11, 1.553E-10)  4.41E-07
  3.000E-01 3.61470E-15  0.000E+00 ( 9.751E-09, 5.933E-08) ( 2.429E-11, 1.478E-10)  1.74E-07
  3.250E-01 2.72209E-15  0.000E+00 ( 4.536E-09, 5.198E-08) ( 1.224E-11, 1.403E-10)  5.08E-07
  3.500E-01 2.09227E-15  0.000E+00 ( 7.786E-10, 4.573E-08) ( 2.258E-12, 1.329E-10)  3.17E-07
  3.750E-01 1.63654E-15  0.000E+00 (-1.938E-09, 4.041E-08) (-6.037E-12, 1.258E-10)  5.45E-07
  4.000E-01 1.29946E-15  0.000E+00 (-3.907E-09, 3.584E-08) (-1.298E-11, 1.190E-10)  4.88E-07
  4.250E-01 1.04535E-15  0.000E+00 (-5.338E-09, 3.189E-08) (-1.884E-11, 1.125E-10)  5.41E-07
  4.500E-01 8.50636E-16  0.000E+00 (-6.374E-09, 2.846E-08) (-2.382E-11, 1.063E-10)  6.78E-07
  4.750E-01 6.99294E-16  0.000E+00 (-7.118E-09, 2.547E-08) (-2.808E-11, 1.004E-10)  4.88E-07
  5.000E-01 5.80180E-16  0.000E+00 (-7.642E-09, 2.284E-08) (-3.173E-11, 9.483E-11)  1.00E-07
  5.250E-01 4.85386E-16  0.000E+00 (-7.999E-09, 2.053E-08) (-3.487E-11, 8.948E-11)  1.00E-07
  5.500E-01 4.09185E-16  0.000E+00 (-8.226E-09, 1.848E-08) (-3.757E-11, 8.439E-11)  1.00E-07
  5.750E-01 3.47368E-16  0.000E+00 (-8.352E-09, 1.666E-08) (-3.988E-11, 7.955E-11)  1.00E-07
  6.000E-01 2.96799E-16  0.000E+00 (-8.399E-09, 1.504E-08) (-4.185E-11, 7.494E-11)  1.00E-07
  6.250E-01 2.55108E-16  0.000E+00 (-8.382E-09, 1.360E-08) (-4.351E-11, 7.055E-11)  1.00E-07
  6.500E-01 2.20490E-16  0.000E+00 (-8.317E-09, 1.230E-08) (-4.489E-11, 6.639E-11)  1.00E-07
  6.750E-01 1.91551E-16  0.000E+00 (-8.212E-09, 1.114E-08) (-4.603E-11, 6.244E-11)  1.00E-07
  7.000E-01 1.67208E-16  0.000E+00 (-8.078E-09, 1.010E-08) (-4.696E-11, 5.869E-11)  1.00E-07
  7.250E-01 1.46612E-16  0.000E+00 (-7.921E-09, 9.158E-09) (-4.769E-11, 5.513E-11)  1.00E-07
  7.500E-01 1.29091E-16  0.000E+00 (-7.746E-09, 8.312E-09) (-4.824E-11, 5.176E-11)  1.00E-07
  7.750E-01 1.14110E-16  0.000E+00 (-7.559E-09, 7.548E-09) (-4.865E-11, 4.857E-11)  1.00E-07
  8.000E-01 1.01239E-16  0.000E+00 (-7.363E-09, 6.857E-09) (-4.892E-11, 4.555E-11)  1.00E-07
  8.250E-01 9.01310E-17  0.000E+00 (-7.162E-09, 6.231E-09) (-4.907E-11, 4.269E-11)  1.00E-07
  8.500E-01 8.05046E-17  0.000E+00 (-6.959E-09, 5.664E-09) (-4.912E-11, 3.997E-11)  1.00E-07
  8.750E-01 7.21288E-17  0.000E+00 (-6.754E-09, 5.149E-09) (-4.908E-11, 3.741E-11)  1.00E-07
  9.000E-01 6.48137E-17  0.000E+00 (-6.550E-09, 4.680E-09) (-4.896E-11, 3.498E-11)  1.00E-07
  9.250E-01 5.84025E-17  0.000E+00 (-6.348E-09, 4.254E-09) (-4.877E-11, 3.267E-11)  1.00E-07
  9.500E-01 5.27645E-17  0.000E+00 (-6.150E-09, 3.865E-09) (-4.852E-11, 3.049E-11)  1.00E-07
  9.750E-01 4.77906E-17  0.000E+00 (-5.955E-09, 3.511E-09) (-4.822E-11, 2.842E-11)  1.00E-07
  1.000E+00 4.33893E-17  0.000E+00 (-5.765E-09, 3.186E-09) (-4.788E-11, 2.646E-11)  1.00E-07
  1.100E+00 3.01325E-17  0.000E+00 (-5.055E-09, 2.140E-09) (-4.618E-11, 1.954E-11)  1.00E-07
  1.200E+00 2.15784E-17  0.000E+00 (-4.431E-09, 1.393E-09) (-4.416E-11, 1.388E-11)  1.00E-07
  1.300E+00 1.58599E-17  0.000E+00 (-3.890E-09, 8.534E-10) (-4.200E-11, 9.210E-12)  1.00E-07
  1.400E+00 1.19193E-17  0.000E+00 (-3.422E-09, 4.589E-10) (-3.978E-11, 5.332E-12)  1.00E-07
  1.500E+00 9.13184E-18  0.000E+00 (-3.017E-09, 1.686E-10) (-3.759E-11, 2.096E-12)  1.00E-07
  1.600E+00 7.11454E-18  0.000E+00 (-2.667E-09,-4.580E-11) (-3.544E-11,-6.126E-13)  1.00E-07
  1.700E+00 5.62518E-18  0.000E+00 (-2.363E-09,-2.040E-10) (-3.336E-11,-2.885E-12)  1.00E-07
  1.800E+00 4.50607E-18  0.000E+00 (-2.098E-09,-3.203E-10) (-3.137E-11,-4.792E-12)  1.00E-07
  1.900E+00 3.65193E-18  0.000E+00 (-1.867E-09,-4.049E-10) (-2.947E-11,-6.394E-12)  1.00E-07
  2.000E+00 2.99088E-18  0.000E+00 (-1.665E-09,-4.655E-10) (-2.767E-11,-7.737E-12)  1.00E-07
  2.100E+00 2.47282E-18  0.000E+00 (-1.488E-09,-5.077E-10) (-2.596E-11,-8.861E-12)  1.00E-07
  2.200E+00 2.06219E-18  0.000E+00 (-1.332E-09,-5.360E-10) (-2.434E-11,-9.800E-12)  1.00E-07
  2.300E+00 1.73335E-18  0.000E+00 (-1.194E-09,-5.536E-10) (-2.282E-11,-1.058E-11)  1.00E-07
  2.400E+00 1.46751E-18  0.000E+00 (-1.072E-09,-5.629E-10) (-2.138E-11,-1.123E-11)  1.00E-07
  2.500E+00 1.25075E-18  0.000E+00 (-9.643E-10,-5.659E-10) (-2.003E-11,-1.176E-11)  1.00E-07
  2.600E+00 1.07258E-18  0.000E+00 (-8.682E-10,-5.641E-10) (-1.875E-11,-1.219E-11)  1.00E-07
  2.700E+00 9.25056E-19  0.000E+00 (-7.826E-10,-5.587E-10) (-1.755E-11,-1.254E-11)  1.00E-07
  2.800E+00 8.02067E-19  0.000E+00 (-7.060E-10,-5.506E-10) (-1.642E-11,-1.281E-11)  1.00E-07
  2.900E+00 6.98876E-19  0.000E+00 (-6.375E-10,-5.404E-10) (-1.536E-11,-1.303E-11)  1.00E-07
  3.000E+00 6.11781E-19  0.000E+00 (-5.760E-10,-5.287E-10) (-1.436E-11,-1.318E-11)  1.00E-07
  3.100E+00 5.37862E-19  0.000E+00 (-5.208E-10,-5.160E-10) (-1.341E-11,-1.330E-11)  1.00E-07
  3.200E+00 4.74796E-19  0.000E+00 (-4.710E-10,-5.026E-10) (-1.252E-11,-1.337E-11)  1.00E-07
  3.300E+00 4.20727E-19  0.000E+00 (-4.261E-10,-4.887E-10) (-1.168E-11,-1.341E-11)  1.00E-07
  3.400E+00 3.74157E-19  0.000E+00 (-3.855E-10,-4.746E-10) (-1.089E-11,-1.341E-11)  1.00E-07
  3.500E+00 3.33871E-19  0.000E+00 (-3.488E-10,-4.604E-10) (-1.014E-11,-1.339E-11)  1.00E-07
  3.600E+00 2.98878E-19  0.000E+00 (-3.155E-10,-4.462E-10) (-9.437E-12,-1.335E-11)  1.00E-07
  3.700E+00 2.68363E-19  0.000E+00 (-2.852E-10,-4.322E-10) (-8.769E-12,-1.329E-11)  1.00E-07
  3.800E+00 2.41657E-19  0.000E+00 (-2.577E-10,-4.183E-10) (-8.137E-12,-1.322E-11)  1.00E-07
  3.900E+00 2.18201E-19  0.000E+00 (-2.327E-10,-4.048E-10) (-7.539E-12,-1.312E-11)  1.00E-07
  4.000E+00 1.97533E-19  0.000E+00 (-2.098E-10,-3.915E-10) (-6.974E-12,-1.302E-11)  1.00E-07
  4.100E+00 1.79262E-19  0.000E+00 (-1.890E-10,-3.786E-10) (-6.438E-12,-1.291E-11)  1.00E-07
  4.200E+00 1.63063E-19  0.000E+00 (-1.699E-10,-3.660E-10) (-5.930E-12,-1.278E-11)  1.00E-07
  4.300E+00 1.48660E-19  0.000E+00 (-1.525E-10,-3.538E-10) (-5.449E-12,-1.265E-11)  1.00E-07
  4.400E+00 1.35818E-19  0.000E+00 (-1.366E-10,-3.420E-10) (-4.992E-12,-1.251E-11)  1.00E-07
  4.500E+00 1.24338E-19  0.000E+00 (-1.219E-10,-3.306E-10) (-4.559E-12,-1.237E-11)  1.00E-07
  4.600E+00 1.14051E-19  0.000E+00 (-1.085E-10,-3.195E-10) (-4.148E-12,-1.222E-11)  1.00E-07
  4.700E+00 1.04810E-19  0.000E+00 (-9.623E-11,-3.089E-10) (-3.757E-12,-1.207E-11)  1.00E-07
  4.800E+00 9.64898E-20  0.000E+00 (-8.493E-11,-2.985E-10) (-3.386E-12,-1.192E-11)  1.00E-07
  4.900E+00 8.89827E-20  0.000E+00 (-7.453E-11,-2.886E-10) (-3.033E-12,-1.176E-11)  1.00E-07
  5.000E+00 8.21948E-20  0.000E+00 (-6.497E-11,-2.790E-10) (-2.698E-12,-1.160E-11)  1.00E-07
  5.100E+00 7.60448E-20  0.000E+00 (-5.618E-11,-2.697E-10) (-2.378E-12,-1.144E-11)  1.00E-07
  5.200E+00 7.04620E-20  0.000E+00 (-4.807E-11,-2.608E-10) (-2.075E-12,-1.128E-11)  1.00E-07
  5.300E+00 6.53845E-20  0.000E+00 (-4.061E-11,-2.522E-10) (-1.786E-12,-1.112E-11)  1.00E-07
  5.400E+00 6.07585E-20  0.000E+00 (-3.373E-11,-2.439E-10) (-1.511E-12,-1.096E-11)  1.00E-07
  5.500E+00 5.65363E-20  0.000E+00 (-2.739E-11,-2.359E-10) (-1.249E-12,-1.080E-11)  1.00E-07
  5.600E+00 5.26765E-20  0.000E+00 (-2.155E-11,-2.283E-10) (-9.992E-13,-1.063E-11)  1.00E-07
  5.700E+00 4.91421E-20  0.000E+00 (-1.615E-11,-2.208E-10) (-7.614E-13,-1.047E-11)  1.00E-07
  5.800E+00 4.59008E-20  0.000E+00 (-1.118E-11,-2.137E-10) (-5.347E-13,-1.031E-11)  1.00E-07
  5.900E+00 4.29238E-20  0.000E+00 (-6.585E-12,-2.068E-10) (-3.186E-13,-1.015E-11)  1.00E-07
  6.000E+00 4.01856E-20  0.000E+00 (-2.349E-12,-2.002E-10) (-1.126E-13,-9.996E-12)  1.00E-07
  6.100E+00 3.76635E-20  0.000E+00 ( 1.560E-12,-1.938E-10) ( 8.391E-14,-9.839E-12)  1.00E-07
  6.200E+00 3.53374E-20  0.000E+00 ( 5.167E-12,-1.877E-10) ( 2.713E-13,-9.683E-12)  1.00E-07
  6.300E+00 3.31891E-20  0.000E+00 ( 8.495E-12,-1.817E-10) ( 4.501E-13,-9.529E-12)  1.00E-07
  6.400E+00 3.12026E-20  5.368E-05 ( 1.156E-11,-1.760E-10) ( 6.207E-13,-9.376E-12)  1.00E-07
  6.500E+00 2.93634E-20  5.541E-05 ( 1.439E-11,-1.705E-10) ( 7.836E-13,-9.225E-12)  1.00E-07
  6.600E+00 2.76586E-20  5.723E-05 ( 1.700E-11,-1.652E-10) ( 9.389E-13,-9.075E-12)  1.00E-07
  6.700E+00 2.60765E-20  5.903E-05 ( 1.941E-11,-1.601E-10) ( 1.087E-12,-8.927E-12)  1.00E-07
  6.800E+00 2.46067E-20  6.082E-05 ( 2.162E-11,-1.551E-10) ( 1.229E-12,-8.781E-12)  1.00E-07
  6.900E+00 2.32398E-20  6.276E-05 ( 2.366E-11,-1.503E-10) ( 1.364E-12,-8.636E-12)  1.00E-07
  7.000E+00 2.19670E-20  6.453E-05 ( 2.553E-11,-1.457E-10) ( 1.493E-12,-8.494E-12)  1.00E-07
  7.100E+00 2.07809E-20  6.655E-05 ( 2.726E-11,-1.413E-10) ( 1.616E-12,-8.353E-12)  1.00E-07
  7.200E+00 1.96743E-20  6.836E-05 ( 2.884E-11,-1.370E-10) ( 1.734E-12,-8.214E-12)  1.00E-07
  7.300E+00 1.86409E-20  7.040E-05 ( 3.029E-11,-1.329E-10) ( 1.846E-12,-8.077E-12)  1.00E-07
  7.400E+00 1.76750E-20  7.228E-05 ( 3.162E-11,-1.289E-10) ( 1.953E-12,-7.942E-12)  1.00E-07
  7.500E+00 1.67713E-20  7.430E-05 ( 3.283E-11,-1.250E-10) ( 2.056E-12,-7.808E-12)  1.00E-07
  7.600E+00 1.59252E-20  7.631E-05 ( 3.394E-11,-1.213E-10) ( 2.153E-12,-7.677E-12)  1.00E-07
  7.700E+00 1.51321E-20  7.831E-05 ( 3.495E-11,-1.177E-10) ( 2.247E-12,-7.547E-12)  1.00E-07
  7.800E+00 1.43882E-20  8.039E-05 ( 3.587E-11,-1.142E-10) ( 2.336E-12,-7.419E-12)  1.00E-07
  7.900E+00 1.36898E-20  8.242E-05 ( 3.671E-11,-1.108E-10) ( 2.421E-12,-7.293E-12)  1.00E-07
  8.000E+00 1.30337E-20  8.449E-05 ( 3.746E-11,-1.076E-10) ( 2.502E-12,-7.169E-12)  1.00E-07
  8.100E+00 1.24168E-20  8.660E-05 ( 3.815E-11,-1.044E-10) ( 2.579E-12,-7.046E-12)  1.00E-07
  8.200E+00 1.18362E-20  8.870E-05 ( 3.876E-11,-1.014E-10) ( 2.653E-12,-6.926E-12)  1.00E-07
  8.300E+00 1.12895E-20  9.083E-05 ( 3.931E-11,-9.844E-11) ( 2.723E-12,-6.807E-12)  1.00E-07
  8.400E+00 1.07743E-20  9.298E-05 ( 3.980E-11,-9.559E-11) ( 2.791E-12,-6.690E-12)  1.00E-07
  8.500E+00 1.02884E-20  9.511E-05 ( 4.023E-11,-9.283E-11) ( 2.855E-12,-6.575E-12)  1.00E-07
  8.600E+00 9.82988E-21  9.727E-05 ( 4.061E-11,-9.017E-11) ( 2.916E-12,-6.461E-12)  1.00E-07
  8.700E+00 9.39687E-21  9.946E-05 ( 4.095E-11,-8.758E-11) ( 2.974E-12,-6.350E-12)  1.00E-07
  8.800E+00 8.98767E-21  1.017E-04 ( 4.124E-11,-8.508E-11) ( 3.029E-12,-6.240E-12)  1.00E-07
  8.900E+00 8.60074E-21  1.039E-04 ( 4.148E-11,-8.266E-11) ( 3.082E-12,-6.131E-12)  1.00E-07
  9.000E+00 8.23463E-21  1.061E-04 ( 4.169E-11,-8.032E-11) ( 3.133E-12,-6.025E-12)  1.00E-07
  9.100E+00 7.88799E-21  1.083E-04 ( 4.186E-11,-7.804E-11) ( 3.180E-12,-5.919E-12)  1.00E-07
  9.200E+00 7.55960E-21  1.105E-04 ( 4.199E-11,-7.584E-11) ( 3.226E-12,-5.816E-12)  1.00E-07
  9.300E+00 7.24832E-21  1.128E-04 ( 4.210E-11,-7.371E-11) ( 3.269E-12,-5.714E-12)  1.00E-07
  9.400E+00 6.95307E-21  1.151E-04 ( 4.217E-11,-7.164E-11) ( 3.310E-12,-5.614E-12)  1.00E-07
  9.500E+00 6.67287E-21  1.173E-04 ( 4.222E-11,-6.963E-11) ( 3.349E-12,-5.515E-12)  1.00E-07
  9.600E+00 6.40681E-21  1.196E-04 ( 4.224E-11,-6.769E-11) ( 3.387E-12,-5.418E-12)  1.00E-07
  9.700E+00 6.15404E-21  1.219E-04 ( 4.224E-11,-6.580E-11) ( 3.422E-12,-5.322E-12)  1.00E-07
  9.800E+00 5.91376E-21  1.241E-04 ( 4.221E-11,-6.397E-11) ( 3.455E-12,-5.228E-12)  1.00E-07
  9.900E+00 5.68523E-21  1.264E-04 ( 4.217E-11,-6.220E-11) ( 3.487E-12,-5.135E-12)  1.00E-07
  1.000E+01 5.46778E-21  1.287E-04 ( 4.210E-11,-6.048E-11) ( 3.517E-12,-5.043E-12)  1.00E-07
  1.025E+01 4.96848E-21  1.345E-04 ( 4.186E-11,-5.639E-11) ( 3.585E-12,-4.821E-12)  1.00E-07
  1.050E+01 4.52558E-21  1.403E-04 ( 4.153E-11,-5.260E-11) ( 3.643E-12,-4.607E-12)  1.00E-07
  1.075E+01 4.13157E-21  1.461E-04 ( 4.111E-11,-4.907E-11) ( 3.694E-12,-4.401E-12)  1.00E-07
  1.100E+01 3.78008E-21  1.519E-04 ( 4.064E-11,-4.579E-11) ( 3.736E-12,-4.203E-12)  1.00E-07
  1.125E+01 3.46570E-21  1.577E-04 ( 4.011E-11,-4.274E-11) ( 3.772E-12,-4.013E-12)  1.00E-07
  1.150E+01 3.18380E-21  1.634E-04 ( 3.954E-11,-3.989E-11) ( 3.802E-12,-3.829E-12)  1.00E-07
  1.175E+01 2.93040E-21  1.691E-04 ( 3.893E-11,-3.724E-11) ( 3.826E-12,-3.653E-12)  1.00E-07
  1.200E+01 2.70210E-21  1.748E-04 ( 3.830E-11,-3.476E-11) ( 3.844E-12,-3.483E-12)  1.00E-07
  1.225E+01 2.49596E-21  1.804E-04 ( 3.765E-11,-3.244E-11) ( 3.858E-12,-3.319E-12)  1.00E-07
  1.250E+01 2.30943E-21  1.860E-04 ( 3.698E-11,-3.028E-11) ( 3.868E-12,-3.161E-12)  1.00E-07
  1.275E+01 2.14029E-21  1.915E-04 ( 3.630E-11,-2.825E-11) ( 3.874E-12,-3.009E-12)  1.00E-07
  1.300E+01 1.98663E-21  1.969E-04 ( 3.562E-11,-2.636E-11) ( 3.876E-12,-2.863E-12)  1.00E-07
  1.325E+01 1.84676E-21  2.022E-04 ( 3.493E-11,-2.458E-11) ( 3.875E-12,-2.722E-12)  1.00E-07
  1.350E+01 1.71921E-21  2.074E-04 ( 3.424E-11,-2.292E-11) ( 3.871E-12,-2.586E-12)  1.00E-07
  1.375E+01 1.60270E-21  2.125E-04 ( 3.355E-11,-2.136E-11) ( 3.864E-12,-2.455E-12)  1.00E-07
  1.400E+01 1.49609E-21  2.175E-04 ( 3.287E-11,-1.989E-11) ( 3.855E-12,-2.328E-12)  1.00E-07
  1.425E+01 1.39837E-21  2.224E-04 ( 3.219E-11,-1.852E-11) ( 3.843E-12,-2.206E-12)  1.00E-07
  1.450E+01 1.30866E-21  2.270E-04 ( 3.151E-11,-1.722E-11) ( 3.830E-12,-2.089E-12)  1.00E-07
  1.475E+01 1.22619E-21  2.316E-04 ( 3.085E-11,-1.601E-11) ( 3.815E-12,-1.975E-12)  1.00E-07
  1.500E+01 1.15026E-21  2.360E-04 ( 3.019E-11,-1.486E-11) ( 3.797E-12,-1.865E-12)  1.00E-07
  1.525E+01 1.08024E-21  2.401E-04 ( 2.954E-11,-1.379E-11) ( 3.779E-12,-1.759E-12)  1.00E-07
  1.550E+01 1.01559E-21  2.442E-04 ( 2.890E-11,-1.278E-11) ( 3.759E-12,-1.657E-12)  1.00E-07
  1.575E+01 9.55820E-22  2.480E-04 ( 2.828E-11,-1.182E-11) ( 3.738E-12,-1.559E-12)  1.00E-07
  1.600E+01 9.00487E-22  2.517E-04 ( 2.766E-11,-1.092E-11) ( 3.715E-12,-1.463E-12)  1.00E-07
  1.625E+01 8.49198E-22  2.551E-04 ( 2.706E-11,-1.008E-11) ( 3.692E-12,-1.371E-12)  1.00E-07
  1.650E+01 8.01601E-22  2.583E-04 ( 2.647E-11,-9.280E-12) ( 3.667E-12,-1.282E-12)  1.00E-07
  1.675E+01 7.57377E-22  2.614E-04 ( 2.588E-11,-8.527E-12) ( 3.642E-12,-1.196E-12)  1.00E-07
  1.700E+01 7.16241E-22  2.640E-04 ( 2.531E-11,-7.816E-12) ( 3.616E-12,-1.113E-12)  1.00E-07
  1.725E+01 6.77933E-22  2.667E-04 ( 2.476E-11,-7.145E-12) ( 3.589E-12,-1.032E-12)  1.00E-07
  1.750E+01 6.42223E-22  2.687E-04 ( 2.421E-11,-6.512E-12) ( 3.562E-12,-9.545E-13)  1.00E-07
  1.775E+01 6.08896E-22  2.710E-04 ( 2.368E-11,-5.914E-12) ( 3.534E-12,-8.793E-13)  1.00E-07
  1.800E+01 5.77766E-22  2.725E-04 ( 2.316E-11,-5.349E-12) ( 3.506E-12,-8.065E-13)  1.00E-07
  1.825E+01 5.48655E-22  2.741E-04 ( 2.265E-11,-4.815E-12) ( 3.477E-12,-7.361E-13)  1.00E-07
  1.850E+01 5.21409E-22  2.751E-04 ( 2.215E-11,-4.311E-12) ( 3.448E-12,-6.679E-13)  1.00E-07
  1.875E+01 4.95882E-22  2.761E-04 ( 2.166E-11,-3.834E-12) ( 3.419E-12,-6.020E-13)  1.00E-07
  1.900E+01 4.71945E-22  2.767E-04 ( 2.118E-11,-3.383E-12) ( 3.389E-12,-5.382E-13)  1.00E-07
  1.925E+01 4.49480E-22  2.769E-04 ( 2.072E-11,-2.956E-12) ( 3.360E-12,-4.764E-13)  1.00E-07
  1.950E+01 4.28377E-22  2.769E-04 ( 2.026E-11,-2.553E-12) ( 3.329E-12,-4.166E-13)  1.00E-07
  1.975E+01 4.08536E-22  2.765E-04 ( 1.982E-11,-2.171E-12) ( 3.299E-12,-3.586E-13)  1.00E-07
  2.000E+01 3.89868E-22  2.760E-04 ( 1.939E-11,-1.811E-12) ( 3.269E-12,-3.025E-13)  1.00E-07
  2.025E+01 3.72288E-22  2.750E-04 ( 1.896E-11,-1.469E-12) ( 3.239E-12,-2.482E-13)  1.00E-07
  2.050E+01 3.55721E-22  2.736E-04 ( 1.855E-11,-1.146E-12) ( 3.208E-12,-1.956E-13)  1.00E-07
  2.075E+01 3.40095E-22  2.720E-04 ( 1.815E-11,-8.403E-13) ( 3.178E-12,-1.446E-13)  1.00E-07
  2.100E+01 3.25347E-22  2.700E-04 ( 1.775E-11,-5.509E-13) ( 3.147E-12,-9.520E-14)  1.00E-07
  2.125E+01 3.11417E-22  2.677E-04 ( 1.737E-11,-2.771E-13) ( 3.116E-12,-4.733E-14)  1.00E-07
  2.150E+01 2.98250E-22  2.650E-04 ( 1.699E-11,-1.804E-14) ( 3.086E-12,-9.502E-16)  1.00E-07
  2.175E+01 2.85796E-22  2.618E-04 ( 1.663E-11, 2.272E-13) ( 3.056E-12, 4.400E-14)  1.00E-07
  2.200E+01 2.74008E-22  2.583E-04 ( 1.627E-11, 4.592E-13) ( 3.025E-12, 8.757E-14)  1.00E-07
  2.225E+01 2.62843E-22  2.545E-04 ( 1.592E-11, 6.788E-13) ( 2.995E-12, 1.298E-13)  1.00E-07
  2.250E+01 2.52262E-22  2.502E-04 ( 1.558E-11, 8.865E-13) ( 2.965E-12, 1.707E-13)  1.00E-07
  2.275E+01 2.42227E-22  2.455E-04 ( 1.524E-11, 1.083E-12) ( 2.934E-12, 2.104E-13)  1.00E-07
  2.300E+01 2.32704E-22  2.405E-04 ( 1.492E-11, 1.269E-12) ( 2.904E-12, 2.489E-13)  1.00E-07
  2.325E+01 2.23662E-22  2.351E-04 ( 1.460E-11, 1.445E-12) ( 2.875E-12, 2.862E-13)  1.00E-07
  2.350E+01 2.15072E-22  2.293E-04 ( 1.429E-11, 1.611E-12) ( 2.845E-12, 3.224E-13)  1.00E-07
  2.375E+01 2.06905E-22  2.232E-04 ( 1.399E-11, 1.768E-12) ( 2.815E-12, 3.575E-13)  1.00E-07
  2.400E+01 1.99138E-22  2.166E-04 ( 1.369E-11, 1.917E-12) ( 2.786E-12, 3.915E-13)  1.00E-07
  2.425E+01 1.91745E-22  2.096E-04 ( 1.341E-11, 2.057E-12) ( 2.757E-12, 4.245E-13)  1.00E-07
  2.450E+01 1.84706E-22  2.022E-04 ( 1.312E-11, 2.190E-12) ( 2.728E-12, 4.564E-13)  1.00E-07
  2.475E+01 1.77999E-22  0.000E+00 ( 1.285E-11, 2.315E-12) ( 2.699E-12, 4.875E-13)  1.00E-07
  2.500E+01 1.71606E-22  0.000E+00 ( 1.258E-11, 2.433E-12) ( 2.670E-12, 5.176E-13)  1.00E-07
  2.550E+01 1.59690E-22  0.000E+00 ( 1.206E-11, 2.650E-12) ( 2.613E-12, 5.751E-13)  1.00E-07
  2.600E+01 1.48831E-22  0.000E+00 ( 1.157E-11, 2.842E-12) ( 2.557E-12, 6.291E-13)  1.00E-07
  2.650E+01 1.38914E-22  0.000E+00 ( 1.110E-11, 3.013E-12) ( 2.502E-12, 6.800E-13)  1.00E-07
  2.700E+01 1.29842E-22  0.000E+00 ( 1.064E-11, 3.163E-12) ( 2.447E-12, 7.279E-13)  1.00E-07
  2.750E+01 1.21528E-22  0.000E+00 ( 1.021E-11, 3.296E-12) ( 2.394E-12, 7.729E-13)  1.00E-07
  2.800E+01 1.13895E-22  0.000E+00 ( 9.803E-12, 3.413E-12) ( 2.341E-12, 8.153E-13)  1.00E-07
  2.850E+01 1.06877E-22  0.000E+00 ( 9.410E-12, 3.515E-12) ( 2.289E-12, 8.552E-13)  1.00E-07
  2.900E+01 1.00412E-22  0.000E+00 ( 9.035E-12, 3.603E-12) ( 2.238E-12, 8.926E-13)  1.00E-07
  2.950E+01 9.44495E-23  0.000E+00 ( 8.675E-12, 3.679E-12) ( 2.188E-12, 9.278E-13)  1.00E-07
  3.000E+01 8.89410E-23  0.000E+00 ( 8.332E-12, 3.744E-12) ( 2.139E-12, 9.610E-13)  1.00E-07
  3.050E+01 8.38449E-23  0.000E+00 ( 8.003E-12, 3.799E-12) ( 2.091E-12, 9.921E-13)  1.00E-07
  3.100E+01 7.91237E-23  0.000E+00 ( 7.689E-12, 3.845E-12) ( 2.044E-12, 1.021E-12)  1.00E-07
  3.150E+01 7.47442E-23  0.000E+00 ( 7.388E-12, 3.883E-12) ( 1.997E-12, 1.049E-12)  1.00E-07
  3.200E+01 7.06761E-23  0.000E+00 ( 7.100E-12, 3.913E-12) ( 1.952E-12, 1.074E-12)  1.00E-07
  3.250E+01 6.68927E-23 -2.743E-04 ( 6.823E-12, 3.936E-12) ( 1.907E-12, 1.099E-12)  1.00E-07
  3.300E+01 6.33697E-23 -3.205E-04 ( 6.559E-12, 3.953E-12) ( 1.863E-12, 1.121E-12)  1.00E-07
  3.350E+01 6.00854E-23 -3.686E-04 ( 6.305E-12, 3.964E-12) ( 1.820E-12, 1.142E-12)  1.00E-07
  3.400E+01 5.70200E-23 -4.186E-04 ( 6.062E-12, 3.970E-12) ( 1.778E-12, 1.162E-12)  1.00E-07
  3.450E+01 5.41558E-23 -4.701E-04 ( 5.829E-12, 3.971E-12) ( 1.736E-12, 1.181E-12)  1.00E-07
  3.500E+01 5.14768E-23 -5.238E-04 ( 5.606E-12, 3.968E-12) ( 1.696E-12, 1.198E-12)  1.00E-07
  3.550E+01 4.89683E-23 -5.793E-04 ( 5.391E-12, 3.961E-12) ( 1.656E-12, 1.214E-12)  1.00E-07
  3.600E+01 4.66171E-23 -6.376E-04 ( 5.185E-12, 3.951E-12) ( 1.617E-12, 1.229E-12)  1.00E-07
  3.650E+01 4.44111E-23 -6.976E-04 ( 4.988E-12, 3.937E-12) ( 1.578E-12, 1.243E-12)  1.00E-07
  3.700E+01 4.23395E-23 -7.599E-04 ( 4.798E-12, 3.920E-12) ( 1.541E-12, 1.256E-12)  1.00E-07
  3.750E+01 4.03921E-23 -8.236E-04 ( 4.616E-12, 3.901E-12) ( 1.504E-12, 1.268E-12)  1.00E-07
  3.800E+01 3.85600E-23 -8.891E-04 ( 4.440E-12, 3.880E-12) ( 1.468E-12, 1.279E-12)  1.00E-07
  3.850E+01 3.68348E-23 -9.566E-04 ( 4.272E-12, 3.856E-12) ( 1.433E-12, 1.289E-12)  1.00E-07
  3.900E+01 3.52088E-23 -1.026E-03 ( 4.111E-12, 3.830E-12) ( 1.398E-12, 1.298E-12)  1.00E-07
  3.950E+01 3.36750E-23 -1.098E-03 ( 3.955E-12, 3.803E-12) ( 1.364E-12, 1.307E-12)  1.00E-07
  4.000E+01 3.22271E-23 -1.173E-03 ( 3.806E-12, 3.774E-12) ( 1.331E-12, 1.315E-12)  1.00E-07
  4.050E+01 3.08592E-23 -1.249E-03 ( 3.662E-12, 3.744E-12) ( 1.298E-12, 1.322E-12)  1.00E-07
  4.100E+01 2.95659E-23 -1.326E-03 ( 3.523E-12, 3.713E-12) ( 1.266E-12, 1.329E-12)  1.00E-07
  4.150E+01 2.83421E-23 -1.406E-03 ( 3.390E-12, 3.680E-12) ( 1.235E-12, 1.334E-12)  1.00E-07
  4.200E+01 2.71833E-23 -1.487E-03 ( 3.262E-12, 3.646E-12) ( 1.204E-12, 1.340E-12)  1.00E-07
  4.250E+01 2.60853E-23 -1.571E-03 ( 3.139E-12, 3.612E-12) ( 1.174E-12, 1.344E-12)  1.00E-07
  4.300E+01 2.50442E-23 -1.657E-03 ( 3.020E-12, 3.577E-12) ( 1.144E-12, 1.348E-12)  1.00E-07
  4.350E+01 2.40562E-23 -1.745E-03 ( 2.906E-12, 3.541E-12) ( 1.115E-12, 1.352E-12)  1.00E-07
  4.400E+01 2.31182E-23 -1.835E-03 ( 2.796E-12, 3.505E-12) ( 1.087E-12, 1.355E-12)  1.00E-07
  4.450E+01 2.22270E-23 -1.927E-03 ( 2.690E-12, 3.468E-12) ( 1.059E-12, 1.358E-12)  1.00E-07
  4.500E+01 2.13797E-23 -2.020E-03 ( 2.588E-12, 3.431E-12) ( 1.032E-12, 1.360E-12)  1.00E-07
  4.550E+01 2.05737E-23 -2.116E-03 ( 2.489E-12, 3.393E-12) ( 1.005E-12, 1.361E-12)  1.00E-07
  4.600E+01 1.98065E-23 -2.213E-03 ( 2.394E-12, 3.355E-12) ( 9.790E-13, 1.363E-12)  1.00E-07
  4.650E+01 1.90759E-23 -2.313E-03 ( 2.303E-12, 3.317E-12) ( 9.533E-13, 1.364E-12)  1.00E-07
  4.700E+01 1.83796E-23 -2.415E-03 ( 2.215E-12, 3.279E-12) ( 9.281E-13, 1.364E-12)  1.00E-07
  4.750E+01 1.77157E-23 -2.519E-03 ( 2.130E-12, 3.241E-12) ( 9.034E-13, 1.364E-12)  1.00E-07
  4.800E+01 1.70823E-23 -2.625E-03 ( 2.048E-12, 3.202E-12) ( 8.792E-13, 1.364E-12)  1.00E-07
  4.850E+01 1.64777E-23 -2.732E-03 ( 1.969E-12, 3.164E-12) ( 8.555E-13, 1.363E-12)  1.00E-07
  4.900E+01 1.59004E-23 -2.841E-03 ( 1.893E-12, 3.126E-12) ( 8.323E-13, 1.363E-12)  1.00E-07
  4.950E+01 1.53487E-23 -2.952E-03 ( 1.819E-12, 3.087E-12) ( 8.094E-13, 1.361E-12)  1.00E-07
  5.000E+01 1.48213E-23 -3.066E-03 ( 1.748E-12, 3.049E-12) ( 7.871E-13, 1.360E-12)  1.00E-07
  5.050E+01 1.43169E-23 -3.182E-03 ( 1.680E-12, 3.011E-12) ( 7.652E-13, 1.358E-12)  1.00E-07
  5.100E+01 1.38342E-23 -3.300E-03 ( 1.613E-12, 2.973E-12) ( 7.437E-13, 1.356E-12)  1.00E-07
  5.150E+01 1.33721E-23 -3.419E-03 ( 1.550E-12, 2.935E-12) ( 7.226E-13, 1.354E-12)  1.00E-07
  5.200E+01 1.29296E-23 -3.540E-03 ( 1.488E-12, 2.898E-12) ( 7.019E-13, 1.351E-12)  1.00E-07
  5.250E+01 1.25055E-23 -3.663E-03 ( 1.429E-12, 2.860E-12) ( 6.817E-13, 1.349E-12)  1.00E-07
  5.300E+01 1.20989E-23 -3.788E-03 ( 1.371E-12, 2.823E-12) ( 6.618E-13, 1.346E-12)  1.00E-07
  5.350E+01 1.17091E-23 -3.915E-03 ( 1.316E-12, 2.786E-12) ( 6.424E-13, 1.343E-12)  1.00E-07
  5.400E+01 1.13350E-23 -4.045E-03 ( 1.262E-12, 2.749E-12) ( 6.233E-13, 1.339E-12)  1.00E-07
  5.450E+01 1.09759E-23 -4.176E-03 ( 1.211E-12, 2.713E-12) ( 6.046E-13, 1.336E-12)  1.00E-07
  5.500E+01 1.06312E-23 -4.310E-03 ( 1.161E-12, 2.677E-12) ( 5.862E-13, 1.332E-12)  1.00E-07
  5.550E+01 1.03000E-23 -4.444E-03 ( 1.113E-12, 2.641E-12) ( 5.682E-13, 1.328E-12)  1.00E-07
  5.600E+01 9.98170E-24 -4.581E-03 ( 1.066E-12, 2.606E-12) ( 5.506E-13, 1.324E-12)  1.00E-07
  5.650E+01 9.67573E-24 -4.719E-03 ( 1.021E-12, 2.570E-12) ( 5.333E-13, 1.320E-12)  1.00E-07
  5.700E+01 9.38149E-24 -4.861E-03 ( 9.778E-13, 2.535E-12) ( 5.163E-13, 1.316E-12)  1.00E-07
  5.750E+01 9.09841E-24 -5.004E-03 ( 9.358E-13, 2.501E-12) ( 4.997E-13, 1.311E-12)  1.00E-07
  5.800E+01 8.82599E-24 -5.149E-03 ( 8.953E-13, 2.467E-12) ( 4.834E-13, 1.306E-12)  1.00E-07
  5.850E+01 8.56370E-24 -5.296E-03 ( 8.562E-13, 2.433E-12) ( 4.674E-13, 1.302E-12)  1.00E-07
  5.900E+01 8.31111E-24 -5.445E-03 ( 8.183E-13, 2.399E-12) ( 4.517E-13, 1.297E-12)  1.00E-07
  5.950E+01 8.06775E-24 -5.595E-03 ( 7.818E-13, 2.366E-12) ( 4.364E-13, 1.292E-12)  1.00E-07
  6.000E+01 7.83323E-24 -5.747E-03 ( 7.465E-13, 2.333E-12) ( 4.213E-13, 1.287E-12)  1.00E-07
  6.050E+01 7.60716E-24 -5.902E-03 ( 7.124E-13, 2.301E-12) ( 4.065E-13, 1.281E-12)  1.00E-07
  6.100E+01 7.38915E-24 -6.060E-03 ( 6.794E-13, 2.268E-12) ( 3.921E-13, 1.276E-12)  1.00E-07
  6.150E+01 7.17885E-24 -6.219E-03 ( 6.475E-13, 2.237E-12) ( 3.779E-13, 1.271E-12)  1.00E-07
  6.200E+01 6.97592E-24 -6.380E-03 ( 6.168E-13, 2.205E-12) ( 3.639E-13, 1.265E-12)  1.00E-07
  6.250E+01 6.78005E-24 -6.542E-03 ( 5.870E-13, 2.174E-12) ( 3.503E-13, 1.260E-12)  1.00E-07
  6.300E+01 6.59093E-24 -6.706E-03 ( 5.583E-13, 2.143E-12) ( 3.369E-13, 1.254E-12)  1.00E-07
  6.350E+01 6.40828E-24 -6.873E-03 ( 5.305E-13, 2.113E-12) ( 3.238E-13, 1.248E-12)  1.00E-07
  6.400E+01 6.23184E-24 -7.042E-03 ( 5.037E-13, 2.083E-12) ( 3.109E-13, 1.242E-12)  1.00E-07
  6.450E+01 6.06134E-24 -7.213E-03 ( 4.778E-13, 2.053E-12) ( 2.983E-13, 1.236E-12)  1.00E-07
  6.500E+01 5.89653E-24 -7.387E-03 ( 4.527E-13, 2.024E-12) ( 2.860E-13, 1.230E-12)  1.00E-07
  6.550E+01 5.73719E-24 -7.562E-03 ( 4.286E-13, 1.995E-12) ( 2.739E-13, 1.224E-12)  1.00E-07
  6.600E+01 5.58308E-24 -7.738E-03 ( 4.052E-13, 1.966E-12) ( 2.620E-13, 1.218E-12)  1.00E-07
  6.650E+01 5.43399E-24 -7.917E-03 ( 3.826E-13, 1.938E-12) ( 2.504E-13, 1.212E-12)  1.00E-07
  6.700E+01 5.28973E-24 -8.097E-03 ( 3.608E-13, 1.910E-12) ( 2.390E-13, 1.206E-12)  1.00E-07
  6.750E+01 5.15011E-24 -8.280E-03 ( 3.397E-13, 1.882E-12) ( 2.278E-13, 1.200E-12)  1.00E-07
  6.800E+01 5.01495E-24 -8.466E-03 ( 3.194E-13, 1.855E-12) ( 2.169E-13, 1.193E-12)  1.00E-07
  6.850E+01 4.88408E-24 -8.655E-03 ( 2.997E-13, 1.828E-12) ( 2.061E-13, 1.187E-12)  1.00E-07
  6.900E+01 4.75731E-24 -8.844E-03 ( 2.807E-13, 1.802E-12) ( 1.956E-13, 1.181E-12)  1.00E-07
  6.950E+01 4.63449E-24 -9.035E-03 ( 2.624E-13, 1.776E-12) ( 1.853E-13, 1.174E-12)  1.00E-07
  7.000E+01 4.51547E-24 -9.227E-03 ( 2.447E-13, 1.750E-12) ( 1.752E-13, 1.168E-12)  1.00E-07
  7.050E+01 4.40010E-24 -9.422E-03 ( 2.276E-13, 1.724E-12) ( 1.653E-13, 1.161E-12)  1.00E-07
  7.100E+01 4.28827E-24 -9.621E-03 ( 2.111E-13, 1.699E-12) ( 1.556E-13, 1.155E-12)  1.00E-07
  7.150E+01 4.17985E-24 -9.823E-03 ( 1.952E-13, 1.674E-12) ( 1.461E-13, 1.148E-12)  1.00E-07
  7.200E+01 4.07469E-24 -1.003E-02 ( 1.798E-13, 1.649E-12) ( 1.368E-13, 1.142E-12)  1.00E-07
  7.250E+01 3.97265E-24 -1.023E-02 ( 1.650E-13, 1.625E-12) ( 1.277E-13, 1.135E-12)  1.00E-07
  7.300E+01 3.87363E-24 -1.043E-02 ( 1.507E-13, 1.601E-12) ( 1.188E-13, 1.128E-12)  1.00E-07
  7.350E+01 3.77755E-24 -1.064E-02 ( 1.369E-13, 1.578E-12) ( 1.101E-13, 1.122E-12)  1.00E-07
  7.400E+01 3.68429E-24 -1.085E-02 ( 1.235E-13, 1.554E-12) ( 1.015E-13, 1.115E-12)  1.00E-07
  7.450E+01 3.59375E-24 -1.107E-02 ( 1.107E-13, 1.531E-12) ( 9.311E-14, 1.108E-12)  1.00E-07
  7.500E+01 3.50582E-24 -1.128E-02 ( 9.830E-14, 1.508E-12) ( 8.490E-14, 1.102E-12)  1.00E-07
  7.550E+01 3.42041E-24 -1.150E-02 ( 8.635E-14, 1.486E-12) ( 7.686E-14, 1.095E-12)  1.00E-07
  7.600E+01 3.33744E-24 -1.172E-02 ( 7.484E-14, 1.464E-12) ( 6.899E-14, 1.088E-12)  1.00E-07
  7.650E+01 3.25682E-24 -1.194E-02 ( 6.374E-14, 1.442E-12) ( 6.129E-14, 1.081E-12)  1.00E-07
  7.700E+01 3.17847E-24 -1.217E-02 ( 5.305E-14, 1.421E-12) ( 5.375E-14, 1.075E-12)  1.00E-07
  7.750E+01 3.10232E-24 -1.239E-02 ( 4.275E-14, 1.399E-12) ( 4.637E-14, 1.068E-12)  1.00E-07
  7.800E+01 3.02829E-24 -1.262E-02 ( 3.283E-14, 1.378E-12) ( 3.915E-14, 1.061E-12)  1.00E-07
  7.850E+01 2.95631E-24 -1.286E-02 ( 2.328E-14, 1.358E-12) ( 3.208E-14, 1.054E-12)  1.00E-07
  7.900E+01 2.88630E-24 -1.309E-02 ( 1.409E-14, 1.337E-12) ( 2.517E-14, 1.048E-12)  1.00E-07
  7.950E+01 2.81821E-24 -1.333E-02 ( 5.241E-15, 1.317E-12) ( 1.840E-14, 1.041E-12)  1.00E-07
  8.000E+01 2.75196E-24 -1.356E-02 (-3.270E-15, 1.297E-12) ( 1.178E-14, 1.034E-12)  1.00E-07
  8.050E+01 2.68751E-24 -1.381E-02 (-1.145E-14, 1.278E-12) ( 5.310E-15, 1.027E-12)  1.00E-07
  8.100E+01 2.62478E-24 -1.405E-02 (-1.932E-14, 1.258E-12) (-1.019E-15, 1.021E-12)  1.00E-07
  8.150E+01 2.56373E-24 -1.430E-02 (-2.689E-14, 1.239E-12) (-7.209E-15, 1.014E-12)  1.00E-07
  8.200E+01 2.50429E-24 -1.455E-02 (-3.416E-14, 1.220E-12) (-1.326E-14, 1.007E-12)  1.00E-07
  8.250E+01 2.44643E-24 -1.480E-02 (-4.113E-14, 1.202E-12) (-1.918E-14, 1.000E-12)  1.00E-07
  8.300E+01 2.39008E-24 -1.505E-02 (-4.783E-14, 1.183E-12) (-2.496E-14, 9.934E-13)  1.00E-07
  8.350E+01 2.33519E-24 -1.531E-02 (-5.426E-14, 1.165E-12) (-3.061E-14, 9.867E-13)  1.00E-07
  8.400E+01 2.28174E-24 -1.556E-02 (-6.043E-14, 1.147E-12) (-3.613E-14, 9.799E-13)  1.00E-07
  8.450E+01 2.22966E-24 -1.583E-02 (-6.634E-14, 1.130E-12) (-4.152E-14, 9.732E-13)  1.00E-07
  8.500E+01 2.17891E-24 -1.609E-02 (-7.200E-14, 1.112E-12) (-4.679E-14, 9.664E-13)  1.00E-07
  8.550E+01 2.12946E-24 -1.636E-02 (-7.743E-14, 1.095E-12) (-5.194E-14, 9.597E-13)  1.00E-07
  8.600E+01 2.08127E-24 -1.663E-02 (-8.262E-14, 1.078E-12) (-5.696E-14, 9.530E-13)  1.00E-07
  8.650E+01 2.03429E-24 -1.690E-02 (-8.758E-14, 1.062E-12) (-6.187E-14, 9.463E-13)  1.00E-07
  8.700E+01 1.98848E-24 -1.717E-02 (-9.233E-14, 1.045E-12) (-6.665E-14, 9.396E-13)  1.00E-07
  8.750E+01 1.94382E-24 -1.745E-02 (-9.686E-14, 1.029E-12) (-7.132E-14, 9.329E-13)  1.00E-07
  8.800E+01 1.90027E-24 -1.773E-02 (-1.012E-13, 1.013E-12) (-7.588E-14, 9.262E-13)  1.00E-07
  8.850E+01 1.85780E-24 -1.802E-02 (-1.053E-13, 9.973E-13) (-8.033E-14, 9.195E-13)  1.00E-07
  8.900E+01 1.81637E-24 -1.830E-02 (-1.093E-13, 9.818E-13) (-8.466E-14, 9.129E-13)  1.00E-07
  8.950E+01 1.77596E-24 -1.859E-02 (-1.130E-13, 9.664E-13) (-8.889E-14, 9.062E-13)  1.00E-07
  9.000E+01 1.73652E-24 -1.888E-02 (-1.166E-13, 9.513E-13) (-9.301E-14, 8.996E-13)  1.00E-07
  9.050E+01 1.69804E-24 -1.918E-02 (-1.200E-13, 9.364E-13) (-9.702E-14, 8.930E-13)  1.00E-07
  9.100E+01 1.66049E-24 -1.948E-02 (-1.232E-13, 9.216E-13) (-1.009E-13, 8.864E-13)  1.00E-07
  9.150E+01 1.62384E-24 -1.978E-02 (-1.262E-13, 9.071E-13) (-1.047E-13, 8.798E-13)  1.00E-07
  9.200E+01 1.58806E-24 -2.008E-02 (-1.291E-13, 8.928E-13) (-1.084E-13, 8.733E-13)  1.00E-07
  9.250E+01 1.55314E-24 -2.039E-02 (-1.319E-13, 8.786E-13) (-1.121E-13, 8.667E-13)  1.00E-07
  9.300E+01 1.51903E-24 -2.070E-02 (-1.344E-13, 8.647E-13) (-1.156E-13, 8.602E-13)  1.00E-07
  9.350E+01 1.48573E-24 -2.102E-02 (-1.369E-13, 8.509E-13) (-1.190E-13, 8.537E-13)  1.00E-07
  9.400E+01 1.45321E-24 -2.133E-02 (-1.392E-13, 8.374E-13) (-1.223E-13, 8.472E-13)  1.00E-07
  9.450E+01 1.42145E-24 -2.165E-02 (-1.413E-13, 8.240E-13) (-1.255E-13, 8.407E-13)  1.00E-07
  9.500E+01 1.39042E-24 -2.198E-02 (-1.434E-13, 8.108E-13) (-1.287E-13, 8.342E-13)  1.00E-07
  9.550E+01 1.36011E-24 -2.230E-02 (-1.453E-13, 7.978E-13) (-1.317E-13, 8.278E-13)  1.00E-07
  9.600E+01 1.33050E-24 -2.263E-02 (-1.470E-13, 7.849E-13) (-1.347E-13, 8.214E-13)  1.00E-07
  9.650E+01 1.30157E-24 -2.297E-02 (-1.487E-13, 7.723E-13) (-1.375E-13, 8.149E-13)  1.00E-07
  9.700E+01 1.27329E-24 -2.331E-02 (-1.502E-13, 7.598E-13) (-1.403E-13, 8.086E-13)  1.00E-07
  9.750E+01 1.24566E-24 -2.365E-02 (-1.516E-13, 7.475E-13) (-1.430E-13, 8.022E-13)  1.00E-07
  9.800E+01 1.21865E-24 -2.399E-02 (-1.529E-13, 7.353E-13) (-1.456E-13, 7.958E-13)  1.00E-07
  9.850E+01 1.19225E-24 -2.434E-02 (-1.541E-13, 7.233E-13) (-1.481E-13, 7.895E-13)  1.00E-07
  9.900E+01 1.16644E-24 -2.469E-02 (-1.552E-13, 7.115E-13) (-1.506E-13, 7.832E-13)  1.00E-07
  9.950E+01 1.14120E-24 -2.505E-02 (-1.562E-13, 6.999E-13) (-1.530E-13, 7.769E-13)  1.00E-07
  1.000E+02 1.11653E-24 -2.541E-02 (-1.571E-13, 6.884E-13) (-1.553E-13, 7.706E-13)  1.00E-07
  1.005E+02 1.09240E-24 -2.577E-02 (-1.579E-13, 6.771E-13) (-1.575E-13, 7.644E-13)  1.00E-07
  1.010E+02 1.06881E-24 -2.614E-02 (-1.586E-13, 6.659E-13) (-1.596E-13, 7.582E-13)  1.00E-07
  1.015E+02 1.04573E-24 -2.651E-02 (-1.592E-13, 6.548E-13) (-1.617E-13, 7.519E-13)  1.00E-07
  1.020E+02 1.02316E-24 -2.689E-02 (-1.598E-13, 6.440E-13) (-1.636E-13, 7.458E-13)  1.00E-07
  1.025E+02 1.00108E-24 -2.727E-02 (-1.602E-13, 6.333E-13) (-1.656E-13, 7.396E-13)  1.00E-07
  1.030E+02 9.79474E-25 -2.765E-02 (-1.606E-13, 6.227E-13) (-1.674E-13, 7.334E-13)  1.00E-07
  1.035E+02 9.58339E-25 -2.804E-02 (-1.609E-13, 6.122E-13) (-1.692E-13, 7.273E-13)  1.00E-07
  1.040E+02 9.37660E-25 -2.843E-02 (-1.611E-13, 6.020E-13) (-1.709E-13, 7.212E-13)  1.00E-07
  1.045E+02 9.17424E-25 -2.883E-02 (-1.612E-13, 5.918E-13) (-1.725E-13, 7.151E-13)  1.00E-07
  1.050E+02 8.97621E-25 -2.923E-02 (-1.613E-13, 5.818E-13) (-1.741E-13, 7.091E-13)  1.00E-07
  1.055E+02 8.78239E-25 -2.964E-02 (-1.613E-13, 5.720E-13) (-1.755E-13, 7.030E-13)  1.00E-07
  1.060E+02 8.59269E-25 -3.005E-02 (-1.613E-13, 5.622E-13) (-1.770E-13, 6.970E-13)  1.00E-07
  1.065E+02 8.40701E-25 -3.047E-02 (-1.612E-13, 5.526E-13) (-1.783E-13, 6.910E-13)  1.00E-07
  1.070E+02 8.22524E-25 -3.089E-02 (-1.610E-13, 5.432E-13) (-1.796E-13, 6.851E-13)  1.00E-07
  1.075E+02 8.04729E-25 -3.131E-02 (-1.607E-13, 5.338E-13) (-1.809E-13, 6.791E-13)  1.00E-07
  1.080E+02 7.87307E-25 -3.174E-02 (-1.604E-13, 5.247E-13) (-1.820E-13, 6.732E-13)  1.00E-07
  1.085E+02 7.70249E-25 -3.218E-02 (-1.601E-13, 5.156E-13) (-1.832E-13, 6.673E-13)  1.00E-07
  1.090E+02 7.53545E-25 -3.262E-02 (-1.597E-13, 5.066E-13) (-1.842E-13, 6.614E-13)  1.00E-07
  1.095E+02 7.37187E-25 -3.307E-02 (-1.592E-13, 4.978E-13) (-1.852E-13, 6.555E-13)  1.00E-07
  1.100E+02 7.21169E-25 -3.352E-02 (-1.587E-13, 4.891E-13) (-1.861E-13, 6.497E-13)  1.00E-07
  1.105E+02 7.05480E-25 -3.397E-02 (-1.582E-13, 4.806E-13) (-1.870E-13, 6.439E-13)  1.00E-07
  1.110E+02 6.90114E-25 -3.444E-02 (-1.576E-13, 4.721E-13) (-1.878E-13, 6.381E-13)  1.00E-07
  1.115E+02 6.75063E-25 -3.490E-02 (-1.569E-13, 4.638E-13) (-1.886E-13, 6.323E-13)  1.00E-07
  1.120E+02 6.60319E-25 -3.538E-02 (-1.563E-13, 4.555E-13) (-1.893E-13, 6.265E-13)  1.00E-07
  1.125E+02 6.45875E-25 -3.586E-02 (-1.555E-13, 4.474E-13) (-1.899E-13, 6.208E-13)  1.00E-07
  1.130E+02 6.31725E-25 -3.634E-02 (-1.548E-13, 4.395E-13) (-1.905E-13, 6.151E-13)  1.00E-07
  1.135E+02 6.17862E-25 -3.684E-02 (-1.540E-13, 4.316E-13) (-1.911E-13, 6.094E-13)  1.00E-07
  1.140E+02 6.04279E-25 -3.734E-02 (-1.531E-13, 4.238E-13) (-1.916E-13, 6.038E-13)  1.00E-07
  1.145E+02 5.90970E-25 -3.784E-02 (-1.523E-13, 4.162E-13) (-1.920E-13, 5.981E-13)  1.00E-07
  1.150E+02 5.77928E-25 -3.835E-02 (-1.514E-13, 4.086E-13) (-1.924E-13, 5.925E-13)  1.00E-07
  1.155E+02 5.65148E-25 -3.887E-02 (-1.504E-13, 4.012E-13) (-1.927E-13, 5.869E-13)  1.00E-07
  1.160E+02 5.52623E-25 -3.940E-02 (-1.495E-13, 3.938E-13) (-1.930E-13, 5.813E-13)  1.00E-07
  1.165E+02 5.40348E-25 -3.993E-02 (-1.485E-13, 3.866E-13) (-1.932E-13, 5.758E-13)  1.00E-07
  1.170E+02 5.28317E-25 -4.047E-02 (-1.475E-13, 3.795E-13) (-1.934E-13, 5.702E-13)  1.00E-07
  1.175E+02 5.16526E-25 -4.101E-02 (-1.464E-13, 3.724E-13) (-1.936E-13, 5.647E-13)  1.00E-07
  1.180E+02 5.04969E-25 -4.157E-02 (-1.454E-13, 3.655E-13) (-1.937E-13, 5.592E-13)  1.00E-07
  1.185E+02 4.93640E-25 -4.213E-02 (-1.443E-13, 3.587E-13) (-1.937E-13, 5.538E-13)  1.00E-07
  1.190E+02 4.82535E-25 -4.270E-02 (-1.431E-13, 3.520E-13) (-1.937E-13, 5.483E-13)  1.00E-07
  1.195E+02 4.71648E-25 -4.328E-02 (-1.420E-13, 3.453E-13) (-1.937E-13, 5.429E-13)  1.00E-07
  1.200E+02 4.60975E-25 -4.386E-02 (-1.408E-13, 3.388E-13) (-1.936E-13, 5.375E-13)  1.00E-07
  1.205E+02 4.50512E-25 -4.445E-02 (-1.397E-13, 3.324E-13) (-1.935E-13, 5.321E-13)  1.00E-07
  1.210E+02 4.40254E-25 -4.506E-02 (-1.385E-13, 3.260E-13) (-1.933E-13, 5.267E-13)  1.00E-07
  1.215E+02 4.30197E-25 -4.567E-02 (-1.373E-13, 3.197E-13) (-1.931E-13, 5.214E-13)  1.00E-07
  1.220E+02 4.20336E-25 -4.629E-02 (-1.360E-13, 3.136E-13) (-1.928E-13, 5.161E-13)  1.00E-07
  1.225E+02 4.10667E-25 -4.692E-02 (-1.348E-13, 3.075E-13) (-1.925E-13, 5.108E-13)  1.00E-07
  1.230E+02 4.01187E-25 -4.756E-02 (-1.335E-13, 3.015E-13) (-1.922E-13, 5.055E-13)  1.00E-07
  1.235E+02 3.91890E-25 -4.820E-02 (-1.322E-13, 2.956E-13) (-1.918E-13, 5.002E-13)  1.00E-07
  1.240E+02 3.82775E-25 -4.886E-02 (-1.310E-13, 2.898E-13) (-1.914E-13, 4.950E-13)  1.00E-07
  1.245E+02 3.73836E-25 -4.953E-02 (-1.297E-13, 2.841E-13) (-1.910E-13, 4.898E-13)  1.00E-07
  1.250E+02 3.65070E-25 -5.021E-02 (-1.283E-13, 2.784E-13) (-1.905E-13, 4.846E-13)  1.00E-07
  1.255E+02 3.56475E-25 -5.090E-02 (-1.270E-13, 2.729E-13) (-1.899E-13, 4.794E-13)  1.00E-07
  1.260E+02 3.48045E-25 -5.160E-02 (-1.257E-13, 2.674E-13) (-1.894E-13, 4.742E-13)  1.00E-07
  1.265E+02 3.39778E-25 -5.231E-02 (-1.244E-13, 2.620E-13) (-1.888E-13, 4.691E-13)  1.00E-07
  1.270E+02 3.31670E-25 -5.303E-02 (-1.230E-13, 2.567E-13) (-1.881E-13, 4.640E-13)  1.00E-07
  1.275E+02 3.23719E-25 -5.377E-02 (-1.217E-13, 2.514E-13) (-1.874E-13, 4.589E-13)  1.00E-07
  1.280E+02 3.15922E-25 -5.451E-02 (-1.203E-13, 2.463E-13) (-1.867E-13, 4.538E-13)  1.00E-07
  1.285E+02 3.08275E-25 -5.527E-02 (-1.190E-13, 2.412E-13) (-1.860E-13, 4.487E-13)  1.00E-07
  1.290E+02 3.00775E-25 -5.605E-02 (-1.176E-13, 2.362E-13) (-1.852E-13, 4.437E-13)  1.00E-07
  1.295E+02 2.93419E-25 -5.683E-02 (-1.162E-13, 2.312E-13) (-1.844E-13, 4.387E-13)  1.00E-07
  1.300E+02 2.86205E-25 -5.763E-02 (-1.148E-13, 2.264E-13) (-1.836E-13, 4.337E-13)  1.00E-07
  1.305E+02 2.79130E-25 -5.844E-02 (-1.135E-13, 2.216E-13) (-1.827E-13, 4.287E-13)  1.00E-07
  1.310E+02 2.72191E-25 -5.927E-02 (-1.121E-13, 2.169E-13) (-1.818E-13, 4.237E-13)  1.00E-07
  1.315E+02 2.65386E-25 -6.011E-02 (-1.107E-13, 2.123E-13) (-1.808E-13, 4.188E-13)  1.00E-07
  1.320E+02 2.58713E-25 -6.097E-02 (-1.093E-13, 2.077E-13) (-1.799E-13, 4.138E-13)  1.00E-07
  1.325E+02 2.52167E-25 -6.184E-02 (-1.079E-13, 2.032E-13) (-1.789E-13, 4.089E-13)  1.00E-07
  1.330E+02 2.45749E-25 -6.273E-02 (-1.066E-13, 1.988E-13) (-1.778E-13, 4.040E-13)  1.00E-07
  1.335E+02 2.39453E-25 -6.364E-02 (-1.052E-13, 1.944E-13) (-1.768E-13, 3.992E-13)  1.00E-07
  1.340E+02 2.33280E-25 -6.456E-02 (-1.038E-13, 1.901E-13) (-1.757E-13, 3.943E-13)  1.00E-07
  1.345E+02 2.27226E-25 -6.550E-02 (-1.024E-13, 1.859E-13) (-1.746E-13, 3.895E-13)  1.00E-07
  1.350E+02 2.21289E-25 -6.646E-02 (-1.011E-13, 1.818E-13) (-1.734E-13, 3.847E-13)  1.00E-07
  1.355E+02 2.15467E-25 -6.744E-02 (-9.970E-14, 1.777E-13) (-1.723E-13, 3.799E-13)  1.00E-07
  1.360E+02 2.09758E-25 -6.844E-02 (-9.833E-14, 1.736E-13) (-1.711E-13, 3.751E-13)  1.00E-07
  1.365E+02 2.04160E-25 -6.946E-02 (-9.697E-14, 1.697E-13) (-1.698E-13, 3.703E-13)  1.00E-07
  1.370E+02 1.98671E-25 -7.050E-02 (-9.561E-14, 1.658E-13) (-1.686E-13, 3.655E-13)  1.00E-07
  1.375E+02 1.93290E-25 -7.156E-02 (-9.426E-14, 1.620E-13) (-1.673E-13, 3.608E-13)  1.00E-07
  1.380E+02 1.88013E-25 -7.264E-02 (-9.292E-14, 1.582E-13) (-1.660E-13, 3.561E-13)  1.00E-07
  1.385E+02 1.82840E-25 -7.374E-02 (-9.158E-14, 1.545E-13) (-1.647E-13, 3.514E-13)  1.00E-07
  1.390E+02 1.77768E-25 -7.487E-02 (-9.024E-14, 1.508E-13) (-1.633E-13, 3.467E-13)  1.00E-07
  1.395E+02 1.72796E-25 -7.603E-02 (-8.892E-14, 1.473E-13) (-1.619E-13, 3.420E-13)  1.00E-07
  1.400E+02 1.67923E-25 -7.721E-02 (-8.760E-14, 1.437E-13) (-1.605E-13, 3.374E-13)  1.00E-07
  1.405E+02 1.63145E-25 -7.841E-02 (-8.629E-14, 1.403E-13) (-1.591E-13, 3.327E-13)  1.00E-07
  1.410E+02 1.58463E-25 -7.965E-02 (-8.498E-14, 1.369E-13) (-1.576E-13, 3.281E-13)  1.00E-07
  1.415E+02 1.53874E-25 -8.091E-02 (-8.369E-14, 1.335E-13) (-1.562E-13, 3.235E-13)  1.00E-07
  1.420E+02 1.49376E-25 -8.220E-02 (-8.240E-14, 1.302E-13) (-1.547E-13, 3.189E-13)  1.00E-07
  1.425E+02 1.44969E-25 -8.352E-02 (-8.113E-14, 1.270E-13) (-1.532E-13, 3.143E-13)  1.00E-07
  1.430E+02 1.40651E-25 -8.488E-02 (-7.986E-14, 1.238E-13) (-1.516E-13, 3.098E-13)  1.00E-07
  1.435E+02 1.36420E-25 -8.626E-02 (-7.860E-14, 1.207E-13) (-1.500E-13, 3.052E-13)  1.00E-07
  1.440E+02 1.32275E-25 -8.768E-02 (-7.736E-14, 1.176E-13) (-1.485E-13, 3.007E-13)  1.00E-07
  1.445E+02 1.28215E-25 -8.914E-02 (-7.612E-14, 1.146E-13) (-1.469E-13, 2.962E-13)  1.00E-07
  1.450E+02 1.24237E-25 -9.064E-02 (-7.489E-14, 1.116E-13) (-1.452E-13, 2.917E-13)  1.00E-07
  1.455E+02 1.20342E-25 -9.217E-02 (-7.368E-14, 1.087E-13) (-1.436E-13, 2.872E-13)  1.00E-07
  1.460E+02 1.16528E-25 -9.374E-02 (-7.248E-14, 1.059E-13) (-1.419E-13, 2.827E-13)  1.00E-07
  1.465E+02 1.12793E-25 -9.536E-02 (-7.129E-14, 1.031E-13) (-1.403E-13, 2.782E-13)  1.00E-07
  1.470E+02 1.09136E-25 -9.702E-02 (-7.011E-14, 1.003E-13) (-1.386E-13, 2.738E-13)  1.00E-07
  1.475E+02 1.05556E-25 -9.873E-02 (-6.894E-14, 9.763E-14) (-1.368E-13, 2.693E-13)  1.00E-07
  1.480E+02 1.02053E-25 -1.005E-01 (-6.779E-14, 9.498E-14) (-1.351E-13, 2.649E-13)  1.00E-07
  1.485E+02 9.86236E-26 -1.023E-01 (-6.665E-14, 9.238E-14) (-1.333E-13, 2.605E-13)  1.00E-07
  1.490E+02 9.52686E-26 -1.041E-01 (-6.552E-14, 8.984E-14) (-1.316E-13, 2.561E-13)  1.00E-07
  1.495E+02 9.19863E-26 -1.061E-01 (-6.440E-14, 8.734E-14) (-1.298E-13, 2.517E-13)  1.00E-07
  1.500E+02 8.87757E-26 -1.080E-01 (-6.330E-14, 8.489E-14) (-1.280E-13, 2.474E-13)  1.00E-07
  1.505E+02 8.56358E-26 -1.101E-01 (-6.222E-14, 8.249E-14) (-1.261E-13, 2.430E-13)  1.00E-07
  1.510E+02 8.25655E-26 -1.121E-01 (-6.115E-14, 8.014E-14) (-1.243E-13, 2.386E-13)  1.00E-07
  1.515E+02 7.95639E-26 -1.143E-01 (-6.009E-14, 7.784E-14) (-1.225E-13, 2.343E-13)  1.00E-07
  1.520E+02 7.66302E-26 -1.165E-01 (-5.904E-14, 7.558E-14) (-1.206E-13, 2.300E-13)  1.00E-07
  1.525E+02 7.37634E-26 -1.188E-01 (-5.802E-14, 7.337E-14) (-1.187E-13, 2.257E-13)  1.00E-07
  1.530E+02 7.09627E-26 -1.212E-01 (-5.700E-14, 7.121E-14) (-1.168E-13, 2.214E-13)  1.00E-07
  1.535E+02 6.82272E-26 -1.237E-01 (-5.601E-14, 6.910E-14) (-1.149E-13, 2.171E-13)  1.00E-07
  1.540E+02 6.55561E-26 -1.262E-01 (-5.502E-14, 6.703E-14) (-1.130E-13, 2.128E-13)  1.00E-07
  1.545E+02 6.29484E-26 -1.289E-01 (-5.406E-14, 6.500E-14) (-1.110E-13, 2.085E-13)  1.00E-07
  1.550E+02 6.04035E-26 -1.316E-01 (-5.311E-14, 6.302E-14) (-1.091E-13, 2.043E-13)  1.00E-07
  1.555E+02 5.79205E-26 -1.344E-01 (-5.217E-14, 6.109E-14) (-1.071E-13, 2.000E-13)  1.00E-07
  1.560E+02 5.54987E-26 -1.374E-01 (-5.125E-14, 5.920E-14) (-1.051E-13, 1.958E-13)  1.00E-07
  1.565E+02 5.31375E-26 -1.404E-01 (-5.035E-14, 5.735E-14) (-1.031E-13, 1.915E-13)  1.00E-07
  1.570E+02 5.08362E-26 -1.436E-01 (-4.946E-14, 5.555E-14) (-1.011E-13, 1.873E-13)  1.00E-07
  1.575E+02 4.85939E-26 -1.469E-01 (-4.860E-14, 5.379E-14) (-9.907E-14, 1.831E-13)  1.00E-07
  1.580E+02 4.64101E-26 -1.503E-01 (-4.774E-14, 5.208E-14) (-9.704E-14, 1.789E-13)  1.00E-07
  1.585E+02 4.42840E-26 -1.539E-01 (-4.691E-14, 5.040E-14) (-9.500E-14, 1.747E-13)  1.00E-07
  1.590E+02 4.22151E-26 -1.576E-01 (-4.609E-14, 4.877E-14) (-9.294E-14, 1.705E-13)  1.00E-07
  1.595E+02 4.02027E-26 -1.615E-01 (-4.529E-14, 4.718E-14) (-9.087E-14, 1.663E-13)  1.00E-07
  1.600E+02 3.82464E-26 -1.655E-01 (-4.451E-14, 4.564E-14) (-8.880E-14, 1.622E-13)  1.00E-07
  1.605E+02 3.63454E-26 -1.697E-01 (-4.374E-14, 4.413E-14) (-8.671E-14, 1.580E-13)  1.00E-07
  1.610E+02 3.44993E-26 -1.742E-01 (-4.299E-14, 4.267E-14) (-8.461E-14, 1.539E-13)  1.00E-07
  1.615E+02 3.27075E-26 -1.788E-01 (-4.227E-14, 4.125E-14) (-8.250E-14, 1.497E-13)  1.00E-07
  1.620E+02 3.09694E-26 -1.837E-01 (-4.155E-14, 3.987E-14) (-8.038E-14, 1.456E-13)  1.00E-07
  1.625E+02 2.92846E-26 -1.888E-01 (-4.086E-14, 3.853E-14) (-7.826E-14, 1.414E-13)  1.00E-07
  1.630E+02 2.76525E-26 -1.942E-01 (-4.018E-14, 3.723E-14) (-7.612E-14, 1.373E-13)  1.00E-07
  1.635E+02 2.60728E-26 -1.998E-01 (-3.953E-14, 3.597E-14) (-7.398E-14, 1.332E-13)  1.00E-07
  1.640E+02 2.45450E-26 -2.057E-01 (-3.889E-14, 3.475E-14) (-7.182E-14, 1.291E-13)  1.00E-07
  1.645E+02 2.30685E-26 -2.120E-01 (-3.827E-14, 3.357E-14) (-6.966E-14, 1.250E-13)  1.00E-07
  1.650E+02 2.16431E-26 -2.186E-01 (-3.767E-14, 3.243E-14) (-6.749E-14, 1.209E-13)  1.00E-07
  1.655E+02 2.02682E-26 -2.256E-01 (-3.709E-14, 3.133E-14) (-6.531E-14, 1.168E-13)  1.00E-07
  1.660E+02 1.89434E-26 -2.330E-01 (-3.652E-14, 3.027E-14) (-6.313E-14, 1.127E-13)  1.00E-07
  1.665E+02 1.76685E-26 -2.408E-01 (-3.598E-14, 2.924E-14) (-6.094E-14, 1.087E-13)  1.00E-07
  1.670E+02 1.64430E-26 -2.491E-01 (-3.545E-14, 2.826E-14) (-5.874E-14, 1.046E-13)  1.00E-07
  1.675E+02 1.52666E-26 -2.579E-01 (-3.495E-14, 2.731E-14) (-5.653E-14, 1.005E-13)  1.00E-07
  1.680E+02 1.41390E-26 -2.673E-01 (-3.446E-14, 2.641E-14) (-5.432E-14, 9.645E-14)  1.00E-07
  1.685E+02 1.30598E-26 -2.772E-01 (-3.399E-14, 2.554E-14) (-5.210E-14, 9.240E-14)  1.00E-07
  1.690E+02 1.20288E-26 -2.878E-01 (-3.355E-14, 2.471E-14) (-4.988E-14, 8.835E-14)  1.00E-07
  1.695E+02 1.10455E-26 -2.992E-01 (-3.312E-14, 2.391E-14) (-4.765E-14, 8.430E-14)  1.00E-07
  1.700E+02 1.01098E-26 -3.112E-01 (-3.271E-14, 2.316E-14) (-4.542E-14, 8.026E-14)  1.00E-07
  1.705E+02 9.22141E-27 -3.241E-01 (-3.232E-14, 2.244E-14) (-4.318E-14, 7.622E-14)  1.00E-07
  1.710E+02 8.38009E-27 -3.378E-01 (-3.195E-14, 2.176E-14) (-4.093E-14, 7.218E-14)  1.00E-07
  1.715E+02 7.58560E-27 -3.524E-01 (-3.160E-14, 2.112E-14) (-3.868E-14, 6.815E-14)  1.00E-07
  1.720E+02 6.83769E-27 -3.679E-01 (-3.127E-14, 2.051E-14) (-3.643E-14, 6.413E-14)  1.00E-07
  1.725E+02 6.13613E-27 -3.842E-01 (-3.096E-14, 1.995E-14) (-3.417E-14, 6.010E-14)  1.00E-07
  1.730E+02 5.48071E-27 -4.015E-01 (-3.067E-14, 1.942E-14) (-3.191E-14, 5.608E-14)  1.00E-07
  1.735E+02 4.87127E-27 -4.194E-01 (-3.039E-14, 1.892E-14) (-2.965E-14, 5.206E-14)  1.00E-07
  1.740E+02 4.30766E-27 -4.377E-01 (-3.014E-14, 1.846E-14) (-2.738E-14, 4.805E-14)  1.00E-07
  1.745E+02 3.78975E-27 -4.560E-01 (-2.991E-14, 1.804E-14) (-2.511E-14, 4.403E-14)  1.00E-07
  1.750E+02 3.31739E-27 -4.735E-01 (-2.970E-14, 1.766E-14) (-2.283E-14, 4.002E-14)  1.00E-07
  1.755E+02 2.89042E-27 -4.891E-01 (-2.951E-14, 1.732E-14) (-2.056E-14, 3.602E-14)  1.00E-07
  1.760E+02 2.50870E-27 -5.008E-01 (-2.934E-14, 1.701E-14) (-1.828E-14, 3.201E-14)  1.00E-07
  1.765E+02 2.17210E-27 -5.061E-01 (-2.919E-14, 1.673E-14) (-1.600E-14, 2.800E-14)  1.00E-07
  1.770E+02 1.88053E-27 -5.010E-01 (-2.906E-14, 1.650E-14) (-1.372E-14, 2.400E-14)  1.00E-07
  1.775E+02 1.63396E-27 -4.805E-01 (-2.894E-14, 1.629E-14) (-1.143E-14, 2.000E-14)  1.00E-07
  1.780E+02 1.43234E-27 -4.385E-01 (-2.885E-14, 1.613E-14) (-9.148E-15, 1.600E-14)  1.00E-07
  1.785E+02 1.27564E-27 -3.693E-01 (-2.878E-14, 1.600E-14) (-6.862E-15, 1.200E-14)  1.00E-07
  1.790E+02 1.16379E-27 -2.698E-01 (-2.873E-14, 1.591E-14) (-4.575E-15, 7.998E-15)  1.00E-07
  1.795E+02 1.09672E-27 -1.432E-01 (-2.870E-14, 1.586E-14) (-2.288E-15, 3.999E-15)  1.00E-07
  1.800E+02 1.07437E-27 -2.051E-15 (-2.869E-14, 1.584E-14) (-3.210E-29, 5.612E-29)  1.00E-07

  Total elastic cross section = 7.729781E-18 cm**2
               from DCS table = 7.723216E-18  (rel. dif. = 8.49E-04)

  1st transport cross section = 1.018263E-22 cm**2
               from DCS table = 1.018160E-22  (rel. dif. = 1.01E-04)

  2nd transport cross section = 2.791407E-22 cm**2

  **** DPWA0 ended ************************************************************

