 #
 # Subroutine ELSEPM. Elastic scattering ofelectrons and positrons by
 #       molecules (single-scattering independent-atom approximation)
 #
 # Molecule: Water (vapour)                     
 #
 # Structure:
 # IZ =  8,    X,Y,Z =   0.00000E+00  0.00000E+00  0.00000E+00 cm
 # IZ =  1,    X,Y,Z =   9.57200E-09  0.00000E+00  0.00000E+00 cm
 # IZ =  1,    X,Y,Z =  -2.39990E-09  9.26630E-09  0.00000E+00 cm
 #
 # Projectile: electron
 # Kinetic energy = 5.0000000E+06 eV
 #
 # Furness-McCarthy exchange potential
 #
 # No correlation-polarization potential
 #
 # No absorption potential
 #
 # Integrated cross sections:
 #                     coherent      incoherent
 #         total cs: 3.5095942E-19  2.9880194E-19
 # 1st transport cs: 3.5564241E-24  3.5557692E-24
 # 2nd transport cs: 1.0206714E-23  1.0204747E-23
 #
 # Differential cross section:                     MU=(1-COS(THETA))/2
 #
 #   THETA           MU         DCS coh      DCS incoh      Sherman
 #   (deg)                     (cm**2/sr)    (cm**2/sr)     function
 #--------------------------------------------------------------------
  0.000000E+00  0.000000E+00  1.076985E-13  5.233550E-14  0.000000E+00
  1.000000E-04  7.615575E-13  1.076978E-13  5.233534E-14  0.000000E+00
  1.250000E-04  1.189937E-12  1.076975E-13  5.233524E-14  0.000000E+00
  1.500000E-04  1.713463E-12  1.076971E-13  5.233513E-14  0.000000E+00
  1.750000E-04  2.332246E-12  1.076965E-13  5.233499E-14  0.000000E+00
  2.000000E-04  3.046174E-12  1.076960E-13  5.233484E-14  0.000000E+00
  2.250000E-04  3.855305E-12  1.076953E-13  5.233466E-14  0.000000E+00
  2.500000E-04  4.759637E-12  1.076946E-13  5.233447E-14  0.000000E+00
  2.750000E-04  5.759171E-12  1.076937E-13  5.233425E-14  0.000000E+00
  3.000000E-04  6.853906E-12  1.076928E-13  5.233401E-14  0.000000E+00
  3.250000E-04  8.043788E-12  1.076919E-13  5.233375E-14  0.000000E+00
  3.500000E-04  9.328927E-12  1.076908E-13  5.233348E-14  0.000000E+00
  3.750000E-04  1.070921E-11  1.076897E-13  5.233318E-14  0.000000E+00
  4.000000E-04  1.218470E-11  1.076885E-13  5.233286E-14  0.000000E+00
  4.250000E-04  1.375539E-11  1.076872E-13  5.233251E-14  0.000000E+00
  4.500000E-04  1.542128E-11  1.076858E-13  5.233215E-14  0.000000E+00
  4.750000E-04  1.718231E-11  1.076844E-13  5.233177E-14  0.000000E+00
  5.000000E-04  1.903860E-11  1.076829E-13  5.233137E-14  0.000000E+00
  5.250000E-04  2.099004E-11  1.076813E-13  5.233094E-14  0.000000E+00
  5.500000E-04  2.303668E-11  1.076796E-13  5.233050E-14  0.000000E+00
  5.750000E-04  2.517853E-11  1.076778E-13  5.233004E-14  0.000000E+00
  6.000000E-04  2.741557E-11  1.076760E-13  5.232955E-14  0.000000E+00
  6.250000E-04  2.974782E-11  1.076741E-13  5.232904E-14  0.000000E+00
  6.500000E-04  3.217521E-11  1.076721E-13  5.232852E-14  0.000000E+00
  6.750000E-04  3.469786E-11  1.076700E-13  5.232797E-14  0.000000E+00
  7.000000E-04  3.731565E-11  1.076679E-13  5.232740E-14  0.000000E+00
  7.250000E-04  4.002865E-11  1.076657E-13  5.232681E-14  0.000000E+00
  7.500000E-04  4.283685E-11  1.076634E-13  5.232620E-14  0.000000E+00
  7.750000E-04  4.574019E-11  1.076610E-13  5.232557E-14  0.000000E+00
  8.000000E-04  4.873879E-11  1.076586E-13  5.232492E-14  0.000000E+00
  8.250000E-04  5.183254E-11  1.076560E-13  5.232425E-14  0.000000E+00
  8.500000E-04  5.502154E-11  1.076534E-13  5.232356E-14  0.000000E+00
  8.750000E-04  5.830569E-11  1.076507E-13  5.232285E-14  0.000000E+00
  9.000000E-04  6.168505E-11  1.076480E-13  5.232211E-14  0.000000E+00
  9.250000E-04  6.515954E-11  1.076451E-13  5.232136E-14  0.000000E+00
  9.500000E-04  6.872930E-11  1.076422E-13  5.232059E-14  0.000000E+00
  9.750000E-04  7.239426E-11  1.076392E-13  5.231979E-14  0.000000E+00
  1.000000E-03  7.615436E-11  1.076361E-13  5.231897E-14  0.000000E+00
  1.250000E-03  1.189912E-10  1.076011E-13  5.230968E-14  0.000000E+00
  1.500000E-03  1.713473E-10  1.075583E-13  5.229833E-14  0.000000E+00
  1.750000E-03  2.332227E-10  1.075077E-13  5.228491E-14  0.000000E+00
  2.000000E-03  3.046174E-10  1.074494E-13  5.226944E-14  0.000000E+00
  2.250000E-03  3.855314E-10  1.073833E-13  5.225192E-14  0.000000E+00
  2.500000E-03  4.759647E-10  1.073096E-13  5.223234E-14  0.000000E+00
  2.750000E-03  5.759173E-10  1.072282E-13  5.221071E-14  0.000000E+00
  3.000000E-03  6.853892E-10  1.071391E-13  5.218704E-14  0.000000E+00
  3.250000E-03  8.043804E-10  1.070424E-13  5.216133E-14  0.000000E+00
  3.500000E-03  9.328908E-10  1.069380E-13  5.213359E-14  0.000000E+00
  3.750000E-03  1.070921E-09  1.068261E-13  5.210381E-14  0.000000E+00
  4.000000E-03  1.218470E-09  1.067067E-13  5.207201E-14  0.000000E+00
  4.250000E-03  1.375538E-09  1.065797E-13  5.203819E-14  0.000000E+00
  4.500000E-03  1.542126E-09  1.064452E-13  5.200236E-14  0.000000E+00
  4.750000E-03  1.718233E-09  1.063034E-13  5.196452E-14  0.000000E+00
  5.000000E-03  1.903859E-09  1.061541E-13  5.192468E-14  0.000000E+00
  5.250000E-03  2.099004E-09  1.059974E-13  5.188284E-14  0.000000E+00
  5.500000E-03  2.303669E-09  1.058334E-13  5.183902E-14  0.000000E+00
  5.750000E-03  2.517853E-09  1.056622E-13  5.179322E-14  0.000000E+00
  6.000000E-03  2.741557E-09  1.054837E-13  5.174545E-14  0.000000E+00
  6.250000E-03  2.974779E-09  1.052981E-13  5.169572E-14  0.000000E+00
  6.500000E-03  3.217521E-09  1.051054E-13  5.164403E-14  0.000000E+00
  6.750000E-03  3.469783E-09  1.049055E-13  5.159040E-14  0.000000E+00
  7.000000E-03  3.731563E-09  1.046987E-13  5.153483E-14  0.000000E+00
  7.250000E-03  4.002863E-09  1.044849E-13  5.147734E-14  0.000000E+00
  7.500000E-03  4.283682E-09  1.042642E-13  5.141793E-14  0.000000E+00
  7.750000E-03  4.574021E-09  1.040367E-13  5.135662E-14  0.000000E+00
  8.000000E-03  4.873879E-09  1.038024E-13  5.129341E-14  0.000000E+00
  8.250000E-03  5.183256E-09  1.035614E-13  5.122831E-14  0.000000E+00
  8.500000E-03  5.502152E-09  1.033137E-13  5.116135E-14  0.000000E+00
  8.750000E-03  5.830568E-09  1.030595E-13  5.109252E-14  0.000000E+00
  9.000000E-03  6.168503E-09  1.027987E-13  5.102184E-14  0.000000E+00
  9.250000E-03  6.515957E-09  1.025315E-13  5.094932E-14  0.000000E+00
  9.500000E-03  6.872931E-09  1.022580E-13  5.087498E-14  0.000000E+00
  9.750000E-03  7.239423E-09  1.019781E-13  5.079883E-14  0.000000E+00
  1.000000E-02  7.615435E-09  1.016921E-13  5.072087E-14  0.000000E+00
  1.250000E-02  1.189912E-08  9.850630E-14  4.984531E-14  0.000000E+00
  1.500000E-02  1.713473E-08  9.478883E-14  4.880563E-14  0.000000E+00
  1.750000E-02  2.332227E-08  9.063059E-14  4.761828E-14  0.000000E+00
  2.000000E-02  3.046174E-08  8.612734E-14  4.630124E-14  0.000000E+00
  2.250000E-02  3.855314E-08  8.137562E-14  4.487339E-14  0.000000E+00
  2.500000E-02  4.759647E-08  7.646902E-14  4.335402E-14  0.000000E+00
  2.750000E-02  5.759173E-08  7.149515E-14  4.176230E-14  0.000000E+00
  3.000000E-02  6.853892E-08  6.653319E-14  4.011682E-14  0.000000E+00
  3.250000E-02  8.043804E-08  6.165232E-14  3.843525E-14  0.000000E+00
  3.500000E-02  9.328908E-08  5.691074E-14  3.673403E-14  0.000000E+00
  3.750000E-02  1.070921E-07  5.235546E-14  3.502816E-14  0.000000E+00
  4.000000E-02  1.218470E-07  4.802250E-14  3.333107E-14  0.000000E+00
  4.250000E-02  1.375538E-07  4.393765E-14  3.165454E-14  0.000000E+00
  4.500000E-02  1.542126E-07  4.011739E-14  3.000872E-14  0.000000E+00
  4.750000E-02  1.718233E-07  3.657011E-14  2.840214E-14  0.000000E+00
  5.000000E-02  1.903859E-07  3.329732E-14  2.684178E-14  0.000000E+00
  5.250000E-02  2.099004E-07  3.029492E-14  2.533322E-14  0.000000E+00
  5.500000E-02  2.303669E-07  2.755441E-14  2.388071E-14  0.000000E+00
  5.750000E-02  2.517853E-07  2.506395E-14  2.248731E-14  0.000000E+00
  6.000000E-02  2.741557E-07  2.280935E-14  2.115505E-14  0.000000E+00
  6.250000E-02  2.974779E-07  2.077493E-14  1.988505E-14  0.000000E+00
  6.500000E-02  3.217521E-07  1.894417E-14  1.867765E-14  0.000000E+00
  6.750000E-02  3.469782E-07  1.730028E-14  1.753252E-14  0.000000E+00
  7.000000E-02  3.731563E-07  1.582669E-14  1.644879E-14  0.000000E+00
  7.250000E-02  4.002863E-07  1.450732E-14  1.542515E-14  0.000000E+00
  7.500000E-02  4.283682E-07  1.332686E-14  1.445993E-14  0.000000E+00
  7.750000E-02  4.574020E-07  1.227093E-14  1.355120E-14  0.000000E+00
  8.000000E-02  4.873878E-07  1.132618E-14  1.269682E-14  0.000000E+00
  8.250000E-02  5.183255E-07  1.048031E-14  1.189450E-14  0.000000E+00
  8.500000E-02  5.502151E-07  9.722117E-15  1.114187E-14  0.000000E+00
  8.750000E-02  5.830567E-07  9.041466E-15  1.043652E-14  0.000000E+00
  9.000000E-02  6.168501E-07  8.429236E-15  9.775998E-15  0.000000E+00
  9.250000E-02  6.515956E-07  7.877273E-15  9.157899E-15  0.000000E+00
  9.500000E-02  6.872929E-07  7.378324E-15  8.579842E-15  0.000000E+00
  9.750000E-02  7.239422E-07  6.925965E-15  8.039503E-15  0.000000E+00
  1.000000E-01  7.615434E-07  6.514532E-15  7.534635E-15  0.000000E+00
  1.250000E-01  1.189911E-06  3.813463E-15  4.006349E-15  0.000000E+00
  1.500000E-01  1.713472E-06  2.337651E-15  2.224950E-15  0.000000E+00
  1.750000E-01  2.332225E-06  1.393335E-15  1.300643E-15  0.000000E+00
  2.000000E-01  3.046171E-06  8.091462E-16  8.003570E-16  0.000000E+00
  2.250000E-01  3.855309E-06  4.910578E-16  5.165509E-16  0.000000E+00
  2.500000E-01  4.759640E-06  3.335070E-16  3.478634E-16  0.000000E+00
  2.750000E-01  5.759162E-06  2.458487E-16  2.431057E-16  0.000000E+00
  3.000000E-01  6.853876E-06  1.823083E-16  1.753971E-16  0.000000E+00
  3.250000E-01  8.043782E-06  1.325725E-16  1.300425E-16  0.000000E+00
  3.500000E-01  9.328879E-06  9.701931E-17  9.868638E-17  0.000000E+00
  3.750000E-01  1.070917E-05  7.410405E-17  7.639834E-17  0.000000E+00
  4.000000E-01  1.218465E-05  5.963413E-17  6.016642E-17  0.000000E+00
  4.250000E-01  1.375532E-05  4.909623E-17  4.809118E-17  0.000000E+00
  4.500000E-01  1.542118E-05  3.985673E-17  3.893940E-17  0.000000E+00
  4.750000E-01  1.718223E-05  3.182014E-17  3.188897E-17  0.000000E+00
  5.000000E-01  1.903847E-05  2.579781E-17  2.637855E-17  0.000000E+00
  5.250000E-01  2.098990E-05  2.171614E-17  2.201640E-17  0.000000E+00
  5.500000E-01  2.303652E-05  1.868181E-17  1.852375E-17  0.000000E+00
  5.750000E-01  2.517832E-05  1.598578E-17  1.569866E-17  0.000000E+00
  6.000000E-01  2.741532E-05  1.348856E-17  1.339250E-17  0.000000E+00
  6.250000E-01  2.974750E-05  1.136454E-17  1.149427E-17  0.000000E+00
  6.500000E-01  3.217487E-05  9.761077E-18  9.919962E-18  0.000000E+00
  6.750000E-01  3.469743E-05  8.593737E-18  8.605252E-18  0.000000E+00
  7.000000E-01  3.731517E-05  7.607137E-18  7.500341E-18  0.000000E+00
  7.250000E-01  4.002810E-05  6.640991E-18  6.566291E-18  0.000000E+00
  7.500000E-01  4.283621E-05  5.746021E-18  5.772376E-18  0.000000E+00
  7.750000E-01  4.573951E-05  5.026321E-18  5.094151E-18  0.000000E+00
  8.000000E-01  4.873800E-05  4.483735E-18  4.512014E-18  0.000000E+00
  8.250000E-01  5.183166E-05  4.038402E-18  4.010135E-18  0.000000E+00
  8.500000E-01  5.502051E-05  3.617977E-18  3.575645E-18  0.000000E+00
  8.750000E-01  5.830454E-05  3.206857E-18  3.198018E-18  0.000000E+00
  9.000000E-01  6.168376E-05  2.840994E-18  2.868596E-18  0.000000E+00
  9.250000E-01  6.515815E-05  2.554565E-18  2.580216E-18  0.000000E+00
  9.500000E-01  6.872773E-05  2.331417E-18  2.326924E-18  0.000000E+00
  9.750000E-01  7.239249E-05  2.125871E-18  2.103748E-18  0.000000E+00
  1.000000E+00  7.615242E-05  1.917939E-18  1.906514E-18  0.000000E+00
  1.100000E+00  9.214394E-05  1.322982E-18  1.314271E-18  0.000000E+00
  1.200000E+00  1.096583E-04  9.285880E-19  9.342260E-19  0.000000E+00
  1.300000E+00  1.286953E-04  6.784212E-19  6.816508E-19  0.000000E+00
  1.400000E+00  1.492551E-04  5.117460E-19  5.086785E-19  0.000000E+00
  1.500000E+00  1.713375E-04  3.884752E-19  3.871025E-19  0.000000E+00
  1.600000E+00  1.949425E-04  2.979608E-19  2.996870E-19  0.000000E+00
  1.700000E+00  2.200699E-04  2.349383E-19  2.355617E-19  0.000000E+00
  1.800000E+00  2.467198E-04  1.886631E-19  1.876770E-19  0.000000E+00
  1.900000E+00  2.748920E-04  1.516135E-19  1.513469E-19  0.000000E+00
  2.000000E+00  3.045865E-04  1.228056E-19  1.233866E-19  0.000000E+00
  2.100000E+00  3.358031E-04  1.015028E-19  1.015884E-19  0.000000E+00
  2.200000E+00  3.685418E-04  8.475707E-20  8.439414E-20  0.000000E+00
  2.300000E+00  4.028024E-04  7.068705E-20  7.068590E-20  0.000000E+00
  2.400000E+00  4.385850E-04  5.940830E-20  5.964970E-20  0.000000E+00
  2.500000E+00  4.758892E-04  5.071415E-20  5.068468E-20  0.000000E+00
  2.600000E+00  5.147151E-04  4.350739E-20  4.334173E-20  0.000000E+00
  2.700000E+00  5.550625E-04  3.724631E-20  3.728128E-20  0.000000E+00
  2.800000E+00  5.969313E-04  3.213139E-20  3.224380E-20  0.000000E+00
  2.900000E+00  6.403214E-04  2.806183E-20  2.802900E-20  0.000000E+00
  3.000000E+00  6.852326E-04  2.455451E-20  2.448086E-20  0.000000E+00
  3.100000E+00  7.316648E-04  2.144628E-20  2.147677E-20  0.000000E+00
  3.200000E+00  7.796179E-04  1.887270E-20  1.891967E-20  0.000000E+00
  3.300000E+00  8.290917E-04  1.676101E-20  1.673208E-20  0.000000E+00
  3.400000E+00  8.800860E-04  1.488192E-20  1.485174E-20  0.000000E+00
  3.500000E+00  9.326008E-04  1.320148E-20  1.322830E-20  0.000000E+00
  3.600000E+00  9.866358E-04  1.180066E-20  1.182078E-20  0.000000E+00
  3.700000E+00  1.042191E-03  1.061902E-20  1.059562E-20  0.000000E+00
  3.800000E+00  1.099266E-03  9.538823E-21  9.525177E-21  0.000000E+00
  3.900000E+00  1.157861E-03  8.567417E-21  8.586595E-21  0.000000E+00
  4.000000E+00  1.217975E-03  7.752141E-21  7.760852E-21  0.000000E+00
  4.100000E+00  1.279609E-03  7.047247E-21  7.032051E-21  0.000000E+00
  4.200000E+00  1.342761E-03  6.391516E-21  6.386851E-21  0.000000E+00
  4.300000E+00  1.407433E-03  5.801849E-21  5.814003E-21  0.000000E+00
  4.400000E+00  1.473624E-03  5.302354E-21  5.303983E-21  0.000000E+00
  4.500000E+00  1.541333E-03  4.858748E-21  4.848701E-21  0.000000E+00
  4.600000E+00  1.610561E-03  4.441011E-21  4.441254E-21  0.000000E+00
  4.700000E+00  1.681307E-03  4.067304E-21  4.075735E-21  0.000000E+00
  4.800000E+00  1.753570E-03  3.748221E-21  3.747072E-21  0.000000E+00
  4.900000E+00  1.827352E-03  3.457796E-21  3.450893E-21  0.000000E+00
  5.000000E+00  1.902651E-03  3.181886E-21  3.183419E-21  0.000000E+00
  5.100000E+00  1.979467E-03  2.936009E-21  2.941375E-21  0.000000E+00
  5.200000E+00  2.057801E-03  2.723699E-21  2.721913E-21  0.000000E+00
  5.300000E+00  2.137651E-03  2.526526E-21  2.522551E-21  0.000000E+00
  5.400000E+00  2.219018E-03  2.339072E-21  2.341120E-21  0.000000E+00
  5.500000E+00  2.301901E-03  2.172818E-21  2.175719E-21  0.000000E+00
  5.600000E+00  2.386300E-03  2.026924E-21  2.024676E-21  0.000000E+00
  5.700000E+00  2.472215E-03  1.888685E-21  1.886522E-21  0.000000E+00
  5.800000E+00  2.559646E-03  1.757686E-21  1.759958E-21  0.000000E+00
  5.900000E+00  2.648591E-03  1.642198E-21  1.643837E-21  0.000000E+00
  6.000000E+00  2.739052E-03  1.539250E-21  1.537142E-21  0.000000E+00
  6.100000E+00  2.831028E-03  1.440152E-21  1.438969E-21  0.000000E+00
  6.200000E+00  2.924518E-03  1.346663E-21  1.348513E-21  0.000000E+00
  6.300000E+00  3.019522E-03  1.264322E-21  1.265058E-21  0.000000E+00
  6.400000E+00  3.116040E-03  1.189575E-21  1.187963E-21  0.000000E+00
  6.500000E+00  3.214072E-03  1.116989E-21  1.116656E-21  0.000000E+00
  6.600000E+00  3.313617E-03  1.049183E-21  1.050622E-21  0.000000E+00
  6.700000E+00  3.414675E-03  9.893660E-22  9.894010E-22  0.000000E+00
  6.800000E+00  3.517246E-03  9.338798E-22  9.325767E-22  0.000000E+00
  6.900000E+00  3.621329E-03  8.796353E-22  8.797763E-22  0.000000E+00
  7.000000E+00  3.726924E-03  8.295131E-22  8.306621E-22  0.000000E+00
  7.100000E+00  3.834031E-03  7.851642E-22  7.849295E-22  0.000000E+00
  7.200000E+00  3.942649E-03  7.432594E-22  7.423033E-22  0.000000E+00
  7.300000E+00  4.052779E-03  7.022289E-22  7.025331E-22  0.000000E+00
  7.400000E+00  4.164419E-03  6.646422E-22  6.653924E-22  0.000000E+00
  7.500000E+00  4.277569E-03  6.310538E-22  6.306754E-22  0.000000E+00
  7.600000E+00  4.392230E-03  5.987669E-22  5.981943E-22  0.000000E+00
  7.700000E+00  4.508400E-03  5.673328E-22  5.677788E-22  0.000000E+00
  7.800000E+00  4.626080E-03  5.388305E-22  5.392732E-22  0.000000E+00
  7.900000E+00  4.745268E-03  5.130151E-22  5.125351E-22  0.000000E+00
  8.000000E+00  4.865966E-03  4.877810E-22  4.874347E-22  0.000000E+00
  8.100000E+00  4.988171E-03  4.633831E-22  4.638530E-22  0.000000E+00
  8.200000E+00  5.111885E-03  4.414244E-22  4.416810E-22  0.000000E+00
  8.300000E+00  5.237105E-03  4.212498E-22  4.208188E-22  0.000000E+00
  8.400000E+00  5.363834E-03  4.013344E-22  4.011746E-22  0.000000E+00
  8.500000E+00  5.492068E-03  3.822746E-22  3.826640E-22  0.000000E+00
  8.600000E+00  5.621809E-03  3.651446E-22  3.652094E-22  0.000000E+00
  8.700000E+00  5.753057E-03  3.490983E-22  3.487392E-22  0.000000E+00
  8.800000E+00  5.885809E-03  3.331771E-22  3.331875E-22  0.000000E+00
  8.900000E+00  6.020067E-03  3.181591E-22  3.184937E-22  0.000000E+00
  9.000000E+00  6.155830E-03  3.046589E-22  3.046014E-22  0.000000E+00
  9.100000E+00  6.293097E-03  2.917607E-22  2.914587E-22  0.000000E+00
  9.200000E+00  6.431867E-03  2.789334E-22  2.790177E-22  0.000000E+00
  9.300000E+00  6.572142E-03  2.669788E-22  2.672337E-22  0.000000E+00
  9.400000E+00  6.713919E-03  2.561710E-22  2.560657E-22  0.000000E+00
  9.500000E+00  6.857199E-03  2.456760E-22  2.454752E-22  0.000000E+00
  9.600000E+00  7.001981E-03  2.352984E-22  2.354270E-22  0.000000E+00
  9.700000E+00  7.148265E-03  2.257357E-22  2.258880E-22  0.000000E+00
  9.800000E+00  7.296051E-03  2.169776E-22  2.168274E-22  0.000000E+00
  9.900000E+00  7.445337E-03  2.083327E-22  2.082168E-22  0.000000E+00
  1.000000E+01  7.596123E-03  1.998686E-22  2.000296E-22  0.000000E+00
  1.025000E+01  7.979651E-03  1.810988E-22  1.812558E-22  0.000000E+00
  1.050000E+01  8.372546E-03  1.646063E-22  1.646347E-22  0.000000E+00
  1.075000E+01  8.774801E-03  1.499707E-22  1.498765E-22  0.000000E+00
  1.100000E+01  9.186408E-03  1.368485E-22  1.367364E-22  0.000000E+00
  1.125000E+01  9.607360E-03  1.250392E-22  1.250057E-22  0.000000E+00
  1.150000E+01  1.003765E-02  1.144512E-22  1.145069E-22  0.000000E+00
  1.175000E+01  1.047726E-02  1.050101E-22  1.050879E-22  0.000000E+00
  1.200000E+01  1.092620E-02  9.659074E-23  9.661810E-23  0.000000E+00
  1.225000E+01  1.138445E-02  8.902286E-23  8.898493E-23  0.000000E+00
  1.250000E+01  1.185200E-02  8.214913E-23  8.209108E-23  0.000000E+00
  1.275000E+01  1.232884E-02  7.587517E-23  7.585228E-23  0.000000E+00
  1.300000E+01  1.281497E-02  7.016773E-23  7.019515E-23  0.000000E+00
  1.325000E+01  1.331037E-02  6.501000E-23  6.505584E-23  0.000000E+00
  1.350000E+01  1.381504E-02  6.035750E-23  6.037847E-23  0.000000E+00
  1.375000E+01  1.432897E-02  5.613251E-23  5.611405E-23  0.000000E+00
  1.400000E+01  1.485214E-02  5.225482E-23  5.221962E-23  0.000000E+00
  1.425000E+01  1.538455E-02  4.867531E-23  4.865726E-23  0.000000E+00
  1.450000E+01  1.592618E-02  4.538153E-23  4.539361E-23  0.000000E+00
  1.475000E+01  1.647703E-02  4.237319E-23  4.239905E-23  0.000000E+00
  1.500000E+01  1.703709E-02  3.963391E-23  3.964741E-23  0.000000E+00
  1.525000E+01  1.760634E-02  3.712463E-23  3.711540E-23  0.000000E+00
  1.550000E+01  1.818477E-02  3.480163E-23  3.478229E-23  0.000000E+00
  1.575000E+01  1.877238E-02  3.263883E-23  3.262967E-23  0.000000E+00
  1.600000E+01  1.936915E-02  3.063244E-23  3.064098E-23  0.000000E+00
  1.625000E+01  1.997507E-02  2.878601E-23  2.880148E-23  0.000000E+00
  1.650000E+01  2.059013E-02  2.709171E-23  2.709793E-23  0.000000E+00
  1.675000E+01  2.121432E-02  2.552660E-23  2.551845E-23  0.000000E+00
  1.700000E+01  2.184762E-02  2.406524E-23  2.405237E-23  0.000000E+00
  1.725000E+01  2.249003E-02  2.269438E-23  2.269000E-23  0.000000E+00
  1.750000E+01  2.314152E-02  2.141535E-23  2.142274E-23  0.000000E+00
  1.775000E+01  2.380210E-02  2.023220E-23  2.024263E-23  0.000000E+00
  1.800000E+01  2.447174E-02  1.913988E-23  1.914269E-23  0.000000E+00
  1.825000E+01  2.515044E-02  1.812286E-23  1.811636E-23  0.000000E+00
  1.850000E+01  2.583817E-02  1.716585E-23  1.715790E-23  0.000000E+00
  1.875000E+01  2.653494E-02  1.626306E-23  1.626191E-23  0.000000E+00
  1.900000E+01  2.724071E-02  1.541781E-23  1.542363E-23  0.000000E+00
  1.925000E+01  2.795549E-02  1.463295E-23  1.463862E-23  0.000000E+00
  1.950000E+01  2.867925E-02  1.390336E-23  1.390288E-23  0.000000E+00
  1.975000E+01  2.941199E-02  1.321807E-23  1.321275E-23  0.000000E+00
  2.000000E+01  3.015369E-02  1.256861E-23  1.256485E-23  0.000000E+00
  2.025000E+01  3.090433E-02  1.195434E-23  1.195615E-23  0.000000E+00
  2.050000E+01  3.166391E-02  1.137900E-23  1.138383E-23  0.000000E+00
  2.075000E+01  3.243240E-02  1.084313E-23  1.084530E-23  0.000000E+00
  2.100000E+01  3.320979E-02  1.034088E-23  1.033820E-23  0.000000E+00
  2.125000E+01  3.399607E-02  9.864467E-24  9.860349E-24  0.000000E+00
  2.150000E+01  3.479122E-02  9.410581E-24  9.409758E-24  0.000000E+00
  2.175000E+01  3.559522E-02  8.981503E-24  8.984577E-24  0.000000E+00
  2.200000E+01  3.640807E-02  8.579972E-24  8.583105E-24  0.000000E+00
  2.225000E+01  3.722975E-02  8.204100E-24  8.203770E-24  0.000000E+00
  2.250000E+01  3.806023E-02  7.848139E-24  7.845124E-24  0.000000E+00
  2.275000E+01  3.889951E-02  7.507769E-24  7.505832E-24  0.000000E+00
  2.300000E+01  3.974757E-02  7.183412E-24  7.184650E-24  0.000000E+00
  2.325000E+01  4.060439E-02  6.877866E-24  6.880429E-24  0.000000E+00
  2.350000E+01  4.146996E-02  6.591422E-24  6.592106E-24  0.000000E+00
  2.375000E+01  4.234426E-02  6.320487E-24  6.318695E-24  0.000000E+00
  2.400000E+01  4.322727E-02  6.061072E-24  6.059283E-24  0.000000E+00
  2.425000E+01  4.411898E-02  5.812580E-24  5.813017E-24  0.000000E+00
  2.450000E+01  4.501936E-02  5.577208E-24  5.579104E-24  0.000000E+00
  2.475000E+01  4.592841E-02  5.355996E-24  5.356809E-24  0.000000E+00
  2.500000E+01  4.684611E-02  5.146678E-24  5.145449E-24  0.000000E+00
  2.550000E+01  4.870736E-02  4.752849E-24  4.753021E-24  0.000000E+00
  2.600000E+01  5.060298E-02  4.396395E-24  4.397198E-24  0.000000E+00
  2.650000E+01  5.253282E-02  4.075273E-24  4.073963E-24  0.000000E+00
  2.700000E+01  5.449674E-02  3.778565E-24  3.779795E-24 -2.091633E-04
  2.750000E+01  5.649458E-02  3.512350E-24  3.511614E-24 -2.189678E-04
  2.800000E+01  5.852620E-02  3.266594E-24  3.266719E-24 -2.292279E-04
  2.850000E+01  6.059144E-02  3.042356E-24  3.042724E-24 -2.397467E-04
  2.900000E+01  6.269015E-02  2.838181E-24  2.837532E-24 -2.501710E-04
  2.950000E+01  6.482215E-02  2.648545E-24  2.649276E-24 -2.612047E-04
  3.000000E+01  6.698730E-02  2.476972E-24  2.476308E-24 -2.720631E-04
  3.050000E+01  6.918542E-02  2.316656E-24  2.317161E-24 -2.836480E-04
  3.100000E+01  7.141635E-02  2.170830E-24  2.170531E-24 -2.953466E-04
  3.150000E+01  7.367992E-02  2.035176E-24  2.035260E-24 -3.073854E-04
  3.200000E+01  7.597595E-02  1.910197E-24  1.910306E-24 -3.197428E-04
  3.250000E+01  7.830428E-02  1.795000E-24  1.794745E-24 -3.319757E-04
  3.300000E+01  8.066472E-02  1.687392E-24  1.687740E-24 -3.447310E-04
  3.350000E+01  8.305709E-02  1.588930E-24  1.588542E-24 -3.574422E-04
  3.400000E+01  8.548121E-02  1.496090E-24  1.496479E-24 -3.708019E-04
  3.450000E+01  8.793691E-02  1.411303E-24  1.410940E-24 -3.843990E-04
  3.500000E+01  9.042398E-02  1.331060E-24  1.331386E-24 -3.983110E-04
  3.550000E+01  9.294224E-02  1.257602E-24  1.257316E-24 -4.125144E-04
  3.600000E+01  9.549150E-02  1.188046E-24  1.188294E-24 -4.264240E-04
  3.650000E+01  9.807157E-02  1.124118E-24  1.123900E-24 -4.411506E-04
  3.700000E+01  1.006822E-01  1.063583E-24  1.063777E-24 -4.556797E-04
  3.750000E+01  1.033233E-01  1.007762E-24  1.007583E-24 -4.707876E-04
  3.800000E+01  1.059946E-01  9.548492E-25  9.550178E-25 -4.864676E-04
  3.850000E+01  1.086959E-01  9.059665E-25  9.058035E-25 -5.020605E-04
  3.900000E+01  1.114270E-01  8.595283E-25  8.596885E-25 -5.183395E-04
  3.950000E+01  1.141877E-01  8.166014E-25  8.164431E-25 -5.340259E-04
  4.000000E+01  1.169778E-01  7.756994E-25  7.758546E-25 -5.506060E-04
  4.050000E+01  1.197970E-01  7.378791E-25  7.377302E-25 -5.667874E-04
  4.100000E+01  1.226452E-01  7.017544E-25  7.018916E-25 -5.841411E-04
  4.150000E+01  1.255221E-01  6.682956E-25  6.681773E-25 -6.013106E-04
  4.200000E+01  1.284276E-01  6.363479E-25  6.364388E-25 -6.192947E-04
  4.250000E+01  1.313613E-01  6.065953E-25  6.065396E-25 -6.370018E-04
  4.300000E+01  1.343231E-01  5.783395E-25  5.783542E-25 -6.549722E-04
  4.350000E+01  1.373128E-01  5.517385E-25  5.517656E-25 -6.730953E-04
  4.400000E+01  1.403301E-01  5.267296E-25  5.266666E-25 -6.913628E-04
  4.450000E+01  1.433748E-01  5.028727E-25  5.029578E-25 -7.105567E-04
  4.500000E+01  1.464466E-01  4.806350E-25  4.805483E-25 -7.296506E-04
  4.550000E+01  1.495454E-01  4.592890E-25  4.593543E-25 -7.496311E-04
  4.600000E+01  1.526708E-01  4.393238E-25  4.392983E-25 -7.692501E-04
  4.650000E+01  1.558227E-01  4.203289E-25  4.203081E-25 -7.890587E-04
  4.700000E+01  1.590008E-01  4.022600E-25  4.023164E-25 -8.092351E-04
  4.750000E+01  1.622049E-01  3.853265E-25  3.852608E-25 -8.292523E-04
  4.800000E+01  1.654347E-01  3.690405E-25  3.690833E-25 -8.504171E-04
  4.850000E+01  1.686900E-01  3.537287E-25  3.537305E-25 -8.716813E-04
  4.900000E+01  1.719705E-01  3.391963E-25  3.391530E-25 -8.931886E-04
  4.950000E+01  1.752760E-01  3.252503E-25  3.253048E-25 -9.152958E-04
  5.000000E+01  1.786062E-01  3.121685E-25  3.121429E-25 -9.367780E-04
  5.050000E+01  1.819609E-01  2.996497E-25  2.996268E-25 -9.586867E-04
  5.100000E+01  1.853398E-01  2.876696E-25  2.877188E-25 -9.812641E-04
  5.150000E+01  1.887427E-01  2.764109E-25  2.763837E-25 -1.003762E-03
  5.200000E+01  1.921693E-01  2.656109E-25  2.655890E-25 -1.027145E-03
  5.250000E+01  1.956193E-01  2.552613E-25  2.553044E-25 -1.051142E-03
  5.300000E+01  1.990925E-01  2.455130E-25  2.455015E-25 -1.074653E-03
  5.350000E+01  2.025886E-01  2.361850E-25  2.361540E-25 -1.098309E-03
  5.400000E+01  2.061074E-01  2.272085E-25  2.272366E-25 -1.122524E-03
  5.450000E+01  2.096485E-01  2.187131E-25  2.187257E-25 -1.146679E-03
  5.500000E+01  2.132118E-01  2.106299E-25  2.105992E-25 -1.171203E-03
  5.550000E+01  2.167969E-01  2.028358E-25  2.028367E-25 -1.196811E-03
  5.600000E+01  2.204035E-01  1.953903E-25  1.954189E-25 -1.222786E-03
  5.650000E+01  2.240315E-01  1.883347E-25  1.883280E-25 -1.248394E-03
  5.700000E+01  2.276805E-01  1.815742E-25  1.815470E-25 -1.274052E-03
  5.750000E+01  2.313502E-01  1.750551E-25  1.750600E-25 -1.300214E-03
  5.800000E+01  2.350404E-01  1.688259E-25  1.688516E-25 -1.326634E-03
  5.850000E+01  2.387507E-01  1.629056E-25  1.629076E-25 -1.353226E-03
  5.900000E+01  2.424810E-01  1.572359E-25  1.572145E-25 -1.380447E-03
  5.950000E+01  2.462308E-01  1.517691E-25  1.517602E-25 -1.408482E-03
  6.000000E+01  2.500000E-01  1.465172E-25  1.465327E-25 -1.436805E-03
  6.050000E+01  2.537882E-01  1.415044E-25  1.415212E-25 -1.464801E-03
  6.100000E+01  2.575952E-01  1.367184E-25  1.367151E-25 -1.492508E-03
  6.150000E+01  2.614206E-01  1.321224E-25  1.321042E-25 -1.520539E-03
  6.200000E+01  2.652642E-01  1.276921E-25  1.276791E-25 -1.549449E-03
  6.250000E+01  2.691257E-01  1.234272E-25  1.234308E-25 -1.579280E-03
  6.300000E+01  2.730048E-01  1.193366E-25  1.193512E-25 -1.609608E-03
  6.350000E+01  2.769011E-01  1.154203E-25  1.154324E-25 -1.639910E-03
  6.400000E+01  2.808144E-01  1.116663E-25  1.116672E-25 -1.669919E-03
  6.450000E+01  2.847445E-01  1.080581E-25  1.080483E-25 -1.699773E-03
  6.500000E+01  2.886909E-01  1.045827E-25  1.045690E-25 -1.729927E-03
  6.550000E+01  2.926534E-01  1.012330E-25  1.012227E-25 -1.760872E-03
  6.600000E+01  2.966317E-01  9.800630E-26  9.800343E-26 -1.792824E-03
  6.650000E+01  3.006255E-01  9.490094E-26  9.490551E-26 -1.825556E-03
  6.700000E+01  3.046344E-01  9.191426E-26  9.192368E-26 -1.858496E-03
  6.750000E+01  3.086583E-01  8.904197E-26  8.905297E-26 -1.891084E-03
  6.800000E+01  3.126967E-01  8.627845E-26  8.628854E-26 -1.923173E-03
  6.850000E+01  3.167494E-01  8.361759E-26  8.362563E-26 -1.955210E-03
  6.900000E+01  3.208160E-01  8.105377E-26  8.105967E-26 -1.988018E-03
  6.950000E+01  3.248963E-01  7.858246E-26  7.858634E-26 -2.022241E-03
  7.000000E+01  3.289899E-01  7.619997E-26  7.620174E-26 -2.057775E-03
  7.050000E+01  3.330966E-01  7.390252E-26  7.390235E-26 -2.093587E-03
  7.100000E+01  3.372159E-01  7.168593E-26  7.168487E-26 -2.128221E-03
  7.150000E+01  3.413477E-01  6.954672E-26  6.954598E-26 -2.161007E-03
  7.200000E+01  3.454915E-01  6.748238E-26  6.748202E-26 -2.193888E-03
  7.250000E+01  3.496471E-01  6.548938E-26  6.548914E-26 -2.231665E-03
  7.300000E+01  3.538141E-01  6.356409E-26  6.356502E-26 -2.270476E-03
  7.350000E+01  3.579923E-01  6.170446E-26  6.170732E-26 -2.307763E-03
  7.400000E+01  3.621813E-01  5.990934E-26  5.991332E-26 -2.343683E-03
  7.450000E+01  3.663808E-01  5.817501E-26  5.818026E-26 -2.379556E-03
  7.500000E+01  3.705905E-01  5.649893E-26  5.650555E-26 -2.416491E-03
  7.550000E+01  3.748100E-01  5.488091E-26  5.488681E-26 -2.454726E-03
  7.600000E+01  3.790391E-01  5.331747E-26  5.332191E-26 -2.493887E-03
  7.650000E+01  3.832773E-01  5.180718E-26  5.180882E-26 -2.533243E-03
  7.700000E+01  3.875245E-01  5.034798E-26  5.034561E-26 -2.572298E-03
  7.750000E+01  3.917802E-01  4.893490E-26  4.893035E-26 -2.611179E-03
  7.800000E+01  3.960442E-01  4.756643E-26  4.756115E-26 -2.650275E-03
  7.850000E+01  4.003160E-01  4.623823E-26  4.623619E-26 -2.690216E-03
  7.900000E+01  4.045955E-01  4.495186E-26  4.495376E-26 -2.731114E-03
  7.950000E+01  4.088822E-01  4.370743E-26  4.371227E-26 -2.772755E-03
  8.000000E+01  4.131759E-01  4.250734E-26  4.251021E-26 -2.814530E-03
  8.050000E+01  4.174762E-01  4.134756E-26  4.134617E-26 -2.856224E-03
  8.100000E+01  4.217828E-01  4.022323E-26  4.021874E-26 -2.897970E-03
  8.150000E+01  4.260953E-01  3.912799E-26  3.912655E-26 -2.940318E-03
  8.200000E+01  4.304134E-01  3.806535E-26  3.806829E-26 -2.983255E-03
  8.250000E+01  4.347369E-01  3.703958E-26  3.704270E-26 -3.026551E-03
  8.300000E+01  4.390653E-01  3.605036E-26  3.604860E-26 -3.070145E-03
  8.350000E+01  4.433984E-01  3.508834E-26  3.508486E-26 -3.114604E-03
  8.400000E+01  4.477358E-01  3.414887E-26  3.415042E-26 -3.160023E-03
  8.450000E+01  4.520771E-01  3.324119E-26  3.324426E-26 -3.205224E-03
  8.500000E+01  4.564221E-01  3.236732E-26  3.236537E-26 -3.249852E-03
  8.550000E+01  4.607705E-01  3.151498E-26  3.151277E-26 -3.295330E-03
  8.600000E+01  4.651218E-01  3.068280E-26  3.068554E-26 -3.342064E-03
  8.650000E+01  4.694757E-01  2.988223E-26  2.988277E-26 -3.388729E-03
  8.700000E+01  4.738320E-01  2.910657E-26  2.910363E-26 -3.435877E-03
  8.750000E+01  4.781903E-01  2.834553E-26  2.834732E-26 -3.484523E-03
  8.800000E+01  4.825503E-01  2.761190E-26  2.761307E-26 -3.532683E-03
  8.850000E+01  4.869115E-01  2.690279E-26  2.690014E-26 -3.580535E-03
  8.900000E+01  4.912738E-01  2.620593E-26  2.620779E-26 -3.629906E-03
  8.950000E+01  4.956367E-01  2.553552E-26  2.553532E-26 -3.678881E-03
  9.000000E+01  5.000000E-01  2.488357E-26  2.488205E-26 -3.728713E-03
  9.050000E+01  5.043633E-01  2.424493E-26  2.424734E-26 -3.780177E-03
  9.100000E+01  5.087262E-01  2.363256E-26  2.363059E-26 -3.830792E-03
  9.150000E+01  5.130885E-01  2.302986E-26  2.303122E-26 -3.883058E-03
  9.200000E+01  5.174497E-01  2.244895E-26  2.244866E-26 -3.934632E-03
  9.250000E+01  5.218097E-01  2.188285E-26  2.188236E-26 -3.986753E-03
  9.300000E+01  5.261680E-01  2.133074E-26  2.133179E-26 -4.039777E-03
  9.350000E+01  5.305243E-01  2.079785E-26  2.079642E-26 -4.092739E-03
  9.400000E+01  5.348782E-01  2.027421E-26  2.027576E-26 -4.147685E-03
  9.450000E+01  5.392295E-01  1.977099E-26  1.976936E-26 -4.201945E-03
  9.500000E+01  5.435779E-01  1.927516E-26  1.927676E-26 -4.258078E-03
  9.550000E+01  5.479229E-01  1.879900E-26  1.879754E-26 -4.312985E-03
  9.600000E+01  5.522642E-01  1.832987E-26  1.833127E-26 -4.369639E-03
  9.650000E+01  5.566016E-01  1.787854E-26  1.787755E-26 -4.425480E-03
  9.700000E+01  5.609347E-01  1.743524E-26  1.743596E-26 -4.483185E-03
  9.750000E+01  5.652631E-01  1.700626E-26  1.700614E-26 -4.541071E-03
  9.800000E+01  5.695866E-01  1.658830E-26  1.658772E-26 -4.599849E-03
  9.850000E+01  5.739047E-01  1.617931E-26  1.618036E-26 -4.659773E-03
  9.900000E+01  5.782172E-01  1.578512E-26  1.578373E-26 -4.718781E-03
  9.950000E+01  5.825238E-01  1.539624E-26  1.539750E-26 -4.779728E-03
  1.000000E+02  5.868241E-01  1.502173E-26  1.502135E-26 -4.839784E-03
  1.005000E+02  5.911178E-01  1.465567E-26  1.465497E-26 -4.901063E-03
  1.010000E+02  5.954045E-01  1.429681E-26  1.429806E-26 -4.964087E-03
  1.015000E+02  5.996840E-01  1.395113E-26  1.395035E-26 -5.026564E-03
  1.020000E+02  6.039558E-01  1.361194E-26  1.361156E-26 -5.090604E-03
  1.025000E+02  6.082198E-01  1.328032E-26  1.328144E-26 -5.155549E-03
  1.030000E+02  6.124755E-01  1.296023E-26  1.295973E-26 -5.219565E-03
  1.035000E+02  6.167227E-01  1.264700E-26  1.264619E-26 -5.284606E-03
  1.040000E+02  6.209609E-01  1.233966E-26  1.234057E-26 -5.351396E-03
  1.045000E+02  6.251900E-01  1.204216E-26  1.204263E-26 -5.418165E-03
  1.050000E+02  6.294095E-01  1.175312E-26  1.175216E-26 -5.485510E-03
  1.055000E+02  6.336192E-01  1.146932E-26  1.146894E-26 -5.554610E-03
  1.060000E+02  6.378187E-01  1.119201E-26  1.119278E-26 -5.624594E-03
  1.065000E+02  6.420077E-01  1.092278E-26  1.092346E-26 -5.694421E-03
  1.070000E+02  6.461859E-01  1.066131E-26  1.066081E-26 -5.764020E-03
  1.075000E+02  6.503529E-01  1.040544E-26  1.040461E-26 -5.835082E-03
  1.080000E+02  6.545085E-01  1.015496E-26  1.015470E-26 -5.907420E-03
  1.085000E+02  6.586523E-01  9.910297E-27  9.910889E-27 -5.981507E-03
  1.090000E+02  6.627841E-01  9.672203E-27  9.673013E-27 -6.055885E-03
  1.095000E+02  6.669034E-01  9.440551E-27  9.440909E-27 -6.130758E-03
  1.100000E+02  6.710101E-01  9.214598E-27  9.214425E-27 -6.205895E-03
  1.105000E+02  6.751037E-01  8.994035E-27  8.993403E-27 -6.281710E-03
  1.110000E+02  6.791840E-01  8.778442E-27  8.777692E-27 -6.358533E-03
  1.115000E+02  6.832506E-01  8.567693E-27  8.567142E-27 -6.436720E-03
  1.120000E+02  6.873033E-01  8.361931E-27  8.361612E-27 -6.516296E-03
  1.125000E+02  6.913417E-01  8.161082E-27  8.160968E-27 -6.597004E-03
  1.130000E+02  6.953656E-01  7.964983E-27  7.965082E-27 -6.678665E-03
  1.135000E+02  6.993745E-01  7.773569E-27  7.773831E-27 -6.760875E-03
  1.140000E+02  7.033683E-01  7.586767E-27  7.587091E-27 -6.843616E-03
  1.145000E+02  7.073466E-01  7.404431E-27  7.404740E-27 -6.927139E-03
  1.150000E+02  7.113091E-01  7.226400E-27  7.226658E-27 -7.011823E-03
  1.155000E+02  7.152555E-01  7.052546E-27  7.052731E-27 -7.097971E-03
  1.160000E+02  7.191856E-01  6.882773E-27  6.882851E-27 -7.185459E-03
  1.165000E+02  7.230989E-01  6.716985E-27  6.716916E-27 -7.274017E-03
  1.170000E+02  7.269952E-01  6.555073E-27  6.554826E-27 -7.363290E-03
  1.175000E+02  7.308743E-01  6.396890E-27  6.396483E-27 -7.453233E-03
  1.180000E+02  7.347358E-01  6.242263E-27  6.241789E-27 -7.544185E-03
  1.185000E+02  7.385794E-01  6.091017E-27  6.090647E-27 -7.636648E-03
  1.190000E+02  7.424048E-01  5.943046E-27  5.942964E-27 -7.731033E-03
  1.195000E+02  7.462118E-01  5.798382E-27  5.798652E-27 -7.827183E-03
  1.200000E+02  7.500000E-01  5.657187E-27  5.657629E-27 -7.924475E-03
  1.205000E+02  7.537692E-01  5.519574E-27  5.519816E-27 -8.022190E-03
  1.210000E+02  7.575190E-01  5.385337E-27  5.385133E-27 -8.120271E-03
  1.215000E+02  7.612493E-01  5.253925E-27  5.253500E-27 -8.219642E-03
  1.220000E+02  7.649596E-01  5.124942E-27  5.124840E-27 -8.321304E-03
  1.225000E+02  7.686498E-01  4.998717E-27  4.999076E-27 -8.425097E-03
  1.230000E+02  7.723195E-01  4.875908E-27  4.876137E-27 -8.529825E-03
  1.235000E+02  7.759685E-01  4.756253E-27  4.755955E-27 -8.635464E-03
  1.240000E+02  7.795965E-01  4.638683E-27  4.638466E-27 -8.743429E-03
  1.245000E+02  7.832031E-01  4.523290E-27  4.523607E-27 -8.853244E-03
  1.250000E+02  7.867882E-01  4.411219E-27  4.411312E-27 -8.962633E-03
  1.255000E+02  7.903515E-01  4.301860E-27  4.301519E-27 -9.073079E-03
  1.260000E+02  7.938926E-01  4.194017E-27  4.194164E-27 -9.187591E-03
  1.265000E+02  7.974114E-01  4.089004E-27  4.089190E-27 -9.303406E-03
  1.270000E+02  8.009075E-01  3.986855E-27  3.986539E-27 -9.419964E-03
  1.275000E+02  8.043807E-01  3.885970E-27  3.886162E-27 -9.540502E-03
  1.280000E+02  8.078307E-01  3.787972E-27  3.788005E-27 -9.660565E-03
  1.285000E+02  8.112573E-01  3.692223E-27  3.692017E-27 -9.781588E-03
  1.290000E+02  8.146602E-01  3.597878E-27  3.598145E-27 -9.906274E-03
  1.295000E+02  8.180391E-01  3.506576E-27  3.506338E-27 -1.003050E-02
  1.300000E+02  8.213938E-01  3.416385E-27  3.416548E-27 -1.016002E-02
  1.305000E+02  8.247240E-01  3.328810E-27  3.328728E-27 -1.029007E-02
  1.310000E+02  8.280295E-01  3.242820E-27  3.242836E-27 -1.042316E-02
  1.315000E+02  8.313100E-01  3.158806E-27  3.158831E-27 -1.055743E-02
  1.320000E+02  8.345653E-01  3.076709E-27  3.076669E-27 -1.069287E-02
  1.325000E+02  8.377951E-01  2.996281E-27  2.996309E-27 -1.083064E-02
  1.330000E+02  8.409992E-01  2.917698E-27  2.917706E-27 -1.097068E-02
  1.335000E+02  8.441773E-01  2.840877E-27  2.840822E-27 -1.111364E-02
  1.340000E+02  8.473292E-01  2.765517E-27  2.765618E-27 -1.126052E-02
  1.345000E+02  8.504546E-01  2.692205E-27  2.692059E-27 -1.140821E-02
  1.350000E+02  8.535534E-01  2.619925E-27  2.620111E-27 -1.156034E-02
  1.355000E+02  8.566252E-01  2.549919E-27  2.549740E-27 -1.171099E-02
  1.360000E+02  8.596699E-01  2.480830E-27  2.480911E-27 -1.186660E-02
  1.365000E+02  8.626872E-01  2.413530E-27  2.413588E-27 -1.202374E-02
  1.370000E+02  8.656769E-01  2.347884E-27  2.347737E-27 -1.218351E-02
  1.375000E+02  8.686387E-01  2.283182E-27  2.283327E-27 -1.234970E-02
  1.380000E+02  8.715724E-01  2.220326E-27  2.220329E-27 -1.251681E-02
  1.385000E+02  8.744779E-01  2.158863E-27  2.158715E-27 -1.268627E-02
  1.390000E+02  8.773548E-01  2.098365E-27  2.098458E-27 -1.286008E-02
  1.395000E+02  8.802030E-01  2.039451E-27  2.039528E-27 -1.303452E-02
  1.400000E+02  8.830222E-01  1.982031E-27  1.981898E-27 -1.321072E-02
  1.405000E+02  8.858123E-01  1.925601E-27  1.925537E-27 -1.339297E-02
  1.410000E+02  8.885730E-01  1.870307E-27  1.870419E-27 -1.358090E-02
  1.415000E+02  8.913041E-01  1.816447E-27  1.816519E-27 -1.377180E-02
  1.420000E+02  8.940054E-01  1.763898E-27  1.763817E-27 -1.396511E-02
  1.425000E+02  8.966767E-01  1.712400E-27  1.712289E-27 -1.416133E-02
  1.430000E+02  8.993178E-01  1.661918E-27  1.661915E-27 -1.436018E-02
  1.435000E+02  9.019284E-01  1.612570E-27  1.612668E-27 -1.456180E-02
  1.440000E+02  9.045085E-01  1.564418E-27  1.564521E-27 -1.476924E-02
  1.445000E+02  9.070578E-01  1.517413E-27  1.517449E-27 -1.498518E-02
  1.450000E+02  9.095760E-01  1.471477E-27  1.471440E-27 -1.520391E-02
  1.455000E+02  9.120631E-01  1.426558E-27  1.426478E-27 -1.542404E-02
  1.460000E+02  9.145188E-01  1.382638E-27  1.382541E-27 -1.564671E-02
  1.465000E+02  9.169429E-01  1.339695E-27  1.339606E-27 -1.587406E-02
  1.470000E+02  9.193353E-01  1.297712E-27  1.297653E-27 -1.610778E-02
  1.475000E+02  9.216957E-01  1.256704E-27  1.256663E-27 -1.634808E-02
  1.480000E+02  9.240240E-01  1.216650E-27  1.216620E-27 -1.659436E-02
  1.485000E+02  9.263201E-01  1.177524E-27  1.177508E-27 -1.684544E-02
  1.490000E+02  9.285837E-01  1.139337E-27  1.139311E-27 -1.709994E-02
  1.495000E+02  9.308146E-01  1.102041E-27  1.102014E-27 -1.735820E-02
  1.500000E+02  9.330127E-01  1.065645E-27  1.065600E-27 -1.762086E-02
  1.505000E+02  9.351778E-01  1.030106E-27  1.030051E-27 -1.788976E-02
  1.510000E+02  9.373099E-01  9.954213E-28  9.953511E-28 -1.816578E-02
  1.515000E+02  9.394086E-01  9.615473E-28  9.614869E-28 -1.844940E-02
  1.520000E+02  9.414738E-01  9.284872E-28  9.284451E-28 -1.873943E-02
  1.525000E+02  9.435054E-01  8.962069E-28  8.962130E-28 -1.903504E-02
  1.530000E+02  9.455033E-01  8.647324E-28  8.647779E-28 -1.933495E-02
  1.535000E+02  9.474672E-01  8.340721E-28  8.341262E-28 -1.963920E-02
  1.540000E+02  9.493970E-01  8.042223E-28  8.042438E-28 -1.994886E-02
  1.545000E+02  9.512926E-01  7.751542E-28  7.751176E-28 -2.026557E-02
  1.550000E+02  9.531539E-01  7.467854E-28  7.467354E-28 -2.059149E-02
  1.555000E+02  9.549806E-01  7.190798E-28  7.190865E-28 -2.092661E-02
  1.560000E+02  9.567727E-01  6.921110E-28  6.921608E-28 -2.126712E-02
  1.565000E+02  9.585300E-01  6.659426E-28  6.659481E-28 -2.160945E-02
  1.570000E+02  9.602524E-01  6.404829E-28  6.404375E-28 -2.195609E-02
  1.575000E+02  9.619398E-01  6.156175E-28  6.156178E-28 -2.231205E-02
  1.580000E+02  9.635919E-01  5.914401E-28  5.914779E-28 -2.267539E-02
  1.585000E+02  9.652088E-01  5.680298E-28  5.680077E-28 -2.304293E-02
  1.590000E+02  9.667902E-01  5.452158E-28  5.451983E-28 -2.341998E-02
  1.595000E+02  9.683361E-01  5.230047E-28  5.230418E-28 -2.380420E-02
  1.600000E+02  9.698463E-01  5.015490E-28  5.015303E-28 -2.418622E-02
  1.605000E+02  9.713207E-01  4.806606E-28  4.806553E-28 -2.457372E-02
  1.610000E+02  9.727593E-01  4.603807E-28  4.604076E-28 -2.496530E-02
  1.615000E+02  9.741618E-01  4.408071E-28  4.407781E-28 -2.535629E-02
  1.620000E+02  9.755283E-01  4.217340E-28  4.217585E-28 -2.575818E-02
  1.625000E+02  9.768585E-01  4.033569E-28  4.033418E-28 -2.615729E-02
  1.630000E+02  9.781524E-01  3.855171E-28  3.855217E-28 -2.655975E-02
  1.635000E+02  9.794099E-01  3.682929E-28  3.682923E-28 -2.695643E-02
  1.640000E+02  9.806308E-01  3.516508E-28  3.516470E-28 -2.734664E-02
  1.645000E+02  9.818152E-01  3.355730E-28  3.355787E-28 -2.773049E-02
  1.650000E+02  9.829629E-01  3.200826E-28  3.200800E-28 -2.810551E-02
  1.655000E+02  9.840738E-01  3.051455E-28  3.051442E-28 -2.847282E-02
  1.660000E+02  9.851479E-01  2.907606E-28  2.907657E-28 -2.882848E-02
  1.665000E+02  9.861850E-01  2.769501E-28  2.769399E-28 -2.916353E-02
  1.670000E+02  9.871850E-01  2.636470E-28  2.636625E-28 -2.947736E-02
  1.675000E+02  9.881480E-01  2.509461E-28  2.509288E-28 -2.975241E-02
  1.680000E+02  9.890738E-01  2.387209E-28  2.387334E-28 -2.999796E-02
  1.685000E+02  9.899624E-01  2.270721E-28  2.270706E-28 -3.019737E-02
  1.690000E+02  9.908136E-01  2.159450E-28  2.159349E-28 -3.035133E-02
  1.695000E+02  9.916275E-01  2.053089E-28  2.053221E-28 -3.045551E-02
  1.700000E+02  9.924039E-01  1.952325E-28  1.952289E-28 -3.048717E-02
  1.705000E+02  9.931428E-01  1.856626E-28  1.856527E-28 -3.043942E-02
  1.710000E+02  9.938442E-01  1.765801E-28  1.765905E-28 -3.030155E-02
  1.715000E+02  9.945079E-01  1.680349E-28  1.680386E-28 -3.005251E-02
  1.720000E+02  9.951340E-01  1.600023E-28  1.599924E-28 -2.968513E-02
  1.725000E+02  9.957224E-01  1.524512E-28  1.524480E-28 -2.919327E-02
  1.730000E+02  9.962731E-01  1.453927E-28  1.454020E-28 -2.856002E-02
  1.735000E+02  9.967859E-01  1.388471E-28  1.388525E-28 -2.776358E-02
  1.740000E+02  9.972609E-01  1.328047E-28  1.327985E-28 -2.678666E-02
  1.745000E+02  9.976981E-01  1.272469E-28  1.272387E-28 -2.561692E-02
  1.750000E+02  9.980973E-01  1.221722E-28  1.221709E-28 -2.424321E-02
  1.755000E+02  9.984587E-01  1.175865E-28  1.175919E-28 -2.265849E-02
  1.760000E+02  9.987820E-01  1.134912E-28  1.134985E-28 -2.086054E-02
  1.765000E+02  9.990674E-01  1.098835E-28  1.098885E-28 -1.884995E-02
  1.770000E+02  9.993148E-01  1.067597E-28  1.067608E-28 -1.663085E-02
  1.775000E+02  9.995241E-01  1.041189E-28  1.041163E-28 -1.421114E-02
  1.780000E+02  9.996954E-01  1.019605E-28  1.019554E-28 -1.160810E-02
  1.785000E+02  9.998287E-01  1.002847E-28  1.002784E-28 -8.848168E-03
  1.790000E+02  9.999238E-01  9.909039E-29  9.908372E-29 -5.966551E-03
  1.795000E+02  9.999810E-01  9.837477E-29  9.836807E-29 -3.003697E-03
  1.800000E+02  1.000000E+00  9.813819E-29  9.813152E-29  0.000000E+00
