 #
 # Subroutine ELSEPM. Elastic scattering ofelectrons and positrons by
 #       molecules (single-scattering independent-atom approximation)
 #
 # Molecule: Water (vapour)                     
 #
 # Structure:
 # IZ =  8,    X,Y,Z =   0.00000E+00  0.00000E+00  0.00000E+00 cm
 # IZ =  1,    X,Y,Z =   9.57200E-09  0.00000E+00  0.00000E+00 cm
 # IZ =  1,    X,Y,Z =  -2.39990E-09  9.26630E-09  0.00000E+00 cm
 #
 # Projectile: electron
 # Kinetic energy = 1.0000000E+04 eV
 #
 # Furness-McCarthy exchange potential
 #
 # Correlation-polarization potential (Buckingham):
 #    molecular polarizability = 1.45700E-24 cm**3
 #
 # LDA-I absorption potential (only electron-hole excitations):
 #                           Delta = 6.20000E+00 eV
 #                            Aabs = 2.00000E+00
 #
 # Integrated cross sections:
 #                     coherent      incoherent
 #         total cs: 9.0112455E-18  7.5761801E-18
 # 1st transport cs: 1.1188072E-19  1.1181719E-19
 # 2nd transport cs: 2.7242338E-19  2.7223131E-19
 #
 # Differential cross section:                     MU=(1-COS(THETA))/2
 #
 #   THETA           MU         DCS coh      DCS incoh      Sherman
 #   (deg)                     (cm**2/sr)    (cm**2/sr)     function
 #--------------------------------------------------------------------
  0.000000E+00  0.000000E+00  1.426585E-15  6.361526E-16  0.000000E+00
  1.000000E-04  7.615575E-13  1.426585E-15  6.361525E-16  9.926268E-11
  1.250000E-04  1.189937E-12  1.426585E-15  6.361525E-16  1.240783E-10
  1.500000E-04  1.713463E-12  1.426585E-15  6.361525E-16  1.488940E-10
  1.750000E-04  2.332246E-12  1.426585E-15  6.361525E-16  1.737096E-10
  2.000000E-04  3.046174E-12  1.426585E-15  6.361525E-16  1.985252E-10
  2.250000E-04  3.855305E-12  1.426585E-15  6.361524E-16  2.233408E-10
  2.500000E-04  4.759637E-12  1.426585E-15  6.361524E-16  2.481563E-10
  2.750000E-04  5.759171E-12  1.426585E-15  6.361524E-16  2.729719E-10
  3.000000E-04  6.853906E-12  1.426585E-15  6.361523E-16  2.977874E-10
  3.250000E-04  8.043788E-12  1.426584E-15  6.361523E-16  3.226029E-10
  3.500000E-04  9.328927E-12  1.426584E-15  6.361523E-16  3.474183E-10
  3.750000E-04  1.070921E-11  1.426584E-15  6.361522E-16  3.722337E-10
  4.000000E-04  1.218470E-11  1.426584E-15  6.361522E-16  3.970491E-10
  4.250000E-04  1.375539E-11  1.426584E-15  6.361521E-16  4.218644E-10
  4.500000E-04  1.542128E-11  1.426584E-15  6.361521E-16  4.466797E-10
  4.750000E-04  1.718231E-11  1.426584E-15  6.361520E-16  4.714949E-10
  5.000000E-04  1.903860E-11  1.426583E-15  6.361520E-16  4.963101E-10
  5.250000E-04  2.099004E-11  1.426583E-15  6.361519E-16  5.211252E-10
  5.500000E-04  2.303668E-11  1.426583E-15  6.361518E-16  5.459403E-10
  5.750000E-04  2.517853E-11  1.426583E-15  6.361518E-16  5.707553E-10
  6.000000E-04  2.741557E-11  1.426583E-15  6.361517E-16  5.955703E-10
  6.250000E-04  2.974782E-11  1.426583E-15  6.361516E-16  6.203852E-10
  6.500000E-04  3.217521E-11  1.426582E-15  6.361516E-16  6.452000E-10
  6.750000E-04  3.469786E-11  1.426582E-15  6.361515E-16  6.700147E-10
  7.000000E-04  3.731565E-11  1.426582E-15  6.361514E-16  6.948294E-10
  7.250000E-04  4.002865E-11  1.426582E-15  6.361513E-16  7.196441E-10
  7.500000E-04  4.283685E-11  1.426581E-15  6.361512E-16  7.444586E-10
  7.750000E-04  4.574019E-11  1.426581E-15  6.361511E-16  7.692731E-10
  8.000000E-04  4.873879E-11  1.426581E-15  6.361510E-16  7.940875E-10
  8.250000E-04  5.183254E-11  1.426581E-15  6.361509E-16  8.189018E-10
  8.500000E-04  5.502154E-11  1.426580E-15  6.361508E-16  8.437160E-10
  8.750000E-04  5.830569E-11  1.426580E-15  6.361507E-16  8.685301E-10
  9.000000E-04  6.168505E-11  1.426580E-15  6.361506E-16  8.933441E-10
  9.250000E-04  6.515954E-11  1.426580E-15  6.361505E-16  9.181581E-10
  9.500000E-04  6.872930E-11  1.426579E-15  6.361504E-16  9.429719E-10
  9.750000E-04  7.239426E-11  1.426579E-15  6.361503E-16  9.677857E-10
  1.000000E-03  7.615436E-11  1.426579E-15  6.361502E-16  9.925993E-10
  1.250000E-03  1.189912E-10  1.426575E-15  6.361489E-16  1.240730E-09
  1.500000E-03  1.713473E-10  1.426571E-15  6.361472E-16  1.488847E-09
  1.750000E-03  2.332227E-10  1.426565E-15  6.361453E-16  1.736949E-09
  2.000000E-03  3.046174E-10  1.426559E-15  6.361431E-16  1.985032E-09
  2.250000E-03  3.855314E-10  1.426552E-15  6.361406E-16  2.233095E-09
  2.500000E-03  4.759647E-10  1.426545E-15  6.361378E-16  2.481134E-09
  2.750000E-03  5.759173E-10  1.426536E-15  6.361347E-16  2.729147E-09
  3.000000E-03  6.853892E-10  1.426527E-15  6.361313E-16  2.977132E-09
  3.250000E-03  8.043804E-10  1.426517E-15  6.361276E-16  3.225085E-09
  3.500000E-03  9.328908E-10  1.426506E-15  6.361237E-16  3.473004E-09
  3.750000E-03  1.070921E-09  1.426494E-15  6.361194E-16  3.720888E-09
  4.000000E-03  1.218470E-09  1.426481E-15  6.361148E-16  3.968732E-09
  4.250000E-03  1.375538E-09  1.426468E-15  6.361100E-16  4.216534E-09
  4.500000E-03  1.542126E-09  1.426454E-15  6.361048E-16  4.464292E-09
  4.750000E-03  1.718233E-09  1.426439E-15  6.360993E-16  4.712004E-09
  5.000000E-03  1.903859E-09  1.426423E-15  6.360936E-16  4.959666E-09
  5.250000E-03  2.099004E-09  1.426407E-15  6.360876E-16  5.207276E-09
  5.500000E-03  2.303669E-09  1.426389E-15  6.360812E-16  5.454831E-09
  5.750000E-03  2.517853E-09  1.426371E-15  6.360746E-16  5.702330E-09
  6.000000E-03  2.741557E-09  1.426352E-15  6.360677E-16  5.949768E-09
  6.250000E-03  2.974779E-09  1.426332E-15  6.360605E-16  6.197145E-09
  6.500000E-03  3.217521E-09  1.426311E-15  6.360530E-16  6.444456E-09
  6.750000E-03  3.469783E-09  1.426290E-15  6.360451E-16  6.691700E-09
  7.000000E-03  3.731563E-09  1.426268E-15  6.360370E-16  6.938873E-09
  7.250000E-03  4.002863E-09  1.426245E-15  6.360287E-16  7.185974E-09
  7.500000E-03  4.283682E-09  1.426221E-15  6.360200E-16  7.433000E-09
  7.750000E-03  4.574021E-09  1.426196E-15  6.360110E-16  7.679948E-09
  8.000000E-03  4.873879E-09  1.426171E-15  6.360017E-16  7.926816E-09
  8.250000E-03  5.183256E-09  1.426144E-15  6.359922E-16  8.173600E-09
  8.500000E-03  5.502152E-09  1.426117E-15  6.359823E-16  8.420300E-09
  8.750000E-03  5.830568E-09  1.426090E-15  6.359722E-16  8.666911E-09
  9.000000E-03  6.168503E-09  1.426061E-15  6.359617E-16  8.913431E-09
  9.250000E-03  6.515957E-09  1.426031E-15  6.359510E-16  9.159858E-09
  9.500000E-03  6.872931E-09  1.426001E-15  6.359399E-16  9.406189E-09
  9.750000E-03  7.239423E-09  1.425970E-15  6.359286E-16  9.652422E-09
  1.000000E-02  7.615435E-09  1.425938E-15  6.359170E-16  9.898554E-09
  1.250000E-02  1.189912E-08  1.425575E-15  6.357848E-16  1.235376E-08
  1.500000E-02  1.713473E-08  1.425132E-15  6.356235E-16  1.479609E-08
  1.750000E-02  2.332227E-08  1.424609E-15  6.354333E-16  1.722302E-08
  2.000000E-02  3.046174E-08  1.424008E-15  6.352145E-16  1.963210E-08
  2.250000E-02  3.855314E-08  1.423328E-15  6.349671E-16  2.202088E-08
  2.500000E-02  4.759647E-08  1.422570E-15  6.346916E-16  2.438700E-08
  2.750000E-02  5.759173E-08  1.421736E-15  6.343881E-16  2.672814E-08
  3.000000E-02  6.853892E-08  1.420825E-15  6.340571E-16  2.904202E-08
  3.250000E-02  8.043804E-08  1.419839E-15  6.336989E-16  3.132647E-08
  3.500000E-02  9.328908E-08  1.418780E-15  6.333138E-16  3.357935E-08
  3.750000E-02  1.070921E-07  1.417647E-15  6.329022E-16  3.579863E-08
  4.000000E-02  1.218470E-07  1.416442E-15  6.324647E-16  3.798234E-08
  4.250000E-02  1.375538E-07  1.415166E-15  6.320017E-16  4.012861E-08
  4.500000E-02  1.542126E-07  1.413821E-15  6.315136E-16  4.223565E-08
  4.750000E-02  1.718233E-07  1.412408E-15  6.310009E-16  4.430180E-08
  5.000000E-02  1.903859E-07  1.410928E-15  6.304642E-16  4.632546E-08
  5.250000E-02  2.099004E-07  1.409383E-15  6.299040E-16  4.830515E-08
  5.500000E-02  2.303669E-07  1.407773E-15  6.293210E-16  5.023952E-08
  5.750000E-02  2.517853E-07  1.406102E-15  6.287156E-16  5.212731E-08
  6.000000E-02  2.741557E-07  1.404369E-15  6.280884E-16  5.396739E-08
  6.250000E-02  2.974779E-07  1.402577E-15  6.274402E-16  5.575873E-08
  6.500000E-02  3.217521E-07  1.400728E-15  6.267716E-16  5.750046E-08
  6.750000E-02  3.469782E-07  1.398823E-15  6.260831E-16  5.919180E-08
  7.000000E-02  3.731563E-07  1.396864E-15  6.253755E-16  6.083212E-08
  7.250000E-02  4.002863E-07  1.394852E-15  6.246494E-16  6.242090E-08
  7.500000E-02  4.283682E-07  1.392790E-15  6.239055E-16  6.395778E-08
  7.750000E-02  4.574020E-07  1.390680E-15  6.231445E-16  6.544250E-08
  8.000000E-02  4.873878E-07  1.388522E-15  6.223671E-16  6.687496E-08
  8.250000E-02  5.183255E-07  1.386319E-15  6.215740E-16  6.825518E-08
  8.500000E-02  5.502151E-07  1.384074E-15  6.207659E-16  6.958332E-08
  8.750000E-02  5.830567E-07  1.381787E-15  6.199436E-16  7.085968E-08
  9.000000E-02  6.168501E-07  1.379461E-15  6.191078E-16  7.208467E-08
  9.250000E-02  6.515956E-07  1.377097E-15  6.182591E-16  7.325887E-08
  9.500000E-02  6.872929E-07  1.374698E-15  6.173983E-16  7.438296E-08
  9.750000E-02  7.239422E-07  1.372265E-15  6.165261E-16  7.545776E-08
  1.000000E-01  7.615434E-07  1.369800E-15  6.156432E-16  7.648424E-08
  1.250000E-01  1.189911E-06  1.343820E-15  6.063811E-16  8.438525E-08
  1.500000E-01  1.713472E-06  1.316633E-15  5.967802E-16  8.930950E-08
  1.750000E-01  2.332225E-06  1.289704E-15  5.873674E-16  9.361840E-08
  2.000000E-01  3.046171E-06  1.264039E-15  5.784849E-16  9.969810E-08
  2.250000E-01  3.855309E-06  1.240160E-15  5.702860E-16  1.092582E-07
  2.500000E-01  4.759640E-06  1.218163E-15  5.627679E-16  1.228631E-07
  2.750000E-01  5.759162E-06  1.197848E-15  5.558274E-16  1.398589E-07
  3.000000E-01  6.853876E-06  1.178864E-15  5.493218E-16  1.587008E-07
  3.250000E-01  8.043782E-06  1.160842E-15  5.431195E-16  1.775362E-07
  3.500000E-01  9.328879E-06  1.143491E-15  5.371316E-16  1.948233E-07
  3.750000E-01  1.070917E-05  1.126640E-15  5.313202E-16  2.097754E-07
  4.000000E-01  1.218465E-05  1.110236E-15  5.256886E-16  2.225106E-07
  4.250000E-01  1.375532E-05  1.094305E-15  5.202610E-16  2.338906E-07
  4.500000E-01  1.542118E-05  1.078907E-15  5.150612E-16  2.451385E-07
  4.750000E-01  1.718223E-05  1.064090E-15  5.100972E-16  2.573856E-07
  5.000000E-01  1.903847E-05  1.049860E-15  5.053565E-16  2.713076E-07
  5.250000E-01  2.098990E-05  1.036179E-15  5.008099E-16  2.869640E-07
  5.500000E-01  2.303652E-05  1.022978E-15  4.964215E-16  3.038683E-07
  5.750000E-01  2.517832E-05  1.010169E-15  4.921585E-16  3.212335E-07
  6.000000E-01  2.741532E-05  9.976744E-16  4.879988E-16  3.382816E-07
  6.250000E-01  2.974750E-05  9.854359E-16  4.839327E-16  3.545017E-07
  6.500000E-01  3.217487E-05  9.734201E-16  4.799598E-16  3.697751E-07
  6.750000E-01  3.469743E-05  9.616145E-16  4.760830E-16  3.843488E-07
  7.000000E-01  3.731517E-05  9.500188E-16  4.723032E-16  3.986927E-07
  7.250000E-01  4.002810E-05  9.386350E-16  4.686161E-16  4.133115E-07
  7.500000E-01  4.283621E-05  9.274602E-16  4.650115E-16  4.285831E-07
  7.750000E-01  4.573951E-05  9.164835E-16  4.614761E-16  4.446722E-07
  8.000000E-01  4.873800E-05  9.056871E-16  4.579973E-16  4.615297E-07
  8.250000E-01  5.183166E-05  8.950491E-16  4.545656E-16  4.789563E-07
  8.500000E-01  5.502051E-05  8.845470E-16  4.511761E-16  4.966917E-07
  8.750000E-01  5.830454E-05  8.741607E-16  4.478276E-16  5.144930E-07
  9.000000E-01  6.168376E-05  8.638738E-16  4.445201E-16  5.321835E-07
  9.250000E-01  6.515815E-05  8.536738E-16  4.412526E-16  5.496721E-07
  9.500000E-01  6.872773E-05  8.435524E-16  4.380220E-16  5.669541E-07
  9.750000E-01  7.239249E-05  8.335042E-16  4.348226E-16  5.841054E-07
  1.000000E+00  7.615242E-05  8.235270E-16  4.316476E-16  6.012748E-07
  1.100000E+00  9.214394E-05  7.843246E-16  4.191125E-16  6.742064E-07
  1.200000E+00  1.096583E-04  7.460794E-16  4.068196E-16  7.538766E-07
  1.300000E+00  1.286953E-04  7.085046E-16  3.946428E-16  8.338407E-07
  1.400000E+00  1.492551E-04  6.717105E-16  3.825420E-16  9.224889E-07
  1.500000E+00  1.713375E-04  6.356316E-16  3.704810E-16  1.013847E-06
  1.600000E+00  1.949425E-04  6.003495E-16  3.584383E-16  1.109401E-06
  1.700000E+00  2.200699E-04  5.660168E-16  3.464482E-16  1.214034E-06
  1.800000E+00  2.467198E-04  5.326440E-16  3.344937E-16  1.319727E-06
  1.900000E+00  2.748920E-04  5.003978E-16  3.226187E-16  1.433677E-06
  2.000000E+00  3.045865E-04  4.693538E-16  3.108447E-16  1.554406E-06
  2.100000E+00  3.358031E-04  4.395713E-16  2.991921E-16  1.679770E-06
  2.200000E+00  3.685418E-04  4.111370E-16  2.876998E-16  1.813538E-06
  2.300000E+00  4.028024E-04  3.840795E-16  2.763859E-16  1.952979E-06
  2.400000E+00  4.385850E-04  3.584317E-16  2.652805E-16  2.099067E-06
  2.500000E+00  4.758892E-04  3.342099E-16  2.544066E-16  2.252454E-06
  2.600000E+00  5.147151E-04  3.114051E-16  2.437837E-16  2.411915E-06
  2.700000E+00  5.550625E-04  2.900036E-16  2.334314E-16  2.578063E-06
  2.800000E+00  5.969313E-04  2.699763E-16  2.233630E-16  2.750443E-06
  2.900000E+00  6.403214E-04  2.512844E-16  2.135923E-16  2.928929E-06
  3.000000E+00  6.852326E-04  2.338806E-16  2.041272E-16  3.112669E-06
  3.100000E+00  7.316648E-04  2.177138E-16  1.949766E-16  3.302094E-06
  3.200000E+00  7.796179E-04  2.027244E-16  1.861440E-16  3.495988E-06
  3.300000E+00  8.290917E-04  1.888519E-16  1.776318E-16  3.693910E-06
  3.400000E+00  8.800860E-04  1.760340E-16  1.694415E-16  3.895960E-06
  3.500000E+00  9.326008E-04  1.642049E-16  1.615699E-16  4.100291E-06
  3.600000E+00  9.866358E-04  1.533025E-16  1.540159E-16  4.307508E-06
  3.700000E+00  1.042191E-03  1.432626E-16  1.467740E-16  4.516124E-06
  3.800000E+00  1.099266E-03  1.340239E-16  1.398389E-16  4.725594E-06
  3.900000E+00  1.157861E-03  1.255278E-16  1.332050E-16  4.935864E-06
  4.000000E+00  1.217975E-03  1.177162E-16  1.268639E-16  5.145313E-06
  4.100000E+00  1.279609E-03  1.105356E-16  1.208084E-16  5.354403E-06
  4.200000E+00  1.342761E-03  1.039345E-16  1.150298E-16  5.561867E-06
  4.300000E+00  1.407433E-03  9.786458E-17  1.095191E-16  5.767620E-06
  4.400000E+00  1.473624E-03  9.228071E-17  1.042674E-16  5.971393E-06
  4.500000E+00  1.541333E-03  8.714061E-17  9.926507E-17  6.172374E-06
  4.600000E+00  1.610561E-03  8.240546E-17  9.450290E-17  6.371216E-06
  4.700000E+00  1.681307E-03  7.803887E-17  8.997120E-17  6.566919E-06
  4.800000E+00  1.753570E-03  7.400773E-17  8.566072E-17  6.759931E-06
  4.900000E+00  1.827352E-03  7.028143E-17  8.156197E-17  6.950297E-06
  5.000000E+00  1.902651E-03  6.683190E-17  7.766577E-17  7.137811E-06
  5.100000E+00  1.979467E-03  6.363366E-17  7.396317E-17  7.323068E-06
  5.200000E+00  2.057801E-03  6.066327E-17  7.044519E-17  7.505703E-06
  5.300000E+00  2.137651E-03  5.789962E-17  6.710336E-17  7.686325E-06
  5.400000E+00  2.219018E-03  5.532345E-17  6.392931E-17  7.865073E-06
  5.500000E+00  2.301901E-03  5.291733E-17  6.091500E-17  8.042117E-06
  5.600000E+00  2.386300E-03  5.066552E-17  5.805268E-17  8.217752E-06
  5.700000E+00  2.472215E-03  4.855376E-17  5.533479E-17  8.392131E-06
  5.800000E+00  2.559646E-03  4.656928E-17  5.275424E-17  8.565655E-06
  5.900000E+00  2.648591E-03  4.470047E-17  5.030409E-17  8.738171E-06
  6.000000E+00  2.739052E-03  4.293698E-17  4.797774E-17  8.910043E-06
  6.100000E+00  2.831028E-03  4.126947E-17  4.576891E-17  9.081244E-06
  6.200000E+00  2.924518E-03  3.968955E-17  4.367155E-17  9.251803E-06
  6.300000E+00  3.019522E-03  3.818972E-17  4.167996E-17  9.421801E-06
  6.400000E+00  3.116040E-03  3.676324E-17  3.978866E-17  9.590950E-06
  6.500000E+00  3.214072E-03  3.540407E-17  3.799244E-17  9.759389E-06
  6.600000E+00  3.313617E-03  3.410682E-17  3.628637E-17  9.926720E-06
  6.700000E+00  3.414675E-03  3.286666E-17  3.466576E-17  1.009272E-05
  6.800000E+00  3.517246E-03  3.167925E-17  3.312613E-17  1.025719E-05
  6.900000E+00  3.621329E-03  3.054075E-17  3.166329E-17  1.041966E-05
  7.000000E+00  3.726924E-03  2.944768E-17  3.027320E-17  1.057969E-05
  7.100000E+00  3.834031E-03  2.839695E-17  2.895205E-17  1.073671E-05
  7.200000E+00  3.942649E-03  2.738582E-17  2.769626E-17  1.089045E-05
  7.300000E+00  4.052779E-03  2.641181E-17  2.650240E-17  1.104013E-05
  7.400000E+00  4.164419E-03  2.547269E-17  2.536722E-17  1.118487E-05
  7.500000E+00  4.277569E-03  2.456650E-17  2.428768E-17  1.132422E-05
  7.600000E+00  4.392230E-03  2.369149E-17  2.326087E-17  1.145756E-05
  7.700000E+00  4.508400E-03  2.284605E-17  2.228404E-17  1.158377E-05
  7.800000E+00  4.626080E-03  2.202875E-17  2.135457E-17  1.170189E-05
  7.900000E+00  4.745268E-03  2.123834E-17  2.047002E-17  1.181141E-05
  8.000000E+00  4.865966E-03  2.047367E-17  1.962805E-17  1.191110E-05
  8.100000E+00  4.988171E-03  1.973369E-17  1.882642E-17  1.199975E-05
  8.200000E+00  5.111885E-03  1.901749E-17  1.806307E-17  1.207670E-05
  8.300000E+00  5.237105E-03  1.832422E-17  1.733600E-17  1.214082E-05
  8.400000E+00  5.363834E-03  1.765312E-17  1.664335E-17  1.219074E-05
  8.500000E+00  5.492068E-03  1.700349E-17  1.598331E-17  1.222541E-05
  8.600000E+00  5.621809E-03  1.637471E-17  1.535423E-17  1.224385E-05
  8.700000E+00  5.753057E-03  1.576618E-17  1.475450E-17  1.224456E-05
  8.800000E+00  5.885809E-03  1.517739E-17  1.418260E-17  1.222641E-05
  8.900000E+00  6.020067E-03  1.460783E-17  1.363712E-17  1.218840E-05
  9.000000E+00  6.155830E-03  1.405704E-17  1.311669E-17  1.212909E-05
  9.100000E+00  6.293097E-03  1.352460E-17  1.262004E-17  1.204730E-05
  9.200000E+00  6.431867E-03  1.301009E-17  1.214594E-17  1.194164E-05
  9.300000E+00  6.572142E-03  1.251313E-17  1.169326E-17  1.181114E-05
  9.400000E+00  6.713919E-03  1.203335E-17  1.126089E-17  1.165474E-05
  9.500000E+00  6.857199E-03  1.157040E-17  1.084782E-17  1.147096E-05
  9.600000E+00  7.001981E-03  1.112392E-17  1.045307E-17  1.125887E-05
  9.700000E+00  7.148265E-03  1.069359E-17  1.007570E-17  1.101747E-05
  9.800000E+00  7.296051E-03  1.027907E-17  9.714862E-18  1.074565E-05
  9.900000E+00  7.445337E-03  9.880034E-18  9.369712E-18  1.044240E-05
  1.000000E+01  7.596123E-03  9.496158E-18  9.039475E-18  1.010720E-05
  1.025000E+01  7.979651E-03  8.600662E-18  8.274361E-18  9.124038E-06
  1.050000E+01  8.372546E-03  7.792787E-18  7.587419E-18  7.928125E-06
  1.075000E+01  8.774801E-03  7.067309E-18  6.969493E-18  6.517004E-06
  1.100000E+01  9.186408E-03  6.418843E-18  6.412617E-18  4.894931E-06
  1.125000E+01  9.607360E-03  5.841831E-18  5.909852E-18  3.074577E-06
  1.150000E+01  1.003765E-02  5.330551E-18  5.455145E-18  0.000000E+00
  1.175000E+01  1.047726E-02  4.879174E-18  5.043211E-18  0.000000E+00
  1.200000E+01  1.092620E-02  4.481826E-18  4.669420E-18 -3.334927E-06
  1.225000E+01  1.138445E-02  4.132670E-18  4.329711E-18 -5.674821E-06
  1.250000E+01  1.185200E-02  3.826002E-18  4.020511E-18 -8.051929E-06
  1.275000E+01  1.232884E-02  3.556337E-18  3.738663E-18 -1.042957E-05
  1.300000E+01  1.281497E-02  3.318498E-18  3.481375E-18 -1.277760E-05
  1.325000E+01  1.331037E-02  3.107690E-18  3.246169E-18 -1.507526E-05
  1.350000E+01  1.381504E-02  2.919564E-18  3.030837E-18 -1.731297E-05
  1.375000E+01  1.432897E-02  2.750255E-18  2.833414E-18 -1.949313E-05
  1.400000E+01  1.485214E-02  2.596412E-18  2.652146E-18 -2.163011E-05
  1.425000E+01  1.538455E-02  2.455195E-18  2.485466E-18 -2.374917E-05
  1.450000E+01  1.592618E-02  2.324266E-18  2.331974E-18 -2.588452E-05
  1.475000E+01  1.647703E-02  2.201755E-18  2.190418E-18 -2.807717E-05
  1.500000E+01  1.703709E-02  2.086222E-18  2.059683E-18 -3.037270E-05
  1.525000E+01  1.760634E-02  1.976599E-18  1.938768E-18 -3.281989E-05
  1.550000E+01  1.818477E-02  1.872137E-18  1.826785E-18 -3.546815E-05
  1.575000E+01  1.877238E-02  1.772344E-18  1.722936E-18 -3.836607E-05
  1.600000E+01  1.936915E-02  1.676926E-18  1.626512E-18 -4.155920E-05
  1.625000E+01  1.997507E-02  1.585738E-18  1.536876E-18 -4.508824E-05
  1.650000E+01  2.059013E-02  1.498730E-18  1.453458E-18 -4.898789E-05
  1.675000E+01  2.121432E-02  1.415908E-18  1.375746E-18 -5.328440E-05
  1.700000E+01  2.184762E-02  1.337303E-18  1.303279E-18 -5.799463E-05
  1.725000E+01  2.249003E-02  1.262946E-18  1.235639E-18 -6.312362E-05
  1.750000E+01  2.314152E-02  1.192847E-18  1.172448E-18 -6.866382E-05
  1.775000E+01  2.380210E-02  1.126988E-18  1.113361E-18 -7.459470E-05
  1.800000E+01  2.447174E-02  1.065315E-18  1.058062E-18 -8.088215E-05
  1.825000E+01  2.515044E-02  1.007739E-18  1.006263E-18 -8.747971E-05
  1.850000E+01  2.583817E-02  9.541370E-19  9.576970E-19 -9.432922E-05
  1.875000E+01  2.653494E-02  9.043544E-19  9.121209E-19 -1.013632E-04
  1.900000E+01  2.724071E-02  8.582125E-19  8.693096E-19 -1.085078E-04
  1.925000E+01  2.795549E-02  8.155129E-19  8.290564E-19 -1.156861E-04
  1.950000E+01  2.867925E-02  7.760428E-19  7.911716E-19 -1.228229E-04
  1.975000E+01  2.941199E-02  7.395800E-19  7.554815E-19 -1.298484E-04
  2.000000E+01  3.015369E-02  7.058971E-19  7.218273E-19 -1.367024E-04
  2.025000E+01  3.090433E-02  6.747653E-19  6.900643E-19 -1.433381E-04
  2.050000E+01  3.166391E-02  6.459569E-19  6.600609E-19 -1.497256E-04
  2.075000E+01  3.243240E-02  6.192482E-19  6.316977E-19 -1.558537E-04
  2.100000E+01  3.320979E-02  5.944214E-19  6.048662E-19 -1.617317E-04
  2.125000E+01  3.399607E-02  5.712661E-19  5.794675E-19 -1.673896E-04
  2.150000E+01  3.479122E-02  5.495818E-19  5.554115E-19 -1.728763E-04
  2.175000E+01  3.559522E-02  5.291794E-19  5.326158E-19 -1.782576E-04
  2.200000E+01  3.640807E-02  5.098832E-19  5.110039E-19 -1.836132E-04
  2.225000E+01  3.722975E-02  4.915326E-19  4.905052E-19 -1.890321E-04
  2.250000E+01  3.806023E-02  4.739845E-19  4.710534E-19 -1.946094E-04
  2.275000E+01  3.889951E-02  4.571148E-19  4.525862E-19 -2.004411E-04
  2.300000E+01  3.974757E-02  4.408195E-19  4.350444E-19 -2.066206E-04
  2.325000E+01  4.060439E-02  4.250162E-19  4.183721E-19 -2.132349E-04
  2.350000E+01  4.146996E-02  4.096439E-19  4.025163E-19 -2.203599E-04
  2.375000E+01  4.234426E-02  3.946627E-19  3.874265E-19 -2.280584E-04
  2.400000E+01  4.322727E-02  3.800526E-19  3.730556E-19 -2.363766E-04
  2.425000E+01  4.411898E-02  3.658107E-19  3.593591E-19 -2.453420E-04
  2.450000E+01  4.501936E-02  3.519493E-19  3.462959E-19 -2.549618E-04
  2.475000E+01  4.592841E-02  3.384916E-19  3.338280E-19 -2.652210E-04
  2.500000E+01  4.684611E-02  3.254683E-19  3.219207E-19 -2.760824E-04
  2.550000E+01  4.870736E-02  3.008628E-19  2.996640E-19 -2.993533E-04
  2.600000E+01  5.060298E-02  2.783870E-19  2.793069E-19 -3.240636E-04
  2.650000E+01  5.253282E-02  2.582005E-19  2.606676E-19 -3.492801E-04
  2.700000E+01  5.449674E-02  2.403132E-19  2.435893E-19 -3.740274E-04
  2.750000E+01  5.649458E-02  2.245761E-19  2.279293E-19 -3.975066E-04
  2.800000E+01  5.852620E-02  2.107130E-19  2.135512E-19 -4.192850E-04
  2.850000E+01  6.059144E-02  1.983762E-19  2.003241E-19 -4.393899E-04
  2.900000E+01  6.269015E-02  1.872092E-19  1.881254E-19 -4.582856E-04
  2.950000E+01  6.482215E-02  1.769008E-19  1.768468E-19 -4.767567E-04
  3.000000E+01  6.698730E-02  1.672183E-19  1.663972E-19 -4.957479E-04
  3.050000E+01  6.918542E-02  1.580163E-19  1.567042E-19 -5.162033E-04
  3.100000E+01  7.141635E-02  1.492248E-19  1.477095E-19 -5.389282E-04
  3.150000E+01  7.367992E-02  1.408255E-19  1.393636E-19 -5.644816E-04
  3.200000E+01  7.597595E-02  1.328274E-19  1.316195E-19 -5.931001E-04
  3.250000E+01  7.830428E-02  1.252491E-19  1.244286E-19 -6.246601E-04
  3.300000E+01  8.066472E-02  1.181099E-19  1.177405E-19 -6.586812E-04
  3.350000E+01  8.305709E-02  1.114273E-19  1.115056E-19 -6.943745E-04
  3.400000E+01  8.548121E-02  1.052171E-19  1.056788E-19 -7.307376E-04
  3.450000E+01  8.793691E-02  9.949044E-20  1.002228E-19 -7.666921E-04
  3.500000E+01  9.042398E-02  9.424946E-20  9.510942E-20 -8.012571E-04
  3.550000E+01  9.294224E-02  8.948046E-20  9.031753E-20 -8.337366E-04
  3.600000E+01  9.549150E-02  8.514941E-20  8.582997E-20 -8.638808E-04
  3.650000E+01  9.807157E-02  8.120135E-20  8.162970E-20 -8.919733E-04
  3.700000E+01  1.006822E-01  7.756526E-20  7.769737E-20 -9.188076E-04
  3.750000E+01  1.033233E-01  7.416363E-20  7.401097E-20 -9.455510E-04
  3.800000E+01  1.059946E-01  7.092462E-20  7.054740E-20 -9.735268E-04
  3.850000E+01  1.086959E-01  6.779367E-20  6.728504E-20 -1.003970E-03
  3.900000E+01  1.114270E-01  6.474113E-20  6.420613E-20 -1.037807E-03
  3.950000E+01  1.141877E-01  6.176366E-20  6.129780E-20 -1.075488E-03
  4.000000E+01  1.169778E-01  5.887912E-20  5.855138E-20 -1.116911E-03
  4.050000E+01  1.197970E-01  5.611658E-20  5.596050E-20 -1.161422E-03
  4.100000E+01  1.226452E-01  5.350513E-20  5.351875E-20 -1.207927E-03
  4.150000E+01  1.255221E-01  5.106496E-20  5.121795E-20 -1.255088E-03
  4.200000E+01  1.284276E-01  4.880279E-20  4.904771E-20 -1.301570E-03
  4.250000E+01  1.313613E-01  4.671215E-20  4.699623E-20 -1.346280E-03
  4.300000E+01  1.343231E-01  4.477714E-20  4.505198E-20 -1.388549E-03
  4.350000E+01  1.373128E-01  4.297740E-20  4.320530E-20 -1.428207E-03
  4.400000E+01  1.403301E-01  4.129253E-20  4.144941E-20 -1.465568E-03
  4.450000E+01  1.433748E-01  3.970483E-20  3.978025E-20 -1.501334E-03
  4.500000E+01  1.464466E-01  3.820008E-20  3.819549E-20 -1.536476E-03
  4.550000E+01  1.495454E-01  3.676684E-20  3.669297E-20 -1.572093E-03
  4.600000E+01  1.526708E-01  3.539540E-20  3.526952E-20 -1.609279E-03
  4.650000E+01  1.558227E-01  3.407691E-20  3.392034E-20 -1.648995E-03
  4.700000E+01  1.590008E-01  3.280349E-20  3.263930E-20 -1.691959E-03
  4.750000E+01  1.622049E-01  3.156909E-20  3.141994E-20 -1.738540E-03
  4.800000E+01  1.654347E-01  3.037087E-20  3.025653E-20 -1.788681E-03
  4.850000E+01  1.686900E-01  2.921005E-20  2.914493E-20 -1.841864E-03
  4.900000E+01  1.719705E-01  2.809186E-20  2.808274E-20 -1.897128E-03
  4.950000E+01  1.752760E-01  2.702403E-20  2.706888E-20 -1.953167E-03
  5.000000E+01  1.786062E-01  2.601447E-20  2.610268E-20 -2.008516E-03
  5.050000E+01  1.819609E-01  2.506862E-20  2.518300E-20 -2.061805E-03
  5.100000E+01  1.853398E-01  2.418762E-20  2.430769E-20 -2.112031E-03
  5.150000E+01  1.887427E-01  2.336767E-20  2.347357E-20 -2.158769E-03
  5.200000E+01  1.921693E-01  2.260085E-20  2.267688E-20 -2.202274E-03
  5.250000E+01  1.956193E-01  2.187694E-20  2.191401E-20 -2.243422E-03
  5.300000E+01  1.990925E-01  2.118556E-20  2.118212E-20 -2.283535E-03
  5.350000E+01  2.025886E-01  2.051801E-20  2.047948E-20 -2.324114E-03
  5.400000E+01  2.061074E-01  1.986849E-20  1.980538E-20 -2.366579E-03
  5.450000E+01  2.096485E-01  1.923427E-20  1.915966E-20 -2.412034E-03
  5.500000E+01  2.132118E-01  1.861532E-20  1.854213E-20 -2.461117E-03
  5.550000E+01  2.167969E-01  1.801327E-20  1.795209E-20 -2.513942E-03
  5.600000E+01  2.204035E-01  1.743040E-20  1.738808E-20 -2.570123E-03
  5.650000E+01  2.240315E-01  1.686874E-20  1.684809E-20 -2.628873E-03
  5.700000E+01  2.276805E-01  1.632962E-20  1.632984E-20 -2.689145E-03
  5.750000E+01  2.313502E-01  1.581359E-20  1.583134E-20 -2.749783E-03
  5.800000E+01  2.350404E-01  1.532064E-20  1.535116E-20 -2.809661E-03
  5.850000E+01  2.387507E-01  1.485055E-20  1.488860E-20 -2.867800E-03
  5.900000E+01  2.424810E-01  1.440302E-20  1.444354E-20 -2.923458E-03
  5.950000E+01  2.462308E-01  1.397765E-20  1.401607E-20 -2.976197E-03
  6.000000E+01  2.500000E-01  1.357372E-20  1.360611E-20 -3.025943E-03
  6.050000E+01  2.537882E-01  1.318993E-20  1.321319E-20 -3.073012E-03
  6.100000E+01  2.575952E-01  1.282431E-20  1.283631E-20 -3.118096E-03
  6.150000E+01  2.614206E-01  1.247433E-20  1.247411E-20 -3.162198E-03
  6.200000E+01  2.652642E-01  1.213715E-20  1.212515E-20 -3.206513E-03
  6.250000E+01  2.691257E-01  1.181014E-20  1.178821E-20 -3.252259E-03
  6.300000E+01  2.730048E-01  1.149121E-20  1.146250E-20 -3.300507E-03
  6.350000E+01  2.769011E-01  1.117910E-20  1.114769E-20 -3.352010E-03
  6.400000E+01  2.808144E-01  1.087350E-20  1.084384E-20 -3.407083E-03
  6.450000E+01  2.847445E-01  1.057485E-20  1.055109E-20 -3.465544E-03
  6.500000E+01  2.886909E-01  1.028418E-20  1.026949E-20 -3.526728E-03
  6.550000E+01  2.926534E-01  1.000274E-20  9.998766E-21 -3.589574E-03
  6.600000E+01  2.966317E-01  9.731691E-21  9.738331E-21 -3.652778E-03
  6.650000E+01  3.006255E-01  9.471871E-21  9.487341E-21 -3.714990E-03
  6.700000E+01  3.046344E-01  9.223636E-21  9.244882E-21 -3.775013E-03
  6.750000E+01  3.086583E-01  8.986832E-21  9.010167E-21 -3.831979E-03
  6.800000E+01  3.126967E-01  8.760864E-21  8.782676E-21 -3.885460E-03
  6.850000E+01  3.167494E-01  8.544842E-21  8.562201E-21 -3.935510E-03
  6.900000E+01  3.208160E-01  8.337722E-21  8.348778E-21 -3.982620E-03
  6.950000E+01  3.248963E-01  8.138436E-21  8.142556E-21 -4.027624E-03
  7.000000E+01  3.289899E-01  7.945974E-21  7.943624E-21 -4.071563E-03
  7.050000E+01  3.330966E-01  7.759421E-21  7.751890E-21 -4.115547E-03
  7.100000E+01  3.372159E-01  7.577994E-21  7.567029E-21 -4.160615E-03
  7.150000E+01  3.413477E-01  7.401070E-21  7.388515E-21 -4.207622E-03
  7.200000E+01  3.454915E-01  7.228223E-21  7.215734E-21 -4.257151E-03
  7.250000E+01  3.496471E-01  7.059250E-21  7.048118E-21 -4.309453E-03
  7.300000E+01  3.538141E-01  6.894171E-21  6.885258E-21 -4.364430E-03
  7.350000E+01  3.579923E-01  6.733188E-21  6.726957E-21 -4.421666E-03
  7.400000E+01  3.621813E-01  6.576602E-21  6.573213E-21 -4.480483E-03
  7.450000E+01  3.663808E-01  6.424736E-21  6.424142E-21 -4.540028E-03
  7.500000E+01  3.705905E-01  6.277850E-21  6.279873E-21 -4.599369E-03
  7.550000E+01  3.748100E-01  6.136093E-21  6.140454E-21 -4.657589E-03
  7.600000E+01  3.790391E-01  5.999488E-21  6.005785E-21 -4.713874E-03
  7.650000E+01  3.832773E-01  5.867931E-21  5.875615E-21 -4.767595E-03
  7.700000E+01  3.875245E-01  5.741222E-21  5.749579E-21 -4.818368E-03
  7.750000E+01  3.917802E-01  5.619094E-21  5.627276E-21 -4.866085E-03
  7.800000E+01  3.960442E-01  5.501246E-21  5.508348E-21 -4.910928E-03
  7.850000E+01  4.003160E-01  5.387361E-21  5.392550E-21 -4.953347E-03
  7.900000E+01  4.045955E-01  5.277124E-21  5.279773E-21 -4.994016E-03
  7.950000E+01  4.088822E-01  5.170228E-21  5.170027E-21 -5.033763E-03
  8.000000E+01  4.131759E-01  5.066370E-21  5.063394E-21 -5.073486E-03
  8.050000E+01  4.174762E-01  4.965253E-21  4.959955E-21 -5.114055E-03
  8.100000E+01  4.217828E-01  4.866592E-21  4.859738E-21 -5.156222E-03
  8.150000E+01  4.260953E-01  4.770132E-21  4.762675E-21 -5.200531E-03
  8.200000E+01  4.304134E-01  4.675667E-21  4.668602E-21 -5.247251E-03
  8.250000E+01  4.347369E-01  4.583078E-21  4.577287E-21 -5.296337E-03
  8.300000E+01  4.390653E-01  4.492348E-21  4.488475E-21 -5.347423E-03
  8.350000E+01  4.433984E-01  4.403572E-21  4.401942E-21 -5.399860E-03
  8.400000E+01  4.477358E-01  4.316935E-21  4.317530E-21 -5.452781E-03
  8.450000E+01  4.520771E-01  4.232671E-21  4.235168E-21 -5.505214E-03
  8.500000E+01  4.564221E-01  4.151009E-21  4.154860E-21 -5.556195E-03
  8.550000E+01  4.607705E-01  4.072113E-21  4.076663E-21 -5.604898E-03
  8.600000E+01  4.651218E-01  3.996039E-21  4.000641E-21 -5.650729E-03
  8.650000E+01  4.694757E-01  3.922717E-21  3.926834E-21 -5.693396E-03
  8.700000E+01  4.738320E-01  3.851961E-21  3.855222E-21 -5.732922E-03
  8.750000E+01  4.781903E-01  3.783500E-21  3.785725E-21 -5.769619E-03
  8.800000E+01  4.825503E-01  3.717029E-21  3.718206E-21 -5.804022E-03
  8.850000E+01  4.869115E-01  3.652257E-21  3.652499E-21 -5.836800E-03
  8.900000E+01  4.912738E-01  3.588950E-21  3.588439E-21 -5.868661E-03
  8.950000E+01  4.956367E-01  3.526956E-21  3.525892E-21 -5.900275E-03
  9.000000E+01  5.000000E-01  3.466211E-21  3.464772E-21 -5.932206E-03
  9.050000E+01  5.043633E-01  3.406721E-21  3.405049E-21 -5.964881E-03
  9.100000E+01  5.087262E-01  3.348543E-21  3.346736E-21 -5.998571E-03
  9.150000E+01  5.130885E-01  3.291742E-21  3.289872E-21 -6.033401E-03
  9.200000E+01  5.174497E-01  3.236367E-21  3.234494E-21 -6.069366E-03
  9.250000E+01  5.218097E-01  3.182427E-21  3.180619E-21 -6.106354E-03
  9.300000E+01  5.261680E-01  3.129882E-21  3.128227E-21 -6.144164E-03
  9.350000E+01  5.305243E-01  3.078653E-21  3.077259E-21 -6.182520E-03
  9.400000E+01  5.348782E-01  3.028637E-21  3.027626E-21 -6.221084E-03
  9.450000E+01  5.392295E-01  2.979734E-21  2.979222E-21 -6.259457E-03
  9.500000E+01  5.435779E-01  2.931866E-21  2.931942E-21 -6.297192E-03
  9.550000E+01  5.479229E-01  2.884999E-21  2.885698E-21 -6.333806E-03
  9.600000E+01  5.522642E-01  2.839145E-21  2.840437E-21 -6.368813E-03
  9.650000E+01  5.566016E-01  2.794358E-21  2.796135E-21 -6.401758E-03
  9.700000E+01  5.609347E-01  2.750712E-21  2.752802E-21 -6.432268E-03
  9.750000E+01  5.652631E-01  2.708280E-21  2.710464E-21 -6.460099E-03
  9.800000E+01  5.695866E-01  2.667112E-21  2.669152E-21 -6.485177E-03
  9.850000E+01  5.739047E-01  2.627212E-21  2.628890E-21 -6.507625E-03
  9.900000E+01  5.782172E-01  2.588536E-21  2.589678E-21 -6.527758E-03
  9.950000E+01  5.825238E-01  2.550991E-21  2.551495E-21 -6.546061E-03
  1.000000E+02  5.868241E-01  2.514447E-21  2.514293E-21 -6.563129E-03
  1.005000E+02  5.911178E-01  2.478758E-21  2.478006E-21 -6.579607E-03
  1.010000E+02  5.954045E-01  2.443787E-21  2.442564E-21 -6.596110E-03
  1.015000E+02  5.996840E-01  2.409417E-21  2.407897E-21 -6.613160E-03
  1.020000E+02  6.039558E-01  2.375574E-21  2.373948E-21 -6.631130E-03
  1.025000E+02  6.082198E-01  2.342228E-21  2.340682E-21 -6.650211E-03
  1.030000E+02  6.124755E-01  2.309392E-21  2.308080E-21 -6.670403E-03
  1.035000E+02  6.167227E-01  2.277114E-21  2.276145E-21 -6.691528E-03
  1.040000E+02  6.209609E-01  2.245460E-21  2.244890E-21 -6.713262E-03
  1.045000E+02  6.251900E-01  2.214505E-21  2.214332E-21 -6.735179E-03
  1.050000E+02  6.294095E-01  2.184309E-21  2.184484E-21 -6.756807E-03
  1.055000E+02  6.336192E-01  2.154912E-21  2.155353E-21 -6.777675E-03
  1.060000E+02  6.378187E-01  2.126322E-21  2.126927E-21 -6.797364E-03
  1.065000E+02  6.420077E-01  2.098517E-21  2.099183E-21 -6.815533E-03
  1.070000E+02  6.461859E-01  2.071449E-21  2.072085E-21 -6.831940E-03
  1.075000E+02  6.503529E-01  2.045052E-21  2.045593E-21 -6.846443E-03
  1.080000E+02  6.545085E-01  2.019253E-21  2.019662E-21 -6.858988E-03
  1.085000E+02  6.586523E-01  1.993983E-21  1.994253E-21 -6.869593E-03
  1.090000E+02  6.627841E-01  1.969186E-21  1.969338E-21 -6.878327E-03
  1.095000E+02  6.669034E-01  1.944828E-21  1.944897E-21 -6.885287E-03
  1.100000E+02  6.710101E-01  1.920894E-21  1.920925E-21 -6.890590E-03
  1.105000E+02  6.751037E-01  1.897391E-21  1.897424E-21 -6.894356E-03
  1.110000E+02  6.791840E-01  1.874337E-21  1.874404E-21 -6.896714E-03
  1.115000E+02  6.832506E-01  1.851759E-21  1.851874E-21 -6.897795E-03
  1.120000E+02  6.873033E-01  1.829685E-21  1.829846E-21 -6.897745E-03
  1.125000E+02  6.913417E-01  1.808132E-21  1.808320E-21 -6.896722E-03
  1.130000E+02  6.953656E-01  1.787106E-21  1.787293E-21 -6.894901E-03
  1.135000E+02  6.993745E-01  1.766601E-21  1.766751E-21 -6.892469E-03
  1.140000E+02  7.033683E-01  1.746593E-21  1.746673E-21 -6.889616E-03
  1.145000E+02  7.073466E-01  1.727048E-21  1.727032E-21 -6.886525E-03
  1.150000E+02  7.113091E-01  1.707926E-21  1.707798E-21 -6.883354E-03
  1.155000E+02  7.152555E-01  1.689185E-21  1.688942E-21 -6.880220E-03
  1.160000E+02  7.191856E-01  1.670784E-21  1.670440E-21 -6.877191E-03
  1.165000E+02  7.230989E-01  1.652691E-21  1.652272E-21 -6.874268E-03
  1.170000E+02  7.269952E-01  1.634885E-21  1.634426E-21 -6.871392E-03
  1.175000E+02  7.308743E-01  1.617356E-21  1.616897E-21 -6.868436E-03
  1.180000E+02  7.347358E-01  1.600102E-21  1.599686E-21 -6.865218E-03
  1.185000E+02  7.385794E-01  1.583135E-21  1.582798E-21 -6.861510E-03
  1.190000E+02  7.424048E-01  1.566469E-21  1.566242E-21 -6.857060E-03
  1.195000E+02  7.462118E-01  1.550125E-21  1.550025E-21 -6.851604E-03
  1.200000E+02  7.500000E-01  1.534120E-21  1.534155E-21 -6.844888E-03
  1.205000E+02  7.537692E-01  1.518471E-21  1.518632E-21 -6.836687E-03
  1.210000E+02  7.575190E-01  1.503187E-21  1.503455E-21 -6.826819E-03
  1.215000E+02  7.612493E-01  1.488271E-21  1.488617E-21 -6.815156E-03
  1.220000E+02  7.649596E-01  1.473717E-21  1.474105E-21 -6.801630E-03
  1.225000E+02  7.686498E-01  1.459513E-21  1.459905E-21 -6.786233E-03
  1.230000E+02  7.723195E-01  1.445639E-21  1.445999E-21 -6.769014E-03
  1.235000E+02  7.759685E-01  1.432074E-21  1.432368E-21 -6.750069E-03
  1.240000E+02  7.795965E-01  1.418791E-21  1.418998E-21 -6.729532E-03
  1.245000E+02  7.832031E-01  1.405766E-21  1.405871E-21 -6.707565E-03
  1.250000E+02  7.867882E-01  1.392977E-21  1.392977E-21 -6.684341E-03
  1.255000E+02  7.903515E-01  1.380405E-21  1.380308E-21 -6.660032E-03
  1.260000E+02  7.938926E-01  1.368036E-21  1.367858E-21 -6.634801E-03
  1.265000E+02  7.974114E-01  1.355862E-21  1.355626E-21 -6.608793E-03
  1.270000E+02  8.009075E-01  1.343880E-21  1.343614E-21 -6.582129E-03
  1.275000E+02  8.043807E-01  1.332091E-21  1.331823E-21 -6.554902E-03
  1.280000E+02  8.078307E-01  1.320500E-21  1.320258E-21 -6.527178E-03
  1.285000E+02  8.112573E-01  1.309112E-21  1.308921E-21 -6.499000E-03
  1.290000E+02  8.146602E-01  1.297937E-21  1.297814E-21 -6.470386E-03
  1.295000E+02  8.180391E-01  1.286979E-21  1.286938E-21 -6.441333E-03
  1.300000E+02  8.213938E-01  1.276246E-21  1.276291E-21 -6.411826E-03
  1.305000E+02  8.247240E-01  1.265741E-21  1.265869E-21 -6.381835E-03
  1.310000E+02  8.280295E-01  1.255464E-21  1.255666E-21 -6.351322E-03
  1.315000E+02  8.313100E-01  1.245414E-21  1.245676E-21 -6.320246E-03
  1.320000E+02  8.345653E-01  1.235586E-21  1.235890E-21 -6.288561E-03
  1.325000E+02  8.377951E-01  1.225974E-21  1.226298E-21 -6.256223E-03
  1.330000E+02  8.409992E-01  1.216570E-21  1.216891E-21 -6.223187E-03
  1.335000E+02  8.441773E-01  1.207364E-21  1.207661E-21 -6.189408E-03
  1.340000E+02  8.473292E-01  1.198346E-21  1.198600E-21 -6.154844E-03
  1.345000E+02  8.504546E-01  1.189507E-21  1.189702E-21 -6.119454E-03
  1.350000E+02  8.535534E-01  1.180838E-21  1.180961E-21 -6.083199E-03
  1.355000E+02  8.566252E-01  1.172331E-21  1.172374E-21 -6.046043E-03
  1.360000E+02  8.596699E-01  1.163978E-21  1.163939E-21 -6.007951E-03
  1.365000E+02  8.626872E-01  1.155775E-21  1.155654E-21 -5.968894E-03
  1.370000E+02  8.656769E-01  1.147717E-21  1.147519E-21 -5.928843E-03
  1.375000E+02  8.686387E-01  1.139800E-21  1.139536E-21 -5.887775E-03
  1.380000E+02  8.715724E-01  1.132023E-21  1.131705E-21 -5.845670E-03
  1.385000E+02  8.744779E-01  1.124385E-21  1.124027E-21 -5.802512E-03
  1.390000E+02  8.773548E-01  1.116886E-21  1.116504E-21 -5.758292E-03
  1.395000E+02  8.802030E-01  1.109525E-21  1.109135E-21 -5.713004E-03
  1.400000E+02  8.830222E-01  1.102303E-21  1.101921E-21 -5.666652E-03
  1.405000E+02  8.858123E-01  1.095220E-21  1.094860E-21 -5.619244E-03
  1.410000E+02  8.885730E-01  1.088275E-21  1.087951E-21 -5.570791E-03
  1.415000E+02  8.913041E-01  1.081470E-21  1.081191E-21 -5.521313E-03
  1.420000E+02  8.940054E-01  1.074803E-21  1.074578E-21 -5.470831E-03
  1.425000E+02  8.966767E-01  1.068273E-21  1.068107E-21 -5.419372E-03
  1.430000E+02  8.993178E-01  1.061879E-21  1.061775E-21 -5.366967E-03
  1.435000E+02  9.019284E-01  1.055620E-21  1.055577E-21 -5.313652E-03
  1.440000E+02  9.045085E-01  1.049492E-21  1.049509E-21 -5.259463E-03
  1.445000E+02  9.070578E-01  1.043493E-21  1.043566E-21 -5.204436E-03
  1.450000E+02  9.095760E-01  1.037621E-21  1.037743E-21 -5.148606E-03
  1.455000E+02  9.120631E-01  1.031872E-21  1.032038E-21 -5.092009E-03
  1.460000E+02  9.145188E-01  1.026245E-21  1.026446E-21 -5.034679E-03
  1.465000E+02  9.169429E-01  1.020736E-21  1.020965E-21 -4.976651E-03
  1.470000E+02  9.193353E-01  1.015342E-21  1.015590E-21 -4.917956E-03
  1.475000E+02  9.216957E-01  1.010060E-21  1.010321E-21 -4.858620E-03
  1.480000E+02  9.240240E-01  1.004889E-21  1.005154E-21 -4.798669E-03
  1.485000E+02  9.263201E-01  9.998257E-22  1.000089E-21 -4.738123E-03
  1.490000E+02  9.285837E-01  9.948687E-22  9.951248E-22 -4.676998E-03
  1.495000E+02  9.308146E-01  9.900163E-22  9.902604E-22 -4.615310E-03
  1.500000E+02  9.330127E-01  9.852668E-22  9.854953E-22 -4.553072E-03
  1.505000E+02  9.351778E-01  9.806189E-22  9.808292E-22 -4.490293E-03
  1.510000E+02  9.373099E-01  9.760713E-22  9.762617E-22 -4.426980E-03
  1.515000E+02  9.394086E-01  9.716232E-22  9.717927E-22 -4.363138E-03
  1.520000E+02  9.414738E-01  9.672737E-22  9.674222E-22 -4.298767E-03
  1.525000E+02  9.435054E-01  9.630220E-22  9.631500E-22 -4.233870E-03
  1.530000E+02  9.455033E-01  9.588675E-22  9.589761E-22 -4.168447E-03
  1.535000E+02  9.474672E-01  9.548095E-22  9.549000E-22 -4.102498E-03
  1.540000E+02  9.493970E-01  9.508470E-22  9.509212E-22 -4.036021E-03
  1.545000E+02  9.512926E-01  9.469794E-22  9.470392E-22 -3.969017E-03
  1.550000E+02  9.531539E-01  9.432058E-22  9.432532E-22 -3.901483E-03
  1.555000E+02  9.549806E-01  9.395254E-22  9.395625E-22 -3.833419E-03
  1.560000E+02  9.567727E-01  9.359376E-22  9.359663E-22 -3.764823E-03
  1.565000E+02  9.585300E-01  9.324414E-22  9.324635E-22 -3.695697E-03
  1.570000E+02  9.602524E-01  9.290358E-22  9.290531E-22 -3.626040E-03
  1.575000E+02  9.619398E-01  9.257199E-22  9.257339E-22 -3.555856E-03
  1.580000E+02  9.635919E-01  9.224926E-22  9.225045E-22 -3.485148E-03
  1.585000E+02  9.652088E-01  9.193528E-22  9.193636E-22 -3.413918E-03
  1.590000E+02  9.667902E-01  9.162994E-22  9.163100E-22 -3.342171E-03
  1.595000E+02  9.683361E-01  9.133314E-22  9.133424E-22 -3.269911E-03
  1.600000E+02  9.698463E-01  9.104478E-22  9.104596E-22 -3.197145E-03
  1.605000E+02  9.713207E-01  9.076475E-22  9.076604E-22 -3.123880E-03
  1.610000E+02  9.727593E-01  9.049296E-22  9.049434E-22 -3.050124E-03
  1.615000E+02  9.741618E-01  9.022928E-22  9.023076E-22 -2.975887E-03
  1.620000E+02  9.755283E-01  8.997361E-22  8.997517E-22 -2.901176E-03
  1.625000E+02  9.768585E-01  8.972586E-22  8.972746E-22 -2.826002E-03
  1.630000E+02  9.781524E-01  8.948594E-22  8.948754E-22 -2.750375E-03
  1.635000E+02  9.794099E-01  8.925376E-22  8.925530E-22 -2.674305E-03
  1.640000E+02  9.806308E-01  8.902924E-22  8.903069E-22 -2.597804E-03
  1.645000E+02  9.818152E-01  8.881230E-22  8.881360E-22 -2.520884E-03
  1.650000E+02  9.829629E-01  8.860287E-22  8.860396E-22 -2.443559E-03
  1.655000E+02  9.840738E-01  8.840086E-22  8.840169E-22 -2.365840E-03
  1.660000E+02  9.851479E-01  8.820620E-22  8.820672E-22 -2.287739E-03
  1.665000E+02  9.861850E-01  8.801883E-22  8.801900E-22 -2.209270E-03
  1.670000E+02  9.871850E-01  8.783870E-22  8.783846E-22 -2.130445E-03
  1.675000E+02  9.881480E-01  8.766574E-22  8.766507E-22 -2.051277E-03
  1.680000E+02  9.890738E-01  8.749993E-22  8.749879E-22 -1.971780E-03
  1.685000E+02  9.899624E-01  8.734121E-22  8.733958E-22 -1.891969E-03
  1.690000E+02  9.908136E-01  8.718954E-22  8.718739E-22 -1.811856E-03
  1.695000E+02  9.916275E-01  8.704485E-22  8.704218E-22 -1.731455E-03
  1.700000E+02  9.924039E-01  8.690711E-22  8.690390E-22 -1.650779E-03
  1.705000E+02  9.931428E-01  8.677627E-22  8.677252E-22 -1.569841E-03
  1.710000E+02  9.938442E-01  8.665232E-22  8.664802E-22 -1.488654E-03
  1.715000E+02  9.945079E-01  8.653522E-22  8.653038E-22 -1.407232E-03
  1.720000E+02  9.951340E-01  8.642497E-22  8.641961E-22 -1.325590E-03
  1.725000E+02  9.957224E-01  8.632154E-22  8.631567E-22 -1.243740E-03
  1.730000E+02  9.962731E-01  8.622491E-22  8.621855E-22 -1.161697E-03
  1.735000E+02  9.967859E-01  8.613505E-22  8.612822E-22 -1.079472E-03
  1.740000E+02  9.972609E-01  8.605192E-22  8.604463E-22 -9.970797E-04
  1.745000E+02  9.976981E-01  8.597548E-22  8.596777E-22 -9.145315E-04
  1.750000E+02  9.980973E-01  8.590570E-22  8.589761E-22 -8.318411E-04
  1.755000E+02  9.984587E-01  8.584259E-22  8.583414E-22 -7.490218E-04
  1.760000E+02  9.987820E-01  8.578614E-22  8.577736E-22 -6.660870E-04
  1.765000E+02  9.990674E-01  8.573635E-22  8.572729E-22 -5.830498E-04
  1.770000E+02  9.993148E-01  8.569325E-22  8.568393E-22 -4.999233E-04
  1.775000E+02  9.995241E-01  8.565681E-22  8.564728E-22 -4.167200E-04
  1.780000E+02  9.996954E-01  8.562704E-22  8.561733E-22 -3.334528E-04
  1.785000E+02  9.998287E-01  8.560391E-22  8.559406E-22 -2.501344E-04
  1.790000E+02  9.999238E-01  8.558741E-22  8.557746E-22 -1.667775E-04
  1.795000E+02  9.999810E-01  8.557751E-22  8.556750E-22 -8.339515E-05
  1.800000E+02  1.000000E+00  8.557422E-22  8.556419E-22  0.000000E+00
