 #
 # Subroutine ELSEPM. Elastic scattering ofelectrons and positrons by
 #       molecules (single-scattering independent-atom approximation)
 #
 # Molecule: Water (vapour)                     
 #
 # Structure:
 # IZ =  8,    X,Y,Z =   0.00000E+00  0.00000E+00  0.00000E+00 cm
 # IZ =  1,    X,Y,Z =   9.57200E-09  0.00000E+00  0.00000E+00 cm
 # IZ =  1,    X,Y,Z =  -2.39990E-09  9.26630E-09  0.00000E+00 cm
 #
 # Projectile: electron
 # Kinetic energy = 3.0000000E+03 eV
 #
 # Furness-McCarthy exchange potential
 #
 # Correlation-polarization potential (Buckingham):
 #    molecular polarizability = 1.45700E-24 cm**3
 #
 # LDA-I absorption potential (only electron-hole excitations):
 #                           Delta = 6.20000E+00 eV
 #                            Aabs = 2.00000E+00
 #
 # Integrated cross sections:
 #                     coherent      incoherent
 #         total cs: 2.8079825E-17  2.3108357E-17
 # 1st transport cs: 9.1408806E-19  9.1291280E-19
 # 2nd transport cs: 2.0703479E-18  2.0666112E-18
 #
 # Differential cross section:                     MU=(1-COS(THETA))/2
 #
 #   THETA           MU         DCS coh      DCS incoh      Sherman
 #   (deg)                     (cm**2/sr)    (cm**2/sr)     function
 #--------------------------------------------------------------------
  0.000000E+00  0.000000E+00  1.570676E-15  6.784247E-16  0.000000E+00
  1.000000E-04  7.615575E-13  1.570676E-15  6.784247E-16  1.092602E-10
  1.250000E-04  1.189937E-12  1.570675E-15  6.784247E-16  1.365753E-10
  1.500000E-04  1.713463E-12  1.570675E-15  6.784246E-16  1.638903E-10
  1.750000E-04  2.332246E-12  1.570675E-15  6.784246E-16  1.912054E-10
  2.000000E-04  3.046174E-12  1.570675E-15  6.784246E-16  2.185204E-10
  2.250000E-04  3.855305E-12  1.570675E-15  6.784246E-16  2.458355E-10
  2.500000E-04  4.759637E-12  1.570675E-15  6.784246E-16  2.731505E-10
  2.750000E-04  5.759171E-12  1.570675E-15  6.784246E-16  3.004656E-10
  3.000000E-04  6.853906E-12  1.570675E-15  6.784246E-16  3.277806E-10
  3.250000E-04  8.043788E-12  1.570675E-15  6.784246E-16  3.550957E-10
  3.500000E-04  9.328927E-12  1.570675E-15  6.784246E-16  3.824107E-10
  3.750000E-04  1.070921E-11  1.570675E-15  6.784246E-16  4.097257E-10
  4.000000E-04  1.218470E-11  1.570675E-15  6.784245E-16  4.370407E-10
  4.250000E-04  1.375539E-11  1.570675E-15  6.784245E-16  4.643557E-10
  4.500000E-04  1.542128E-11  1.570675E-15  6.784245E-16  4.916707E-10
  4.750000E-04  1.718231E-11  1.570675E-15  6.784245E-16  5.189857E-10
  5.000000E-04  1.903860E-11  1.570675E-15  6.784245E-16  5.463007E-10
  5.250000E-04  2.099004E-11  1.570675E-15  6.784245E-16  5.736157E-10
  5.500000E-04  2.303668E-11  1.570675E-15  6.784244E-16  6.009307E-10
  5.750000E-04  2.517853E-11  1.570675E-15  6.784244E-16  6.282457E-10
  6.000000E-04  2.741557E-11  1.570675E-15  6.784244E-16  6.555606E-10
  6.250000E-04  2.974782E-11  1.570675E-15  6.784244E-16  6.828756E-10
  6.500000E-04  3.217521E-11  1.570675E-15  6.784243E-16  7.101906E-10
  6.750000E-04  3.469786E-11  1.570675E-15  6.784243E-16  7.375055E-10
  7.000000E-04  3.731565E-11  1.570675E-15  6.784243E-16  7.648204E-10
  7.250000E-04  4.002865E-11  1.570674E-15  6.784243E-16  7.921353E-10
  7.500000E-04  4.283685E-11  1.570674E-15  6.784242E-16  8.194503E-10
  7.750000E-04  4.574019E-11  1.570674E-15  6.784242E-16  8.467652E-10
  8.000000E-04  4.873879E-11  1.570674E-15  6.784242E-16  8.740801E-10
  8.250000E-04  5.183254E-11  1.570674E-15  6.784242E-16  9.013949E-10
  8.500000E-04  5.502154E-11  1.570674E-15  6.784241E-16  9.287098E-10
  8.750000E-04  5.830569E-11  1.570674E-15  6.784241E-16  9.560247E-10
  9.000000E-04  6.168505E-11  1.570674E-15  6.784241E-16  9.833395E-10
  9.250000E-04  6.515954E-11  1.570674E-15  6.784240E-16  1.010654E-09
  9.500000E-04  6.872930E-11  1.570674E-15  6.784240E-16  1.037969E-09
  9.750000E-04  7.239426E-11  1.570674E-15  6.784240E-16  1.065284E-09
  1.000000E-03  7.615436E-11  1.570673E-15  6.784239E-16  1.092599E-09
  1.250000E-03  1.189912E-10  1.570672E-15  6.784235E-16  1.365746E-09
  1.500000E-03  1.713473E-10  1.570671E-15  6.784230E-16  1.638891E-09
  1.750000E-03  2.332227E-10  1.570669E-15  6.784224E-16  1.912035E-09
  2.000000E-03  3.046174E-10  1.570667E-15  6.784217E-16  2.185176E-09
  2.250000E-03  3.855314E-10  1.570665E-15  6.784209E-16  2.458314E-09
  2.500000E-03  4.759647E-10  1.570662E-15  6.784200E-16  2.731449E-09
  2.750000E-03  5.759173E-10  1.570660E-15  6.784190E-16  3.004581E-09
  3.000000E-03  6.853892E-10  1.570657E-15  6.784179E-16  3.277709E-09
  3.250000E-03  8.043804E-10  1.570653E-15  6.784168E-16  3.550833E-09
  3.500000E-03  9.328908E-10  1.570650E-15  6.784155E-16  3.823953E-09
  3.750000E-03  1.070921E-09  1.570646E-15  6.784141E-16  4.097068E-09
  4.000000E-03  1.218470E-09  1.570642E-15  6.784127E-16  4.370178E-09
  4.250000E-03  1.375538E-09  1.570638E-15  6.784112E-16  4.643282E-09
  4.500000E-03  1.542126E-09  1.570633E-15  6.784095E-16  4.916381E-09
  4.750000E-03  1.718233E-09  1.570628E-15  6.784078E-16  5.189473E-09
  5.000000E-03  1.903859E-09  1.570623E-15  6.784060E-16  5.462559E-09
  5.250000E-03  2.099004E-09  1.570618E-15  6.784040E-16  5.735638E-09
  5.500000E-03  2.303669E-09  1.570612E-15  6.784020E-16  6.008710E-09
  5.750000E-03  2.517853E-09  1.570607E-15  6.783999E-16  6.281775E-09
  6.000000E-03  2.741557E-09  1.570600E-15  6.783977E-16  6.554832E-09
  6.250000E-03  2.974779E-09  1.570594E-15  6.783954E-16  6.827880E-09
  6.500000E-03  3.217521E-09  1.570587E-15  6.783931E-16  7.100920E-09
  6.750000E-03  3.469783E-09  1.570580E-15  6.783906E-16  7.373952E-09
  7.000000E-03  3.731563E-09  1.570573E-15  6.783880E-16  7.646974E-09
  7.250000E-03  4.002863E-09  1.570566E-15  6.783853E-16  7.919987E-09
  7.500000E-03  4.283682E-09  1.570558E-15  6.783826E-16  8.192989E-09
  7.750000E-03  4.574021E-09  1.570550E-15  6.783797E-16  8.465982E-09
  8.000000E-03  4.873879E-09  1.570542E-15  6.783768E-16  8.738964E-09
  8.250000E-03  5.183256E-09  1.570533E-15  6.783738E-16  9.011935E-09
  8.500000E-03  5.502152E-09  1.570525E-15  6.783706E-16  9.284895E-09
  8.750000E-03  5.830568E-09  1.570516E-15  6.783674E-16  9.557844E-09
  9.000000E-03  6.168503E-09  1.570506E-15  6.783641E-16  9.830781E-09
  9.250000E-03  6.515957E-09  1.570497E-15  6.783607E-16  1.010371E-08
  9.500000E-03  6.872931E-09  1.570487E-15  6.783572E-16  1.037662E-08
  9.750000E-03  7.239423E-09  1.570477E-15  6.783536E-16  1.064952E-08
  1.000000E-02  7.615435E-09  1.570467E-15  6.783499E-16  1.092240E-08
  1.250000E-02  1.189912E-08  1.570350E-15  6.783078E-16  1.365046E-08
  1.500000E-02  1.713473E-08  1.570206E-15  6.782565E-16  1.637682E-08
  1.750000E-02  2.332227E-08  1.570037E-15  6.781958E-16  1.910115E-08
  2.000000E-02  3.046174E-08  1.569842E-15  6.781259E-16  2.182312E-08
  2.250000E-02  3.855314E-08  1.569621E-15  6.780467E-16  2.454240E-08
  2.500000E-02  4.759647E-08  1.569374E-15  6.779583E-16  2.725864E-08
  2.750000E-02  5.759173E-08  1.569101E-15  6.778606E-16  2.997153E-08
  3.000000E-02  6.853892E-08  1.568803E-15  6.777538E-16  3.268074E-08
  3.250000E-02  8.043804E-08  1.568479E-15  6.776379E-16  3.538595E-08
  3.500000E-02  9.328908E-08  1.568130E-15  6.775128E-16  3.808683E-08
  3.750000E-02  1.070921E-07  1.567756E-15  6.773787E-16  4.078307E-08
  4.000000E-02  1.218470E-07  1.567356E-15  6.772355E-16  4.347435E-08
  4.250000E-02  1.375538E-07  1.566931E-15  6.770834E-16  4.616038E-08
  4.500000E-02  1.542126E-07  1.566481E-15  6.769223E-16  4.884083E-08
  4.750000E-02  1.718233E-07  1.566006E-15  6.767523E-16  5.151541E-08
  5.000000E-02  1.903859E-07  1.565507E-15  6.765735E-16  5.418383E-08
  5.250000E-02  2.099004E-07  1.564983E-15  6.763859E-16  5.684578E-08
  5.500000E-02  2.303669E-07  1.564434E-15  6.761896E-16  5.950099E-08
  5.750000E-02  2.517853E-07  1.563862E-15  6.759847E-16  6.214917E-08
  6.000000E-02  2.741557E-07  1.563265E-15  6.757711E-16  6.479004E-08
  6.250000E-02  2.974779E-07  1.562644E-15  6.755490E-16  6.742333E-08
  6.500000E-02  3.217521E-07  1.561999E-15  6.753184E-16  7.004878E-08
  6.750000E-02  3.469782E-07  1.561331E-15  6.750794E-16  7.266613E-08
  7.000000E-02  3.731563E-07  1.560640E-15  6.748321E-16  7.527512E-08
  7.250000E-02  4.002863E-07  1.559925E-15  6.745766E-16  7.787550E-08
  7.500000E-02  4.283682E-07  1.559187E-15  6.743129E-16  8.046705E-08
  7.750000E-02  4.574020E-07  1.558426E-15  6.740410E-16  8.304951E-08
  8.000000E-02  4.873878E-07  1.557643E-15  6.737612E-16  8.562267E-08
  8.250000E-02  5.183255E-07  1.556838E-15  6.734734E-16  8.818630E-08
  8.500000E-02  5.502151E-07  1.556010E-15  6.731778E-16  9.074020E-08
  8.750000E-02  5.830567E-07  1.555161E-15  6.728744E-16  9.328415E-08
  9.000000E-02  6.168501E-07  1.554290E-15  6.725633E-16  9.581797E-08
  9.250000E-02  6.515956E-07  1.553397E-15  6.722447E-16  9.834146E-08
  9.500000E-02  6.872929E-07  1.552484E-15  6.719185E-16  1.008544E-07
  9.750000E-02  7.239422E-07  1.551549E-15  6.715850E-16  1.033567E-07
  1.000000E-01  7.615434E-07  1.550594E-15  6.712442E-16  1.058482E-07
  1.250000E-01  1.189911E-06  1.539964E-15  6.674565E-16  1.301359E-07
  1.500000E-01  1.713472E-06  1.527577E-15  6.630553E-16  1.532236E-07
  1.750000E-01  2.332225E-06  1.513743E-15  6.581557E-16  1.750991E-07
  2.000000E-01  3.046171E-06  1.498782E-15  6.528771E-16  1.958476E-07
  2.250000E-01  3.855309E-06  1.483014E-15  6.473368E-16  2.156460E-07
  2.500000E-01  4.759640E-06  1.466741E-15  6.416450E-16  2.347495E-07
  2.750000E-01  5.759162E-06  1.450235E-15  6.358998E-16  2.534709E-07
  3.000000E-01  6.853876E-06  1.433734E-15  6.301845E-16  2.721532E-07
  3.250000E-01  8.043782E-06  1.417430E-15  6.245655E-16  2.911401E-07
  3.500000E-01  9.328879E-06  1.401471E-15  6.190914E-16  3.107447E-07
  3.750000E-01  1.070917E-05  1.385960E-15  6.137937E-16  3.312222E-07
  4.000000E-01  1.218465E-05  1.370957E-15  6.086878E-16  3.527483E-07
  4.250000E-01  1.375532E-05  1.356483E-15  6.037760E-16  3.754054E-07
  4.500000E-01  1.542118E-05  1.342529E-15  5.990494E-16  3.991795E-07
  4.750000E-01  1.718223E-05  1.329064E-15  5.944918E-16  4.239657E-07
  5.000000E-01  1.903847E-05  1.316039E-15  5.900821E-16  4.495840E-07
  5.250000E-01  2.098990E-05  1.303395E-15  5.857975E-16  4.758004E-07
  5.500000E-01  2.303652E-05  1.291073E-15  5.816157E-16  5.023537E-07
  5.750000E-01  2.517832E-05  1.279017E-15  5.775172E-16  5.289823E-07
  6.000000E-01  2.741532E-05  1.267178E-15  5.734863E-16  5.554502E-07
  6.250000E-01  2.974750E-05  1.255516E-15  5.695118E-16  5.815685E-07
  6.500000E-01  3.217487E-05  1.244005E-15  5.655872E-16  6.072110E-07
  6.750000E-01  3.469743E-05  1.232627E-15  5.617103E-16  6.323219E-07
  7.000000E-01  3.731517E-05  1.221379E-15  5.578824E-16  6.569171E-07
  7.250000E-01  4.002810E-05  1.210262E-15  5.541071E-16  6.810770E-07
  7.500000E-01  4.283621E-05  1.199284E-15  5.503895E-16  7.049339E-07
  7.750000E-01  4.573951E-05  1.188459E-15  5.467349E-16  7.286545E-07
  8.000000E-01  4.873800E-05  1.177798E-15  5.431478E-16  7.524204E-07
  8.250000E-01  5.183166E-05  1.167313E-15  5.396316E-16  7.764078E-07
  8.500000E-01  5.502051E-05  1.157013E-15  5.361875E-16  8.007695E-07
  8.750000E-01  5.830454E-05  1.146902E-15  5.328150E-16  8.256206E-07
  9.000000E-01  6.168376E-05  1.136981E-15  5.295116E-16  8.510291E-07
  9.250000E-01  6.515815E-05  1.127244E-15  5.262733E-16  8.770122E-07
  9.500000E-01  6.872773E-05  1.117684E-15  5.230950E-16  9.035386E-07
  9.750000E-01  7.239249E-05  1.108289E-15  5.199711E-16  9.305357E-07
  1.000000E+00  7.615242E-05  1.099047E-15  5.168960E-16  9.579008E-07
  1.100000E+00  9.214394E-05  1.063344E-15  5.049950E-16  1.068702E-06
  1.200000E+00  1.096583E-04  1.029229E-15  4.936406E-16  1.178086E-06
  1.300000E+00  1.286953E-04  9.965163E-16  4.828404E-16  1.287076E-06
  1.400000E+00  1.492551E-04  9.652205E-16  4.725715E-16  1.399948E-06
  1.500000E+00  1.713375E-04  9.352313E-16  4.627211E-16  1.518068E-06
  1.600000E+00  1.949425E-04  9.063228E-16  4.531994E-16  1.639579E-06
  1.700000E+00  2.200699E-04  8.783080E-16  4.439875E-16  1.762891E-06
  1.800000E+00  2.467198E-04  8.510879E-16  4.350648E-16  1.888203E-06
  1.900000E+00  2.748920E-04  8.246368E-16  4.263779E-16  2.017659E-06
  2.000000E+00  3.045865E-04  7.988558E-16  4.178687E-16  2.150176E-06
  2.100000E+00  3.358031E-04  7.737640E-16  4.095486E-16  2.288636E-06
  2.200000E+00  3.685418E-04  7.492584E-16  4.014045E-16  2.431126E-06
  2.300000E+00  4.028024E-04  7.252657E-16  3.933966E-16  2.576048E-06
  2.400000E+00  4.385850E-04  7.017970E-16  3.854989E-16  2.724966E-06
  2.500000E+00  4.758892E-04  6.788261E-16  3.777052E-16  2.878167E-06
  2.600000E+00  5.147151E-04  6.564062E-16  3.700394E-16  3.039624E-06
  2.700000E+00  5.550625E-04  6.344404E-16  3.624704E-16  3.204175E-06
  2.800000E+00  5.969313E-04  6.129335E-16  3.549744E-16  3.372498E-06
  2.900000E+00  6.403214E-04  5.919136E-16  3.475692E-16  3.547208E-06
  3.000000E+00  6.852326E-04  5.713799E-16  3.402533E-16  3.728504E-06
  3.100000E+00  7.316648E-04  5.513278E-16  3.330201E-16  3.916227E-06
  3.200000E+00  7.796179E-04  5.317229E-16  3.258563E-16  4.107013E-06
  3.300000E+00  8.290917E-04  5.126034E-16  3.187725E-16  4.304528E-06
  3.400000E+00  8.800860E-04  4.939723E-16  3.117716E-16  4.509078E-06
  3.500000E+00  9.326008E-04  4.758297E-16  3.048530E-16  4.720552E-06
  3.600000E+00  9.866358E-04  4.581824E-16  2.980194E-16  4.939814E-06
  3.700000E+00  1.042191E-03  4.409942E-16  2.912535E-16  5.161537E-06
  3.800000E+00  1.099266E-03  4.243093E-16  2.845789E-16  5.392050E-06
  3.900000E+00  1.157861E-03  4.081187E-16  2.779925E-16  5.629968E-06
  4.000000E+00  1.217975E-03  3.924189E-16  2.714938E-16  5.874923E-06
  4.100000E+00  1.279609E-03  3.772061E-16  2.650833E-16  6.126478E-06
  4.200000E+00  1.342761E-03  3.624799E-16  2.587643E-16  6.384974E-06
  4.300000E+00  1.407433E-03  3.482397E-16  2.525403E-16  6.650955E-06
  4.400000E+00  1.473624E-03  3.344813E-16  2.464124E-16  6.924331E-06
  4.500000E+00  1.541333E-03  3.211980E-16  2.403811E-16  7.204662E-06
  4.600000E+00  1.610561E-03  3.083842E-16  2.344482E-16  7.491956E-06
  4.700000E+00  1.681307E-03  2.960349E-16  2.286165E-16  7.786606E-06
  4.800000E+00  1.753570E-03  2.841431E-16  2.228874E-16  8.088641E-06
  4.900000E+00  1.827352E-03  2.726995E-16  2.172609E-16  8.397596E-06
  5.000000E+00  1.902651E-03  2.616949E-16  2.117376E-16  8.713194E-06
  5.100000E+00  1.979467E-03  2.511186E-16  2.063171E-16  9.034665E-06
  5.200000E+00  2.057801E-03  2.409686E-16  2.010069E-16  9.365085E-06
  5.300000E+00  2.137651E-03  2.312253E-16  1.957997E-16  9.700503E-06
  5.400000E+00  2.219018E-03  2.218849E-16  1.907001E-16  1.004320E-05
  5.500000E+00  2.301901E-03  2.129316E-16  1.857058E-16  1.039128E-05
  5.600000E+00  2.386300E-03  2.043565E-16  1.808182E-16  1.074544E-05
  5.700000E+00  2.472215E-03  1.961481E-16  1.760372E-16  1.110538E-05
  5.800000E+00  2.559646E-03  1.882942E-16  1.713618E-16  1.147052E-05
  5.900000E+00  2.648591E-03  1.807834E-16  1.667918E-16  1.184052E-05
  6.000000E+00  2.739052E-03  1.736042E-16  1.623268E-16  1.221537E-05
  6.100000E+00  2.831028E-03  1.667450E-16  1.579662E-16  1.259481E-05
  6.200000E+00  2.924518E-03  1.601936E-16  1.537088E-16  1.297818E-05
  6.300000E+00  3.019522E-03  1.539384E-16  1.495533E-16  1.336496E-05
  6.400000E+00  3.116040E-03  1.479684E-16  1.454993E-16  1.375506E-05
  6.500000E+00  3.214072E-03  1.422723E-16  1.415456E-16  1.414832E-05
  6.600000E+00  3.313617E-03  1.368388E-16  1.376907E-16  1.454413E-05
  6.700000E+00  3.414675E-03  1.316567E-16  1.339329E-16  1.494176E-05
  6.800000E+00  3.517246E-03  1.267154E-16  1.302712E-16  1.534095E-05
  6.900000E+00  3.621329E-03  1.220049E-16  1.267044E-16  1.574166E-05
  7.000000E+00  3.726924E-03  1.175149E-16  1.232308E-16  1.614348E-05
  7.100000E+00  3.834031E-03  1.132353E-16  1.198485E-16  1.654562E-05
  7.200000E+00  3.942649E-03  1.091563E-16  1.165559E-16  1.694763E-05
  7.300000E+00  4.052779E-03  1.052690E-16  1.133515E-16  1.734950E-05
  7.400000E+00  4.164419E-03  1.015644E-16  1.102339E-16  1.775106E-05
  7.500000E+00  4.277569E-03  9.803369E-17  1.072012E-16  1.815168E-05
  7.600000E+00  4.392230E-03  9.466826E-17  1.042513E-16  1.855075E-05
  7.700000E+00  4.508400E-03  9.146014E-17  1.013825E-16  1.894822E-05
  7.800000E+00  4.626080E-03  8.840176E-17  9.859347E-17  1.934415E-05
  7.900000E+00  4.745268E-03  8.548558E-17  9.588225E-17  1.973815E-05
  8.000000E+00  4.865966E-03  8.270429E-17  9.324691E-17  2.012961E-05
  8.100000E+00  4.988171E-03  8.005104E-17  9.068564E-17  2.051843E-05
  8.200000E+00  5.111885E-03  7.751941E-17  8.819683E-17  2.090492E-05
  8.300000E+00  5.237105E-03  7.510317E-17  8.577878E-17  2.128898E-05
  8.400000E+00  5.363834E-03  7.279615E-17  8.342960E-17  2.166993E-05
  8.500000E+00  5.492068E-03  7.059258E-17  8.114746E-17  2.204746E-05
  8.600000E+00  5.621809E-03  6.848712E-17  7.893074E-17  2.242202E-05
  8.700000E+00  5.753057E-03  6.647472E-17  7.677786E-17  2.279412E-05
  8.800000E+00  5.885809E-03  6.455037E-17  7.468708E-17  2.316346E-05
  8.900000E+00  6.020067E-03  6.270923E-17  7.265662E-17  2.352938E-05
  9.000000E+00  6.155830E-03  6.094685E-17  7.068485E-17  2.389192E-05
  9.100000E+00  6.293097E-03  5.925913E-17  6.877030E-17  2.425180E-05
  9.200000E+00  6.431867E-03  5.764211E-17  6.691139E-17  2.460938E-05
  9.300000E+00  6.572142E-03  5.609187E-17  6.510650E-17  2.496428E-05
  9.400000E+00  6.713919E-03  5.460475E-17  6.335403E-17  2.531617E-05
  9.500000E+00  6.857199E-03  5.317740E-17  6.165256E-17  2.566545E-05
  9.600000E+00  7.001981E-03  5.180667E-17  6.000071E-17  2.601276E-05
  9.700000E+00  7.148265E-03  5.048948E-17  5.839700E-17  2.635814E-05
  9.800000E+00  7.296051E-03  4.922288E-17  5.683996E-17  2.670125E-05
  9.900000E+00  7.445337E-03  4.800416E-17  5.532826E-17  2.704219E-05
  1.000000E+01  7.596123E-03  4.683081E-17  5.386062E-17  2.738156E-05
  1.025000E+01  7.979651E-03  4.408033E-17  5.037577E-17  2.822406E-05
  1.050000E+01  8.372546E-03  4.156422E-17  4.713862E-17  2.905824E-05
  1.075000E+01  8.774801E-03  3.925310E-17  4.413112E-17  2.988733E-05
  1.100000E+01  9.186408E-03  3.712155E-17  4.133626E-17  3.071171E-05
  1.125000E+01  9.607360E-03  3.514785E-17  3.873837E-17  3.153287E-05
  1.150000E+01  1.003765E-02  3.331341E-17  3.632288E-17  3.235120E-05
  1.175000E+01  1.047726E-02  3.160221E-17  3.407619E-17  3.316537E-05
  1.200000E+01  1.092620E-02  3.000068E-17  3.198588E-17  3.397517E-05
  1.225000E+01  1.138445E-02  2.849714E-17  3.004039E-17  3.477755E-05
  1.250000E+01  1.185200E-02  2.708169E-17  2.822908E-17  3.557058E-05
  1.275000E+01  1.232884E-02  2.574580E-17  2.654210E-17  3.634989E-05
  1.300000E+01  1.281497E-02  2.448224E-17  2.497041E-17  3.711111E-05
  1.325000E+01  1.331037E-02  2.328479E-17  2.350563E-17  3.784940E-05
  1.350000E+01  1.381504E-02  2.214813E-17  2.214004E-17  3.855785E-05
  1.375000E+01  1.432897E-02  2.106773E-17  2.086650E-17  3.923045E-05
  1.400000E+01  1.485214E-02  2.003962E-17  1.967841E-17  3.985888E-05
  1.425000E+01  1.538455E-02  1.906044E-17  1.856968E-17  4.043533E-05
  1.450000E+01  1.592618E-02  1.812724E-17  1.753464E-17  4.095068E-05
  1.475000E+01  1.647703E-02  1.723744E-17  1.656805E-17  4.139533E-05
  1.500000E+01  1.703709E-02  1.638881E-17  1.566506E-17  4.175965E-05
  1.525000E+01  1.760634E-02  1.557931E-17  1.482114E-17  4.203234E-05
  1.550000E+01  1.818477E-02  1.480720E-17  1.403211E-17  4.220340E-05
  1.575000E+01  1.877238E-02  1.407085E-17  1.329407E-17  4.226121E-05
  1.600000E+01  1.936915E-02  1.336878E-17  1.260338E-17  4.219401E-05
  1.625000E+01  1.997507E-02  1.269967E-17  1.195670E-17  4.199109E-05
  1.650000E+01  2.059013E-02  1.206227E-17  1.135087E-17  4.164082E-05
  1.675000E+01  2.121432E-02  1.145540E-17  1.078300E-17  4.113190E-05
  1.700000E+01  2.184762E-02  1.087797E-17  1.025038E-17  4.045344E-05
  1.725000E+01  2.249003E-02  1.032891E-17  9.750500E-18  3.959527E-05
  1.750000E+01  2.314152E-02  9.807235E-18  9.281032E-18  3.854799E-05
  1.775000E+01  2.380210E-02  9.311961E-18  8.839815E-18  3.730223E-05
  1.800000E+01  2.447174E-02  8.842141E-18  8.424846E-18  3.584984E-05
  1.825000E+01  2.515044E-02  8.396868E-18  8.034281E-18  3.418474E-05
  1.850000E+01  2.583817E-02  7.975241E-18  7.666410E-18  3.230139E-05
  1.875000E+01  2.653494E-02  7.576372E-18  7.319646E-18  3.019517E-05
  1.900000E+01  2.724071E-02  7.199400E-18  6.992537E-18  2.786432E-05
  1.925000E+01  2.795549E-02  6.843467E-18  6.683737E-18  2.530859E-05
  1.950000E+01  2.867925E-02  6.507728E-18  6.392007E-18  2.252932E-05
  1.975000E+01  2.941199E-02  6.191345E-18  6.116207E-18  1.953015E-05
  2.000000E+01  3.015369E-02  5.893487E-18  5.855284E-18  1.631695E-05
  2.025000E+01  3.090433E-02  5.613334E-18  5.608274E-18  1.289828E-05
  2.050000E+01  3.166391E-02  5.350067E-18  5.374285E-18  9.284126E-06
  2.075000E+01  3.243240E-02  5.102873E-18  5.152494E-18  5.486956E-06
  2.100000E+01  3.320979E-02  4.870951E-18  4.942146E-18  1.521789E-06
  2.125000E+01  3.399607E-02  4.653501E-18  4.742542E-18 -2.595133E-06
  2.150000E+01  3.479122E-02  4.449735E-18  4.553034E-18 -6.845661E-06
  2.175000E+01  3.559522E-02  4.258875E-18  4.373026E-18 -1.121056E-05
  2.200000E+01  3.640807E-02  4.080150E-18  4.201962E-18 -1.566937E-05
  2.225000E+01  3.722975E-02  3.912807E-18  4.039328E-18 -2.020152E-05
  2.250000E+01  3.806023E-02  3.756106E-18  3.884642E-18 -2.478665E-05
  2.275000E+01  3.889951E-02  3.609325E-18  3.737458E-18 -2.940451E-05
  2.300000E+01  3.974757E-02  3.471763E-18  3.597356E-18 -3.403651E-05
  2.325000E+01  4.060439E-02  3.342741E-18  3.463944E-18 -3.866531E-05
  2.350000E+01  4.146996E-02  3.221604E-18  3.336853E-18 -4.327573E-05
  2.375000E+01  4.234426E-02  3.107728E-18  3.215737E-18 -4.785520E-05
  2.400000E+01  4.322727E-02  3.000515E-18  3.100269E-18 -5.239391E-05
  2.425000E+01  4.411898E-02  2.899398E-18  2.990142E-18 -5.688487E-05
  2.450000E+01  4.501936E-02  2.803847E-18  2.885065E-18 -6.132464E-05
  2.475000E+01  4.592841E-02  2.713362E-18  2.784765E-18 -6.571286E-05
  2.500000E+01  4.684611E-02  2.627481E-18  2.688980E-18 -7.005255E-05
  2.550000E+01  4.870736E-02  2.467856E-18  2.509994E-18 -7.861359E-05
  2.600000E+01  5.060298E-02  2.321982E-18  2.346305E-18 -8.709221E-05
  2.650000E+01  5.253282E-02  2.187427E-18  2.196308E-18 -9.561353E-05
  2.700000E+01  5.449674E-02  2.062280E-18  2.058578E-18 -1.043345E-04
  2.750000E+01  5.649458E-02  1.945096E-18  1.931855E-18 -1.134336E-04
  2.800000E+01  5.852620E-02  1.834831E-18  1.815031E-18 -1.231006E-04
  2.850000E+01  6.059144E-02  1.730767E-18  1.707135E-18 -1.335265E-04
  2.900000E+01  6.269015E-02  1.632436E-18  1.607318E-18 -1.448931E-04
  2.950000E+01  6.482215E-02  1.539549E-18  1.514837E-18 -1.573641E-04
  3.000000E+01  6.698730E-02  1.451931E-18  1.429043E-18 -1.710761E-04
  3.050000E+01  6.918542E-02  1.369466E-18  1.349364E-18 -1.861302E-04
  3.100000E+01  7.141635E-02  1.292059E-18  1.275294E-18 -2.025853E-04
  3.150000E+01  7.367992E-02  1.219602E-18  1.206381E-18 -2.204530E-04
  3.200000E+01  7.597595E-02  1.151957E-18  1.142216E-18 -2.396953E-04
  3.250000E+01  7.830428E-02  1.088946E-18  1.082427E-18 -2.602248E-04
  3.300000E+01  8.066472E-02  1.030354E-18  1.026669E-18 -2.819088E-04
  3.350000E+01  8.305709E-02  9.759295E-19  9.746264E-19 -3.045761E-04
  3.400000E+01  8.548121E-02  9.253954E-19  9.260023E-19 -3.280264E-04
  3.450000E+01  8.793691E-02  8.784607E-19  8.805230E-19 -3.520423E-04
  3.500000E+01  9.042398E-02  8.348309E-19  8.379342E-19 -3.764014E-04
  3.550000E+01  9.294224E-02  7.942183E-19  7.980017E-19 -4.008881E-04
  3.600000E+01  9.549150E-02  7.563504E-19  7.605111E-19 -4.253049E-04
  3.650000E+01  9.807157E-02  7.209759E-19  7.252676E-19 -4.494818E-04
  3.700000E+01  1.006822E-01  6.878686E-19  6.920961E-19 -4.732835E-04
  3.750000E+01  1.033233E-01  6.568279E-19  6.608398E-19 -4.966151E-04
  3.800000E+01  1.059946E-01  6.276788E-19  6.313596E-19 -5.194255E-04
  3.850000E+01  1.086959E-01  6.002684E-19  6.035320E-19 -5.417098E-04
  3.900000E+01  1.114270E-01  5.744632E-19  5.772476E-19 -5.635087E-04
  3.950000E+01  1.141877E-01  5.501445E-19  5.524089E-19 -5.849073E-04
  4.000000E+01  1.169778E-01  5.272049E-19  5.289277E-19 -6.060325E-04
  4.050000E+01  1.197970E-01  5.055447E-19  5.067234E-19 -6.270480E-04
  4.100000E+01  1.226452E-01  4.850699E-19  4.857211E-19 -6.481482E-04
  4.150000E+01  1.255221E-01  4.656904E-19  4.658500E-19 -6.695506E-04
  4.200000E+01  1.284276E-01  4.473199E-19  4.470422E-19 -6.914861E-04
  4.250000E+01  1.313613E-01  4.298765E-19  4.292325E-19 -7.141879E-04
  4.300000E+01  1.343231E-01  4.132840E-19  4.123573E-19 -7.378803E-04
  4.350000E+01  1.373128E-01  3.974729E-19  3.963555E-19 -7.627669E-04
  4.400000E+01  1.403301E-01  3.823822E-19  3.811685E-19 -7.890190E-04
  4.450000E+01  1.433748E-01  3.679603E-19  3.667406E-19 -8.167650E-04
  4.500000E+01  1.464466E-01  3.541650E-19  3.530199E-19 -8.460826E-04
  4.550000E+01  1.495454E-01  3.409636E-19  3.399584E-19 -8.769914E-04
  4.600000E+01  1.526708E-01  3.283314E-19  3.275129E-19 -9.094500E-04
  4.650000E+01  1.558227E-01  3.162504E-19  3.156444E-19 -9.433551E-04
  4.700000E+01  1.590008E-01  3.047069E-19  3.043188E-19 -9.785450E-04
  4.750000E+01  1.622049E-01  2.936899E-19  2.935059E-19 -1.014807E-03
  4.800000E+01  1.654347E-01  2.831887E-19  2.831794E-19 -1.051886E-03
  4.850000E+01  1.686900E-01  2.731913E-19  2.733160E-19 -1.089501E-03
  4.900000E+01  1.719705E-01  2.636831E-19  2.638947E-19 -1.127360E-03
  4.950000E+01  1.752760E-01  2.546460E-19  2.548960E-19 -1.165176E-03
  5.000000E+01  1.786062E-01  2.460585E-19  2.463014E-19 -1.202685E-03
  5.050000E+01  1.819609E-01  2.378953E-19  2.380927E-19 -1.239661E-03
  5.100000E+01  1.853398E-01  2.301285E-19  2.302517E-19 -1.275931E-03
  5.150000E+01  1.887427E-01  2.227280E-19  2.227600E-19 -1.311382E-03
  5.200000E+01  1.921693E-01  2.156631E-19  2.155989E-19 -1.345966E-03
  5.250000E+01  1.956193E-01  2.089036E-19  2.087497E-19 -1.379704E-03
  5.300000E+01  1.990925E-01  2.024207E-19  2.021939E-19 -1.412676E-03
  5.350000E+01  2.025886E-01  1.961887E-19  1.959133E-19 -1.445018E-03
  5.400000E+01  2.061074E-01  1.901852E-19  1.898910E-19 -1.476907E-03
  5.450000E+01  2.096485E-01  1.843923E-19  1.841109E-19 -1.508548E-03
  5.500000E+01  2.132118E-01  1.787965E-19  1.785585E-19 -1.540164E-03
  5.550000E+01  2.167969E-01  1.733887E-19  1.732211E-19 -1.571974E-03
  5.600000E+01  2.204035E-01  1.681638E-19  1.680875E-19 -1.604190E-03
  5.650000E+01  2.240315E-01  1.631202E-19  1.631482E-19 -1.636996E-03
  5.700000E+01  2.276805E-01  1.582582E-19  1.583950E-19 -1.670549E-03
  5.750000E+01  2.313502E-01  1.535797E-19  1.538209E-19 -1.704966E-03
  5.800000E+01  2.350404E-01  1.490865E-19  1.494197E-19 -1.740326E-03
  5.850000E+01  2.387507E-01  1.447798E-19  1.451857E-19 -1.776670E-03
  5.900000E+01  2.424810E-01  1.406591E-19  1.411135E-19 -1.814001E-03
  5.950000E+01  2.462308E-01  1.367218E-19  1.371976E-19 -1.852293E-03
  6.000000E+01  2.500000E-01  1.329629E-19  1.334322E-19 -1.891493E-03
  6.050000E+01  2.537882E-01  1.293747E-19  1.298112E-19 -1.931528E-03
  6.100000E+01  2.575952E-01  1.259478E-19  1.263280E-19 -1.972314E-03
  6.150000E+01  2.614206E-01  1.226709E-19  1.229760E-19 -2.013753E-03
  6.200000E+01  2.652642E-01  1.195316E-19  1.197482E-19 -2.055743E-03
  6.250000E+01  2.691257E-01  1.165171E-19  1.166375E-19 -2.098180E-03
  6.300000E+01  2.730048E-01  1.136149E-19  1.136374E-19 -2.140953E-03
  6.350000E+01  2.769011E-01  1.108132E-19  1.107412E-19 -2.183951E-03
  6.400000E+01  2.808144E-01  1.081016E-19  1.079433E-19 -2.227058E-03
  6.450000E+01  2.847445E-01  1.054711E-19  1.052382E-19 -2.270157E-03
  6.500000E+01  2.886909E-01  1.029146E-19  1.026214E-19 -2.313126E-03
  6.550000E+01  2.926534E-01  1.004266E-19  1.000892E-19 -2.355844E-03
  6.600000E+01  2.966317E-01  9.800339E-20  9.763823E-20 -2.398192E-03
  6.650000E+01  3.006255E-01  9.564252E-20  9.526594E-20 -2.440059E-03
  6.700000E+01  3.046344E-01  9.334282E-20  9.297013E-20 -2.481342E-03
  6.750000E+01  3.086583E-01  9.110394E-20  9.074891E-20 -2.521956E-03
  6.800000E+01  3.126967E-01  8.892605E-20  8.860052E-20 -2.561839E-03
  6.850000E+01  3.167494E-01  8.680956E-20  8.652319E-20 -2.600955E-03
  6.900000E+01  3.208160E-01  8.475487E-20  8.451508E-20 -2.639298E-03
  6.950000E+01  3.248963E-01  8.276217E-20  8.257414E-20 -2.676898E-03
  7.000000E+01  3.289899E-01  8.083132E-20  8.069808E-20 -2.713819E-03
  7.050000E+01  3.330966E-01  7.896177E-20  7.888441E-20 -2.750156E-03
  7.100000E+01  3.372159E-01  7.715251E-20  7.713041E-20 -2.786039E-03
  7.150000E+01  3.413477E-01  7.540216E-20  7.543323E-20 -2.821618E-03
  7.200000E+01  3.454915E-01  7.370904E-20  7.378997E-20 -2.857059E-03
  7.250000E+01  3.496471E-01  7.207126E-20  7.219773E-20 -2.892538E-03
  7.300000E+01  3.538141E-01  7.048684E-20  7.065374E-20 -2.928225E-03
  7.350000E+01  3.579923E-01  6.895386E-20  6.915542E-20 -2.964274E-03
  7.400000E+01  3.621813E-01  6.747053E-20  6.770044E-20 -3.000818E-03
  7.450000E+01  3.663808E-01  6.603528E-20  6.628678E-20 -3.037954E-03
  7.500000E+01  3.705905E-01  6.464675E-20  6.491272E-20 -3.075737E-03
  7.550000E+01  3.748100E-01  6.330385E-20  6.357684E-20 -3.114182E-03
  7.600000E+01  3.790391E-01  6.200562E-20  6.227801E-20 -3.153254E-03
  7.650000E+01  3.832773E-01  6.075126E-20  6.101529E-20 -3.192877E-03
  7.700000E+01  3.875245E-01  5.953994E-20  5.978795E-20 -3.232937E-03
  7.750000E+01  3.917802E-01  5.837074E-20  5.859533E-20 -3.273289E-03
  7.800000E+01  3.960442E-01  5.724256E-20  5.743681E-20 -3.313767E-03
  7.850000E+01  4.003160E-01  5.615400E-20  5.631175E-20 -3.354199E-03
  7.900000E+01  4.045955E-01  5.510334E-20  5.521945E-20 -3.394410E-03
  7.950000E+01  4.088822E-01  5.408854E-20  5.415909E-20 -3.434240E-03
  8.000000E+01  4.131759E-01  5.310722E-20  5.312973E-20 -3.473548E-03
  8.050000E+01  4.174762E-01  5.215672E-20  5.213035E-20 -3.512222E-03
  8.100000E+01  4.217828E-01  5.123423E-20  5.115978E-20 -3.550178E-03
  8.150000E+01  4.260953E-01  5.033684E-20  5.021679E-20 -3.587368E-03
  8.200000E+01  4.304134E-01  4.946165E-20  4.930012E-20 -3.623772E-03
  8.250000E+01  4.347369E-01  4.860592E-20  4.840847E-20 -3.659401E-03
  8.300000E+01  4.390653E-01  4.776715E-20  4.754059E-20 -3.694286E-03
  8.350000E+01  4.433984E-01  4.694319E-20  4.669531E-20 -3.728480E-03
  8.400000E+01  4.477358E-01  4.613227E-20  4.587153E-20 -3.762042E-03
  8.450000E+01  4.520771E-01  4.533310E-20  4.506828E-20 -3.795039E-03
  8.500000E+01  4.564221E-01  4.454485E-20  4.428475E-20 -3.827537E-03
  8.550000E+01  4.607705E-01  4.376714E-20  4.352022E-20 -3.859596E-03
  8.600000E+01  4.651218E-01  4.300005E-20  4.277414E-20 -3.891267E-03
  8.650000E+01  4.694757E-01  4.224403E-20  4.204603E-20 -3.922586E-03
  8.700000E+01  4.738320E-01  4.149984E-20  4.133555E-20 -3.953580E-03
  8.750000E+01  4.781903E-01  4.076850E-20  4.064239E-20 -3.984259E-03
  8.800000E+01  4.825503E-01  4.005117E-20  3.996630E-20 -4.014622E-03
  8.850000E+01  4.869115E-01  3.934909E-20  3.930706E-20 -4.044656E-03
  8.900000E+01  4.912738E-01  3.866350E-20  3.866441E-20 -4.074342E-03
  8.950000E+01  4.956367E-01  3.799552E-20  3.803808E-20 -4.103653E-03
  9.000000E+01  5.000000E-01  3.734615E-20  3.742777E-20 -4.132562E-03
  9.050000E+01  5.043633E-01  3.671617E-20  3.683311E-20 -4.161043E-03
  9.100000E+01  5.087262E-01  3.610614E-20  3.625368E-20 -4.189072E-03
  9.150000E+01  5.130885E-01  3.551632E-20  3.568901E-20 -4.216634E-03
  9.200000E+01  5.174497E-01  3.494675E-20  3.513860E-20 -4.243719E-03
  9.250000E+01  5.218097E-01  3.439717E-20  3.460192E-20 -4.270328E-03
  9.300000E+01  5.261680E-01  3.386711E-20  3.407839E-20 -4.296467E-03
  9.350000E+01  5.305243E-01  3.335584E-20  3.356747E-20 -4.322149E-03
  9.400000E+01  5.348782E-01  3.286251E-20  3.306861E-20 -4.347395E-03
  9.450000E+01  5.392295E-01  3.238608E-20  3.258128E-20 -4.372226E-03
  9.500000E+01  5.435779E-01  3.192546E-20  3.210501E-20 -4.396661E-03
  9.550000E+01  5.479229E-01  3.147948E-20  3.163934E-20 -4.420720E-03
  9.600000E+01  5.522642E-01  3.104697E-20  3.118391E-20 -4.444415E-03
  9.650000E+01  5.566016E-01  3.062678E-20  3.073837E-20 -4.467752E-03
  9.700000E+01  5.609347E-01  3.021782E-20  3.030243E-20 -4.490728E-03
  9.750000E+01  5.652631E-01  2.981904E-20  2.987588E-20 -4.513328E-03
  9.800000E+01  5.695866E-01  2.942953E-20  2.945849E-20 -4.535530E-03
  9.850000E+01  5.739047E-01  2.904843E-20  2.905013E-20 -4.557302E-03
  9.900000E+01  5.782172E-01  2.867500E-20  2.865065E-20 -4.578604E-03
  9.950000E+01  5.825238E-01  2.830861E-20  2.825992E-20 -4.599390E-03
  1.000000E+02  5.868241E-01  2.794871E-20  2.787783E-20 -4.619612E-03
  1.005000E+02  5.911178E-01  2.759483E-20  2.750425E-20 -4.639220E-03
  1.010000E+02  5.954045E-01  2.724659E-20  2.713906E-20 -4.658164E-03
  1.015000E+02  5.996840E-01  2.690366E-20  2.678211E-20 -4.676402E-03
  1.020000E+02  6.039558E-01  2.656578E-20  2.643324E-20 -4.693895E-03
  1.025000E+02  6.082198E-01  2.623273E-20  2.609226E-20 -4.710613E-03
  1.030000E+02  6.124755E-01  2.590434E-20  2.575898E-20 -4.726535E-03
  1.035000E+02  6.167227E-01  2.558045E-20  2.543318E-20 -4.741649E-03
  1.040000E+02  6.209609E-01  2.526097E-20  2.511463E-20 -4.755955E-03
  1.045000E+02  6.251900E-01  2.494580E-20  2.480308E-20 -4.769460E-03
  1.050000E+02  6.294095E-01  2.463490E-20  2.449831E-20 -4.782180E-03
  1.055000E+02  6.336192E-01  2.432823E-20  2.420005E-20 -4.794138E-03
  1.060000E+02  6.378187E-01  2.402580E-20  2.390808E-20 -4.805363E-03
  1.065000E+02  6.420077E-01  2.372763E-20  2.362215E-20 -4.815886E-03
  1.070000E+02  6.461859E-01  2.343378E-20  2.334207E-20 -4.825741E-03
  1.075000E+02  6.503529E-01  2.314433E-20  2.306762E-20 -4.834961E-03
  1.080000E+02  6.545085E-01  2.285937E-20  2.279862E-20 -4.843578E-03
  1.085000E+02  6.586523E-01  2.257903E-20  2.253491E-20 -4.851621E-03
  1.090000E+02  6.627841E-01  2.230346E-20  2.227635E-20 -4.859112E-03
  1.095000E+02  6.669034E-01  2.203280E-20  2.202280E-20 -4.866070E-03
  1.100000E+02  6.710101E-01  2.176723E-20  2.177416E-20 -4.872507E-03
  1.105000E+02  6.751037E-01  2.150690E-20  2.153033E-20 -4.878427E-03
  1.110000E+02  6.791840E-01  2.125199E-20  2.129124E-20 -4.883831E-03
  1.115000E+02  6.832506E-01  2.100266E-20  2.105681E-20 -4.888709E-03
  1.120000E+02  6.873033E-01  2.075904E-20  2.082697E-20 -4.893049E-03
  1.125000E+02  6.913417E-01  2.052126E-20  2.060167E-20 -4.896833E-03
  1.130000E+02  6.953656E-01  2.028943E-20  2.038083E-20 -4.900037E-03
  1.135000E+02  6.993745E-01  2.006364E-20  2.016441E-20 -4.902637E-03
  1.140000E+02  7.033683E-01  1.984391E-20  1.995233E-20 -4.904605E-03
  1.145000E+02  7.073466E-01  1.963028E-20  1.974453E-20 -4.905911E-03
  1.150000E+02  7.113091E-01  1.942271E-20  1.954094E-20 -4.906529E-03
  1.155000E+02  7.152555E-01  1.922116E-20  1.934147E-20 -4.906430E-03
  1.160000E+02  7.191856E-01  1.902553E-20  1.914604E-20 -4.905590E-03
  1.165000E+02  7.230989E-01  1.883569E-20  1.895457E-20 -4.903986E-03
  1.170000E+02  7.269952E-01  1.865150E-20  1.876695E-20 -4.901602E-03
  1.175000E+02  7.308743E-01  1.847275E-20  1.858310E-20 -4.898422E-03
  1.180000E+02  7.347358E-01  1.829924E-20  1.840290E-20 -4.894436E-03
  1.185000E+02  7.385794E-01  1.813073E-20  1.822627E-20 -4.889640E-03
  1.190000E+02  7.424048E-01  1.796696E-20  1.805309E-20 -4.884033E-03
  1.195000E+02  7.462118E-01  1.780766E-20  1.788328E-20 -4.877617E-03
  1.200000E+02  7.500000E-01  1.765254E-20  1.771672E-20 -4.870400E-03
  1.205000E+02  7.537692E-01  1.750132E-20  1.755333E-20 -4.862392E-03
  1.210000E+02  7.575190E-01  1.735372E-20  1.739303E-20 -4.853607E-03
  1.215000E+02  7.612493E-01  1.720944E-20  1.723571E-20 -4.844059E-03
  1.220000E+02  7.649596E-01  1.706822E-20  1.708132E-20 -4.833765E-03
  1.225000E+02  7.686498E-01  1.692978E-20  1.692976E-20 -4.822744E-03
  1.230000E+02  7.723195E-01  1.679388E-20  1.678098E-20 -4.811014E-03
  1.235000E+02  7.759685E-01  1.666028E-20  1.663492E-20 -4.798592E-03
  1.240000E+02  7.795965E-01  1.652876E-20  1.649151E-20 -4.785496E-03
  1.245000E+02  7.832031E-01  1.639913E-20  1.635071E-20 -4.771741E-03
  1.250000E+02  7.867882E-01  1.627122E-20  1.621248E-20 -4.757343E-03
  1.255000E+02  7.903515E-01  1.614488E-20  1.607677E-20 -4.742314E-03
  1.260000E+02  7.938926E-01  1.601998E-20  1.594353E-20 -4.726665E-03
  1.265000E+02  7.974114E-01  1.589642E-20  1.581275E-20 -4.710406E-03
  1.270000E+02  8.009075E-01  1.577410E-20  1.568437E-20 -4.693544E-03
  1.275000E+02  8.043807E-01  1.565297E-20  1.555837E-20 -4.676085E-03
  1.280000E+02  8.078307E-01  1.553298E-20  1.543473E-20 -4.658032E-03
  1.285000E+02  8.112573E-01  1.541411E-20  1.531339E-20 -4.639387E-03
  1.290000E+02  8.146602E-01  1.529634E-20  1.519435E-20 -4.620150E-03
  1.295000E+02  8.180391E-01  1.517967E-20  1.507755E-20 -4.600322E-03
  1.300000E+02  8.213938E-01  1.506413E-20  1.496298E-20 -4.579900E-03
  1.305000E+02  8.247240E-01  1.494973E-20  1.485059E-20 -4.558882E-03
  1.310000E+02  8.280295E-01  1.483650E-20  1.474036E-20 -4.537264E-03
  1.315000E+02  8.313100E-01  1.472450E-20  1.463224E-20 -4.515042E-03
  1.320000E+02  8.345653E-01  1.461377E-20  1.452620E-20 -4.492214E-03
  1.325000E+02  8.377951E-01  1.450435E-20  1.442221E-20 -4.468774E-03
  1.330000E+02  8.409992E-01  1.439630E-20  1.432022E-20 -4.444718E-03
  1.335000E+02  8.441773E-01  1.428967E-20  1.422020E-20 -4.420044E-03
  1.340000E+02  8.473292E-01  1.418451E-20  1.412210E-20 -4.394747E-03
  1.345000E+02  8.504546E-01  1.408087E-20  1.402589E-20 -4.368825E-03
  1.350000E+02  8.535534E-01  1.397881E-20  1.393153E-20 -4.342275E-03
  1.355000E+02  8.566252E-01  1.387837E-20  1.383897E-20 -4.315095E-03
  1.360000E+02  8.596699E-01  1.377959E-20  1.374819E-20 -4.287284E-03
  1.365000E+02  8.626872E-01  1.368252E-20  1.365914E-20 -4.258840E-03
  1.370000E+02  8.656769E-01  1.358718E-20  1.357178E-20 -4.229764E-03
  1.375000E+02  8.686387E-01  1.349360E-20  1.348608E-20 -4.200056E-03
  1.380000E+02  8.715724E-01  1.340182E-20  1.340200E-20 -4.169717E-03
  1.385000E+02  8.744779E-01  1.331184E-20  1.331951E-20 -4.138749E-03
  1.390000E+02  8.773548E-01  1.322370E-20  1.323857E-20 -4.107154E-03
  1.395000E+02  8.802030E-01  1.313739E-20  1.315917E-20 -4.074933E-03
  1.400000E+02  8.830222E-01  1.305293E-20  1.308126E-20 -4.042091E-03
  1.405000E+02  8.858123E-01  1.297031E-20  1.300482E-20 -4.008630E-03
  1.410000E+02  8.885730E-01  1.288953E-20  1.292982E-20 -3.974556E-03
  1.415000E+02  8.913041E-01  1.281059E-20  1.285623E-20 -3.939871E-03
  1.420000E+02  8.940054E-01  1.273348E-20  1.278404E-20 -3.904581E-03
  1.425000E+02  8.966767E-01  1.265818E-20  1.271322E-20 -3.868691E-03
  1.430000E+02  8.993178E-01  1.258468E-20  1.264374E-20 -3.832206E-03
  1.435000E+02  9.019284E-01  1.251296E-20  1.257560E-20 -3.795131E-03
  1.440000E+02  9.045085E-01  1.244299E-20  1.250877E-20 -3.757473E-03
  1.445000E+02  9.070578E-01  1.237475E-20  1.244322E-20 -3.719236E-03
  1.450000E+02  9.095760E-01  1.230821E-20  1.237895E-20 -3.680429E-03
  1.455000E+02  9.120631E-01  1.224335E-20  1.231594E-20 -3.641056E-03
  1.460000E+02  9.145188E-01  1.218014E-20  1.225416E-20 -3.601125E-03
  1.465000E+02  9.169429E-01  1.211854E-20  1.219362E-20 -3.560642E-03
  1.470000E+02  9.193353E-01  1.205853E-20  1.213429E-20 -3.519613E-03
  1.475000E+02  9.216957E-01  1.200007E-20  1.207616E-20 -3.478047E-03
  1.480000E+02  9.240240E-01  1.194312E-20  1.201921E-20 -3.435949E-03
  1.485000E+02  9.263201E-01  1.188766E-20  1.196344E-20 -3.393329E-03
  1.490000E+02  9.285837E-01  1.183365E-20  1.190882E-20 -3.350192E-03
  1.495000E+02  9.308146E-01  1.178106E-20  1.185535E-20 -3.306546E-03
  1.500000E+02  9.330127E-01  1.172985E-20  1.180302E-20 -3.262399E-03
  1.505000E+02  9.351778E-01  1.167999E-20  1.175180E-20 -3.217758E-03
  1.510000E+02  9.373099E-01  1.163146E-20  1.170170E-20 -3.172631E-03
  1.515000E+02  9.394086E-01  1.158421E-20  1.165270E-20 -3.127026E-03
  1.520000E+02  9.414738E-01  1.153821E-20  1.160478E-20 -3.080950E-03
  1.525000E+02  9.435054E-01  1.149344E-20  1.155794E-20 -3.034412E-03
  1.530000E+02  9.455033E-01  1.144986E-20  1.151216E-20 -2.987419E-03
  1.535000E+02  9.474672E-01  1.140745E-20  1.146743E-20 -2.939979E-03
  1.540000E+02  9.493970E-01  1.136618E-20  1.142375E-20 -2.892101E-03
  1.545000E+02  9.512926E-01  1.132602E-20  1.138109E-20 -2.843791E-03
  1.550000E+02  9.531539E-01  1.128694E-20  1.133945E-20 -2.795059E-03
  1.555000E+02  9.549806E-01  1.124892E-20  1.129882E-20 -2.745912E-03
  1.560000E+02  9.567727E-01  1.121194E-20  1.125919E-20 -2.696359E-03
  1.565000E+02  9.585300E-01  1.117597E-20  1.122054E-20 -2.646408E-03
  1.570000E+02  9.602524E-01  1.114098E-20  1.118286E-20 -2.596066E-03
  1.575000E+02  9.619398E-01  1.110697E-20  1.114616E-20 -2.545341E-03
  1.580000E+02  9.635919E-01  1.107391E-20  1.111041E-20 -2.494243E-03
  1.585000E+02  9.652088E-01  1.104178E-20  1.107560E-20 -2.442778E-03
  1.590000E+02  9.667902E-01  1.101056E-20  1.104173E-20 -2.390956E-03
  1.595000E+02  9.683361E-01  1.098024E-20  1.100879E-20 -2.338784E-03
  1.600000E+02  9.698463E-01  1.095079E-20  1.097675E-20 -2.286271E-03
  1.605000E+02  9.713207E-01  1.092220E-20  1.094563E-20 -2.233425E-03
  1.610000E+02  9.727593E-01  1.089447E-20  1.091540E-20 -2.180253E-03
  1.615000E+02  9.741618E-01  1.086757E-20  1.088606E-20 -2.126764E-03
  1.620000E+02  9.755283E-01  1.084151E-20  1.085761E-20 -2.072965E-03
  1.625000E+02  9.768585E-01  1.081625E-20  1.083003E-20 -2.018867E-03
  1.630000E+02  9.781524E-01  1.079179E-20  1.080332E-20 -1.964476E-03
  1.635000E+02  9.794099E-01  1.076812E-20  1.077745E-20 -1.909801E-03
  1.640000E+02  9.806308E-01  1.074522E-20  1.075243E-20 -1.854850E-03
  1.645000E+02  9.818152E-01  1.072310E-20  1.072825E-20 -1.799630E-03
  1.650000E+02  9.829629E-01  1.070175E-20  1.070491E-20 -1.744151E-03
  1.655000E+02  9.840738E-01  1.068115E-20  1.068241E-20 -1.688419E-03
  1.660000E+02  9.851479E-01  1.066131E-20  1.066073E-20 -1.632444E-03
  1.665000E+02  9.861850E-01  1.064221E-20  1.063987E-20 -1.576233E-03
  1.670000E+02  9.871850E-01  1.062384E-20  1.061980E-20 -1.519796E-03
  1.675000E+02  9.881480E-01  1.060619E-20  1.060054E-20 -1.463141E-03
  1.680000E+02  9.890738E-01  1.058926E-20  1.058206E-20 -1.406276E-03
  1.685000E+02  9.899624E-01  1.057305E-20  1.056438E-20 -1.349208E-03
  1.690000E+02  9.908136E-01  1.055756E-20  1.054749E-20 -1.291946E-03
  1.695000E+02  9.916275E-01  1.054280E-20  1.053140E-20 -1.234497E-03
  1.700000E+02  9.924039E-01  1.052875E-20  1.051610E-20 -1.176870E-03
  1.705000E+02  9.931428E-01  1.051541E-20  1.050157E-20 -1.119074E-03
  1.710000E+02  9.938442E-01  1.050276E-20  1.048780E-20 -1.061118E-03
  1.715000E+02  9.945079E-01  1.049080E-20  1.047479E-20 -1.003009E-03
  1.720000E+02  9.951340E-01  1.047952E-20  1.046253E-20 -9.447573E-04
  1.725000E+02  9.957224E-01  1.046893E-20  1.045103E-20 -8.863698E-04
  1.730000E+02  9.962731E-01  1.045903E-20  1.044028E-20 -8.278549E-04
  1.735000E+02  9.967859E-01  1.044983E-20  1.043028E-20 -7.692208E-04
  1.740000E+02  9.972609E-01  1.044132E-20  1.042105E-20 -7.104761E-04
  1.745000E+02  9.976981E-01  1.043350E-20  1.041257E-20 -6.516290E-04
  1.750000E+02  9.980973E-01  1.042637E-20  1.040483E-20 -5.926883E-04
  1.755000E+02  9.984587E-01  1.041992E-20  1.039784E-20 -5.336625E-04
  1.760000E+02  9.987820E-01  1.041415E-20  1.039159E-20 -4.745599E-04
  1.765000E+02  9.990674E-01  1.040907E-20  1.038608E-20 -4.153892E-04
  1.770000E+02  9.993148E-01  1.040466E-20  1.038131E-20 -3.561588E-04
  1.775000E+02  9.995241E-01  1.040093E-20  1.037728E-20 -2.968772E-04
  1.780000E+02  9.996954E-01  1.039789E-20  1.037398E-20 -2.375529E-04
  1.785000E+02  9.998287E-01  1.039552E-20  1.037141E-20 -1.781945E-04
  1.790000E+02  9.999238E-01  1.039383E-20  1.036959E-20 -1.188106E-04
  1.795000E+02  9.999810E-01  1.039282E-20  1.036849E-20 -5.940955E-05
  1.800000E+02  1.000000E+00  1.039248E-20  1.036812E-20  0.000000E+00
