 #
 # Subroutine ELSEPM. Elastic scattering ofelectrons and positrons by
 #       molecules (single-scattering independent-atom approximation)
 #
 # Molecule: Water (vapour)                     
 #
 # Structure:
 # IZ =  8,    X,Y,Z =   0.00000E+00  0.00000E+00  0.00000E+00 cm
 # IZ =  1,    X,Y,Z =   9.57200E-09  0.00000E+00  0.00000E+00 cm
 # IZ =  1,    X,Y,Z =  -2.39990E-09  9.26630E-09  0.00000E+00 cm
 #
 # Projectile: electron
 # Kinetic energy = 7.0000000E+03 eV
 #
 # Furness-McCarthy exchange potential
 #
 # Correlation-polarization potential (Buckingham):
 #    molecular polarizability = 1.45700E-24 cm**3
 #
 # LDA-I absorption potential (only electron-hole excitations):
 #                           Delta = 6.20000E+00 eV
 #                            Aabs = 2.00000E+00
 #
 # Integrated cross sections:
 #                     coherent      incoherent
 #         total cs: 1.2649326E-17  1.0588888E-17
 # 1st transport cs: 2.1020807E-19  2.1006009E-19
 # 2nd transport cs: 5.0302676E-19  5.0258289E-19
 #
 # Differential cross section:                     MU=(1-COS(THETA))/2
 #
 #   THETA           MU         DCS coh      DCS incoh      Sherman
 #   (deg)                     (cm**2/sr)    (cm**2/sr)     function
 #--------------------------------------------------------------------
  0.000000E+00  0.000000E+00  1.460445E-15  6.457574E-16  0.000000E+00
  1.000000E-04  7.615575E-13  1.460445E-15  6.457573E-16  9.900227E-11
  1.250000E-04  1.189937E-12  1.460445E-15  6.457573E-16  1.237528E-10
  1.500000E-04  1.713463E-12  1.460445E-15  6.457573E-16  1.485034E-10
  1.750000E-04  2.332246E-12  1.460445E-15  6.457573E-16  1.732539E-10
  2.000000E-04  3.046174E-12  1.460445E-15  6.457573E-16  1.980044E-10
  2.250000E-04  3.855305E-12  1.460445E-15  6.457573E-16  2.227550E-10
  2.500000E-04  4.759637E-12  1.460445E-15  6.457573E-16  2.475055E-10
  2.750000E-04  5.759171E-12  1.460445E-15  6.457572E-16  2.722560E-10
  3.000000E-04  6.853906E-12  1.460445E-15  6.457572E-16  2.970064E-10
  3.250000E-04  8.043788E-12  1.460445E-15  6.457572E-16  3.217569E-10
  3.500000E-04  9.328927E-12  1.460444E-15  6.457572E-16  3.465073E-10
  3.750000E-04  1.070921E-11  1.460444E-15  6.457571E-16  3.712577E-10
  4.000000E-04  1.218470E-11  1.460444E-15  6.457571E-16  3.960081E-10
  4.250000E-04  1.375539E-11  1.460444E-15  6.457571E-16  4.207585E-10
  4.500000E-04  1.542128E-11  1.460444E-15  6.457570E-16  4.455089E-10
  4.750000E-04  1.718231E-11  1.460444E-15  6.457570E-16  4.702592E-10
  5.000000E-04  1.903860E-11  1.460444E-15  6.457569E-16  4.950095E-10
  5.250000E-04  2.099004E-11  1.460444E-15  6.457569E-16  5.197597E-10
  5.500000E-04  2.303668E-11  1.460444E-15  6.457569E-16  5.445100E-10
  5.750000E-04  2.517853E-11  1.460443E-15  6.457568E-16  5.692602E-10
  6.000000E-04  2.741557E-11  1.460443E-15  6.457568E-16  5.940104E-10
  6.250000E-04  2.974782E-11  1.460443E-15  6.457567E-16  6.187605E-10
  6.500000E-04  3.217521E-11  1.460443E-15  6.457567E-16  6.435106E-10
  6.750000E-04  3.469786E-11  1.460443E-15  6.457566E-16  6.682607E-10
  7.000000E-04  3.731565E-11  1.460443E-15  6.457565E-16  6.930107E-10
  7.250000E-04  4.002865E-11  1.460443E-15  6.457565E-16  7.177607E-10
  7.500000E-04  4.283685E-11  1.460442E-15  6.457564E-16  7.425106E-10
  7.750000E-04  4.574019E-11  1.460442E-15  6.457564E-16  7.672605E-10
  8.000000E-04  4.873879E-11  1.460442E-15  6.457563E-16  7.920104E-10
  8.250000E-04  5.183254E-11  1.460442E-15  6.457562E-16  8.167602E-10
  8.500000E-04  5.502154E-11  1.460442E-15  6.457561E-16  8.415099E-10
  8.750000E-04  5.830569E-11  1.460441E-15  6.457561E-16  8.662596E-10
  9.000000E-04  6.168505E-11  1.460441E-15  6.457560E-16  8.910093E-10
  9.250000E-04  6.515954E-11  1.460441E-15  6.457559E-16  9.157589E-10
  9.500000E-04  6.872930E-11  1.460441E-15  6.457558E-16  9.405085E-10
  9.750000E-04  7.239426E-11  1.460441E-15  6.457558E-16  9.652580E-10
  1.000000E-03  7.615436E-11  1.460440E-15  6.457557E-16  9.900074E-10
  1.250000E-03  1.189912E-10  1.460438E-15  6.457547E-16  1.237498E-09
  1.500000E-03  1.713473E-10  1.460435E-15  6.457536E-16  1.484982E-09
  1.750000E-03  2.332227E-10  1.460431E-15  6.457522E-16  1.732457E-09
  2.000000E-03  3.046174E-10  1.460426E-15  6.457506E-16  1.979922E-09
  2.250000E-03  3.855314E-10  1.460422E-15  6.457489E-16  2.227376E-09
  2.500000E-03  4.759647E-10  1.460416E-15  6.457469E-16  2.474816E-09
  2.750000E-03  5.759173E-10  1.460410E-15  6.457446E-16  2.722242E-09
  3.000000E-03  6.853892E-10  1.460403E-15  6.457422E-16  2.969652E-09
  3.250000E-03  8.043804E-10  1.460396E-15  6.457396E-16  3.217045E-09
  3.500000E-03  9.328908E-10  1.460388E-15  6.457368E-16  3.464419E-09
  3.750000E-03  1.070921E-09  1.460380E-15  6.457337E-16  3.711773E-09
  4.000000E-03  1.218470E-09  1.460371E-15  6.457305E-16  3.959105E-09
  4.250000E-03  1.375538E-09  1.460361E-15  6.457270E-16  4.206414E-09
  4.500000E-03  1.542126E-09  1.460351E-15  6.457233E-16  4.453699E-09
  4.750000E-03  1.718233E-09  1.460340E-15  6.457194E-16  4.700957E-09
  5.000000E-03  1.903859E-09  1.460329E-15  6.457153E-16  4.948188E-09
  5.250000E-03  2.099004E-09  1.460317E-15  6.457110E-16  5.195391E-09
  5.500000E-03  2.303669E-09  1.460305E-15  6.457065E-16  5.442563E-09
  5.750000E-03  2.517853E-09  1.460292E-15  6.457018E-16  5.689703E-09
  6.000000E-03  2.741557E-09  1.460278E-15  6.456969E-16  5.936810E-09
  6.250000E-03  2.974779E-09  1.460264E-15  6.456917E-16  6.183882E-09
  6.500000E-03  3.217521E-09  1.460249E-15  6.456864E-16  6.430919E-09
  6.750000E-03  3.469783E-09  1.460234E-15  6.456808E-16  6.677918E-09
  7.000000E-03  3.731563E-09  1.460218E-15  6.456750E-16  6.924878E-09
  7.250000E-03  4.002863E-09  1.460201E-15  6.456690E-16  7.171797E-09
  7.500000E-03  4.283682E-09  1.460184E-15  6.456628E-16  7.418675E-09
  7.750000E-03  4.574021E-09  1.460167E-15  6.456564E-16  7.665510E-09
  8.000000E-03  4.873879E-09  1.460148E-15  6.456498E-16  7.912299E-09
  8.250000E-03  5.183256E-09  1.460129E-15  6.456430E-16  8.159043E-09
  8.500000E-03  5.502152E-09  1.460110E-15  6.456360E-16  8.405740E-09
  8.750000E-03  5.830568E-09  1.460090E-15  6.456287E-16  8.652387E-09
  9.000000E-03  6.168503E-09  1.460070E-15  6.456213E-16  8.898984E-09
  9.250000E-03  6.515957E-09  1.460048E-15  6.456136E-16  9.145529E-09
  9.500000E-03  6.872931E-09  1.460027E-15  6.456058E-16  9.392021E-09
  9.750000E-03  7.239423E-09  1.460004E-15  6.455977E-16  9.638458E-09
  1.000000E-02  7.615435E-09  1.459982E-15  6.455894E-16  9.884839E-09
  1.250000E-02  1.189912E-08  1.459721E-15  6.454951E-16  1.234525E-08
  1.500000E-02  1.713473E-08  1.459404E-15  6.453799E-16  1.479849E-08
  1.750000E-02  2.332227E-08  1.459029E-15  6.452440E-16  1.724316E-08
  2.000000E-02  3.046174E-08  1.458597E-15  6.450875E-16  1.967785E-08
  2.250000E-02  3.855314E-08  1.458108E-15  6.449105E-16  2.210120E-08
  2.500000E-02  4.759647E-08  1.457563E-15  6.447131E-16  2.451185E-08
  2.750000E-02  5.759173E-08  1.456962E-15  6.444955E-16  2.690846E-08
  3.000000E-02  6.853892E-08  1.456306E-15  6.442578E-16  2.928973E-08
  3.250000E-02  8.043804E-08  1.455595E-15  6.440002E-16  3.165437E-08
  3.500000E-02  9.328908E-08  1.454829E-15  6.437229E-16  3.400113E-08
  3.750000E-02  1.070921E-07  1.454009E-15  6.434261E-16  3.632878E-08
  4.000000E-02  1.218470E-07  1.453135E-15  6.431101E-16  3.863614E-08
  4.250000E-02  1.375538E-07  1.452209E-15  6.427750E-16  4.092205E-08
  4.500000E-02  1.542126E-07  1.451231E-15  6.424211E-16  4.318539E-08
  4.750000E-02  1.718233E-07  1.450201E-15  6.420486E-16  4.542509E-08
  5.000000E-02  1.903859E-07  1.449120E-15  6.416579E-16  4.764010E-08
  5.250000E-02  2.099004E-07  1.447989E-15  6.412492E-16  4.982944E-08
  5.500000E-02  2.303669E-07  1.446809E-15  6.408229E-16  5.199215E-08
  5.750000E-02  2.517853E-07  1.445580E-15  6.403791E-16  5.412734E-08
  6.000000E-02  2.741557E-07  1.444304E-15  6.399182E-16  5.623414E-08
  6.250000E-02  2.974779E-07  1.442981E-15  6.394407E-16  5.831176E-08
  6.500000E-02  3.217521E-07  1.441612E-15  6.389467E-16  6.035944E-08
  6.750000E-02  3.469782E-07  1.440198E-15  6.384366E-16  6.237649E-08
  7.000000E-02  3.731563E-07  1.438739E-15  6.379108E-16  6.436226E-08
  7.250000E-02  4.002863E-07  1.437238E-15  6.373697E-16  6.631616E-08
  7.500000E-02  4.283682E-07  1.435694E-15  6.368136E-16  6.823765E-08
  7.750000E-02  4.574020E-07  1.434109E-15  6.362428E-16  7.012627E-08
  8.000000E-02  4.873878E-07  1.432484E-15  6.356579E-16  7.198160E-08
  8.250000E-02  5.183255E-07  1.430820E-15  6.350591E-16  7.380329E-08
  8.500000E-02  5.502151E-07  1.429117E-15  6.344469E-16  7.559103E-08
  8.750000E-02  5.830567E-07  1.427378E-15  6.338217E-16  7.734459E-08
  9.000000E-02  6.168501E-07  1.425602E-15  6.331838E-16  7.906381E-08
  9.250000E-02  6.515956E-07  1.423792E-15  6.325337E-16  8.074857E-08
  9.500000E-02  6.872929E-07  1.421947E-15  6.318718E-16  8.239882E-08
  9.750000E-02  7.239422E-07  1.420070E-15  6.311985E-16  8.401458E-08
  1.000000E-01  7.615434E-07  1.418162E-15  6.305142E-16  8.559593E-08
  1.250000E-01  1.189911E-06  1.397583E-15  6.231614E-16  9.957834E-08
  1.500000E-01  1.713472E-06  1.375073E-15  6.151726E-16  1.106545E-07
  1.750000E-01  2.332225E-06  1.351682E-15  6.069345E-16  1.198174E-07
  2.000000E-01  3.046171E-06  1.328295E-15  5.987657E-16  1.283885E-07
  2.250000E-01  3.855309E-06  1.305577E-15  5.908950E-16  1.377460E-07
  2.500000E-01  4.759640E-06  1.283947E-15  5.834559E-16  1.490373E-07
  2.750000E-01  5.759162E-06  1.263594E-15  5.764946E-16  1.629464E-07
  3.000000E-01  6.853876E-06  1.244520E-15  5.699899E-16  1.795755E-07
  3.250000E-01  8.043782E-06  1.226591E-15  5.638773E-16  1.984681E-07
  3.500000E-01  9.328879E-06  1.209606E-15  5.580743E-16  2.187590E-07
  3.750000E-01  1.070917E-05  1.193348E-15  5.525020E-16  2.394076E-07
  4.000000E-01  1.218465E-05  1.177631E-15  5.470991E-16  2.594491E-07
  4.250000E-01  1.375532E-05  1.162320E-15  5.418295E-16  2.782044E-07
  4.500000E-01  1.542118E-05  1.147344E-15  5.366810E-16  2.954019E-07
  4.750000E-01  1.718223E-05  1.132684E-15  5.316595E-16  3.111939E-07
  5.000000E-01  1.903847E-05  1.118362E-15  5.267802E-16  3.260723E-07
  5.250000E-01  2.098990E-05  1.104412E-15  5.220585E-16  3.407136E-07
  5.500000E-01  2.303652E-05  1.090870E-15  5.175035E-16  3.557972E-07
  5.750000E-01  2.517832E-05  1.077752E-15  5.131142E-16  3.718417E-07
  6.000000E-01  2.741532E-05  1.065055E-15  5.088798E-16  3.890995E-07
  6.250000E-01  2.974750E-05  1.052751E-15  5.047823E-16  4.075277E-07
  6.500000E-01  3.217487E-05  1.040800E-15  5.008009E-16  4.268364E-07
  6.750000E-01  3.469743E-05  1.029151E-15  4.969162E-16  4.465901E-07
  7.000000E-01  3.731517E-05  1.017757E-15  4.931136E-16  4.663337E-07
  7.250000E-01  4.002810E-05  1.006580E-15  4.893845E-16  4.857058E-07
  7.500000E-01  4.283621E-05  9.955927E-16  4.857256E-16  5.045136E-07
  7.750000E-01  4.573951E-05  9.847794E-16  4.821379E-16  5.227563E-07
  8.000000E-01  4.873800E-05  9.741347E-16  4.786231E-16  5.405983E-07
  8.250000E-01  5.183166E-05  9.636587E-16  4.751823E-16  5.583064E-07
  8.500000E-01  5.502051E-05  9.533526E-16  4.718139E-16  5.761722E-07
  8.750000E-01  5.830454E-05  9.432158E-16  4.685131E-16  5.944414E-07
  9.000000E-01  6.168376E-05  9.332443E-16  4.652733E-16  6.132669E-07
  9.250000E-01  6.515815E-05  9.234296E-16  4.620864E-16  6.326923E-07
  9.500000E-01  6.872773E-05  9.137602E-16  4.589451E-16  6.526637E-07
  9.750000E-01  7.239249E-05  9.042229E-16  4.558437E-16  6.730617E-07
  1.000000E+00  7.615242E-05  8.948040E-16  4.527786E-16  6.937404E-07
  1.100000E+00  9.214394E-05  8.580943E-16  4.408645E-16  7.770264E-07
  1.200000E+00  1.096583E-04  8.226220E-16  4.294423E-16  8.603282E-07
  1.300000E+00  1.286953E-04  7.882283E-16  4.183303E-16  9.479989E-07
  1.400000E+00  1.492551E-04  7.548045E-16  4.074831E-16  1.043147E-06
  1.500000E+00  1.713375E-04  7.220554E-16  3.968057E-16  1.137684E-06
  1.600000E+00  1.949425E-04  6.900047E-16  3.862474E-16  1.236769E-06
  1.700000E+00  2.200699E-04  6.587098E-16  3.758113E-16  1.345229E-06
  1.800000E+00  2.467198E-04  6.280410E-16  3.654439E-16  1.454491E-06
  1.900000E+00  2.748920E-04  5.980624E-16  3.551377E-16  1.567963E-06
  2.000000E+00  3.045865E-04  5.688813E-16  3.449176E-16  1.691656E-06
  2.100000E+00  3.358031E-04  5.404522E-16  3.347613E-16  1.817970E-06
  2.200000E+00  3.685418E-04  5.128313E-16  3.246757E-16  1.948428E-06
  2.300000E+00  4.028024E-04  4.861179E-16  3.146917E-16  2.089431E-06
  2.400000E+00  4.385850E-04  4.602986E-16  3.048035E-16  2.234729E-06
  2.500000E+00  4.758892E-04  4.354055E-16  2.950227E-16  2.384278E-06
  2.600000E+00  5.147151E-04  4.115073E-16  2.853782E-16  2.544214E-06
  2.700000E+00  5.550625E-04  3.885903E-16  2.758700E-16  2.708973E-06
  2.800000E+00  5.969313E-04  3.666736E-16  2.665132E-16  2.879706E-06
  2.900000E+00  6.403214E-04  3.457786E-16  2.573270E-16  3.059458E-06
  3.000000E+00  6.852326E-04  3.258933E-16  2.483172E-16  3.245685E-06
  3.100000E+00  7.316648E-04  3.070018E-16  2.394911E-16  3.436407E-06
  3.200000E+00  7.796179E-04  2.891083E-16  2.308654E-16  3.635774E-06
  3.300000E+00  8.290917E-04  2.721876E-16  2.224443E-16  3.841903E-06
  3.400000E+00  8.800860E-04  2.562091E-16  2.142312E-16  4.052423E-06
  3.500000E+00  9.326008E-04  2.411566E-16  2.062370E-16  4.270593E-06
  3.600000E+00  9.866358E-04  2.269948E-16  1.984629E-16  4.494174E-06
  3.700000E+00  1.042191E-03  2.136884E-16  1.909108E-16  4.722071E-06
  3.800000E+00  1.099266E-03  2.012069E-16  1.835855E-16  4.955659E-06
  3.900000E+00  1.157861E-03  1.895137E-16  1.764877E-16  5.194143E-06
  4.000000E+00  1.217975E-03  1.785680E-16  1.696149E-16  5.435816E-06
  4.100000E+00  1.279609E-03  1.683345E-16  1.629684E-16  5.681345E-06
  4.200000E+00  1.342761E-03  1.587757E-16  1.565466E-16  5.929907E-06
  4.300000E+00  1.407433E-03  1.498523E-16  1.503460E-16  6.180681E-06
  4.400000E+00  1.473624E-03  1.415281E-16  1.443642E-16  6.433411E-06
  4.500000E+00  1.541333E-03  1.337674E-16  1.385987E-16  6.687265E-06
  4.600000E+00  1.610561E-03  1.265343E-16  1.330442E-16  6.941915E-06
  4.700000E+00  1.681307E-03  1.197949E-16  1.276967E-16  7.196832E-06
  4.800000E+00  1.753570E-03  1.135171E-16  1.225526E-16  7.450974E-06
  4.900000E+00  1.827352E-03  1.076692E-16  1.176061E-16  7.704517E-06
  5.000000E+00  1.902651E-03  1.022213E-16  1.128515E-16  7.957122E-06
  5.100000E+00  1.979467E-03  9.714542E-17  1.082845E-16  8.207488E-06
  5.200000E+00  2.057801E-03  9.241486E-17  1.038996E-16  8.455906E-06
  5.300000E+00  2.137651E-03  8.800408E-17  9.969009E-17  8.702813E-06
  5.400000E+00  2.219018E-03  8.388953E-17  9.565150E-17  8.946440E-06
  5.500000E+00  2.301901E-03  8.004909E-17  9.177803E-17  9.187467E-06
  5.600000E+00  2.386300E-03  7.646190E-17  8.806363E-17  9.426356E-06
  5.700000E+00  2.472215E-03  7.310849E-17  8.450297E-17  9.662026E-06
  5.800000E+00  2.559646E-03  6.997086E-17  8.109065E-17  9.894467E-06
  5.900000E+00  2.648591E-03  6.703226E-17  7.782084E-17  1.012483E-05
  6.000000E+00  2.739052E-03  6.427712E-17  7.468820E-17  1.035308E-05
  6.100000E+00  2.831028E-03  6.169099E-17  7.168800E-17  1.057717E-05
  6.200000E+00  2.924518E-03  5.926057E-17  6.881440E-17  1.079973E-05
  6.300000E+00  3.019522E-03  5.697364E-17  6.606256E-17  1.102067E-05
  6.400000E+00  3.116040E-03  5.481881E-17  6.342777E-17  1.123884E-05
  6.500000E+00  3.214072E-03  5.278568E-17  6.090508E-17  1.145533E-05
  6.600000E+00  3.313617E-03  5.086471E-17  5.848980E-17  1.167104E-05
  6.700000E+00  3.414675E-03  4.904707E-17  5.617763E-17  1.188474E-05
  6.800000E+00  3.517246E-03  4.732470E-17  5.396418E-17  1.209692E-05
  6.900000E+00  3.621329E-03  4.569025E-17  5.184515E-17  1.230901E-05
  7.000000E+00  3.726924E-03  4.413692E-17  4.981664E-17  1.251992E-05
  7.100000E+00  3.834031E-03  4.265852E-17  4.787475E-17  1.272948E-05
  7.200000E+00  3.942649E-03  4.124942E-17  4.601565E-17  1.293918E-05
  7.300000E+00  4.052779E-03  3.990445E-17  4.423581E-17  1.314839E-05
  7.400000E+00  4.164419E-03  3.861888E-17  4.253183E-17  1.335636E-05
  7.500000E+00  4.277569E-03  3.738842E-17  4.090030E-17  1.356418E-05
  7.600000E+00  4.392230E-03  3.620913E-17  3.933805E-17  1.377167E-05
  7.700000E+00  4.508400E-03  3.507745E-17  3.784212E-17  1.397794E-05
  7.800000E+00  4.626080E-03  3.399013E-17  3.640954E-17  1.418357E-05
  7.900000E+00  4.745268E-03  3.294417E-17  3.503748E-17  1.438853E-05
  8.000000E+00  4.865966E-03  3.193690E-17  3.372335E-17  1.459186E-05
  8.100000E+00  4.988171E-03  3.096585E-17  3.246457E-17  1.479372E-05
  8.200000E+00  5.111885E-03  3.002875E-17  3.125865E-17  1.499411E-05
  8.300000E+00  5.237105E-03  2.912359E-17  3.010330E-17  1.519207E-05
  8.400000E+00  5.363834E-03  2.824852E-17  2.899631E-17  1.538739E-05
  8.500000E+00  5.492068E-03  2.740182E-17  2.793549E-17  1.558006E-05
  8.600000E+00  5.621809E-03  2.658197E-17  2.691884E-17  1.576920E-05
  8.700000E+00  5.753057E-03  2.578761E-17  2.594444E-17  1.595426E-05
  8.800000E+00  5.885809E-03  2.501736E-17  2.501034E-17  1.613485E-05
  8.900000E+00  6.020067E-03  2.427013E-17  2.411484E-17  1.631039E-05
  9.000000E+00  6.155830E-03  2.354486E-17  2.325624E-17  1.648003E-05
  9.100000E+00  6.293097E-03  2.284058E-17  2.243291E-17  1.664333E-05
  9.200000E+00  6.431867E-03  2.215638E-17  2.164328E-17  1.679946E-05
  9.300000E+00  6.572142E-03  2.149149E-17  2.088591E-17  1.694761E-05
  9.400000E+00  6.713919E-03  2.084517E-17  2.015937E-17  1.708726E-05
  9.500000E+00  6.857199E-03  2.021671E-17  1.946230E-17  1.721735E-05
  9.600000E+00  7.001981E-03  1.960552E-17  1.879342E-17  1.733696E-05
  9.700000E+00  7.148265E-03  1.901103E-17  1.815151E-17  1.744547E-05
  9.800000E+00  7.296051E-03  1.843272E-17  1.753538E-17  1.754180E-05
  9.900000E+00  7.445337E-03  1.787009E-17  1.694391E-17  1.762499E-05
  1.000000E+01  7.596123E-03  1.732274E-17  1.637604E-17  1.769441E-05
  1.025000E+01  7.979651E-03  1.601843E-17  1.505291E-17  1.779971E-05
  1.050000E+01  8.372546E-03  1.480129E-17  1.385606E-17  1.779550E-05
  1.075000E+01  8.774801E-03  1.366653E-17  1.277227E-17  1.766584E-05
  1.100000E+01  9.186408E-03  1.260998E-17  1.178969E-17  1.739420E-05
  1.125000E+01  9.607360E-03  1.162794E-17  1.089778E-17  1.696433E-05
  1.150000E+01  1.003765E-02  1.071705E-17  1.008712E-17  1.636142E-05
  1.175000E+01  1.047726E-02  9.874136E-18  9.349329E-18  1.557163E-05
  1.200000E+01  1.092620E-02  9.096148E-18  8.676924E-18  1.458259E-05
  1.225000E+01  1.138445E-02  8.380088E-18  8.063254E-18  1.338496E-05
  1.250000E+01  1.185200E-02  7.722967E-18  7.502399E-18  1.197252E-05
  1.275000E+01  1.232884E-02  7.121768E-18  6.989099E-18  1.034324E-05
  1.300000E+01  1.281497E-02  6.573419E-18  6.518676E-18  8.499580E-06
  1.325000E+01  1.331037E-02  6.074788E-18  6.086966E-18  6.448767E-06
  1.350000E+01  1.381504E-02  5.622689E-18  5.690272E-18  4.204695E-06
  1.375000E+01  1.432897E-02  5.213884E-18  5.325298E-18  1.785950E-06
  1.400000E+01  1.485214E-02  4.845102E-18  4.989108E-18  0.000000E+00
  1.425000E+01  1.538455E-02  4.513067E-18  4.679078E-18 -3.474396E-06
  1.450000E+01  1.592618E-02  4.214515E-18  4.392855E-18 -6.256319E-06
  1.475000E+01  1.647703E-02  3.946244E-18  4.128335E-18 -9.095684E-06
  1.500000E+01  1.703709E-02  3.705131E-18  3.883621E-18 -1.196060E-05
  1.525000E+01  1.760634E-02  3.488172E-18  3.657001E-18 -1.482159E-05
  1.550000E+01  1.818477E-02  3.292518E-18  3.446932E-18 -1.765361E-05
  1.575000E+01  1.877238E-02  3.115492E-18  3.252009E-18 -2.043895E-05
  1.600000E+01  1.936915E-02  2.954620E-18  3.070960E-18 -2.316643E-05
  1.625000E+01  1.997507E-02  2.807651E-18  2.902630E-18 -2.583396E-05
  1.650000E+01  2.059013E-02  2.672563E-18  2.745963E-18 -2.844749E-05
  1.675000E+01  2.121432E-02  2.547572E-18  2.600001E-18 -3.102029E-05
  1.700000E+01  2.184762E-02  2.431133E-18  2.463870E-18 -3.357411E-05
  1.725000E+01  2.249003E-02  2.321929E-18  2.336771E-18 -3.613587E-05
  1.750000E+01  2.314152E-02  2.218868E-18  2.217980E-18 -3.873807E-05
  1.775000E+01  2.380210E-02  2.121057E-18  2.106838E-18 -4.141725E-05
  1.800000E+01  2.447174E-02  2.027791E-18  2.002742E-18 -4.421171E-05
  1.825000E+01  2.515044E-02  1.938528E-18  1.905147E-18 -4.716210E-05
  1.850000E+01  2.583817E-02  1.852866E-18  1.813559E-18 -5.030871E-05
  1.875000E+01  2.653494E-02  1.770521E-18  1.727526E-18 -5.369141E-05
  1.900000E+01  2.724071E-02  1.691303E-18  1.646639E-18 -5.734833E-05
  1.925000E+01  2.795549E-02  1.615096E-18  1.570527E-18 -6.131432E-05
  1.950000E+01  2.867925E-02  1.541838E-18  1.498851E-18 -6.562109E-05
  1.975000E+01  2.941199E-02  1.471501E-18  1.431302E-18 -7.029436E-05
  2.000000E+01  3.015369E-02  1.404081E-18  1.367600E-18 -7.535452E-05
  2.025000E+01  3.090433E-02  1.339582E-18  1.307485E-18 -8.081520E-05
  2.050000E+01  3.166391E-02  1.278006E-18  1.250720E-18 -8.668156E-05
  2.075000E+01  3.243240E-02  1.219351E-18  1.197087E-18 -9.295166E-05
  2.100000E+01  3.320979E-02  1.163599E-18  1.146382E-18 -9.961381E-05
  2.125000E+01  3.399607E-02  1.110720E-18  1.098419E-18 -1.066477E-04
  2.150000E+01  3.479122E-02  1.060666E-18  1.053022E-18 -1.140250E-04
  2.175000E+01  3.559522E-02  1.013374E-18  1.010028E-18 -1.217077E-04
  2.200000E+01  3.640807E-02  9.687653E-19  9.692849E-19 -1.296515E-04
  2.225000E+01  3.722975E-02  9.267477E-19  9.306498E-19 -1.378054E-04
  2.250000E+01  3.806023E-02  8.872186E-19  8.939896E-19 -1.461134E-04
  2.275000E+01  3.889951E-02  8.500662E-19  8.591795E-19 -1.545173E-04
  2.300000E+01  3.974757E-02  8.151725E-19  8.261031E-19 -1.629573E-04
  2.325000E+01  4.060439E-02  7.824150E-19  7.946522E-19 -1.713751E-04
  2.350000E+01  4.146996E-02  7.516690E-19  7.647256E-19 -1.797158E-04
  2.375000E+01  4.234426E-02  7.228090E-19  7.362301E-19 -1.879297E-04
  2.400000E+01  4.322727E-02  6.957105E-19  7.090788E-19 -1.959749E-04
  2.425000E+01  4.411898E-02  6.702506E-19  6.831922E-19 -2.038185E-04
  2.450000E+01  4.501936E-02  6.463089E-19  6.584966E-19 -2.114383E-04
  2.475000E+01  4.592841E-02  6.237686E-19  6.349244E-19 -2.188239E-04
  2.500000E+01  4.684611E-02  6.025163E-19  6.124133E-19 -2.259775E-04
  2.550000E+01  4.870736E-02  5.634430E-19  5.703499E-19 -2.396597E-04
  2.600000E+01  5.060298E-02  5.282689E-19  5.318987E-19 -2.527462E-04
  2.650000E+01  5.253282E-02  4.962543E-19  4.967068E-19 -2.656625E-04
  2.700000E+01  5.449674E-02  4.667535E-19  4.644622E-19 -2.789445E-04
  2.750000E+01  5.649458E-02  4.392309E-19  4.348822E-19 -2.931716E-04
  2.800000E+01  5.852620E-02  4.132770E-19  4.077064E-19 -3.088971E-04
  2.850000E+01  6.059144E-02  3.886175E-19  3.826944E-19 -3.265826E-04
  2.900000E+01  6.269015E-02  3.651103E-19  3.596261E-19 -3.465430E-04
  2.950000E+01  6.482215E-02  3.427286E-19  3.383041E-19 -3.689037E-04
  3.000000E+01  6.698730E-02  3.215301E-19  3.185560E-19 -3.935715E-04
  3.050000E+01  6.918542E-02  3.016179E-19  3.002350E-19 -4.202277E-04
  3.100000E+01  7.141635E-02  2.830993E-19  2.832176E-19 -4.483471E-04
  3.150000E+01  7.367992E-02  2.660516E-19  2.674001E-19 -4.772513E-04
  3.200000E+01  7.597595E-02  2.504982E-19  2.526926E-19 -5.061957E-04
  3.250000E+01  7.830428E-02  2.363982E-19  2.390139E-19 -5.344788E-04
  3.300000E+01  8.066472E-02  2.236495E-19  2.262860E-19 -5.615534E-04
  3.350000E+01  8.305709E-02  2.121024E-19  2.144328E-19 -5.871137E-04
  3.400000E+01  8.548121E-02  2.015793E-19  2.033789E-19 -6.111393E-04
  3.450000E+01  8.793691E-02  1.918968E-19  1.930520E-19 -6.338877E-04
  3.500000E+01  9.042398E-02  1.828861E-19  1.833850E-19 -6.558443E-04
  3.550000E+01  9.294224E-02  1.744080E-19  1.743189E-19 -6.776438E-04
  3.600000E+01  9.549150E-02  1.663601E-19  1.658043E-19 -6.999835E-04
  3.650000E+01  9.807157E-02  1.586771E-19  1.578010E-19 -7.235415E-04
  3.700000E+01  1.006822E-01  1.513248E-19  1.502765E-19 -7.489069E-04
  3.750000E+01  1.033233E-01  1.442900E-19  1.432036E-19 -7.765271E-04
  3.800000E+01  1.059946E-01  1.375711E-19  1.365572E-19 -8.066706E-04
  3.850000E+01  1.086959E-01  1.311690E-19  1.303117E-19 -8.394075E-04
  3.900000E+01  1.114270E-01  1.250833E-19  1.244401E-19 -8.746053E-04
  3.950000E+01  1.141877E-01  1.193103E-19  1.189138E-19 -9.119404E-04
  4.000000E+01  1.169778E-01  1.138445E-19  1.137036E-19 -9.509229E-04
  4.050000E+01  1.197970E-01  1.086802E-19  1.087818E-19 -9.909333E-04
  4.100000E+01  1.226452E-01  1.038133E-19  1.041241E-19 -1.031273E-03
  4.150000E+01  1.255221E-01  9.924097E-20  9.971038E-20 -1.071226E-03
  4.200000E+01  1.284276E-01  9.496004E-20  9.552516E-20 -1.110133E-03
  4.250000E+01  1.313613E-01  9.096496E-20  9.155697E-20 -1.147471E-03
  4.300000E+01  1.343231E-01  8.724509E-20  8.779672E-20 -1.182928E-03
  4.350000E+01  1.373128E-01  8.378306E-20  8.423608E-20 -1.216465E-03
  4.400000E+01  1.403301E-01  8.055430E-20  8.086597E-20 -1.248338E-03
  4.450000E+01  1.433748E-01  7.752830E-20  7.767572E-20 -1.279080E-03
  4.500000E+01  1.464466E-01  7.467113E-20  7.465303E-20 -1.309448E-03
  4.550000E+01  1.495454E-01  7.194909E-20  7.178463E-20 -1.340325E-03
  4.600000E+01  1.526708E-01  6.933253E-20  6.905738E-20 -1.372609E-03
  4.650000E+01  1.558227E-01  6.679921E-20  6.645945E-20 -1.407092E-03
  4.700000E+01  1.590008E-01  6.433634E-20  6.398121E-20 -1.444361E-03
  4.750000E+01  1.622049E-01  6.194085E-20  6.161556E-20 -1.484721E-03
  4.800000E+01  1.654347E-01  5.961781E-20  5.935767E-20 -1.528152E-03
  4.850000E+01  1.686900E-01  5.737749E-20  5.720422E-20 -1.574313E-03
  4.900000E+01  1.719705E-01  5.523163E-20  5.515239E-20 -1.622586E-03
  4.950000E+01  1.752760E-01  5.319012E-20  5.319893E-20 -1.672159E-03
  5.000000E+01  1.786062E-01  5.125849E-20  5.133951E-20 -1.722135E-03
  5.050000E+01  1.819609E-01  4.943691E-20  4.956857E-20 -1.771655E-03
  5.100000E+01  1.853398E-01  4.772052E-20  4.787959E-20 -1.819996E-03
  5.150000E+01  1.887427E-01  4.610077E-20  4.626574E-20 -1.866647E-03
  5.200000E+01  1.921693E-01  4.456730E-20  4.472060E-20 -1.911347E-03
  5.250000E+01  1.956193E-01  4.310971E-20  4.323882E-20 -1.954077E-03
  5.300000E+01  1.990925E-01  4.171893E-20  4.181647E-20 -1.995037E-03
  5.350000E+01  2.025886E-01  4.038796E-20  4.045107E-20 -2.034598E-03
  5.400000E+01  2.061074E-01  3.911191E-20  3.914122E-20 -2.073250E-03
  5.450000E+01  2.096485E-01  3.788752E-20  3.788606E-20 -2.111559E-03
  5.500000E+01  2.132118E-01  3.671247E-20  3.668467E-20 -2.150125E-03
  5.550000E+01  2.167969E-01  3.558454E-20  3.553559E-20 -2.189540E-03
  5.600000E+01  2.204035E-01  3.450112E-20  3.443656E-20 -2.230357E-03
  5.650000E+01  2.240315E-01  3.345892E-20  3.338453E-20 -2.273052E-03
  5.700000E+01  2.276805E-01  3.245413E-20  3.237596E-20 -2.317991E-03
  5.750000E+01  2.313502E-01  3.148294E-20  3.140721E-20 -2.365383E-03
  5.800000E+01  2.350404E-01  3.054211E-20  3.047502E-20 -2.415251E-03
  5.850000E+01  2.387507E-01  2.962954E-20  2.957682E-20 -2.467402E-03
  5.900000E+01  2.424810E-01  2.874466E-20  2.871087E-20 -2.521417E-03
  5.950000E+01  2.462308E-01  2.788832E-20  2.787626E-20 -2.576672E-03
  6.000000E+01  2.500000E-01  2.706244E-20  2.707256E-20 -2.632383E-03
  6.050000E+01  2.537882E-01  2.626935E-20  2.629958E-20 -2.687686E-03
  6.100000E+01  2.575952E-01  2.551101E-20  2.555695E-20 -2.741739E-03
  6.150000E+01  2.614206E-01  2.478839E-20  2.484390E-20 -2.793835E-03
  6.200000E+01  2.652642E-01  2.410106E-20  2.415914E-20 -2.843493E-03
  6.250000E+01  2.691257E-01  2.344712E-20  2.350093E-20 -2.890529E-03
  6.300000E+01  2.730048E-01  2.282348E-20  2.286723E-20 -2.935077E-03
  6.350000E+01  2.769011E-01  2.222631E-20  2.225599E-20 -2.977562E-03
  6.400000E+01  2.808144E-01  2.165165E-20  2.166539E-20 -3.018636E-03
  6.450000E+01  2.847445E-01  2.109592E-20  2.109406E-20 -3.059088E-03
  6.500000E+01  2.886909E-01  2.055634E-20  2.054112E-20 -3.099737E-03
  6.550000E+01  2.926534E-01  2.003109E-20  2.000615E-20 -3.141340E-03
  6.600000E+01  2.966317E-01  1.951937E-20  1.948905E-20 -3.184512E-03
  6.650000E+01  3.006255E-01  1.902116E-20  1.898987E-20 -3.229671E-03
  6.700000E+01  3.046344E-01  1.853699E-20  1.850851E-20 -3.277015E-03
  6.750000E+01  3.086583E-01  1.806759E-20  1.804467E-20 -3.326523E-03
  6.800000E+01  3.126967E-01  1.761358E-20  1.759770E-20 -3.377984E-03
  6.850000E+01  3.167494E-01  1.717529E-20  1.716665E-20 -3.431033E-03
  6.900000E+01  3.208160E-01  1.675259E-20  1.675039E-20 -3.485205E-03
  6.950000E+01  3.248963E-01  1.634498E-20  1.634772E-20 -3.539982E-03
  7.000000E+01  3.289899E-01  1.595161E-20  1.595757E-20 -3.594833E-03
  7.050000E+01  3.330966E-01  1.557152E-20  1.557909E-20 -3.649250E-03
  7.100000E+01  3.372159E-01  1.520380E-20  1.521173E-20 -3.702771E-03
  7.150000E+01  3.413477E-01  1.484769E-20  1.485522E-20 -3.754996E-03
  7.200000E+01  3.454915E-01  1.450268E-20  1.450952E-20 -3.805600E-03
  7.250000E+01  3.496471E-01  1.416850E-20  1.417470E-20 -3.854349E-03
  7.300000E+01  3.538141E-01  1.384503E-20  1.385079E-20 -3.901115E-03
  7.350000E+01  3.579923E-01  1.353222E-20  1.353774E-20 -3.945894E-03
  7.400000E+01  3.621813E-01  1.322992E-20  1.323525E-20 -3.988820E-03
  7.450000E+01  3.663808E-01  1.293786E-20  1.294288E-20 -4.030168E-03
  7.500000E+01  3.705905E-01  1.265558E-20  1.265997E-20 -4.070339E-03
  7.550000E+01  3.748100E-01  1.238248E-20  1.238580E-20 -4.109833E-03
  7.600000E+01  3.790391E-01  1.211785E-20  1.211965E-20 -4.149202E-03
  7.650000E+01  3.832773E-01  1.186096E-20  1.186092E-20 -4.189004E-03
  7.700000E+01  3.875245E-01  1.161117E-20  1.160914E-20 -4.229743E-03
  7.750000E+01  3.917802E-01  1.136796E-20  1.136403E-20 -4.271821E-03
  7.800000E+01  3.960442E-01  1.113094E-20  1.112551E-20 -4.315502E-03
  7.850000E+01  4.003160E-01  1.089994E-20  1.089360E-20 -4.360883E-03
  7.900000E+01  4.045955E-01  1.067487E-20  1.066838E-20 -4.407883E-03
  7.950000E+01  4.088822E-01  1.045578E-20  1.044992E-20 -4.456258E-03
  8.000000E+01  4.131759E-01  1.024274E-20  1.023819E-20 -4.505620E-03
  8.050000E+01  4.174762E-01  1.003581E-20  1.003308E-20 -4.555477E-03
  8.100000E+01  4.217828E-01  9.835024E-21  9.834301E-21 -4.605281E-03
  8.150000E+01  4.260953E-01  9.640314E-21  9.641497E-21 -4.654474E-03
  8.200000E+01  4.304134E-01  9.451538E-21  9.454237E-21 -4.702542E-03
  8.250000E+01  4.347369E-01  9.268468E-21  9.272081E-21 -4.749052E-03
  8.300000E+01  4.390653E-01  9.090812E-21  9.094642E-21 -4.793683E-03
  8.350000E+01  4.433984E-01  8.918245E-21  8.921617E-21 -4.836247E-03
  8.400000E+01  4.477358E-01  8.750440E-21  8.752816E-21 -4.876690E-03
  8.450000E+01  4.520771E-01  8.587099E-21  8.588156E-21 -4.915084E-03
  8.500000E+01  4.564221E-01  8.427971E-21  8.427643E-21 -4.951613E-03
  8.550000E+01  4.607705E-01  8.272863E-21  8.271329E-21 -4.986549E-03
  8.600000E+01  4.651218E-01  8.121636E-21  8.119278E-21 -5.020224E-03
  8.650000E+01  4.694757E-01  7.974196E-21  7.971521E-21 -5.053009E-03
  8.700000E+01  4.738320E-01  7.830472E-21  7.828024E-21 -5.085283E-03
  8.750000E+01  4.781903E-01  7.690404E-21  7.688680E-21 -5.117412E-03
  8.800000E+01  4.825503E-01  7.553932E-21  7.553304E-21 -5.149727E-03
  8.850000E+01  4.869115E-01  7.420987E-21  7.421655E-21 -5.182503E-03
  8.900000E+01  4.912738E-01  7.291494E-21  7.293461E-21 -5.215945E-03
  8.950000E+01  4.956367E-01  7.165373E-21  7.168452E-21 -5.250176E-03
  9.000000E+01  5.000000E-01  7.042549E-21  7.046392E-21 -5.285226E-03
  9.050000E+01  5.043633E-01  6.922946E-21  6.927097E-21 -5.321038E-03
  9.100000E+01  5.087262E-01  6.806494E-21  6.810454E-21 -5.357471E-03
  9.150000E+01  5.130885E-01  6.693123E-21  6.696415E-21 -5.394314E-03
  9.200000E+01  5.174497E-01  6.582755E-21  6.584984E-21 -5.431303E-03
  9.250000E+01  5.218097E-01  6.475301E-21  6.476205E-21 -5.468141E-03
  9.300000E+01  5.261680E-01  6.370654E-21  6.370129E-21 -5.504520E-03
  9.350000E+01  5.305243E-01  6.268690E-21  6.266797E-21 -5.540139E-03
  9.400000E+01  5.348782E-01  6.169272E-21  6.166216E-21 -5.574722E-03
  9.450000E+01  5.392295E-01  6.072252E-21  6.068352E-21 -5.608032E-03
  9.500000E+01  5.435779E-01  5.977482E-21  5.973122E-21 -5.639879E-03
  9.550000E+01  5.479229E-01  5.884823E-21  5.880405E-21 -5.670128E-03
  9.600000E+01  5.522642E-01  5.794154E-21  5.790047E-21 -5.698700E-03
  9.650000E+01  5.566016E-01  5.705377E-21  5.701882E-21 -5.725573E-03
  9.700000E+01  5.609347E-01  5.618423E-21  5.615750E-21 -5.750777E-03
  9.750000E+01  5.652631E-01  5.533250E-21  5.531510E-21 -5.774390E-03
  9.800000E+01  5.695866E-01  5.449846E-21  5.449052E-21 -5.796534E-03
  9.850000E+01  5.739047E-01  5.368216E-21  5.368303E-21 -5.817363E-03
  9.900000E+01  5.782172E-01  5.288383E-21  5.289229E-21 -5.837063E-03
  9.950000E+01  5.825238E-01  5.210375E-21  5.211825E-21 -5.855834E-03
  1.000000E+02  5.868241E-01  5.134215E-21  5.136107E-21 -5.873887E-03
  1.005000E+02  5.911178E-01  5.059920E-21  5.062101E-21 -5.891432E-03
  1.010000E+02  5.954045E-01  4.987488E-21  4.989831E-21 -5.908672E-03
  1.015000E+02  5.996840E-01  4.916900E-21  4.919306E-21 -5.925785E-03
  1.020000E+02  6.039558E-01  4.848114E-21  4.850515E-21 -5.942924E-03
  1.025000E+02  6.082198E-01  4.781068E-21  4.783423E-21 -5.960206E-03
  1.030000E+02  6.124755E-01  4.715687E-21  4.717973E-21 -5.977702E-03
  1.035000E+02  6.167227E-01  4.651885E-21  4.654085E-21 -5.995436E-03
  1.040000E+02  6.209609E-01  4.589577E-21  4.591671E-21 -6.013378E-03
  1.045000E+02  6.251900E-01  4.528679E-21  4.530637E-21 -6.031448E-03
  1.050000E+02  6.294095E-01  4.469121E-21  4.470894E-21 -6.049515E-03
  1.055000E+02  6.336192E-01  4.410845E-21  4.412366E-21 -6.067405E-03
  1.060000E+02  6.378187E-01  4.353806E-21  4.354991E-21 -6.084910E-03
  1.065000E+02  6.420077E-01  4.297975E-21  4.298729E-21 -6.101802E-03
  1.070000E+02  6.461859E-01  4.243330E-21  4.243559E-21 -6.117849E-03
  1.075000E+02  6.503529E-01  4.189857E-21  4.189475E-21 -6.132823E-03
  1.080000E+02  6.545085E-01  4.137538E-21  4.136485E-21 -6.146524E-03
  1.085000E+02  6.586523E-01  4.086353E-21  4.084602E-21 -6.158786E-03
  1.090000E+02  6.627841E-01  4.036274E-21  4.033840E-21 -6.169488E-03
  1.095000E+02  6.669034E-01  3.987263E-21  3.984211E-21 -6.178560E-03
  1.100000E+02  6.710101E-01  3.939272E-21  3.935714E-21 -6.185984E-03
  1.105000E+02  6.751037E-01  3.892247E-21  3.888339E-21 -6.191793E-03
  1.110000E+02  6.791840E-01  3.846131E-21  3.842062E-21 -6.196060E-03
  1.115000E+02  6.832506E-01  3.800867E-21  3.796848E-21 -6.198898E-03
  1.120000E+02  6.873033E-01  3.756404E-21  3.752652E-21 -6.200438E-03
  1.125000E+02  6.913417E-01  3.712698E-21  3.709424E-21 -6.200828E-03
  1.130000E+02  6.953656E-01  3.669718E-21  3.667109E-21 -6.200215E-03
  1.135000E+02  6.993745E-01  3.627450E-21  3.625655E-21 -6.198743E-03
  1.140000E+02  7.033683E-01  3.585888E-21  3.585015E-21 -6.196536E-03
  1.145000E+02  7.073466E-01  3.545046E-21  3.545147E-21 -6.193701E-03
  1.150000E+02  7.113091E-01  3.504946E-21  3.506022E-21 -6.190322E-03
  1.155000E+02  7.152555E-01  3.465617E-21  3.467616E-21 -6.186457E-03
  1.160000E+02  7.191856E-01  3.427095E-21  3.429919E-21 -6.182141E-03
  1.165000E+02  7.230989E-01  3.389415E-21  3.392924E-21 -6.177386E-03
  1.170000E+02  7.269952E-01  3.352609E-21  3.356632E-21 -6.172190E-03
  1.175000E+02  7.308743E-01  3.316700E-21  3.321048E-21 -6.166535E-03
  1.180000E+02  7.347358E-01  3.281701E-21  3.286177E-21 -6.160393E-03
  1.185000E+02  7.385794E-01  3.247614E-21  3.252021E-21 -6.153734E-03
  1.190000E+02  7.424048E-01  3.214426E-21  3.218582E-21 -6.146524E-03
  1.195000E+02  7.462118E-01  3.182112E-21  3.185854E-21 -6.138730E-03
  1.200000E+02  7.500000E-01  3.150635E-21  3.153827E-21 -6.130320E-03
  1.205000E+02  7.537692E-01  3.119947E-21  3.122485E-21 -6.121266E-03
  1.210000E+02  7.575190E-01  3.089995E-21  3.091809E-21 -6.111540E-03
  1.215000E+02  7.612493E-01  3.060718E-21  3.061774E-21 -6.101118E-03
  1.220000E+02  7.649596E-01  3.032058E-21  3.032354E-21 -6.089974E-03
  1.225000E+02  7.686498E-01  3.003955E-21  3.003519E-21 -6.078081E-03
  1.230000E+02  7.723195E-01  2.976356E-21  2.975243E-21 -6.065409E-03
  1.235000E+02  7.759685E-01  2.949216E-21  2.947499E-21 -6.051924E-03
  1.240000E+02  7.795965E-01  2.922495E-21  2.920266E-21 -6.037588E-03
  1.245000E+02  7.832031E-01  2.896165E-21  2.893524E-21 -6.022359E-03
  1.250000E+02  7.867882E-01  2.870207E-21  2.867257E-21 -6.006193E-03
  1.255000E+02  7.903515E-01  2.844611E-21  2.841454E-21 -5.989044E-03
  1.260000E+02  7.938926E-01  2.819372E-21  2.816110E-21 -5.970867E-03
  1.265000E+02  7.974114E-01  2.794497E-21  2.791219E-21 -5.951622E-03
  1.270000E+02  8.009075E-01  2.769993E-21  2.766781E-21 -5.931271E-03
  1.275000E+02  8.043807E-01  2.745872E-21  2.742797E-21 -5.909786E-03
  1.280000E+02  8.078307E-01  2.722147E-21  2.719268E-21 -5.887147E-03
  1.285000E+02  8.112573E-01  2.698831E-21  2.696196E-21 -5.863347E-03
  1.290000E+02  8.146602E-01  2.675936E-21  2.673580E-21 -5.838390E-03
  1.295000E+02  8.180391E-01  2.653470E-21  2.651422E-21 -5.812291E-03
  1.300000E+02  8.213938E-01  2.631438E-21  2.629717E-21 -5.785079E-03
  1.305000E+02  8.247240E-01  2.609843E-21  2.608462E-21 -5.756790E-03
  1.310000E+02  8.280295E-01  2.588683E-21  2.587648E-21 -5.727473E-03
  1.315000E+02  8.313100E-01  2.567955E-21  2.567268E-21 -5.697180E-03
  1.320000E+02  8.345653E-01  2.547650E-21  2.547311E-21 -5.665968E-03
  1.325000E+02  8.377951E-01  2.527759E-21  2.527763E-21 -5.633898E-03
  1.330000E+02  8.409992E-01  2.508272E-21  2.508613E-21 -5.601030E-03
  1.335000E+02  8.441773E-01  2.489178E-21  2.489845E-21 -5.567422E-03
  1.340000E+02  8.473292E-01  2.470464E-21  2.471446E-21 -5.533125E-03
  1.345000E+02  8.504546E-01  2.452120E-21  2.453402E-21 -5.498187E-03
  1.350000E+02  8.535534E-01  2.434135E-21  2.435701E-21 -5.462647E-03
  1.355000E+02  8.566252E-01  2.416501E-21  2.418331E-21 -5.426535E-03
  1.360000E+02  8.596699E-01  2.399211E-21  2.401280E-21 -5.389874E-03
  1.365000E+02  8.626872E-01  2.382257E-21  2.384541E-21 -5.352680E-03
  1.370000E+02  8.656769E-01  2.365636E-21  2.368105E-21 -5.314957E-03
  1.375000E+02  8.686387E-01  2.349344E-21  2.351967E-21 -5.276707E-03
  1.380000E+02  8.715724E-01  2.333379E-21  2.336121E-21 -5.237920E-03
  1.385000E+02  8.744779E-01  2.317740E-21  2.320563E-21 -5.198583E-03
  1.390000E+02  8.773548E-01  2.302426E-21  2.305292E-21 -5.158678E-03
  1.395000E+02  8.802030E-01  2.287436E-21  2.290305E-21 -5.118185E-03
  1.400000E+02  8.830222E-01  2.272770E-21  2.275600E-21 -5.077080E-03
  1.405000E+02  8.858123E-01  2.258425E-21  2.261177E-21 -5.035343E-03
  1.410000E+02  8.885730E-01  2.244402E-21  2.247034E-21 -4.992948E-03
  1.415000E+02  8.913041E-01  2.230696E-21  2.233171E-21 -4.949874E-03
  1.420000E+02  8.940054E-01  2.217305E-21  2.219586E-21 -4.906101E-03
  1.425000E+02  8.966767E-01  2.204224E-21  2.206277E-21 -4.861610E-03
  1.430000E+02  8.993178E-01  2.191447E-21  2.193242E-21 -4.816387E-03
  1.435000E+02  9.019284E-01  2.178969E-21  2.180479E-21 -4.770420E-03
  1.440000E+02  9.045085E-01  2.166781E-21  2.167984E-21 -4.723702E-03
  1.445000E+02  9.070578E-01  2.154876E-21  2.155753E-21 -4.676229E-03
  1.450000E+02  9.095760E-01  2.143244E-21  2.143784E-21 -4.627997E-03
  1.455000E+02  9.120631E-01  2.131877E-21  2.132070E-21 -4.579009E-03
  1.460000E+02  9.145188E-01  2.120765E-21  2.120608E-21 -4.529268E-03
  1.465000E+02  9.169429E-01  2.109897E-21  2.109393E-21 -4.478780E-03
  1.470000E+02  9.193353E-01  2.099265E-21  2.098419E-21 -4.427555E-03
  1.475000E+02  9.216957E-01  2.088858E-21  2.087680E-21 -4.375604E-03
  1.480000E+02  9.240240E-01  2.078668E-21  2.077173E-21 -4.322937E-03
  1.485000E+02  9.263201E-01  2.068685E-21  2.066891E-21 -4.269569E-03
  1.490000E+02  9.285837E-01  2.058903E-21  2.056830E-21 -4.215512E-03
  1.495000E+02  9.308146E-01  2.049312E-21  2.046986E-21 -4.160779E-03
  1.500000E+02  9.330127E-01  2.039906E-21  2.037352E-21 -4.105385E-03
  1.505000E+02  9.351778E-01  2.030680E-21  2.027926E-21 -4.049345E-03
  1.510000E+02  9.373099E-01  2.021628E-21  2.018703E-21 -3.992672E-03
  1.515000E+02  9.394086E-01  2.012746E-21  2.009680E-21 -3.935380E-03
  1.520000E+02  9.414738E-01  2.004031E-21  2.000853E-21 -3.877483E-03
  1.525000E+02  9.435054E-01  1.995479E-21  1.992220E-21 -3.818993E-03
  1.530000E+02  9.455033E-01  1.987089E-21  1.983777E-21 -3.759922E-03
  1.535000E+02  9.474672E-01  1.978858E-21  1.975522E-21 -3.700283E-03
  1.540000E+02  9.493970E-01  1.970786E-21  1.967454E-21 -3.640088E-03
  1.545000E+02  9.512926E-01  1.962872E-21  1.959569E-21 -3.579348E-03
  1.550000E+02  9.531539E-01  1.955116E-21  1.951867E-21 -3.518073E-03
  1.555000E+02  9.549806E-01  1.947519E-21  1.944345E-21 -3.456276E-03
  1.560000E+02  9.567727E-01  1.940080E-21  1.937002E-21 -3.393965E-03
  1.565000E+02  9.585300E-01  1.932800E-21  1.929837E-21 -3.331151E-03
  1.570000E+02  9.602524E-01  1.925681E-21  1.922848E-21 -3.267844E-03
  1.575000E+02  9.619398E-01  1.918723E-21  1.916034E-21 -3.204054E-03
  1.580000E+02  9.635919E-01  1.911926E-21  1.909394E-21 -3.139791E-03
  1.585000E+02  9.652088E-01  1.905292E-21  1.902927E-21 -3.075066E-03
  1.590000E+02  9.667902E-01  1.898821E-21  1.896631E-21 -3.009887E-03
  1.595000E+02  9.683361E-01  1.892514E-21  1.890505E-21 -2.944266E-03
  1.600000E+02  9.698463E-01  1.886372E-21  1.884549E-21 -2.878211E-03
  1.605000E+02  9.713207E-01  1.880394E-21  1.878760E-21 -2.811733E-03
  1.610000E+02  9.727593E-01  1.874582E-21  1.873139E-21 -2.744841E-03
  1.615000E+02  9.741618E-01  1.868936E-21  1.867682E-21 -2.677546E-03
  1.620000E+02  9.755283E-01  1.863454E-21  1.862390E-21 -2.609858E-03
  1.625000E+02  9.768585E-01  1.858138E-21  1.857261E-21 -2.541788E-03
  1.630000E+02  9.781524E-01  1.852987E-21  1.852294E-21 -2.473346E-03
  1.635000E+02  9.794099E-01  1.848001E-21  1.847487E-21 -2.404542E-03
  1.640000E+02  9.806308E-01  1.843179E-21  1.842839E-21 -2.335386E-03
  1.645000E+02  9.818152E-01  1.838520E-21  1.838349E-21 -2.265888E-03
  1.650000E+02  9.829629E-01  1.834023E-21  1.834016E-21 -2.196060E-03
  1.655000E+02  9.840738E-01  1.829688E-21  1.829838E-21 -2.125911E-03
  1.660000E+02  9.851479E-01  1.825514E-21  1.825814E-21 -2.055454E-03
  1.665000E+02  9.861850E-01  1.821499E-21  1.821943E-21 -1.984698E-03
  1.670000E+02  9.871850E-01  1.817643E-21  1.818224E-21 -1.913653E-03
  1.675000E+02  9.881480E-01  1.813945E-21  1.814656E-21 -1.842331E-03
  1.680000E+02  9.890738E-01  1.810403E-21  1.811237E-21 -1.770740E-03
  1.685000E+02  9.899624E-01  1.807016E-21  1.807965E-21 -1.698893E-03
  1.690000E+02  9.908136E-01  1.803783E-21  1.804841E-21 -1.626798E-03
  1.695000E+02  9.916275E-01  1.800703E-21  1.801863E-21 -1.554469E-03
  1.700000E+02  9.924039E-01  1.797775E-21  1.799030E-21 -1.481915E-03
  1.705000E+02  9.931428E-01  1.794998E-21  1.796341E-21 -1.409148E-03
  1.710000E+02  9.938442E-01  1.792370E-21  1.793796E-21 -1.336177E-03
  1.715000E+02  9.945079E-01  1.789891E-21  1.791393E-21 -1.263013E-03
  1.720000E+02  9.951340E-01  1.787560E-21  1.789132E-21 -1.189665E-03
  1.725000E+02  9.957224E-01  1.785374E-21  1.787011E-21 -1.116145E-03
  1.730000E+02  9.962731E-01  1.783334E-21  1.785030E-21 -1.042463E-03
  1.735000E+02  9.967859E-01  1.781438E-21  1.783188E-21 -9.686302E-04
  1.740000E+02  9.972609E-01  1.779686E-21  1.781485E-21 -8.946585E-04
  1.745000E+02  9.976981E-01  1.778078E-21  1.779921E-21 -8.205586E-04
  1.750000E+02  9.980973E-01  1.776612E-21  1.778495E-21 -7.463408E-04
  1.755000E+02  9.984587E-01  1.775289E-21  1.777207E-21 -6.720154E-04
  1.760000E+02  9.987820E-01  1.774106E-21  1.776055E-21 -5.975925E-04
  1.765000E+02  9.990674E-01  1.773063E-21  1.775040E-21 -5.230828E-04
  1.770000E+02  9.993148E-01  1.772161E-21  1.774160E-21 -4.484971E-04
  1.775000E+02  9.995241E-01  1.771397E-21  1.773416E-21 -3.738465E-04
  1.780000E+02  9.996954E-01  1.770773E-21  1.772807E-21 -2.991419E-04
  1.785000E+02  9.998287E-01  1.770287E-21  1.772334E-21 -2.243942E-04
  1.790000E+02  9.999238E-01  1.769941E-21  1.771996E-21 -1.496142E-04
  1.795000E+02  9.999810E-01  1.769733E-21  1.771794E-21 -7.481249E-05
  1.800000E+02  1.000000E+00  1.769664E-21  1.771726E-21  0.000000E+00
