 #
 # Subroutine ELSEPM. Elastic scattering ofelectrons and positrons by
 #       molecules (single-scattering independent-atom approximation)
 #
 # Molecule: Water (vapour)                     
 #
 # Structure:
 # IZ =  8,    X,Y,Z =   0.00000E+00  0.00000E+00  0.00000E+00 cm
 # IZ =  1,    X,Y,Z =   9.57200E-09  0.00000E+00  0.00000E+00 cm
 # IZ =  1,    X,Y,Z =  -2.39990E-09  9.26630E-09  0.00000E+00 cm
 #
 # Projectile: electron
 # Kinetic energy = 7.0000000E+05 eV
 #
 # Furness-McCarthy exchange potential
 #
 # No correlation-polarization potential
 #
 # LDA-I absorption potential (only electron-hole excitations):
 #                           Delta = 6.20000E+00 eV
 #                            Aabs = 2.00000E+00
 #
 # Integrated cross sections:
 #                     coherent      incoherent
 #         total cs: 4.2334537E-19  3.6056208E-19
 # 1st transport cs: 8.0447526E-23  8.0427185E-23
 # 2nd transport cs: 2.2526027E-22  2.2519926E-22
 #
 # Differential cross section:                     MU=(1-COS(THETA))/2
 #
 #   THETA           MU         DCS coh      DCS incoh      Sherman
 #   (deg)                     (cm**2/sr)    (cm**2/sr)     function
 #--------------------------------------------------------------------
  0.000000E+00  0.000000E+00  5.204409E-15  2.528785E-15  0.000000E+00
  1.000000E-04  7.615575E-13  5.204408E-15  2.528785E-15  0.000000E+00
  1.250000E-04  1.189937E-12  5.204407E-15  2.528784E-15  0.000000E+00
  1.500000E-04  1.713463E-12  5.204407E-15  2.528784E-15  0.000000E+00
  1.750000E-04  2.332246E-12  5.204406E-15  2.528784E-15  0.000000E+00
  2.000000E-04  3.046174E-12  5.204404E-15  2.528784E-15  0.000000E+00
  2.250000E-04  3.855305E-12  5.204403E-15  2.528783E-15  0.000000E+00
  2.500000E-04  4.759637E-12  5.204402E-15  2.528783E-15  0.000000E+00
  2.750000E-04  5.759171E-12  5.204400E-15  2.528782E-15  0.000000E+00
  3.000000E-04  6.853906E-12  5.204398E-15  2.528782E-15  0.000000E+00
  3.250000E-04  8.043788E-12  5.204396E-15  2.528781E-15  0.000000E+00
  3.500000E-04  9.328927E-12  5.204394E-15  2.528781E-15  0.000000E+00
  3.750000E-04  1.070921E-11  5.204392E-15  2.528780E-15  0.000000E+00
  4.000000E-04  1.218470E-11  5.204390E-15  2.528780E-15  0.000000E+00
  4.250000E-04  1.375539E-11  5.204387E-15  2.528779E-15  0.000000E+00
  4.500000E-04  1.542128E-11  5.204385E-15  2.528778E-15  0.000000E+00
  4.750000E-04  1.718231E-11  5.204382E-15  2.528778E-15  0.000000E+00
  5.000000E-04  1.903860E-11  5.204379E-15  2.528777E-15  0.000000E+00
  5.250000E-04  2.099004E-11  5.204376E-15  2.528776E-15  0.000000E+00
  5.500000E-04  2.303668E-11  5.204373E-15  2.528775E-15  0.000000E+00
  5.750000E-04  2.517853E-11  5.204369E-15  2.528774E-15  0.000000E+00
  6.000000E-04  2.741557E-11  5.204366E-15  2.528773E-15  0.000000E+00
  6.250000E-04  2.974782E-11  5.204362E-15  2.528772E-15  0.000000E+00
  6.500000E-04  3.217521E-11  5.204358E-15  2.528771E-15  0.000000E+00
  6.750000E-04  3.469786E-11  5.204354E-15  2.528770E-15  0.000000E+00
  7.000000E-04  3.731565E-11  5.204350E-15  2.528769E-15  0.000000E+00
  7.250000E-04  4.002865E-11  5.204346E-15  2.528768E-15  0.000000E+00
  7.500000E-04  4.283685E-11  5.204341E-15  2.528767E-15  0.000000E+00
  7.750000E-04  4.574019E-11  5.204337E-15  2.528766E-15  0.000000E+00
  8.000000E-04  4.873879E-11  5.204332E-15  2.528764E-15  0.000000E+00
  8.250000E-04  5.183254E-11  5.204327E-15  2.528763E-15  0.000000E+00
  8.500000E-04  5.502154E-11  5.204322E-15  2.528762E-15  0.000000E+00
  8.750000E-04  5.830569E-11  5.204317E-15  2.528760E-15  0.000000E+00
  9.000000E-04  6.168505E-11  5.204311E-15  2.528759E-15  0.000000E+00
  9.250000E-04  6.515954E-11  5.204306E-15  2.528757E-15  0.000000E+00
  9.500000E-04  6.872930E-11  5.204300E-15  2.528756E-15  0.000000E+00
  9.750000E-04  7.239426E-11  5.204294E-15  2.528754E-15  0.000000E+00
  1.000000E-03  7.615436E-11  5.204289E-15  2.528753E-15  0.000000E+00
  1.250000E-03  1.189912E-10  5.204221E-15  2.528735E-15  0.000000E+00
  1.500000E-03  1.713473E-10  5.204138E-15  2.528713E-15  0.000000E+00
  1.750000E-03  2.332227E-10  5.204039E-15  2.528687E-15  0.000000E+00
  2.000000E-03  3.046174E-10  5.203926E-15  2.528657E-15  0.000000E+00
  2.250000E-03  3.855314E-10  5.203798E-15  2.528623E-15  0.000000E+00
  2.500000E-03  4.759647E-10  5.203655E-15  2.528585E-15  0.000000E+00
  2.750000E-03  5.759173E-10  5.203496E-15  2.528543E-15  0.000000E+00
  3.000000E-03  6.853892E-10  5.203323E-15  2.528497E-15  0.000000E+00
  3.250000E-03  8.043804E-10  5.203134E-15  2.528447E-15  0.000000E+00
  3.500000E-03  9.328908E-10  5.202930E-15  2.528393E-15  0.000000E+00
  3.750000E-03  1.070921E-09  5.202712E-15  2.528335E-15  0.000000E+00
  4.000000E-03  1.218470E-09  5.202478E-15  2.528273E-15  0.000000E+00
  4.250000E-03  1.375538E-09  5.202229E-15  2.528207E-15  0.000000E+00
  4.500000E-03  1.542126E-09  5.201965E-15  2.528137E-15  0.000000E+00
  4.750000E-03  1.718233E-09  5.201686E-15  2.528063E-15  0.000000E+00
  5.000000E-03  1.903859E-09  5.201392E-15  2.527985E-15  0.000000E+00
  5.250000E-03  2.099004E-09  5.201083E-15  2.527903E-15  0.000000E+00
  5.500000E-03  2.303669E-09  5.200759E-15  2.527817E-15  0.000000E+00
  5.750000E-03  2.517853E-09  5.200419E-15  2.527727E-15  0.000000E+00
  6.000000E-03  2.741557E-09  5.200065E-15  2.527633E-15  0.000000E+00
  6.250000E-03  2.974779E-09  5.199696E-15  2.527535E-15  0.000000E+00
  6.500000E-03  3.217521E-09  5.199311E-15  2.527433E-15  0.000000E+00
  6.750000E-03  3.469783E-09  5.198912E-15  2.527327E-15  0.000000E+00
  7.000000E-03  3.731563E-09  5.198498E-15  2.527217E-15  0.000000E+00
  7.250000E-03  4.002863E-09  5.198068E-15  2.527103E-15  0.000000E+00
  7.500000E-03  4.283682E-09  5.197624E-15  2.526985E-15  0.000000E+00
  7.750000E-03  4.574021E-09  5.197164E-15  2.526863E-15  0.000000E+00
  8.000000E-03  4.873879E-09  5.196690E-15  2.526737E-15  0.000000E+00
  8.250000E-03  5.183256E-09  5.196200E-15  2.526607E-15  0.000000E+00
  8.500000E-03  5.502152E-09  5.195696E-15  2.526473E-15  0.000000E+00
  8.750000E-03  5.830568E-09  5.195176E-15  2.526335E-15  0.000000E+00
  9.000000E-03  6.168503E-09  5.194642E-15  2.526193E-15  0.000000E+00
  9.250000E-03  6.515957E-09  5.194092E-15  2.526048E-15  0.000000E+00
  9.500000E-03  6.872931E-09  5.193528E-15  2.525898E-15  0.000000E+00
  9.750000E-03  7.239423E-09  5.192948E-15  2.525744E-15  0.000000E+00
  1.000000E-02  7.615435E-09  5.192354E-15  2.525586E-15  0.000000E+00
  1.250000E-02  1.189912E-08  5.185589E-15  2.523790E-15  0.000000E+00
  1.500000E-02  1.713473E-08  5.177336E-15  2.521596E-15  0.000000E+00
  1.750000E-02  2.332227E-08  5.167605E-15  2.519008E-15  0.000000E+00
  2.000000E-02  3.046174E-08  5.156407E-15  2.516027E-15  0.000000E+00
  2.250000E-02  3.855314E-08  5.143754E-15  2.512654E-15  0.000000E+00
  2.500000E-02  4.759647E-08  5.129661E-15  2.508892E-15  0.000000E+00
  2.750000E-02  5.759173E-08  5.114143E-15  2.504745E-15  0.000000E+00
  3.000000E-02  6.853892E-08  5.097218E-15  2.500214E-15  0.000000E+00
  3.250000E-02  8.043804E-08  5.078905E-15  2.495303E-15  0.000000E+00
  3.500000E-02  9.328908E-08  5.059223E-15  2.490016E-15  0.000000E+00
  3.750000E-02  1.070921E-07  5.038196E-15  2.484356E-15  0.000000E+00
  4.000000E-02  1.218470E-07  5.015845E-15  2.478327E-15  0.000000E+00
  4.250000E-02  1.375538E-07  4.992195E-15  2.471932E-15  0.000000E+00
  4.500000E-02  1.542126E-07  4.967271E-15  2.465178E-15  0.000000E+00
  4.750000E-02  1.718233E-07  4.941101E-15  2.458067E-15  0.000000E+00
  5.000000E-02  1.903859E-07  4.913713E-15  2.450606E-15  0.000000E+00
  5.250000E-02  2.099004E-07  4.885135E-15  2.442798E-15  0.000000E+00
  5.500000E-02  2.303669E-07  4.855397E-15  2.434650E-15  0.000000E+00
  5.750000E-02  2.517853E-07  4.824531E-15  2.426166E-15  0.000000E+00
  6.000000E-02  2.741557E-07  4.792569E-15  2.417352E-15  0.000000E+00
  6.250000E-02  2.974779E-07  4.759543E-15  2.408215E-15  0.000000E+00
  6.500000E-02  3.217521E-07  4.725486E-15  2.398759E-15  0.000000E+00
  6.750000E-02  3.469782E-07  4.690434E-15  2.388991E-15  0.000000E+00
  7.000000E-02  3.731563E-07  4.654421E-15  2.378918E-15  0.000000E+00
  7.250000E-02  4.002863E-07  4.617482E-15  2.368546E-15  0.000000E+00
  7.500000E-02  4.283682E-07  4.579653E-15  2.357881E-15  0.000000E+00
  7.750000E-02  4.574020E-07  4.540971E-15  2.346929E-15  0.000000E+00
  8.000000E-02  4.873878E-07  4.501472E-15  2.335699E-15  0.000000E+00
  8.250000E-02  5.183255E-07  4.461194E-15  2.324196E-15  0.000000E+00
  8.500000E-02  5.502151E-07  4.420174E-15  2.312428E-15  0.000000E+00
  8.750000E-02  5.830567E-07  4.378450E-15  2.300402E-15  0.000000E+00
  9.000000E-02  6.168501E-07  4.336058E-15  2.288124E-15  0.000000E+00
  9.250000E-02  6.515956E-07  4.293036E-15  2.275603E-15  0.000000E+00
  9.500000E-02  6.872929E-07  4.249423E-15  2.262845E-15  0.000000E+00
  9.750000E-02  7.239422E-07  4.205256E-15  2.249858E-15  0.000000E+00
  1.000000E-01  7.615434E-07  4.160572E-15  2.236649E-15  0.000000E+00
  1.250000E-01  1.189911E-06  3.693353E-15  2.094004E-15  0.000000E+00
  1.500000E-01  1.713472E-06  3.212821E-15  1.937356E-15  0.000000E+00
  1.750000E-01  2.332225E-06  2.747566E-15  1.773701E-15  0.000000E+00
  2.000000E-01  3.046171E-06  2.317933E-15  1.609109E-15  0.000000E+00
  2.250000E-01  3.855309E-06  1.935934E-15  1.448459E-15  0.000000E+00
  2.500000E-01  4.759640E-06  1.606468E-15  1.295364E-15  0.000000E+00
  2.750000E-01  5.759162E-06  1.329122E-15  1.152261E-15  0.000000E+00
  3.000000E-01  6.853876E-06  1.100036E-15  1.020572E-15  0.000000E+00
  3.250000E-01  8.043782E-06  9.134825E-16  9.009089E-16  0.000000E+00
  3.500000E-01  9.328879E-06  7.630586E-16  7.932797E-16  0.000000E+00
  3.750000E-01  1.070917E-05  6.424678E-16  6.972645E-16  0.000000E+00
  4.000000E-01  1.218465E-05  5.459772E-16  6.121681E-16  0.000000E+00
  4.250000E-01  1.375532E-05  4.686297E-16  5.371360E-16  0.000000E+00
  4.500000E-01  1.542118E-05  4.062964E-16  4.712410E-16  0.000000E+00
  4.750000E-01  1.718223E-05  3.556345E-16  4.135447E-16  0.000000E+00
  5.000000E-01  1.903847E-05  3.139958E-16  3.631379E-16  0.000000E+00
  5.250000E-01  2.098990E-05  2.793188E-16  3.191659E-16  0.000000E+00
  5.500000E-01  2.303652E-05  2.500205E-16  2.808433E-16  0.000000E+00
  5.750000E-01  2.517832E-05  2.248986E-16  2.474590E-16  0.000000E+00
  6.000000E-01  2.741532E-05  2.030472E-16  2.183778E-16  0.000000E+00
  6.250000E-01  2.974750E-05  1.837888E-16  1.930373E-16  0.000000E+00
  6.500000E-01  3.217487E-05  1.666183E-16  1.709429E-16  0.000000E+00
  6.750000E-01  3.469743E-05  1.511610E-16  1.516627E-16  0.000000E+00
  7.000000E-01  3.731517E-05  1.371394E-16  1.348204E-16  0.000000E+00
  7.250000E-01  4.002810E-05  1.243479E-16  1.200897E-16  0.000000E+00
  7.500000E-01  4.283621E-05  1.126343E-16  1.071883E-16  0.000000E+00
  7.750000E-01  4.573951E-05  1.018858E-16  9.587199E-17  0.000000E+00
  8.000000E-01  4.873800E-05  9.201758E-17  8.593027E-17  0.000000E+00
  8.250000E-01  5.183166E-05  8.296532E-17  7.718149E-17  0.000000E+00
  8.500000E-01  5.502051E-05  7.467864E-17  6.946902E-17  0.000000E+00
  8.750000E-01  5.830454E-05  6.711635E-17  6.265786E-17  0.000000E+00
  9.000000E-01  6.168376E-05  6.024277E-17  5.663159E-17  0.000000E+00
  9.250000E-01  6.515815E-05  5.402484E-17  5.128974E-17  0.000000E+00
  9.500000E-01  6.872773E-05  4.843007E-17  4.654562E-17  0.000000E+00
  9.750000E-01  7.239249E-05  4.342509E-17  4.232430E-17  0.000000E+00
  1.000000E+00  7.615242E-05  3.897467E-17  3.856097E-17  0.000000E+00
  1.100000E+00  9.214394E-05  2.593867E-17  2.707154E-17  0.000000E+00
  1.200000E+00  1.096583E-04  1.850477E-17  1.954364E-17  0.000000E+00
  1.300000E+00  1.286953E-04  1.415970E-17  1.446794E-17  0.000000E+00
  1.400000E+00  1.492551E-04  1.118033E-17  1.095262E-17  0.000000E+00
  1.500000E+00  1.713375E-04  8.789458E-18  8.456890E-18  0.000000E+00
  1.600000E+00  1.949425E-04  6.817168E-18  6.644496E-18  0.000000E+00
  1.700000E+00  2.200699E-04  5.282797E-18  5.301248E-18  0.000000E+00
  1.800000E+00  2.467198E-04  4.173970E-18  4.287292E-18  0.000000E+00
  1.900000E+00  2.748920E-04  3.410713E-18  3.509077E-18  0.000000E+00
  2.000000E+00  3.045865E-04  2.877697E-18  2.902754E-18  0.000000E+00
  2.100000E+00  3.358031E-04  2.463614E-18  2.424027E-18  0.000000E+00
  2.200000E+00  3.685418E-04  2.096331E-18  2.041542E-18  0.000000E+00
  2.300000E+00  4.028024E-04  1.758445E-18  1.732599E-18  0.000000E+00
  2.400000E+00  4.385850E-04  1.468757E-18  1.480544E-18  0.000000E+00
  2.500000E+00  4.758892E-04  1.245124E-18  1.273090E-18  0.000000E+00
  2.600000E+00  5.147151E-04  1.082177E-18  1.101016E-18  0.000000E+00
  2.700000E+00  5.550625E-04  9.572608E-19  9.572228E-19  0.000000E+00
  2.800000E+00  5.969313E-04  8.487339E-19  8.362111E-19  0.000000E+00
  2.900000E+00  6.403214E-04  7.465488E-19  7.337524E-19  0.000000E+00
  3.000000E+00  6.852326E-04  6.510725E-19  6.465440E-19  0.000000E+00
  3.100000E+00  7.316648E-04  5.672404E-19  5.719162E-19  0.000000E+00
  3.200000E+00  7.796179E-04  4.992526E-19  5.077126E-19  0.000000E+00
  3.300000E+00  8.290917E-04  4.469426E-19  4.522342E-19  0.000000E+00
  3.400000E+00  8.800860E-04  4.051960E-19  4.041173E-19  0.000000E+00
  3.500000E+00  9.326008E-04  3.673639E-19  3.622129E-19  0.000000E+00
  3.600000E+00  9.866358E-04  3.299292E-19  3.255621E-19  0.000000E+00
  3.700000E+00  1.042191E-03  2.939661E-19  2.933995E-19  0.000000E+00
  3.800000E+00  1.099266E-03  2.624762E-19  2.650996E-19  0.000000E+00
  3.900000E+00  1.157861E-03  2.370003E-19  2.401151E-19  0.000000E+00
  4.000000E+00  1.217975E-03  2.166389E-19  2.179769E-19  0.000000E+00
  4.100000E+00  1.279609E-03  1.992436E-19  1.983103E-19  0.000000E+00
  4.200000E+00  1.342761E-03  1.828994E-19  1.808052E-19  0.000000E+00
  4.300000E+00  1.407433E-03  1.667487E-19  1.651799E-19  0.000000E+00
  4.400000E+00  1.473624E-03  1.511741E-19  1.511881E-19  0.000000E+00
  4.500000E+00  1.541333E-03  1.373022E-19  1.386340E-19  0.000000E+00
  4.600000E+00  1.610561E-03  1.259442E-19  1.273532E-19  0.000000E+00
  4.700000E+00  1.681307E-03  1.168010E-19  1.171912E-19  0.000000E+00
  4.800000E+00  1.753570E-03  1.087322E-19  1.080106E-19  0.000000E+00
  4.900000E+00  1.827352E-03  1.007584E-19  9.970369E-20  0.000000E+00
  5.000000E+00  1.902651E-03  9.272350E-20  9.217940E-20  0.000000E+00
  5.100000E+00  1.979467E-03  8.510786E-20  8.534833E-20  0.000000E+00
  5.200000E+00  2.057801E-03  7.843516E-20  7.913049E-20  0.000000E+00
  5.300000E+00  2.137651E-03  7.288033E-20  7.346437E-20  0.000000E+00
  5.400000E+00  2.219018E-03  6.821968E-20  6.829701E-20  0.000000E+00
  5.500000E+00  2.301901E-03  6.399276E-20  6.357400E-20  0.000000E+00
  5.600000E+00  2.386300E-03  5.978654E-20  5.924671E-20  0.000000E+00
  5.700000E+00  2.472215E-03  5.550900E-20  5.527891E-20  0.000000E+00
  5.800000E+00  2.559646E-03  5.142219E-20  5.163881E-20  0.000000E+00
  5.900000E+00  2.648591E-03  4.786683E-20  4.829211E-20  0.000000E+00
  6.000000E+00  2.739052E-03  4.493753E-20  4.520830E-20  0.000000E+00
  6.100000E+00  2.831028E-03  4.242385E-20  4.236553E-20  0.000000E+00
  6.200000E+00  2.924518E-03  4.002504E-20  3.974395E-20  0.000000E+00
  6.300000E+00  3.019522E-03  3.758237E-20  3.732102E-20  0.000000E+00
  6.400000E+00  3.116040E-03  3.513804E-20  3.507704E-20  0.000000E+00
  6.500000E+00  3.214072E-03  3.284495E-20  3.299861E-20  0.000000E+00
  6.600000E+00  3.313617E-03  3.084087E-20  3.107312E-20  0.000000E+00
  6.700000E+00  3.414675E-03  2.915550E-20  2.928536E-20  0.000000E+00
  6.800000E+00  3.517246E-03  2.768500E-20  2.762226E-20  0.000000E+00
  6.900000E+00  3.621329E-03  2.626189E-20  2.607536E-20  0.000000E+00
  7.000000E+00  3.726924E-03  2.478468E-20  2.463624E-20  0.000000E+00
  7.100000E+00  3.834031E-03  2.329351E-20  2.329436E-20  0.000000E+00
  7.200000E+00  3.942649E-03  2.191495E-20  2.204104E-20  0.000000E+00
  7.300000E+00  4.052779E-03  2.073567E-20  2.087100E-20  0.000000E+00
  7.400000E+00  4.164419E-03  1.973450E-20  1.977851E-20  0.000000E+00
  7.500000E+00  4.277569E-03  1.881999E-20  1.875603E-20  0.000000E+00
  7.600000E+00  4.392230E-03  1.790902E-20  1.779764E-20  0.000000E+00
  7.700000E+00  4.508400E-03  1.697347E-20  1.689992E-20  0.000000E+00
  7.800000E+00  4.626080E-03  1.604363E-20  1.605876E-20  0.000000E+00
  7.900000E+00  4.745268E-03  1.518306E-20  1.526871E-20  0.000000E+00
  8.000000E+00  4.865966E-03  1.444191E-20  1.452579E-20  0.000000E+00
  8.100000E+00  4.988171E-03  1.381216E-20  1.382784E-20  0.000000E+00
  8.200000E+00  5.111885E-03  1.322959E-20  1.317190E-20  0.000000E+00
  8.300000E+00  5.237105E-03  1.263027E-20  1.255395E-20  0.000000E+00
  8.400000E+00  5.363834E-03  1.200468E-20  1.197120E-20  0.000000E+00
  8.500000E+00  5.492068E-03  1.139439E-20  1.142216E-20  0.000000E+00
  8.600000E+00  5.621809E-03  1.084531E-20  1.090460E-20  0.000000E+00
  8.700000E+00  5.753057E-03  1.037168E-20  1.041562E-20  0.000000E+00
  8.800000E+00  5.885809E-03  9.954401E-21  9.953368E-21  0.000000E+00
  8.900000E+00  6.020067E-03  9.558100E-21  9.516800E-21  0.000000E+00
  9.000000E+00  6.155830E-03  9.152065E-21  9.104149E-21  0.000000E+00
  9.100000E+00  6.293097E-03  8.730298E-21  8.713235E-21 -4.612596E-05
  9.200000E+00  6.431867E-03  8.317461E-21  8.342801E-21  0.000000E+00
  9.300000E+00  6.572142E-03  7.948042E-21  7.992140E-21  0.000000E+00
  9.400000E+00  6.713919E-03  7.634099E-21  7.659905E-21 -5.033182E-05
  9.500000E+00  6.857199E-03  7.355006E-21  7.344478E-21 -5.130537E-05
  9.600000E+00  7.001981E-03  7.078740E-21  7.044948E-21 -4.992834E-05
  9.700000E+00  7.148265E-03  6.789241E-21  6.760736E-21 -5.220311E-05
  9.800000E+00  7.296051E-03  6.494033E-21  6.490789E-21 -5.653877E-05
  9.900000E+00  7.445337E-03  6.212681E-21  6.233960E-21 -5.737058E-05
  1.000000E+01  7.596123E-03  5.961484E-21  5.989644E-21 -5.688337E-05
  1.025000E+01  7.979651E-03  5.449716E-21  5.429665E-21 -6.379717E-05
  1.050000E+01  8.372546E-03  4.931405E-21  4.933306E-21 -6.728836E-05
  1.075000E+01  8.774801E-03  4.479042E-21  4.492477E-21 -7.097380E-05
  1.100000E+01  9.186408E-03  4.117339E-21  4.099836E-21 -7.837504E-05
  1.125000E+01  9.607360E-03  3.738817E-21  3.749013E-21 -8.159144E-05
  1.150000E+01  1.003765E-02  3.433136E-21  3.435034E-21 -8.739899E-05
  1.175000E+01  1.047726E-02  3.163876E-21  3.153215E-21 -9.381047E-05
  1.200000E+01  1.092620E-02  2.888165E-21  2.899646E-21 -9.842029E-05
  1.225000E+01  1.138445E-02  2.676413E-21  2.671126E-21 -1.050293E-04
  1.250000E+01  1.185200E-02  2.467672E-21  2.464659E-21 -1.108568E-04
  1.275000E+01  1.232884E-02  2.269605E-21  2.277740E-21 -1.172986E-04
  1.300000E+01  1.281497E-02  2.115831E-21  2.108238E-21 -1.236291E-04
  1.325000E+01  1.331037E-02  1.951527E-21  1.954203E-21 -1.305124E-04
  1.350000E+01  1.381504E-02  1.811020E-21  1.813981E-21 -1.374968E-04
  1.375000E+01  1.432897E-02  1.691992E-21  1.686131E-21 -1.444758E-04
  1.400000E+01  1.485214E-02  1.564560E-21  1.569336E-21 -1.524359E-04
  1.425000E+01  1.538455E-02  1.463526E-21  1.462484E-21 -1.597458E-04
  1.450000E+01  1.592618E-02  1.367233E-21  1.364587E-21 -1.674530E-04
  1.475000E+01  1.647703E-02  1.270668E-21  1.274737E-21 -1.766145E-04
  1.500000E+01  1.703709E-02  1.194906E-21  1.192162E-21 -1.838533E-04
  1.525000E+01  1.760634E-02  1.116238E-21  1.116174E-21 -1.927235E-04
  1.550000E+01  1.818477E-02  1.043764E-21  1.046144E-21 -2.021692E-04
  1.575000E+01  1.877238E-02  9.843591E-22  9.815217E-22 -2.094989E-04
  1.600000E+01  1.936915E-02  9.203929E-22  9.218152E-22 -2.203085E-04
  1.625000E+01  1.997507E-02  8.658696E-22  8.665818E-22 -2.289521E-04
  1.650000E+01  2.059013E-02  8.175523E-22  8.154273E-22 -2.371532E-04
  1.675000E+01  2.121432E-02  7.659721E-22  7.679924E-22 -2.498245E-04
  1.700000E+01  2.184762E-02  7.246124E-22  7.239572E-22 -2.579878E-04
  1.725000E+01  2.249003E-02  6.839941E-22  6.830353E-22 -2.677742E-04
  1.750000E+01  2.314152E-02  6.431819E-22  6.449654E-22 -2.811430E-04
  1.775000E+01  2.380210E-02  6.109154E-22  6.095111E-22 -2.895865E-04
  1.800000E+01  2.447174E-02  5.762504E-22  5.764599E-22 -3.014617E-04
  1.825000E+01  2.515044E-02  5.446665E-22  5.456199E-22 -3.141765E-04
  1.850000E+01  2.583817E-02  5.181810E-22  5.168159E-22 -3.232967E-04
  1.875000E+01  2.653494E-02  4.890185E-22  4.898879E-22 -3.370006E-04
  1.900000E+01  2.724071E-02  4.645922E-22  4.646913E-22 -3.487279E-04
  1.925000E+01  2.795549E-02  4.419589E-22  4.410951E-22 -3.590676E-04
  1.950000E+01  2.867925E-02  4.180149E-22  4.189786E-22 -3.737526E-04
  1.975000E+01  2.941199E-02  3.986523E-22  3.982307E-22 -3.850150E-04
  2.000000E+01  3.015369E-02  3.790816E-22  3.787517E-22 -3.976147E-04
  2.025000E+01  3.090433E-02  3.596758E-22  3.604496E-22 -4.124646E-04
  2.050000E+01  3.166391E-02  3.438925E-22  3.432395E-22 -4.238527E-04
  2.075000E+01  3.243240E-02  3.269377E-22  3.270450E-22 -4.394442E-04
  2.100000E+01  3.320979E-02  3.113333E-22  3.117934E-22 -4.536762E-04
  2.125000E+01  3.399607E-02  2.980945E-22  2.974210E-22 -4.657009E-04
  2.150000E+01  3.479122E-02  2.834410E-22  2.838682E-22 -4.834977E-04
  2.175000E+01  3.559522E-02  2.710041E-22  2.710774E-22 -4.966159E-04
  2.200000E+01  3.640807E-02  2.594767E-22  2.589996E-22 -5.102274E-04
  2.225000E+01  3.722975E-02  2.470559E-22  2.475876E-22 -5.283364E-04
  2.250000E+01  3.806023E-02  2.370354E-22  2.367964E-22 -5.408722E-04
  2.275000E+01  3.889951E-02  2.267600E-22  2.265876E-22 -5.569629E-04
  2.300000E+01  3.974757E-02  2.165027E-22  2.169225E-22 -5.745664E-04
  2.325000E+01  4.060439E-02  2.081261E-22  2.077669E-22 -5.876251E-04
  2.350000E+01  4.146996E-02  1.990241E-22  1.990899E-22 -6.061635E-04
  2.375000E+01  4.234426E-02  1.906229E-22  1.908603E-22 -6.235286E-04
  2.400000E+01  4.322727E-02  1.833952E-22  1.830516E-22 -6.380746E-04
  2.425000E+01  4.411898E-02  1.754380E-22  1.756383E-22 -6.581808E-04
  2.450000E+01  4.501936E-02  1.685249E-22  1.685959E-22 -6.751511E-04
  2.475000E+01  4.592841E-02  1.621758E-22  1.619035E-22 -6.914619E-04
  2.500000E+01  4.684611E-02  1.552687E-22  1.555394E-22 -7.121255E-04
  2.550000E+01  4.870736E-02  1.438693E-22  1.437224E-22 -7.464559E-04
  2.600000E+01  5.060298E-02  1.331950E-22  1.330056E-22 -7.826685E-04
  2.650000E+01  5.253282E-02  1.230995E-22  1.232690E-22 -8.238800E-04
  2.700000E+01  5.449674E-02  1.143123E-22  1.144068E-22 -8.639627E-04
  2.750000E+01  5.649458E-02  1.064924E-22  1.063259E-22 -9.025882E-04
  2.800000E+01  5.852620E-02  9.895212E-23  9.894540E-23 -9.457634E-04
  2.850000E+01  6.059144E-02  9.204428E-23  9.219424E-23 -9.909526E-04
  2.900000E+01  6.269015E-02  8.605941E-23  8.600851E-23 -1.031864E-03
  2.950000E+01  6.482215E-02  8.044547E-23  8.033212E-23 -1.074906E-03
  3.000000E+01  6.698730E-02  7.503699E-23  7.511583E-23 -1.124061E-03
  3.050000E+01  6.918542E-02  7.025730E-23  7.031570E-23 -1.171657E-03
  3.100000E+01  7.141635E-02  6.598235E-23  6.589238E-23 -1.217090E-03
  3.150000E+01  7.367992E-02  6.181606E-23  6.181092E-23 -1.267663E-03
  3.200000E+01  7.597595E-02  5.795450E-23  5.804012E-23 -1.319586E-03
  3.250000E+01  7.830428E-02  5.458227E-23  5.455199E-23 -1.367222E-03
  3.300000E+01  8.066472E-02  5.138184E-23  5.132149E-23 -1.418502E-03
  3.350000E+01  8.305709E-02  4.827646E-23  4.832616E-23 -1.475925E-03
  3.400000E+01  8.548121E-02  4.552309E-23  4.554575E-23 -1.529702E-03
  3.450000E+01  8.793691E-02  4.301913E-23  4.296200E-23 -1.581628E-03
  3.500000E+01  9.042398E-02  4.054901E-23  4.055841E-23 -1.640184E-03
  3.550000E+01  9.294224E-02  3.827242E-23  3.832013E-23 -1.699099E-03
  3.600000E+01  9.549150E-02  3.626273E-23  3.623373E-23 -1.753679E-03
  3.650000E+01  9.807157E-02  3.430970E-23  3.428705E-23 -1.813900E-03
  3.700000E+01  1.006822E-01  3.243051E-23  3.246898E-23 -1.878625E-03
  3.750000E+01  1.033233E-01  3.077291E-23  3.076944E-23 -1.937182E-03
  3.800000E+01  1.059946E-01  2.921393E-23  2.917926E-23 -1.996779E-03
  3.850000E+01  1.086959E-01  2.766991E-23  2.769011E-23 -2.064311E-03
  3.900000E+01  1.114270E-01  2.627799E-23  2.629443E-23 -2.128927E-03
  3.950000E+01  1.141877E-01  2.501301E-23  2.498527E-23 -2.190995E-03
  4.000000E+01  1.169778E-01  2.375181E-23  2.375627E-23 -2.261036E-03
  4.050000E+01  1.197970E-01  2.257753E-23  2.260158E-23 -2.330677E-03
  4.100000E+01  1.226452E-01  2.153304E-23  2.151590E-23 -2.394094E-03
  4.150000E+01  1.255221E-01  2.050279E-23  2.049432E-23 -2.464547E-03
  4.200000E+01  1.284276E-01  1.951139E-23  1.953236E-23 -2.539564E-03
  4.250000E+01  1.313613E-01  1.863391E-23  1.862592E-23 -2.607645E-03
  4.300000E+01  1.343231E-01  1.778603E-23  1.777122E-23 -2.679767E-03
  4.350000E+01  1.373128E-01  1.694902E-23  1.696472E-23 -2.758502E-03
  4.400000E+01  1.403301E-01  1.620293E-23  1.620318E-23 -2.829802E-03
  4.450000E+01  1.433748E-01  1.549848E-23  1.548366E-23 -2.902355E-03
  4.500000E+01  1.464466E-01  1.479224E-23  1.480342E-23 -2.985013E-03
  4.550000E+01  1.495454E-01  1.415428E-23  1.415988E-23 -3.062188E-03
  4.600000E+01  1.526708E-01  1.356364E-23  1.355071E-23 -3.136653E-03
  4.650000E+01  1.558227E-01  1.296699E-23  1.297375E-23 -3.221457E-03
  4.700000E+01  1.590008E-01  1.241967E-23  1.242697E-23 -3.302385E-03
  4.750000E+01  1.622049E-01  1.191983E-23  1.190848E-23 -3.378380E-03
  4.800000E+01  1.654347E-01  1.141346E-23  1.141656E-23 -3.465529E-03
  4.850000E+01  1.686900E-01  1.094248E-23  1.094960E-23 -3.551360E-03
  4.900000E+01  1.719705E-01  1.051585E-23  1.050608E-23 -3.630616E-03
  4.950000E+01  1.752760E-01  1.008344E-23  1.008460E-23 -3.720319E-03
  5.000000E+01  1.786062E-01  9.677244E-24  9.683891E-24 -3.809222E-03
  5.050000E+01  1.819609E-01  9.310799E-24  9.302723E-24 -3.890752E-03
  5.100000E+01  1.853398E-01  8.939214E-24  8.939959E-24 -3.983177E-03
  5.150000E+01  1.887427E-01  8.588402E-24  8.594553E-24 -4.075754E-03
  5.200000E+01  1.921693E-01  8.272156E-24  8.265509E-24 -4.160293E-03
  5.250000E+01  1.956193E-01  7.950826E-24  7.951912E-24 -4.256125E-03
  5.300000E+01  1.990925E-01  7.647524E-24  7.652903E-24 -4.351342E-03
  5.350000E+01  2.025886E-01  7.373422E-24  7.367683E-24 -4.438388E-03
  5.400000E+01  2.061074E-01  7.093817E-24  7.095494E-24 -4.537509E-03
  5.450000E+01  2.096485E-01  6.831400E-24  6.835629E-24 -4.634886E-03
  5.500000E+01  2.132118E-01  6.592619E-24  6.587421E-24 -4.724766E-03
  5.550000E+01  2.167969E-01  6.347902E-24  6.350251E-24 -4.827959E-03
  5.600000E+01  2.204035E-01  6.120761E-24  6.123535E-24 -4.926983E-03
  5.650000E+01  2.240315E-01  5.911416E-24  5.906732E-24 -5.020308E-03
  5.700000E+01  2.276805E-01  5.696313E-24  5.699328E-24 -5.127445E-03
  5.750000E+01  2.313502E-01  5.499715E-24  5.500840E-24 -5.227189E-03
  5.800000E+01  2.350404E-01  5.314684E-24  5.310807E-24 -5.324201E-03
  5.850000E+01  2.387507E-01  5.125315E-24  5.128805E-24 -5.434869E-03
  5.900000E+01  2.424810E-01  4.954996E-24  4.954429E-24 -5.534858E-03
  5.950000E+01  2.462308E-01  4.789900E-24  4.787301E-24 -5.637782E-03
  6.000000E+01  2.500000E-01  4.623576E-24  4.627062E-24 -5.751257E-03
  6.050000E+01  2.537882E-01  4.475416E-24  4.473382E-24 -5.851323E-03
  6.100000E+01  2.575952E-01  4.326827E-24  4.325939E-24 -5.960502E-03
  6.150000E+01  2.614206E-01  4.181693E-24  4.184432E-24 -6.074253E-03
  6.200000E+01  2.652642E-01  4.051439E-24  4.048575E-24 -6.175421E-03
  6.250000E+01  2.691257E-01  3.917189E-24  3.918102E-24 -6.291992E-03
  6.300000E+01  2.730048E-01  3.791546E-24  3.792760E-24 -6.404500E-03
  6.350000E+01  2.769011E-01  3.674941E-24  3.672308E-24 -6.510418E-03
  6.400000E+01  2.808144E-01  3.554363E-24  3.556522E-24 -6.632217E-03
  6.450000E+01  2.847445E-01  3.445844E-24  3.445193E-24 -6.741209E-03
  6.500000E+01  2.886909E-01  3.339365E-24  3.338112E-24 -6.854817E-03
  6.550000E+01  2.926534E-01  3.232906E-24  3.235084E-24 -6.977661E-03
  6.600000E+01  2.966317E-01  3.137875E-24  3.135929E-24 -7.085753E-03
  6.650000E+01  3.006255E-01  3.039813E-24  3.040473E-24 -7.209783E-03
  6.700000E+01  3.046344E-01  2.947714E-24  2.948554E-24 -7.329248E-03
  6.750000E+01  3.086583E-01  2.861786E-24  2.860019E-24 -7.442263E-03
  6.800000E+01  3.126967E-01  2.772876E-24  2.774722E-24 -7.571774E-03
  6.850000E+01  3.167494E-01  2.693455E-24  2.692520E-24 -7.685110E-03
  6.900000E+01  3.208160E-01  2.613435E-24  2.613277E-24 -7.809118E-03
  6.950000E+01  3.248963E-01  2.535574E-24  2.536864E-24 -7.936678E-03
  7.000000E+01  3.289899E-01  2.464718E-24  2.463163E-24 -8.052252E-03
  7.050000E+01  3.330966E-01  2.390664E-24  2.392064E-24 -8.186963E-03
  7.100000E+01  3.372159E-01  2.323928E-24  2.323463E-24 -8.306066E-03
  7.150000E+01  3.413477E-01  2.257608E-24  2.257255E-24 -8.431955E-03
  7.200000E+01  3.454915E-01  2.192184E-24  2.193334E-24 -8.564146E-03
  7.250000E+01  3.496471E-01  2.132949E-24  2.131599E-24 -8.682849E-03
  7.300000E+01  3.538141E-01  2.070844E-24  2.071967E-24 -8.822356E-03
  7.350000E+01  3.579923E-01  2.014927E-24  2.014361E-24 -8.945363E-03
  7.400000E+01  3.621813E-01  1.958919E-24  1.958703E-24 -9.077015E-03
  7.450000E+01  3.663808E-01  1.904189E-24  1.904909E-24 -9.212053E-03
  7.500000E+01  3.705905E-01  1.854048E-24  1.852901E-24 -9.334902E-03
  7.550000E+01  3.748100E-01  1.801561E-24  1.802607E-24 -9.478589E-03
  7.600000E+01  3.790391E-01  1.754770E-24  1.753962E-24 -9.602988E-03
  7.650000E+01  3.832773E-01  1.706590E-24  1.706905E-24 -9.743579E-03
  7.700000E+01  3.875245E-01  1.661154E-24  1.661377E-24 -9.878389E-03
  7.750000E+01  3.917802E-01  1.617899E-24  1.617319E-24 -1.000951E-02
  7.800000E+01  3.960442E-01  1.573762E-24  1.574673E-24 -1.015491E-02
  7.850000E+01  4.003160E-01  1.534264E-24  1.533383E-24 -1.028097E-02
  7.900000E+01  4.045955E-01  1.492612E-24  1.493397E-24 -1.043011E-02
  7.950000E+01  4.088822E-01  1.455183E-24  1.454668E-24 -1.056042E-02
  8.000000E+01  4.131759E-01  1.417016E-24  1.417150E-24 -1.070461E-02
  8.050000E+01  4.174762E-01  1.380666E-24  1.380800E-24 -1.084516E-02
  8.100000E+01  4.217828E-01  1.346049E-24  1.345575E-24 -1.098164E-02
  8.150000E+01  4.260953E-01  1.310801E-24  1.311433E-24 -1.113194E-02
  8.200000E+01  4.304134E-01  1.279034E-24  1.278334E-24 -1.126333E-02
  8.250000E+01  4.347369E-01  1.245505E-24  1.246239E-24 -1.141876E-02
  8.300000E+01  4.390653E-01  1.215689E-24  1.215111E-24 -1.155122E-02
  8.350000E+01  4.433984E-01  1.184464E-24  1.184918E-24 -1.170522E-02
  8.400000E+01  4.477358E-01  1.155906E-24  1.155628E-24 -1.184356E-02
  8.450000E+01  4.520771E-01  1.127168E-24  1.127209E-24 -1.199257E-02
  8.500000E+01  4.564221E-01  1.099540E-24  1.099630E-24 -1.213950E-02
  8.550000E+01  4.607705E-01  1.073125E-24  1.072861E-24 -1.228274E-02
  8.600000E+01  4.651218E-01  1.046471E-24  1.046874E-24 -1.243782E-02
  8.650000E+01  4.694757E-01  1.022079E-24  1.021640E-24 -1.257675E-02
  8.700000E+01  4.738320E-01  9.966165E-25  9.971348E-25 -1.273701E-02
  8.750000E+01  4.781903E-01  9.738705E-25  9.733342E-25 -1.287386E-02
  8.800000E+01  4.825503E-01  9.497268E-25  9.502150E-25 -1.303694E-02
  8.850000E+01  4.869115E-01  9.282475E-25  9.277546E-25 -1.317486E-02
  8.900000E+01  4.912738E-01  9.054839E-25  9.059302E-25 -1.333874E-02
  8.950000E+01  4.956367E-01  8.850833E-25  8.847199E-25 -1.347929E-02
  9.000000E+01  5.000000E-01  8.637618E-25  8.641027E-25 -1.364183E-02
  9.050000E+01  5.043633E-01  8.443449E-25  8.440592E-25 -1.378546E-02
  9.100000E+01  5.087262E-01  8.243667E-25  8.245710E-25 -1.394652E-02
  9.150000E+01  5.130885E-01  8.058047E-25  8.056209E-25 -1.409429E-02
  9.200000E+01  5.174497E-01  7.870408E-25  7.871914E-25 -1.425419E-02
  9.250000E+01  5.218097E-01  7.693525E-25  7.692659E-25 -1.440498E-02
  9.300000E+01  5.261680E-01  7.517534E-25  7.518276E-25 -1.456307E-02
  9.350000E+01  5.305243E-01  7.349323E-25  7.348607E-25 -1.471627E-02
  9.400000E+01  5.348782E-01  7.183181E-25  7.183497E-25 -1.487439E-02
  9.450000E+01  5.392295E-01  7.023021E-25  7.022807E-25 -1.503002E-02
  9.500000E+01  5.435779E-01  6.865964E-25  6.866400E-25 -1.518845E-02
  9.550000E+01  5.479229E-01  6.714494E-25  6.714145E-25 -1.534424E-02
  9.600000E+01  5.522642E-01  6.565676E-25  6.565913E-25 -1.550311E-02
  9.650000E+01  5.566016E-01  6.422113E-25  6.421581E-25 -1.565945E-02
  9.700000E+01  5.609347E-01  6.280236E-25  6.281026E-25 -1.582090E-02
  9.750000E+01  5.652631E-01  6.144904E-25  6.144128E-25 -1.597595E-02
  9.800000E+01  5.695866E-01  6.009822E-25  6.010775E-25 -1.613919E-02
  9.850000E+01  5.739047E-01  5.882254E-25  5.880864E-25 -1.629270E-02
  9.900000E+01  5.782172E-01  5.752654E-25  5.754292E-25 -1.646012E-02
  9.950000E+01  5.825238E-01  5.632659E-25  5.630958E-25 -1.661084E-02
  1.000000E+02  5.868241E-01  5.508816E-25  5.510767E-25 -1.678079E-02
  1.005000E+02  5.911178E-01  5.395944E-25  5.393624E-25 -1.692885E-02
  1.010000E+02  5.954045E-01  5.276989E-25  5.279437E-25 -1.710305E-02
  1.015000E+02  5.996840E-01  5.170479E-25  5.168118E-25 -1.724895E-02
  1.020000E+02  6.039558E-01  5.057247E-25  5.059586E-25 -1.742421E-02
  1.025000E+02  6.082198E-01  4.956113E-25  4.953762E-25 -1.756995E-02
  1.030000E+02  6.124755E-01  4.848445E-25  4.850566E-25 -1.774536E-02
  1.035000E+02  6.167227E-01  4.751527E-25  4.749920E-25 -1.789339E-02
  1.040000E+02  6.209609E-01  4.650709E-25  4.651752E-25 -1.806328E-02
  1.045000E+02  6.251900E-01  4.556536E-25  4.555988E-25 -1.821822E-02
  1.050000E+02  6.294095E-01  4.462563E-25  4.462562E-25 -1.838093E-02
  1.055000E+02  6.336192E-01  4.370724E-25  4.371409E-25 -1.854434E-02
  1.060000E+02  6.378187E-01  4.283819E-25  4.282467E-25 -1.869689E-02
  1.065000E+02  6.420077E-01  4.193904E-25  4.195673E-25 -1.886983E-02
  1.070000E+02  6.461859E-01  4.112829E-25  4.110967E-25 -1.901483E-02
  1.075000E+02  6.503529E-01  4.026571E-25  4.028288E-25 -1.918998E-02
  1.080000E+02  6.545085E-01  3.948990E-25  3.947581E-25 -1.933595E-02
  1.085000E+02  6.586523E-01  3.867875E-25  3.868790E-25 -1.950599E-02
  1.090000E+02  6.627841E-01  3.792080E-25  3.791866E-25 -1.966009E-02
  1.095000E+02  6.669034E-01  3.717350E-25  3.716757E-25 -1.981704E-02
  1.100000E+02  6.710101E-01  3.642132E-25  3.643415E-25 -1.998467E-02
  1.105000E+02  6.751037E-01  3.573427E-25  3.571794E-25 -2.012789E-02
  1.110000E+02  6.791840E-01  3.500304E-25  3.501845E-25 -2.030181E-02
  1.115000E+02  6.832506E-01  3.434576E-25  3.433523E-25 -2.044508E-02
  1.120000E+02  6.873033E-01  3.366458E-25  3.366784E-25 -2.060912E-02
  1.125000E+02  6.913417E-01  3.301143E-25  3.301586E-25 -2.076575E-02
  1.130000E+02  6.953656E-01  3.238941E-25  3.237889E-25 -2.091236E-02
  1.135000E+02  6.993745E-01  3.174326E-25  3.175656E-25 -2.108111E-02
  1.140000E+02  7.033683E-01  3.116026E-25  3.114848E-25 -2.121972E-02
  1.145000E+02  7.073466E-01  3.054805E-25  3.055428E-25 -2.138396E-02
  1.150000E+02  7.113091E-01  2.997201E-25  2.997359E-25 -2.153330E-02
  1.155000E+02  7.152555E-01  2.941474E-25  2.940604E-25 -2.167776E-02
  1.160000E+02  7.191856E-01  2.883919E-25  2.885132E-25 -2.184220E-02
  1.165000E+02  7.230989E-01  2.831929E-25  2.830910E-25 -2.197638E-02
  1.170000E+02  7.269952E-01  2.777548E-25  2.777907E-25 -2.213468E-02
  1.175000E+02  7.308743E-01  2.725634E-25  2.726093E-25 -2.228280E-02
  1.180000E+02  7.347358E-01  2.676460E-25  2.675437E-25 -2.241772E-02
  1.185000E+02  7.385794E-01  2.624881E-25  2.625909E-25 -2.257823E-02
  1.190000E+02  7.424048E-01  2.577939E-25  2.577480E-25 -2.271019E-02
  1.195000E+02  7.462118E-01  2.530481E-25  2.530123E-25 -2.285323E-02
  1.200000E+02  7.500000E-01  2.482880E-25  2.483813E-25 -2.300497E-02
  1.205000E+02  7.537692E-01  2.439420E-25  2.438526E-25 -2.312919E-02
  1.210000E+02  7.575190E-01  2.393978E-25  2.394235E-25 -2.327693E-02
  1.215000E+02  7.612493E-01  2.350361E-25  2.350916E-25 -2.341572E-02
  1.220000E+02  7.649596E-01  2.309514E-25  2.308547E-25 -2.353634E-02
  1.225000E+02  7.686498E-01  2.266437E-25  2.267101E-25 -2.368419E-02
  1.230000E+02  7.723195E-01  2.226416E-25  2.226558E-25 -2.381031E-02
  1.235000E+02  7.759685E-01  2.187732E-25  2.186897E-25 -2.392998E-02
  1.240000E+02  7.795965E-01  2.147239E-25  2.148097E-25 -2.407393E-02
  1.245000E+02  7.832031E-01  2.110327E-25  2.110138E-25 -2.418836E-02
  1.250000E+02  7.867882E-01  2.073593E-25  2.073000E-25 -2.430674E-02
  1.255000E+02  7.903515E-01  2.035875E-25  2.036665E-25 -2.444188E-02
  1.260000E+02  7.938926E-01  2.001331E-25  2.001111E-25 -2.454911E-02
  1.265000E+02  7.974114E-01  1.966888E-25  1.966321E-25 -2.466099E-02
  1.270000E+02  8.009075E-01  1.931490E-25  1.932278E-25 -2.478976E-02
  1.275000E+02  8.043807E-01  1.899175E-25  1.898965E-25 -2.488905E-02
  1.280000E+02  8.078307E-01  1.866929E-25  1.866366E-25 -2.499274E-02
  1.285000E+02  8.112573E-01  1.833767E-25  1.834465E-25 -2.511307E-02
  1.290000E+02  8.146602E-01  1.803294E-25  1.803246E-25 -2.520599E-02
  1.295000E+02  8.180391E-01  1.773331E-25  1.772692E-25 -2.529757E-02
  1.300000E+02  8.213938E-01  1.742238E-25  1.742789E-25 -2.540890E-02
  1.305000E+02  8.247240E-01  1.713319E-25  1.713521E-25 -2.549736E-02
  1.310000E+02  8.280295E-01  1.685554E-25  1.684877E-25 -2.557522E-02
  1.315000E+02  8.313100E-01  1.656580E-25  1.656842E-25 -2.567416E-02
  1.320000E+02  8.345653E-01  1.628908E-25  1.629403E-25 -2.575992E-02
  1.325000E+02  8.377951E-01  1.603125E-25  1.602548E-25 -2.582335E-02
  1.330000E+02  8.409992E-01  1.576384E-25  1.576263E-25 -2.590471E-02
  1.335000E+02  8.441773E-01  1.549936E-25  1.550534E-25 -2.598641E-02
  1.340000E+02  8.473292E-01  1.525505E-25  1.525350E-25 -2.604227E-02
  1.345000E+02  8.504546E-01  1.501244E-25  1.500701E-25 -2.609937E-02
  1.350000E+02  8.535534E-01  1.476145E-25  1.476576E-25 -2.617331E-02
  1.355000E+02  8.566252E-01  1.452651E-25  1.452963E-25 -2.622561E-02
  1.360000E+02  8.596699E-01  1.430352E-25  1.429852E-25 -2.626184E-02
  1.365000E+02  8.626872E-01  1.407390E-25  1.407233E-25 -2.631214E-02
  1.370000E+02  8.656769E-01  1.384555E-25  1.385093E-25 -2.636382E-02
  1.375000E+02  8.686387E-01  1.363400E-25  1.363423E-25 -2.639029E-02
  1.380000E+02  8.715724E-01  1.342765E-25  1.342214E-25 -2.641057E-02
  1.385000E+02  8.744779E-01  1.321341E-25  1.321458E-25 -2.644725E-02
  1.390000E+02  8.773548E-01  1.300667E-25  1.301145E-25 -2.647320E-02
  1.395000E+02  8.802030E-01  1.281406E-25  1.281268E-25 -2.647566E-02
  1.400000E+02  8.830222E-01  1.262278E-25  1.261816E-25 -2.647746E-02
  1.405000E+02  8.858123E-01  1.242642E-25  1.242780E-25 -2.649084E-02
  1.410000E+02  8.885730E-01  1.223676E-25  1.224153E-25 -2.649383E-02
  1.415000E+02  8.913041E-01  1.206076E-25  1.205925E-25 -2.647234E-02
  1.420000E+02  8.940054E-01  1.188539E-25  1.188091E-25 -2.645075E-02
  1.425000E+02  8.966767E-01  1.170552E-25  1.170645E-25 -2.643898E-02
  1.430000E+02  8.993178E-01  1.153153E-25  1.153578E-25 -2.641627E-02
  1.435000E+02  9.019284E-01  1.136861E-25  1.136884E-25 -2.637180E-02
  1.440000E+02  9.045085E-01  1.120980E-25  1.120551E-25 -2.631963E-02
  1.445000E+02  9.070578E-01  1.104711E-25  1.104574E-25 -2.627638E-02
  1.450000E+02  9.095760E-01  1.088550E-25  1.088948E-25 -2.623126E-02
  1.455000E+02  9.120631E-01  1.073431E-25  1.073669E-25 -2.616367E-02
  1.460000E+02  9.145188E-01  1.059014E-25  1.058729E-25 -2.608024E-02
  1.465000E+02  9.169429E-01  1.044453E-25  1.044123E-25 -2.599933E-02
  1.470000E+02  9.193353E-01  1.029743E-25  1.029841E-25 -2.592133E-02
  1.475000E+02  9.216957E-01  1.015500E-25  1.015879E-25 -2.583249E-02
  1.480000E+02  9.240240E-01  1.002112E-25  1.002232E-25 -2.572350E-02
  1.485000E+02  9.263201E-01  9.892199E-26  9.888947E-26 -2.560189E-02
  1.490000E+02  9.285837E-01  9.761649E-26  9.758627E-26 -2.548234E-02
  1.495000E+02  9.308146E-01  9.629903E-26  9.631308E-26 -2.536381E-02
  1.500000E+02  9.330127E-01  9.503288E-26  9.506933E-26 -2.523150E-02
  1.505000E+02  9.351778E-01  9.384257E-26  9.385449E-26 -2.507943E-02
  1.510000E+02  9.373099E-01  9.269215E-26  9.266804E-26 -2.491573E-02
  1.515000E+02  9.394086E-01  9.154078E-26  9.150951E-26 -2.474978E-02
  1.520000E+02  9.414738E-01  9.038227E-26  9.037853E-26 -2.458292E-02
  1.525000E+02  9.435054E-01  8.924609E-26  8.927475E-26 -2.440797E-02
  1.530000E+02  9.455033E-01  8.816801E-26  8.819773E-26 -2.421584E-02
  1.535000E+02  9.474672E-01  8.714924E-26  8.714701E-26 -2.400590E-02
  1.540000E+02  9.493970E-01  8.615318E-26  8.612218E-26 -2.378700E-02
  1.545000E+02  9.512926E-01  8.514939E-26  8.512279E-26 -2.356648E-02
  1.550000E+02  9.531539E-01  8.414569E-26  8.414842E-26 -2.334221E-02
  1.555000E+02  9.549806E-01  8.317194E-26  8.319878E-26 -2.310676E-02
  1.560000E+02  9.567727E-01  8.224699E-26  8.227357E-26 -2.285528E-02
  1.565000E+02  9.585300E-01  8.136715E-26  8.137249E-26 -2.258840E-02
  1.570000E+02  9.602524E-01  8.051461E-26  8.049515E-26 -2.231028E-02
  1.575000E+02  9.619398E-01  7.967068E-26  7.964121E-26 -2.202542E-02
  1.580000E+02  9.635919E-01  7.882749E-26  7.881027E-26 -2.173571E-02
  1.585000E+02  9.652088E-01  7.799381E-26  7.800203E-26 -2.143892E-02
  1.590000E+02  9.667902E-01  7.718855E-26  7.721619E-26 -2.113028E-02
  1.595000E+02  9.683361E-01  7.642539E-26  7.645256E-26 -2.080643E-02
  1.600000E+02  9.698463E-01  7.570234E-26  7.571088E-26 -2.046775E-02
  1.605000E+02  9.713207E-01  7.500513E-26  7.499090E-26 -2.011758E-02
  1.610000E+02  9.727593E-01  7.431916E-26  7.429228E-26 -1.975931E-02
  1.615000E+02  9.741618E-01  7.363864E-26  7.361473E-26 -1.939434E-02
  1.620000E+02  9.755283E-01  7.296722E-26  7.295796E-26 -1.902174E-02
  1.625000E+02  9.768585E-01  7.231317E-26  7.232177E-26 -1.863959E-02
  1.630000E+02  9.781524E-01  7.168432E-26  7.170597E-26 -1.824609E-02
  1.635000E+02  9.794099E-01  7.108518E-26  7.111042E-26 -1.784019E-02
  1.640000E+02  9.806308E-01  7.051620E-26  7.053489E-26 -1.742182E-02
  1.645000E+02  9.818152E-01  6.997414E-26  6.997915E-26 -1.699186E-02
  1.650000E+02  9.829629E-01  6.945342E-26  6.944292E-26 -1.655167E-02
  1.655000E+02  9.840738E-01  6.894820E-26  6.892599E-26 -1.610274E-02
  1.660000E+02  9.851479E-01  6.845440E-26  6.842817E-26 -1.564595E-02
  1.665000E+02  9.861850E-01  6.797105E-26  6.794936E-26 -1.518152E-02
  1.670000E+02  9.871850E-01  6.750016E-26  6.748943E-26 -1.470904E-02
  1.675000E+02  9.881480E-01  6.704542E-26  6.704825E-26 -1.422776E-02
  1.680000E+02  9.890738E-01  6.661065E-26  6.662562E-26 -1.373701E-02
  1.685000E+02  9.899624E-01  6.619855E-26  6.622137E-26 -1.323667E-02
  1.690000E+02  9.908136E-01  6.581009E-26  6.583526E-26 -1.272686E-02
  1.695000E+02  9.916275E-01  6.544474E-26  6.546715E-26 -1.220804E-02
  1.700000E+02  9.924039E-01  6.510107E-26  6.511698E-26 -1.168090E-02
  1.705000E+02  9.931428E-01  6.477729E-26  6.478471E-26 -1.114601E-02
  1.710000E+02  9.938442E-01  6.447164E-26  6.447024E-26 -1.060373E-02
  1.715000E+02  9.945079E-01  6.418273E-26  6.417344E-26 -1.005441E-02
  1.720000E+02  9.951340E-01  6.390967E-26  6.389417E-26 -9.498526E-03
  1.725000E+02  9.957224E-01  6.365194E-26  6.363225E-26 -8.936527E-03
  1.730000E+02  9.962731E-01  6.340940E-26  6.338752E-26 -8.368811E-03
  1.735000E+02  9.967859E-01  6.318228E-26  6.315997E-26 -7.795790E-03
  1.740000E+02  9.972609E-01  6.297098E-26  6.294965E-26 -7.217721E-03
  1.745000E+02  9.976981E-01  6.277585E-26  6.275652E-26 -6.634673E-03
  1.750000E+02  9.980973E-01  6.259718E-26  6.258050E-26 -6.046773E-03
  1.755000E+02  9.984587E-01  6.243515E-26  6.242146E-26 -5.454407E-03
  1.760000E+02  9.987820E-01  6.228985E-26  6.227923E-26 -4.858117E-03
  1.765000E+02  9.990674E-01  6.216139E-26  6.215372E-26 -4.258463E-03
  1.770000E+02  9.993148E-01  6.204991E-26  6.204492E-26 -3.655971E-03
  1.775000E+02  9.995241E-01  6.195559E-26  6.195294E-26 -3.050955E-03
  1.780000E+02  9.996954E-01  6.187855E-26  6.187784E-26 -2.443687E-03
  1.785000E+02  9.998287E-01  6.181882E-26  6.181962E-26 -1.834477E-03
  1.790000E+02  9.999238E-01  6.177633E-26  6.177821E-26 -1.223775E-03
  1.795000E+02  9.999810E-01  6.175092E-26  6.175344E-26 -6.121406E-04
  1.800000E+02  1.000000E+00  6.174246E-26  6.174521E-26  0.000000E+00
