 #
 # Subroutine ELSEPM. Elastic scattering ofelectrons and positrons by
 #       molecules (single-scattering independent-atom approximation)
 #
 # Molecule: Water (vapour)                     
 #
 # Structure:
 # IZ =  8,    X,Y,Z =   0.00000E+00  0.00000E+00  0.00000E+00 cm
 # IZ =  1,    X,Y,Z =   9.57200E-09  0.00000E+00  0.00000E+00 cm
 # IZ =  1,    X,Y,Z =  -2.39990E-09  9.26630E-09  0.00000E+00 cm
 #
 # Projectile: electron
 # Kinetic energy = 8.0000000E+06 eV
 #
 # Furness-McCarthy exchange potential
 #
 # No correlation-polarization potential
 #
 # No absorption potential
 #
 # Integrated cross sections:
 #                     coherent      incoherent
 #         total cs: 3.4906810E-19  2.9751229E-19
 # 1st transport cs: 1.5790488E-24  1.5792910E-24
 # 2nd transport cs: 4.5469015E-24  4.5476273E-24
 #
 # Differential cross section:                     MU=(1-COS(THETA))/2
 #
 #   THETA           MU         DCS coh      DCS incoh      Sherman
 #   (deg)                     (cm**2/sr)    (cm**2/sr)     function
 #--------------------------------------------------------------------
  0.000000E+00  0.000000E+00  2.568644E-13  1.248214E-13  0.000000E+00
  1.000000E-04  7.615575E-13  2.568609E-13  1.248204E-13  0.000000E+00
  1.250000E-04  1.189937E-12  2.568589E-13  1.248199E-13  0.000000E+00
  1.500000E-04  1.713463E-12  2.568564E-13  1.248193E-13  0.000000E+00
  1.750000E-04  2.332246E-12  2.568535E-13  1.248185E-13  0.000000E+00
  2.000000E-04  3.046174E-12  2.568502E-13  1.248176E-13  0.000000E+00
  2.250000E-04  3.855305E-12  2.568464E-13  1.248166E-13  0.000000E+00
  2.500000E-04  4.759637E-12  2.568421E-13  1.248155E-13  0.000000E+00
  2.750000E-04  5.759171E-12  2.568375E-13  1.248142E-13  0.000000E+00
  3.000000E-04  6.853906E-12  2.568323E-13  1.248129E-13  0.000000E+00
  3.250000E-04  8.043788E-12  2.568268E-13  1.248114E-13  0.000000E+00
  3.500000E-04  9.328927E-12  2.568208E-13  1.248098E-13  0.000000E+00
  3.750000E-04  1.070921E-11  2.568143E-13  1.248081E-13  0.000000E+00
  4.000000E-04  1.218470E-11  2.568074E-13  1.248063E-13  0.000000E+00
  4.250000E-04  1.375539E-11  2.568000E-13  1.248043E-13  0.000000E+00
  4.500000E-04  1.542128E-11  2.567922E-13  1.248023E-13  0.000000E+00
  4.750000E-04  1.718231E-11  2.567840E-13  1.248001E-13  0.000000E+00
  5.000000E-04  1.903860E-11  2.567753E-13  1.247978E-13  0.000000E+00
  5.250000E-04  2.099004E-11  2.567662E-13  1.247953E-13  0.000000E+00
  5.500000E-04  2.303668E-11  2.567566E-13  1.247928E-13  0.000000E+00
  5.750000E-04  2.517853E-11  2.567466E-13  1.247901E-13  0.000000E+00
  6.000000E-04  2.741557E-11  2.567361E-13  1.247874E-13  0.000000E+00
  6.250000E-04  2.974782E-11  2.567252E-13  1.247845E-13  0.000000E+00
  6.500000E-04  3.217521E-11  2.567139E-13  1.247815E-13  0.000000E+00
  6.750000E-04  3.469786E-11  2.567020E-13  1.247783E-13  0.000000E+00
  7.000000E-04  3.731565E-11  2.566898E-13  1.247751E-13  0.000000E+00
  7.250000E-04  4.002865E-11  2.566771E-13  1.247717E-13  0.000000E+00
  7.500000E-04  4.283685E-11  2.566640E-13  1.247682E-13  0.000000E+00
  7.750000E-04  4.574019E-11  2.566504E-13  1.247646E-13  0.000000E+00
  8.000000E-04  4.873879E-11  2.566364E-13  1.247609E-13  0.000000E+00
  8.250000E-04  5.183254E-11  2.566219E-13  1.247571E-13  0.000000E+00
  8.500000E-04  5.502154E-11  2.566070E-13  1.247531E-13  0.000000E+00
  8.750000E-04  5.830569E-11  2.565916E-13  1.247491E-13  0.000000E+00
  9.000000E-04  6.168505E-11  2.565758E-13  1.247449E-13  0.000000E+00
  9.250000E-04  6.515954E-11  2.565596E-13  1.247406E-13  0.000000E+00
  9.500000E-04  6.872930E-11  2.565429E-13  1.247361E-13  0.000000E+00
  9.750000E-04  7.239426E-11  2.565258E-13  1.247316E-13  0.000000E+00
  1.000000E-03  7.615436E-11  2.565082E-13  1.247269E-13  0.000000E+00
  1.250000E-03  1.189912E-10  2.563081E-13  1.246739E-13  0.000000E+00
  1.500000E-03  1.713473E-10  2.560639E-13  1.246090E-13  0.000000E+00
  1.750000E-03  2.332227E-10  2.557756E-13  1.245325E-13  0.000000E+00
  2.000000E-03  3.046174E-10  2.554434E-13  1.244442E-13  0.000000E+00
  2.250000E-03  3.855314E-10  2.550677E-13  1.243443E-13  0.000000E+00
  2.500000E-03  4.759647E-10  2.546487E-13  1.242328E-13  0.000000E+00
  2.750000E-03  5.759173E-10  2.541866E-13  1.241097E-13  0.000000E+00
  3.000000E-03  6.853892E-10  2.536817E-13  1.239752E-13  0.000000E+00
  3.250000E-03  8.043804E-10  2.531344E-13  1.238291E-13  0.000000E+00
  3.500000E-03  9.328908E-10  2.525451E-13  1.236717E-13  0.000000E+00
  3.750000E-03  1.070921E-09  2.519141E-13  1.235030E-13  0.000000E+00
  4.000000E-03  1.218470E-09  2.512420E-13  1.233229E-13  0.000000E+00
  4.250000E-03  1.375538E-09  2.505290E-13  1.231318E-13  0.000000E+00
  4.500000E-03  1.542126E-09  2.497757E-13  1.229295E-13  0.000000E+00
  4.750000E-03  1.718233E-09  2.489826E-13  1.227162E-13  0.000000E+00
  5.000000E-03  1.903859E-09  2.481503E-13  1.224919E-13  0.000000E+00
  5.250000E-03  2.099004E-09  2.472791E-13  1.222568E-13  0.000000E+00
  5.500000E-03  2.303669E-09  2.463698E-13  1.220110E-13  0.000000E+00
  5.750000E-03  2.517853E-09  2.454229E-13  1.217546E-13  0.000000E+00
  6.000000E-03  2.741557E-09  2.444391E-13  1.214876E-13  0.000000E+00
  6.250000E-03  2.974779E-09  2.434189E-13  1.212102E-13  0.000000E+00
  6.500000E-03  3.217521E-09  2.423629E-13  1.209225E-13  0.000000E+00
  6.750000E-03  3.469783E-09  2.412720E-13  1.206245E-13  0.000000E+00
  7.000000E-03  3.731563E-09  2.401467E-13  1.203165E-13  0.000000E+00
  7.250000E-03  4.002863E-09  2.389878E-13  1.199986E-13  0.000000E+00
  7.500000E-03  4.283682E-09  2.377959E-13  1.196708E-13  0.000000E+00
  7.750000E-03  4.574021E-09  2.365719E-13  1.193333E-13  0.000000E+00
  8.000000E-03  4.873879E-09  2.353164E-13  1.189862E-13  0.000000E+00
  8.250000E-03  5.183256E-09  2.340303E-13  1.186297E-13  0.000000E+00
  8.500000E-03  5.502152E-09  2.327143E-13  1.182639E-13  0.000000E+00
  8.750000E-03  5.830568E-09  2.313692E-13  1.178890E-13  0.000000E+00
  9.000000E-03  6.168503E-09  2.299957E-13  1.175051E-13  0.000000E+00
  9.250000E-03  6.515957E-09  2.285948E-13  1.171122E-13  0.000000E+00
  9.500000E-03  6.872931E-09  2.271672E-13  1.167107E-13  0.000000E+00
  9.750000E-03  7.239423E-09  2.257137E-13  1.163006E-13  0.000000E+00
  1.000000E-02  7.615435E-09  2.242353E-13  1.158821E-13  0.000000E+00
  1.250000E-02  1.189912E-08  2.082616E-13  1.112694E-13  0.000000E+00
  1.500000E-02  1.713473E-08  1.907239E-13  1.059953E-13  0.000000E+00
  1.750000E-02  2.332227E-08  1.724455E-13  1.002297E-13  0.000000E+00
  2.000000E-02  3.046174E-08  1.541589E-13  9.413924E-14  0.000000E+00
  2.250000E-02  3.855314E-08  1.364645E-13  8.787876E-14  0.000000E+00
  2.500000E-02  4.759647E-08  1.198122E-13  8.158528E-14  0.000000E+00
  2.750000E-02  5.759173E-08  1.045025E-13  7.537459E-14  0.000000E+00
  3.000000E-02  6.853892E-08  9.070224E-14  6.934002E-14  0.000000E+00
  3.250000E-02  8.043804E-08  7.846791E-14  6.355297E-14  0.000000E+00
  3.500000E-02  9.328908E-08  6.777170E-14  5.806467E-14  0.000000E+00
  3.750000E-02  1.070921E-07  5.852698E-14  5.290860E-14  0.000000E+00
  4.000000E-02  1.218470E-07  5.061039E-14  4.810336E-14  0.000000E+00
  4.250000E-02  1.375538E-07  4.387964E-14  4.365545E-14  0.000000E+00
  4.500000E-02  1.542126E-07  3.818692E-14  3.956193E-14  0.000000E+00
  4.750000E-02  1.718233E-07  3.338827E-14  3.581282E-14  0.000000E+00
  5.000000E-02  1.903859E-07  2.934950E-14  3.239312E-14  0.000000E+00
  5.250000E-02  2.099004E-07  2.594960E-14  2.928448E-14  0.000000E+00
  5.500000E-02  2.303669E-07  2.308210E-14  2.646654E-14  0.000000E+00
  5.750000E-02  2.517853E-07  2.065521E-14  2.391799E-14  0.000000E+00
  6.000000E-02  2.741557E-07  1.859105E-14  2.161735E-14  0.000000E+00
  6.250000E-02  2.974779E-07  1.682441E-14  1.954355E-14  0.000000E+00
  6.500000E-02  3.217521E-07  1.530131E-14  1.767632E-14  0.000000E+00
  6.750000E-02  3.469782E-07  1.397745E-14  1.599646E-14  0.000000E+00
  7.000000E-02  3.731563E-07  1.281678E-14  1.448604E-14  0.000000E+00
  7.250000E-02  4.002863E-07  1.179014E-14  1.312840E-14  0.000000E+00
  7.500000E-02  4.283682E-07  1.087406E-14  1.190826E-14  0.000000E+00
  7.750000E-02  4.574020E-07  1.004976E-14  1.081164E-14  0.000000E+00
  8.000000E-02  4.873878E-07  9.302223E-15  9.825838E-15  0.000000E+00
  8.250000E-02  5.183255E-07  8.619513E-15  8.939360E-15  0.000000E+00
  8.500000E-02  5.502151E-07  7.992137E-15  8.141831E-15  0.000000E+00
  8.750000E-02  5.830567E-07  7.412565E-15  7.423923E-15  0.000000E+00
  9.000000E-02  6.168501E-07  6.874829E-15  6.777264E-15  0.000000E+00
  9.250000E-02  6.515956E-07  6.374202E-15  6.194356E-15  0.000000E+00
  9.500000E-02  6.872929E-07  5.906939E-15  5.668491E-15  0.000000E+00
  9.750000E-02  7.239422E-07  5.470068E-15  5.193678E-15  0.000000E+00
  1.000000E-01  7.615434E-07  5.061224E-15  4.764567E-15  0.000000E+00
  1.250000E-01  1.189911E-06  2.219964E-15  2.153984E-15  0.000000E+00
  1.500000E-01  1.713472E-06  1.034103E-15  1.094112E-15  0.000000E+00
  1.750000E-01  2.332225E-06  6.147594E-16  6.130366E-16  0.000000E+00
  2.000000E-01  3.046171E-06  3.850744E-16  3.715305E-16  0.000000E+00
  2.250000E-01  3.855309E-06  2.359183E-16  2.394833E-16  0.000000E+00
  2.500000E-01  4.759640E-06  1.582572E-16  1.620248E-16  0.000000E+00
  2.750000E-01  5.759162E-06  1.163624E-16  1.139113E-16  0.000000E+00
  3.000000E-01  6.853876E-06  8.345012E-17  8.260199E-17  0.000000E+00
  3.250000E-01  8.043782E-06  6.005229E-17  6.143781E-17  0.000000E+00
  3.500000E-01  9.328879E-06  4.675017E-17  4.667493E-17  0.000000E+00
  3.750000E-01  1.070917E-05  3.673254E-17  3.610333E-17  0.000000E+00
  4.000000E-01  1.218465E-05  2.814712E-17  2.836293E-17  0.000000E+00
  4.250000E-01  1.375532E-05  2.229418E-17  2.258639E-17  0.000000E+00
  4.500000E-01  1.542118E-05  1.844059E-17  1.820342E-17  0.000000E+00
  4.750000E-01  1.718223E-05  1.490574E-17  1.482903E-17  0.000000E+00
  5.000000E-01  1.903847E-05  1.203518E-17  1.219729E-17  0.000000E+00
  5.250000E-01  2.098990E-05  1.012880E-17  1.012082E-17  0.000000E+00
  5.500000E-01  2.303652E-05  8.563845E-18  8.465196E-18  0.000000E+00
  5.750000E-01  2.517832E-05  7.093024E-18  7.132480E-18  0.000000E+00
  6.000000E-01  2.741532E-05  5.998373E-18  6.050285E-18  0.000000E+00
  6.250000E-01  2.974750E-05  5.212185E-18  5.164434E-18  0.000000E+00
  6.500000E-01  3.217487E-05  4.448555E-18  4.433901E-18  0.000000E+00
  6.750000E-01  3.469743E-05  3.791506E-18  3.827291E-18  0.000000E+00
  7.000000E-01  3.731517E-05  3.321796E-18  3.320342E-18  0.000000E+00
  7.250000E-01  4.002810E-05  2.920074E-18  2.894138E-18  0.000000E+00
  7.500000E-01  4.283621E-05  2.521940E-18  2.533804E-18  0.000000E+00
  7.750000E-01  4.573951E-05  2.214040E-18  2.227553E-18  0.000000E+00
  8.000000E-01  4.873800E-05  1.979580E-18  1.965977E-18  0.000000E+00
  8.250000E-01  5.183166E-05  1.746063E-18  1.741516E-18  0.000000E+00
  8.500000E-01  5.502051E-05  1.536519E-18  1.548053E-18  0.000000E+00
  8.750000E-01  5.830454E-05  1.381324E-18  1.380614E-18  0.000000E+00
  9.000000E-01  6.168376E-05  1.243966E-18  1.235125E-18  0.000000E+00
  9.250000E-01  6.515815E-05  1.103771E-18  1.108235E-18  0.000000E+00
  9.500000E-01  6.872773E-05  9.926041E-19  9.971746E-19  0.000000E+00
  9.750000E-01  7.239249E-05  9.045334E-19  8.996393E-19  0.000000E+00
  1.000000E+00  7.615242E-05  8.155596E-19  8.137068E-19  0.000000E+00
  1.100000E+00  9.214394E-05  5.554555E-19  5.573182E-19  0.000000E+00
  1.200000E+00  1.096583E-04  3.920677E-19  3.942673E-19  0.000000E+00
  1.300000E+00  1.286953E-04  2.856734E-19  2.866482E-19  0.000000E+00
  1.400000E+00  1.492551E-04  2.135278E-19  2.133348E-19  0.000000E+00
  1.500000E+00  1.713375E-04  1.626457E-19  1.620148E-19  0.000000E+00
  1.600000E+00  1.949425E-04  1.256846E-19  1.252312E-19  0.000000E+00
  1.700000E+00  2.200699E-04  9.839077E-20  9.831451E-20  0.000000E+00
  1.800000E+00  2.467198E-04  7.807925E-20  7.825405E-20  0.000000E+00
  1.900000E+00  2.748920E-04  6.285279E-20  6.305778E-20  0.000000E+00
  2.000000E+00  3.045865E-04  5.128315E-20  5.137701E-20  0.000000E+00
  2.100000E+00  3.358031E-04  4.231071E-20  4.227971E-20  0.000000E+00
  2.200000E+00  3.685418E-04  3.519767E-20  3.510969E-20  0.000000E+00
  2.300000E+00  4.028024E-04  2.946557E-20  2.939718E-20  0.000000E+00
  2.400000E+00  4.385850E-04  2.481291E-20  2.480070E-20  0.000000E+00
  2.500000E+00  4.758892E-04  2.103554E-20  2.106858E-20  0.000000E+00
  2.600000E+00  5.147151E-04  1.797046E-20  1.801290E-20  0.000000E+00
  2.700000E+00  5.550625E-04  1.547062E-20  1.549172E-20  0.000000E+00
  2.800000E+00  5.969313E-04  1.340469E-20  1.339669E-20  0.000000E+00
  2.900000E+00  6.403214E-04  1.166767E-20  1.164420E-20  0.000000E+00
  3.000000E+00  6.852326E-04  1.018791E-20  1.016919E-20  0.000000E+00
  3.100000E+00  7.316648E-04  8.923004E-21  8.920572E-21  0.000000E+00
  3.200000E+00  7.796179E-04  7.846702E-21  7.857890E-21  0.000000E+00
  3.300000E+00  8.290917E-04  6.935419E-21  6.948884E-21  0.000000E+00
  3.400000E+00  8.800860E-04  6.161839E-21  6.167640E-21  0.000000E+00
  3.500000E+00  9.326008E-04  5.497087E-21  5.493197E-21  0.000000E+00
  3.600000E+00  9.866358E-04  4.916874E-21  4.908503E-21  0.000000E+00
  3.700000E+00  1.042191E-03  4.405519E-21  4.399600E-21  0.000000E+00
  3.800000E+00  1.099266E-03  3.955024E-21  3.954993E-21  0.000000E+00
  3.900000E+00  1.157861E-03  3.560790E-21  3.565176E-21  0.000000E+00
  4.000000E+00  1.217975E-03  3.217514E-21  3.222243E-21  0.000000E+00
  4.100000E+00  1.279609E-03  2.917781E-21  2.919582E-21  0.000000E+00
  4.200000E+00  1.342761E-03  2.653295E-21  2.651651E-21  0.000000E+00
  4.300000E+00  1.407433E-03  2.416983E-21  2.413775E-21  0.000000E+00
  4.400000E+00  1.473624E-03  2.204284E-21  2.201995E-21  0.000000E+00
  4.500000E+00  1.541333E-03  2.012975E-21  2.012949E-21  0.000000E+00
  4.600000E+00  1.610561E-03  1.841955E-21  1.843771E-21  0.000000E+00
  4.700000E+00  1.681307E-03  1.689920E-21  1.692005E-21  0.000000E+00
  4.800000E+00  1.753570E-03  1.554671E-21  1.555546E-21  0.000000E+00
  4.900000E+00  1.827352E-03  1.433316E-21  1.432576E-21  0.000000E+00
  5.000000E+00  1.902651E-03  1.323099E-21  1.321525E-21  0.000000E+00
  5.100000E+00  1.979467E-03  1.222194E-21  1.221035E-21  0.000000E+00
  5.200000E+00  2.057801E-03  1.129905E-21  1.129922E-21  0.000000E+00
  5.300000E+00  2.137651E-03  1.046163E-21  1.047154E-21  0.000000E+00
  5.400000E+00  2.219018E-03  9.707384E-22  9.718318E-22  0.000000E+00
  5.500000E+00  2.301901E-03  9.027729E-22  9.031653E-22  0.000000E+00
  5.600000E+00  2.386300E-03  8.409306E-22  8.404600E-22  0.000000E+00
  5.700000E+00  2.472215E-03  7.839528E-22  7.831063E-22  0.000000E+00
  5.800000E+00  2.559646E-03  7.311194E-22  7.305650E-22  0.000000E+00
  5.900000E+00  2.648591E-03  6.822830E-22  6.823588E-22  0.000000E+00
  6.000000E+00  2.739052E-03  6.375273E-22  6.380662E-22  0.000000E+00
  6.100000E+00  2.831028E-03  5.967661E-22  5.973118E-22  0.000000E+00
  6.200000E+00  2.924518E-03  5.595842E-22  5.597611E-22  0.000000E+00
  6.300000E+00  3.019522E-03  5.253664E-22  5.251171E-22  0.000000E+00
  6.400000E+00  3.116040E-03  4.935507E-22  4.931137E-22  0.000000E+00
  6.500000E+00  3.214072E-03  4.638122E-22  4.635124E-22  0.000000E+00
  6.600000E+00  3.313617E-03  4.360792E-22  4.361008E-22  0.000000E+00
  6.700000E+00  3.414675E-03  4.104012E-22  4.106871E-22  0.000000E+00
  6.800000E+00  3.517246E-03  3.867779E-22  3.870984E-22  0.000000E+00
  6.900000E+00  3.621329E-03  3.650533E-22  3.651806E-22  0.000000E+00
  7.000000E+00  3.726924E-03  3.449277E-22  3.447930E-22  0.000000E+00
  7.100000E+00  3.834031E-03  3.260810E-22  3.258087E-22  0.000000E+00
  7.200000E+00  3.942649E-03  3.083137E-22  3.081148E-22  0.000000E+00
  7.300000E+00  4.052779E-03  2.915955E-22  2.916058E-22  0.000000E+00
  7.400000E+00  4.164419E-03  2.760008E-22  2.761886E-22  0.000000E+00
  7.500000E+00  4.277569E-03  2.615704E-22  2.617778E-22  0.000000E+00
  7.600000E+00  4.392230E-03  2.482204E-22  2.482947E-22  0.000000E+00
  7.700000E+00  4.508400E-03  2.357637E-22  2.356693E-22  0.000000E+00
  7.800000E+00  4.626080E-03  2.240088E-22  2.238368E-22  0.000000E+00
  7.900000E+00  4.745268E-03  2.128547E-22  2.127379E-22  0.000000E+00
  8.000000E+00  4.865966E-03  2.023070E-22  2.023189E-22  0.000000E+00
  8.100000E+00  4.988171E-03  1.924169E-22  1.925303E-22  0.000000E+00
  8.200000E+00  5.111885E-03  1.832040E-22  1.833269E-22  0.000000E+00
  8.300000E+00  5.237105E-03  1.746195E-22  1.746672E-22  0.000000E+00
  8.400000E+00  5.363834E-03  1.665631E-22  1.665131E-22  0.000000E+00
  8.500000E+00  5.492068E-03  1.589319E-22  1.588295E-22  0.000000E+00
  8.600000E+00  5.621809E-03  1.516641E-22  1.515843E-22  0.000000E+00
  8.700000E+00  5.753057E-03  1.447525E-22  1.447478E-22  0.000000E+00
  8.800000E+00  5.885809E-03  1.382253E-22  1.382925E-22  0.000000E+00
  8.900000E+00  6.020067E-03  1.321071E-22  1.321933E-22  0.000000E+00
  9.000000E+00  6.155830E-03  1.263842E-22  1.264268E-22  0.000000E+00
  9.100000E+00  6.293097E-03  1.209997E-22  1.209715E-22  0.000000E+00
  9.200000E+00  6.431867E-03  1.158803E-22  1.158075E-22  0.000000E+00
  9.300000E+00  6.572142E-03  1.109769E-22  1.109162E-22  0.000000E+00
  9.400000E+00  6.713919E-03  1.062864E-22  1.062805E-22  0.000000E+00
  9.500000E+00  6.857199E-03  1.018372E-22  1.018847E-22  0.000000E+00
  9.600000E+00  7.001981E-03  9.765305E-23  9.771386E-23  0.000000E+00
  9.700000E+00  7.148265E-03  9.372497E-23  9.375441E-23  0.000000E+00
  9.800000E+00  7.296051E-03  9.001214E-23  8.999359E-23  0.000000E+00
  9.900000E+00  7.445337E-03  8.646709E-23  8.641954E-23  0.000000E+00
  1.000000E+01  7.596123E-03  8.306171E-23  8.302122E-23  0.000000E+00
  1.025000E+01  7.979651E-03  7.526910E-23  7.522870E-23  0.000000E+00
  1.050000E+01  8.372546E-03  6.833552E-23  6.832972E-23  0.000000E+00
  1.075000E+01  8.774801E-03  6.218235E-23  6.220405E-23  0.000000E+00
  1.100000E+01  9.186408E-03  5.671925E-23  5.674998E-23  0.000000E+00
  1.125000E+01  9.607360E-03  5.186939E-23  5.188096E-23  0.000000E+00
  1.150000E+01  1.003765E-02  4.753326E-23  4.752330E-23  0.000000E+00
  1.175000E+01  1.047726E-02  4.363576E-23  4.361382E-23  0.000000E+00
  1.200000E+01  1.092620E-02  4.011078E-23  4.009832E-23  0.000000E+00
  1.225000E+01  1.138445E-02  3.692691E-23  3.693011E-23  0.000000E+00
  1.250000E+01  1.185200E-02  3.405367E-23  3.406876E-23  0.000000E+00
  1.275000E+01  1.232884E-02  3.146808E-23  3.147931E-23  0.000000E+00
  1.300000E+01  1.281497E-02  2.913097E-23  2.913130E-23  0.000000E+00
  1.325000E+01  1.331037E-02  2.700842E-23  2.699822E-23  0.000000E+00
  1.350000E+01  1.381504E-02  2.506622E-23  2.505688E-23  0.000000E+00
  1.375000E+01  1.432897E-02  2.328886E-23  2.328694E-23  0.000000E+00
  1.400000E+01  1.485214E-02  2.166367E-23  2.167057E-23  0.000000E+00
  1.425000E+01  1.538455E-02  2.018457E-23  2.019204E-23  0.000000E+00
  1.450000E+01  1.592618E-02  1.883507E-23  1.883749E-23  0.000000E+00
  1.475000E+01  1.647703E-02  1.759941E-23  1.759463E-23  0.000000E+00
  1.500000E+01  1.703709E-02  1.645846E-23  1.645259E-23  0.000000E+00
  1.525000E+01  1.760634E-02  1.540407E-23  1.540172E-23  0.000000E+00
  1.550000E+01  1.818477E-02  1.442994E-23  1.443340E-23  0.000000E+00
  1.575000E+01  1.877238E-02  1.353539E-23  1.354000E-23  0.000000E+00
  1.600000E+01  1.936915E-02  1.271262E-23  1.271463E-23  0.000000E+00
  1.625000E+01  1.997507E-02  1.195385E-23  1.195119E-23  0.000000E+00
  1.650000E+01  2.059013E-02  1.124783E-23  1.124418E-23  0.000000E+00
  1.675000E+01  2.121432E-02  1.059020E-23  1.058866E-23  0.000000E+00
  1.700000E+01  2.184762E-02  9.978040E-24  9.980208E-24  0.000000E+00
  1.725000E+01  2.249003E-02  9.411873E-24  9.414798E-24  0.000000E+00
  1.750000E+01  2.314152E-02  8.887838E-24  8.888868E-24  0.000000E+00
  1.775000E+01  2.380210E-02  8.400968E-24  8.399104E-24  0.000000E+00
  1.800000E+01  2.447174E-02  7.944979E-24  7.942624E-24  0.000000E+00
  1.825000E+01  2.515044E-02  7.517204E-24  7.516683E-24  0.000000E+00
  1.850000E+01  2.583817E-02  7.117262E-24  7.118920E-24  0.000000E+00
  1.875000E+01  2.653494E-02  6.745216E-24  6.747084E-24  0.000000E+00
  1.900000E+01  2.724071E-02  6.399147E-24  6.399196E-24  0.000000E+00
  1.925000E+01  2.795549E-02  6.074918E-24  6.073422E-24  0.000000E+00
  1.950000E+01  2.867925E-02  5.769495E-24  5.768093E-24  0.000000E+00
  1.975000E+01  2.941199E-02  5.481342E-24  5.481694E-24  0.000000E+00
  2.000000E+01  3.015369E-02  5.211483E-24  5.212825E-24  0.000000E+00
  2.025000E+01  3.090433E-02  4.959307E-24  4.960223E-24  0.000000E+00
  2.050000E+01  3.166391E-02  4.723360E-24  4.722717E-24  0.000000E+00
  2.075000E+01  3.243240E-02  4.500399E-24  4.499238E-24  0.000000E+00
  2.100000E+01  3.320979E-02  4.289210E-24  4.288803E-24  0.000000E+00
  2.125000E+01  3.399607E-02  4.089706E-24  4.090508E-24  0.000000E+00
  2.150000E+01  3.479122E-02  3.902610E-24  3.903526E-24  0.000000E+00
  2.175000E+01  3.559522E-02  3.727162E-24  3.727089E-24  0.000000E+00
  2.200000E+01  3.640807E-02  3.561314E-24  3.560493E-24  0.000000E+00
  2.225000E+01  3.722975E-02  3.403658E-24  3.403083E-24  0.000000E+00
  2.250000E+01  3.806023E-02  3.253823E-24  3.254260E-24  0.000000E+00
  2.275000E+01  3.889951E-02  3.112756E-24  3.113469E-24  0.000000E+00
  2.300000E+01  3.974757E-02  2.980042E-24  2.980193E-24  0.000000E+00
  2.325000E+01  4.060439E-02  2.854560E-24  2.853958E-24  0.000000E+00
  2.350000E+01  4.146996E-02  2.734800E-24  2.734319E-24  0.000000E+00
  2.375000E+01  4.234426E-02  2.620618E-24  2.620869E-24  0.000000E+00
  2.400000E+01  4.322727E-02  2.512675E-24  2.513229E-24  0.000000E+00
  2.425000E+01  4.411898E-02  2.410900E-24  2.411044E-24  0.000000E+00
  2.450000E+01  4.501936E-02  2.314462E-24  2.313986E-24  0.000000E+00
  2.475000E+01  4.592841E-02  2.222088E-24  2.221750E-24  0.000000E+00
  2.500000E+01  4.684611E-02  2.133839E-24  2.134051E-24  0.000000E+00
  2.550000E+01  4.870736E-02  1.971190E-24  1.971225E-24  0.000000E+00
  2.600000E+01  5.060298E-02  1.823774E-24  1.823590E-24  0.000000E+00
  2.650000E+01  5.253282E-02  1.689178E-24  1.689478E-24  0.000000E+00
  2.700000E+01  5.449674E-02  1.567757E-24  1.567428E-24  0.000000E+00
  2.750000E+01  5.649458E-02  1.455894E-24  1.456163E-24  0.000000E+00
  2.800000E+01  5.852620E-02  1.354767E-24  1.354560E-24  0.000000E+00
  2.850000E+01  6.059144E-02  1.261478E-24  1.261630E-24  0.000000E+00
  2.900000E+01  6.269015E-02  1.176580E-24  1.176503E-24  0.000000E+00
  2.950000E+01  6.482215E-02  1.098393E-24  1.098404E-24  0.000000E+00
  3.000000E+01  6.698730E-02  1.026629E-24  1.026648E-24  0.000000E+00
  3.050000E+01  6.918542E-02  9.606637E-25  9.606281E-25  0.000000E+00
  3.100000E+01  7.141635E-02  8.997458E-25  8.998012E-25  0.000000E+00
  3.150000E+01  7.367992E-02  8.437572E-25  8.436876E-25  0.000000E+00
  3.200000E+01  7.597595E-02  7.917875E-25  7.918550E-25  0.000000E+00
  3.250000E+01  7.830428E-02  7.439747E-25  7.439200E-25  0.000000E+00
  3.300000E+01  8.066472E-02  6.994932E-25  6.995351E-25  0.000000E+00
  3.350000E+01  8.305709E-02  6.584212E-25  6.583893E-25  0.000000E+00
  3.400000E+01  8.548121E-02  6.201832E-25  6.202039E-25  0.000000E+00
  3.450000E+01  8.793691E-02  5.847294E-25  5.847253E-25  0.000000E+00
  3.500000E+01  9.042398E-02  5.517474E-25  5.517302E-25  0.000000E+00
  3.550000E+01  9.294224E-02  5.209706E-25  5.210100E-25  0.000000E+00
  3.600000E+01  9.549150E-02  4.924421E-25  4.923842E-25  0.000000E+00
  3.650000E+01  9.807157E-02  4.656104E-25  4.656784E-25 -2.852530E-04
  3.700000E+01  1.006822E-01  4.408116E-25  4.407450E-25 -2.941244E-04
  3.750000E+01  1.033233E-01  4.173888E-25  4.174411E-25 -3.042530E-04
  3.800000E+01  1.059946E-01  3.956692E-25  3.956428E-25 -3.141954E-04
  3.850000E+01  1.086959E-01  3.752400E-25  3.752346E-25 -3.245403E-04
  3.900000E+01  1.114270E-01  3.560786E-25  3.561121E-25 -3.350054E-04
  3.950000E+01  1.141877E-01  3.382266E-25  3.381802E-25 -3.450954E-04
  4.000000E+01  1.169778E-01  3.213132E-25  3.213504E-25 -3.556715E-04
  4.050000E+01  1.197970E-01  3.055520E-25  3.055429E-25 -3.661331E-04
  4.100000E+01  1.226452E-01  2.907053E-25  2.906834E-25 -3.771563E-04
  4.150000E+01  1.255221E-01  2.766701E-25  2.767052E-25 -3.886475E-04
  4.200000E+01  1.284276E-01  2.635666E-25  2.635465E-25 -4.000894E-04
  4.250000E+01  1.313613E-01  2.511617E-25  2.511508E-25 -4.117235E-04
  4.300000E+01  1.343231E-01  2.394374E-25  2.394660E-25 -4.232639E-04
  4.350000E+01  1.373128E-01  2.284576E-25  2.284435E-25 -4.347346E-04
  4.400000E+01  1.403301E-01  2.180550E-25  2.180388E-25 -4.465275E-04
  4.450000E+01  1.433748E-01  2.081861E-25  2.082108E-25 -4.588988E-04
  4.500000E+01  1.464466E-01  1.989212E-25  1.989216E-25 -4.714955E-04
  4.550000E+01  1.495454E-01  1.901594E-25  1.901366E-25 -4.842441E-04
  4.600000E+01  1.526708E-01  1.818154E-25  1.818235E-25 -4.972000E-04
  4.650000E+01  1.558227E-01  1.739344E-25  1.739526E-25 -5.099405E-04
  4.700000E+01  1.590008E-01  1.665051E-25  1.664957E-25 -5.225994E-04
  4.750000E+01  1.622049E-01  1.594429E-25  1.594270E-25 -5.356052E-04
  4.800000E+01  1.654347E-01  1.527165E-25  1.527225E-25 -5.492007E-04
  4.850000E+01  1.686900E-01  1.463447E-25  1.463600E-25 -5.632017E-04
  4.900000E+01  1.719705E-01  1.403185E-25  1.403190E-25 -5.772548E-04
  4.950000E+01  1.752760E-01  1.345936E-25  1.345804E-25 -5.912965E-04
  5.000000E+01  1.786062E-01  1.291349E-25  1.291265E-25 -6.052933E-04
  5.050000E+01  1.819609E-01  1.239350E-25  1.239403E-25 -6.193789E-04
  5.100000E+01  1.853398E-01  1.189945E-25  1.190063E-25 -6.337080E-04
  5.150000E+01  1.887427E-01  1.143034E-25  1.143099E-25 -6.484307E-04
  5.200000E+01  1.921693E-01  1.098409E-25  1.098375E-25 -6.635949E-04
  5.250000E+01  1.956193E-01  1.055861E-25  1.055765E-25 -6.789994E-04
  5.300000E+01  1.990925E-01  1.015242E-25  1.015154E-25 -6.944359E-04
  5.350000E+01  2.025886E-01  9.764658E-26  9.764307E-26 -7.097544E-04
  5.400000E+01  2.061074E-01  9.394655E-26  9.394906E-26 -7.250549E-04
  5.450000E+01  2.096485E-01  9.041692E-26  9.042358E-26 -7.406425E-04
  5.500000E+01  2.132118E-01  8.704925E-26  8.705748E-26 -7.567010E-04
  5.550000E+01  2.167969E-01  8.383445E-26  8.384222E-26 -7.732623E-04
  5.600000E+01  2.204035E-01  8.076366E-26  8.076990E-26 -7.900870E-04
  5.650000E+01  2.240315E-01  7.782861E-26  7.783309E-26 -8.068870E-04
  5.700000E+01  2.276805E-01  7.502178E-26  7.502479E-26 -8.234985E-04
  5.750000E+01  2.313502E-01  7.233629E-26  7.233833E-26 -8.400352E-04
  5.800000E+01  2.350404E-01  6.976579E-26  6.976737E-26 -8.568083E-04
  5.850000E+01  2.387507E-01  6.730443E-26  6.730599E-26 -8.741110E-04
  5.900000E+01  2.424810E-01  6.494679E-26  6.494865E-26 -8.920160E-04
  5.950000E+01  2.462308E-01  6.268782E-26  6.269021E-26 -9.102927E-04
  6.000000E+01  2.500000E-01  6.052273E-26  6.052584E-26 -9.285823E-04
  6.050000E+01  2.537882E-01  5.844695E-26  5.845098E-26 -9.466420E-04
  6.100000E+01  2.575952E-01  5.645641E-26  5.646123E-26 -9.645272E-04
  6.150000E+01  2.614206E-01  5.454764E-26  5.455242E-26 -9.825621E-04
  6.200000E+01  2.652642E-01  5.271741E-26  5.272060E-26 -1.001112E-03
  6.250000E+01  2.691257E-01  5.096172E-26  5.096206E-26 -1.020329E-03
  6.300000E+01  2.730048E-01  4.927574E-26  4.927340E-26 -1.040032E-03
  6.350000E+01  2.769011E-01  4.765512E-26  4.765140E-26 -1.059819E-03
  6.400000E+01  2.808144E-01  4.609606E-26  4.609301E-26 -1.079353E-03
  6.450000E+01  2.847445E-01  4.459513E-26  4.459529E-26 -1.098638E-03
  6.500000E+01  2.886909E-01  4.315205E-26  4.315540E-26 -1.117984E-03
  6.550000E+01  2.926534E-01  4.176810E-26  4.177064E-26 -1.137797E-03
  6.600000E+01  2.966317E-01  4.043946E-26  4.043849E-26 -1.158404E-03
  6.650000E+01  3.006255E-01  3.915970E-26  3.915662E-26 -1.179778E-03
  6.700000E+01  3.046344E-01  3.792339E-26  3.792284E-26 -1.201462E-03
  6.750000E+01  3.086583E-01  3.673218E-26  3.673511E-26 -1.222701E-03
  6.800000E+01  3.126967E-01  3.559081E-26  3.559142E-26 -1.243033E-03
  6.850000E+01  3.167494E-01  3.449232E-26  3.448980E-26 -1.263117E-03
  6.900000E+01  3.208160E-01  3.342849E-26  3.342832E-26 -1.284175E-03
  6.950000E+01  3.248963E-01  3.240273E-26  3.240522E-26 -1.306729E-03
  7.000000E+01  3.289899E-01  3.142014E-26  3.141886E-26 -1.330344E-03
  7.050000E+01  3.330966E-01  3.046911E-26  3.046779E-26 -1.354320E-03
  7.100000E+01  3.372159E-01  2.954834E-26  2.955067E-26 -1.376915E-03
  7.150000E+01  3.413477E-01  2.866734E-26  2.866612E-26 -1.396665E-03
  7.200000E+01  3.454915E-01  2.781324E-26  2.781261E-26 -1.416610E-03
  7.250000E+01  3.496471E-01  2.698664E-26  2.698849E-26 -1.442259E-03
  7.300000E+01  3.538141E-01  2.619479E-26  2.619286E-26 -1.468518E-03
  7.350000E+01  3.579923E-01  2.542350E-26  2.542474E-26 -1.493167E-03
  7.400000E+01  3.621813E-01  2.468349E-26  2.468302E-26 -1.515706E-03
  7.450000E+01  3.663808E-01  2.396664E-26  2.396654E-26 -1.538178E-03
  7.500000E+01  3.705905E-01  2.327355E-26  2.327421E-26 -1.561766E-03
  7.550000E+01  3.748100E-01  2.260607E-26  2.260506E-26 -1.586593E-03
  7.600000E+01  3.790391E-01  2.195722E-26  2.195819E-26 -1.612663E-03
  7.650000E+01  3.832773E-01  2.133383E-26  2.133278E-26 -1.638494E-03
  7.700000E+01  3.875245E-01  2.072711E-26  2.072803E-26 -1.664229E-03
  7.750000E+01  3.917802E-01  2.014375E-26  2.014313E-26 -1.689152E-03
  7.800000E+01  3.960442E-01  1.957695E-26  1.957730E-26 -1.714288E-03
  7.850000E+01  4.003160E-01  1.902952E-26  1.902979E-26 -1.739844E-03
  7.900000E+01  4.045955E-01  1.850057E-26  1.849988E-26 -1.766132E-03
  7.950000E+01  4.088822E-01  1.798573E-26  1.798692E-26 -1.793474E-03
  8.000000E+01  4.131759E-01  1.749137E-26  1.749028E-26 -1.820661E-03
  8.050000E+01  4.174762E-01  1.700884E-26  1.700938E-26 -1.848252E-03
  8.100000E+01  4.217828E-01  1.654324E-26  1.654363E-26 -1.875397E-03
  8.150000E+01  4.260953E-01  1.609357E-26  1.609248E-26 -1.902305E-03
  8.200000E+01  4.304134E-01  1.565475E-26  1.565536E-26 -1.929978E-03
  8.250000E+01  4.347369E-01  1.523128E-26  1.523177E-26 -1.958021E-03
  8.300000E+01  4.390653E-01  1.482210E-26  1.482120E-26 -1.986550E-03
  8.350000E+01  4.433984E-01  1.442323E-26  1.442320E-26 -2.015895E-03
  8.400000E+01  4.477358E-01  1.403647E-26  1.403733E-26 -2.045382E-03
  8.450000E+01  4.520771E-01  1.366317E-26  1.366316E-26 -2.074474E-03
  8.500000E+01  4.564221E-01  1.330108E-26  1.330028E-26 -2.103514E-03
  8.550000E+01  4.607705E-01  1.294860E-26  1.294827E-26 -2.133001E-03
  8.600000E+01  4.651218E-01  1.260615E-26  1.260676E-26 -2.163103E-03
  8.650000E+01  4.694757E-01  1.227465E-26  1.227537E-26 -2.193711E-03
  8.700000E+01  4.738320E-01  1.195367E-26  1.195376E-26 -2.224718E-03
  8.750000E+01  4.781903E-01  1.164204E-26  1.164159E-26 -2.256001E-03
  8.800000E+01  4.825503E-01  1.133929E-26  1.133855E-26 -2.287352E-03
  8.850000E+01  4.869115E-01  1.104483E-26  1.104433E-26 -2.318773E-03
  8.900000E+01  4.912738E-01  1.075887E-26  1.075862E-26 -2.350348E-03
  8.950000E+01  4.956367E-01  1.048103E-26  1.048113E-26 -2.382394E-03
  9.000000E+01  5.000000E-01  1.021132E-26  1.021158E-26 -2.415047E-03
  9.050000E+01  5.043633E-01  9.949339E-27  9.949716E-27 -2.448329E-03
  9.100000E+01  5.087262E-01  9.694814E-27  9.695275E-27 -2.481994E-03
  9.150000E+01  5.130885E-01  9.447616E-27  9.448022E-27 -2.515729E-03
  9.200000E+01  5.174497E-01  9.207357E-27  9.207722E-27 -2.549455E-03
  9.250000E+01  5.218097E-01  8.973841E-27  8.974147E-27 -2.583262E-03
  9.300000E+01  5.261680E-01  8.746944E-27  8.747072E-27 -2.617424E-03
  9.350000E+01  5.305243E-01  8.526406E-27  8.526284E-27 -2.652192E-03
  9.400000E+01  5.348782E-01  8.311932E-27  8.311580E-27 -2.687641E-03
  9.450000E+01  5.392295E-01  8.103233E-27  8.102769E-27 -2.723636E-03
  9.500000E+01  5.435779E-01  7.900021E-27  7.899666E-27 -2.759919E-03
  9.550000E+01  5.479229E-01  7.702095E-27  7.702093E-27 -2.796353E-03
  9.600000E+01  5.522642E-01  7.509503E-27  7.509876E-27 -2.832878E-03
  9.650000E+01  5.566016E-01  7.322459E-27  7.322842E-27 -2.869598E-03
  9.700000E+01  5.609347E-01  7.140886E-27  7.140827E-27 -2.906732E-03
  9.750000E+01  5.652631E-01  6.964053E-27  6.963673E-27 -2.944634E-03
  9.800000E+01  5.695866E-01  6.791258E-27  6.791232E-27 -2.983489E-03
  9.850000E+01  5.739047E-01  6.622971E-27  6.623362E-27 -3.022693E-03
  9.900000E+01  5.782172E-01  6.459932E-27  6.459925E-27 -3.061592E-03
  9.950000E+01  5.825238E-01  6.301122E-27  6.300787E-27 -3.100587E-03
  1.000000E+02  5.868241E-01  6.145608E-27  6.145814E-27 -3.140368E-03
  1.005000E+02  5.911178E-01  5.994775E-27  5.994879E-27 -3.180403E-03
  1.010000E+02  5.954045E-01  5.848160E-27  5.847858E-27 -3.220994E-03
  1.015000E+02  5.996840E-01  5.704356E-27  5.704635E-27 -3.262957E-03
  1.020000E+02  6.039558E-01  5.565206E-27  5.565100E-27 -3.304724E-03
  1.025000E+02  6.082198E-01  5.429227E-27  5.429145E-27 -3.346952E-03
  1.030000E+02  6.124755E-01  5.296461E-27  5.296666E-27 -3.389471E-03
  1.035000E+02  6.167227E-01  5.167817E-27  5.167559E-27 -3.431692E-03
  1.040000E+02  6.209609E-01  5.041455E-27  5.041723E-27 -3.475280E-03
  1.045000E+02  6.251900E-01  4.919325E-27  4.919062E-27 -3.518807E-03
  1.050000E+02  6.294095E-01  4.799233E-27  4.799484E-27 -3.564060E-03
  1.055000E+02  6.336192E-01  4.683133E-27  4.682902E-27 -3.609038E-03
  1.060000E+02  6.378187E-01  4.569039E-27  4.569231E-27 -3.655082E-03
  1.065000E+02  6.420077E-01  4.458506E-27  4.458390E-27 -3.700683E-03
  1.070000E+02  6.461859E-01  4.350302E-27  4.350299E-27 -3.746759E-03
  1.075000E+02  6.503529E-01  4.244735E-27  4.244875E-27 -3.793686E-03
  1.080000E+02  6.545085E-01  4.142263E-27  4.142045E-27 -3.840564E-03
  1.085000E+02  6.586523E-01  4.041584E-27  4.041731E-27 -3.889606E-03
  1.090000E+02  6.627841E-01  3.943806E-27  3.943870E-27 -3.938559E-03
  1.095000E+02  6.669034E-01  3.848600E-27  3.848391E-27 -3.987958E-03
  1.100000E+02  6.710101E-01  3.755167E-27  3.755231E-27 -4.038009E-03
  1.105000E+02  6.751037E-01  3.664150E-27  3.664326E-27 -4.088218E-03
  1.110000E+02  6.791840E-01  3.575692E-27  3.575613E-27 -4.138461E-03
  1.115000E+02  6.832506E-01  3.489192E-27  3.489030E-27 -4.189793E-03
  1.120000E+02  6.873033E-01  3.404496E-27  3.404518E-27 -4.242606E-03
  1.125000E+02  6.913417E-01  3.321861E-27  3.322022E-27 -4.296245E-03
  1.130000E+02  6.953656E-01  3.241381E-27  3.241489E-27 -4.350258E-03
  1.135000E+02  6.993745E-01  3.162901E-27  3.162869E-27 -4.404362E-03
  1.140000E+02  7.033683E-01  3.086240E-27  3.086109E-27 -4.458774E-03
  1.145000E+02  7.073466E-01  3.011307E-27  3.011160E-27 -4.513833E-03
  1.150000E+02  7.113091E-01  2.938084E-27  2.937972E-27 -4.569892E-03
  1.155000E+02  7.152555E-01  2.866565E-27  2.866498E-27 -4.627215E-03
  1.160000E+02  7.191856E-01  2.796730E-27  2.796693E-27 -4.685622E-03
  1.165000E+02  7.230989E-01  2.728537E-27  2.728514E-27 -4.744805E-03
  1.170000E+02  7.269952E-01  2.661935E-27  2.661922E-27 -4.804352E-03
  1.175000E+02  7.308743E-01  2.596898E-27  2.596874E-27 -4.864124E-03
  1.180000E+02  7.347358E-01  2.533395E-27  2.533331E-27 -4.924368E-03
  1.185000E+02  7.385794E-01  2.471348E-27  2.471252E-27 -4.985583E-03
  1.190000E+02  7.424048E-01  2.410712E-27  2.410600E-27 -5.048199E-03
  1.195000E+02  7.462118E-01  2.351443E-27  2.351337E-27 -5.112220E-03
  1.200000E+02  7.500000E-01  2.293453E-27  2.293430E-27 -5.177437E-03
  1.205000E+02  7.537692E-01  2.236783E-27  2.236845E-27 -5.243235E-03
  1.210000E+02  7.575190E-01  2.181441E-27  2.181551E-27 -5.309253E-03
  1.215000E+02  7.612493E-01  2.127500E-27  2.127514E-27 -5.375441E-03
  1.220000E+02  7.649596E-01  2.074790E-27  2.074701E-27 -5.442604E-03
  1.225000E+02  7.686498E-01  2.023127E-27  2.023082E-27 -5.511711E-03
  1.230000E+02  7.723195E-01  1.972546E-27  1.972627E-27 -5.582694E-03
  1.235000E+02  7.759685E-01  1.923281E-27  1.923308E-27 -5.654404E-03
  1.240000E+02  7.795965E-01  1.875184E-27  1.875098E-27 -5.726675E-03
  1.245000E+02  7.832031E-01  1.827930E-27  1.827971E-27 -5.800178E-03
  1.250000E+02  7.867882E-01  1.781869E-27  1.781901E-27 -5.873794E-03
  1.255000E+02  7.903515E-01  1.736940E-27  1.736861E-27 -5.948118E-03
  1.260000E+02  7.938926E-01  1.692748E-27  1.692825E-27 -6.025134E-03
  1.265000E+02  7.974114E-01  1.649811E-27  1.649768E-27 -6.103009E-03
  1.270000E+02  8.009075E-01  1.607649E-27  1.607670E-27 -6.183234E-03
  1.275000E+02  8.043807E-01  1.566500E-27  1.566506E-27 -6.264189E-03
  1.280000E+02  8.078307E-01  1.526266E-27  1.526257E-27 -6.345731E-03
  1.285000E+02  8.112573E-01  1.486887E-27  1.486901E-27 -6.428090E-03
  1.290000E+02  8.146602E-01  1.448413E-27  1.448416E-27 -6.511467E-03
  1.295000E+02  8.180391E-01  1.410799E-27  1.410780E-27 -6.596667E-03
  1.300000E+02  8.213938E-01  1.373935E-27  1.373974E-27 -6.684530E-03
  1.305000E+02  8.247240E-01  1.338042E-27  1.337980E-27 -6.773571E-03
  1.310000E+02  8.280295E-01  1.302723E-27  1.302778E-27 -6.865258E-03
  1.315000E+02  8.313100E-01  1.268364E-27  1.268353E-27 -6.956752E-03
  1.320000E+02  8.345653E-01  1.234728E-27  1.234686E-27 -7.049210E-03
  1.325000E+02  8.377951E-01  1.201708E-27  1.201760E-27 -7.143721E-03
  1.330000E+02  8.409992E-01  1.169551E-27  1.169557E-27 -7.239425E-03
  1.335000E+02  8.441773E-01  1.138115E-27  1.138061E-27 -7.337649E-03
  1.340000E+02  8.473292E-01  1.107251E-27  1.107255E-27 -7.439287E-03
  1.345000E+02  8.504546E-01  1.077080E-27  1.077126E-27 -7.542801E-03
  1.350000E+02  8.535534E-01  1.047638E-27  1.047660E-27 -7.647029E-03
  1.355000E+02  8.566252E-01  1.018874E-27  1.018841E-27 -7.751955E-03
  1.360000E+02  8.596699E-01  9.906994E-28  9.906567E-28 -7.858577E-03
  1.365000E+02  8.626872E-01  9.631167E-28  9.630911E-28 -7.967740E-03
  1.370000E+02  8.656769E-01  9.361297E-28  9.361306E-28 -8.080124E-03
  1.375000E+02  8.686387E-01  9.097374E-28  9.097624E-28 -8.195806E-03
  1.380000E+02  8.715724E-01  8.839398E-28  8.839743E-28 -8.314101E-03
  1.385000E+02  8.744779E-01  8.587199E-28  8.587548E-28 -8.434109E-03
  1.390000E+02  8.773548E-01  8.340579E-28  8.340926E-28 -8.555281E-03
  1.395000E+02  8.802030E-01  8.099411E-28  8.099758E-28 -8.677838E-03
  1.400000E+02  8.830222E-01  7.863599E-28  7.863923E-28 -8.802791E-03
  1.405000E+02  8.858123E-01  7.633052E-28  7.633305E-28 -8.931395E-03
  1.410000E+02  8.885730E-01  7.407681E-28  7.407790E-28 -9.064365E-03
  1.415000E+02  8.913041E-01  7.187374E-28  7.187280E-28 -9.201363E-03
  1.420000E+02  8.940054E-01  6.971948E-28  6.971682E-28 -9.341129E-03
  1.425000E+02  8.966767E-01  6.761161E-28  6.760908E-28 -9.482232E-03
  1.430000E+02  8.993178E-01  6.554864E-28  6.554866E-28 -9.624057E-03
  1.435000E+02  9.019284E-01  6.353198E-28  6.353451E-28 -9.767757E-03
  1.440000E+02  9.045085E-01  6.156426E-28  6.156550E-28 -9.917489E-03
  1.445000E+02  9.070578E-01  5.964278E-28  5.964062E-28 -1.007658E-02
  1.450000E+02  9.095760E-01  5.776039E-28  5.775937E-28 -1.023858E-02
  1.455000E+02  9.120631E-01  5.591872E-28  5.592104E-28 -1.040094E-02
  1.460000E+02  9.145188E-01  5.412524E-28  5.412473E-28 -1.056344E-02
  1.465000E+02  9.169429E-01  5.237110E-28  5.236955E-28 -1.073021E-02
  1.470000E+02  9.193353E-01  5.065255E-28  5.065463E-28 -1.090408E-02
  1.475000E+02  9.216957E-01  4.898056E-28  4.897921E-28 -1.108300E-02
  1.480000E+02  9.240240E-01  4.734232E-28  4.734260E-28 -1.126906E-02
  1.485000E+02  9.263201E-01  4.574361E-28  4.574416E-28 -1.145918E-02
  1.490000E+02  9.285837E-01  4.418425E-28  4.418324E-28 -1.165204E-02
  1.495000E+02  9.308146E-01  4.265805E-28  4.265918E-28 -1.184916E-02
  1.500000E+02  9.330127E-01  4.117224E-28  4.117128E-28 -1.204952E-02
  1.505000E+02  9.351778E-01  3.971831E-28  3.971885E-28 -1.225733E-02
  1.510000E+02  9.373099E-01  3.830122E-28  3.830124E-28 -1.247214E-02
  1.515000E+02  9.394086E-01  3.691852E-28  3.691785E-28 -1.269460E-02
  1.520000E+02  9.414738E-01  3.556681E-28  3.556814E-28 -1.292472E-02
  1.525000E+02  9.435054E-01  3.425306E-28  3.425160E-28 -1.315821E-02
  1.530000E+02  9.455033E-01  3.296735E-28  3.296768E-28 -1.339830E-02
  1.535000E+02  9.474672E-01  3.171483E-28  3.171583E-28 -1.364363E-02
  1.540000E+02  9.493970E-01  3.049660E-28  3.049549E-28 -1.389524E-02
  1.545000E+02  9.512926E-01  2.930652E-28  2.930610E-28 -1.415769E-02
  1.550000E+02  9.531539E-01  2.814603E-28  2.814717E-28 -1.443082E-02
  1.555000E+02  9.549806E-01  2.701771E-28  2.701826E-28 -1.471213E-02
  1.560000E+02  9.567727E-01  2.591974E-28  2.591894E-28 -1.500070E-02
  1.565000E+02  9.585300E-01  2.484984E-28  2.484878E-28 -1.529669E-02
  1.570000E+02  9.602524E-01  2.380766E-28  2.380734E-28 -1.560079E-02
  1.575000E+02  9.619398E-01  2.279364E-28  2.279416E-28 -1.591459E-02
  1.580000E+02  9.635919E-01  2.180791E-28  2.180879E-28 -1.624014E-02
  1.585000E+02  9.652088E-01  2.084998E-28  2.085082E-28 -1.657874E-02
  1.590000E+02  9.667902E-01  1.991911E-28  1.991988E-28 -1.693011E-02
  1.595000E+02  9.683361E-01  1.901496E-28  1.901563E-28 -1.729247E-02
  1.600000E+02  9.698463E-01  1.813718E-28  1.813774E-28 -1.766431E-02
  1.605000E+02  9.713207E-01  1.728520E-28  1.728586E-28 -1.804609E-02
  1.610000E+02  9.727593E-01  1.645898E-28  1.645961E-28 -1.843971E-02
  1.615000E+02  9.741618E-01  1.565795E-28  1.565864E-28 -1.884846E-02
  1.620000E+02  9.755283E-01  1.488216E-28  1.488260E-28 -1.927385E-02
  1.625000E+02  9.768585E-01  1.413112E-28  1.413121E-28 -1.971581E-02
  1.630000E+02  9.781524E-01  1.340456E-28  1.340418E-28 -2.017202E-02
  1.635000E+02  9.794099E-01  1.270183E-28  1.270128E-28 -2.064066E-02
  1.640000E+02  9.806308E-01  1.202229E-28  1.202223E-28 -2.112184E-02
  1.645000E+02  9.818152E-01  1.136626E-28  1.136673E-28 -2.161646E-02
  1.650000E+02  9.829629E-01  1.073432E-28  1.073450E-28 -2.212600E-02
  1.655000E+02  9.840738E-01  1.012570E-28  1.012527E-28 -2.265348E-02
  1.660000E+02  9.851479E-01  9.538853E-29  9.538807E-29 -2.320144E-02
  1.665000E+02  9.861850E-01  8.974568E-29  8.974906E-29 -2.376393E-02
  1.670000E+02  9.871850E-01  8.433677E-29  8.433384E-29 -2.433275E-02
  1.675000E+02  9.881480E-01  7.914035E-29  7.914043E-29 -2.491014E-02
  1.680000E+02  9.890738E-01  7.416493E-29  7.416665E-29 -2.549212E-02
  1.685000E+02  9.899624E-01  6.941307E-29  6.941022E-29 -2.607785E-02
  1.690000E+02  9.908136E-01  6.486645E-29  6.486905E-29 -2.667339E-02
  1.695000E+02  9.916275E-01  6.054384E-29  6.054135E-29 -2.726524E-02
  1.700000E+02  9.924039E-01  5.642333E-29  5.642572E-29 -2.785242E-02
  1.705000E+02  9.931428E-01  5.252304E-29  5.252094E-29 -2.841070E-02
  1.710000E+02  9.938442E-01  4.882374E-29  4.882569E-29 -2.893536E-02
  1.715000E+02  9.945079E-01  4.534019E-29  4.533846E-29 -2.940319E-02
  1.720000E+02  9.951340E-01  4.205652E-29  4.205757E-29 -2.981133E-02
  1.725000E+02  9.957224E-01  3.898128E-29  3.898141E-29 -3.013647E-02
  1.730000E+02  9.962731E-01  3.610993E-29  3.610872E-29 -3.035569E-02
  1.735000E+02  9.967859E-01  3.343741E-29  3.343862E-29 -3.043723E-02
  1.740000E+02  9.972609E-01  3.097038E-29  3.097051E-29 -3.032820E-02
  1.745000E+02  9.976981E-01  2.870497E-29  2.870373E-29 -2.998239E-02
  1.750000E+02  9.980973E-01  2.663706E-29  2.663739E-29 -2.935399E-02
  1.755000E+02  9.984587E-01  2.476936E-29  2.477035E-29 -2.839202E-02
  1.760000E+02  9.987820E-01  2.310139E-29  2.310144E-29 -2.704845E-02
  1.765000E+02  9.990674E-01  2.163059E-29  2.162982E-29 -2.527543E-02
  1.770000E+02  9.993148E-01  2.035578E-29  2.035505E-29 -2.302729E-02
  1.775000E+02  9.995241E-01  1.927738E-29  1.927721E-29 -2.026706E-02
  1.780000E+02  9.996954E-01  1.839596E-29  1.839635E-29 -1.698869E-02
  1.785000E+02  9.998287E-01  1.771170E-29  1.771237E-29 -1.322619E-02
  1.790000E+02  9.999238E-01  1.722405E-29  1.722480E-29 -9.058958E-03
  1.795000E+02  9.999810E-01  1.693188E-29  1.693263E-29 -4.604422E-03
  1.800000E+02  1.000000E+00  1.683510E-29  1.683583E-29  0.000000E+00
