 #
 # Subroutine ELSEPM. Elastic scattering ofelectrons and positrons by
 #       molecules (single-scattering independent-atom approximation)
 #
 # Molecule: Water (vapour)                     
 #
 # Structure:
 # IZ =  8,    X,Y,Z =   0.00000E+00  0.00000E+00  0.00000E+00 cm
 # IZ =  1,    X,Y,Z =   9.57200E-09  0.00000E+00  0.00000E+00 cm
 # IZ =  1,    X,Y,Z =  -2.39990E-09  9.26630E-09  0.00000E+00 cm
 #
 # Projectile: electron
 # Kinetic energy = 9.0000000E+03 eV
 #
 # Furness-McCarthy exchange potential
 #
 # Correlation-polarization potential (Buckingham):
 #    molecular polarizability = 1.45700E-24 cm**3
 #
 # LDA-I absorption potential (only electron-hole excitations):
 #                           Delta = 6.20000E+00 eV
 #                            Aabs = 2.00000E+00
 #
 # Integrated cross sections:
 #                     coherent      incoherent
 #         total cs: 9.9608503E-18  8.3649202E-18
 # 1st transport cs: 1.3486756E-19  1.3478645E-19
 # 2nd transport cs: 3.2679121E-19  3.2654705E-19
 #
 # Differential cross section:                     MU=(1-COS(THETA))/2
 #
 #   THETA           MU         DCS coh      DCS incoh      Sherman
 #   (deg)                     (cm**2/sr)    (cm**2/sr)     function
 #--------------------------------------------------------------------
  0.000000E+00  0.000000E+00  1.435612E-15  6.386052E-16  0.000000E+00
  1.000000E-04  7.615575E-13  1.435612E-15  6.386052E-16  9.895671E-11
  1.250000E-04  1.189937E-12  1.435612E-15  6.386051E-16  1.236959E-10
  1.500000E-04  1.713463E-12  1.435612E-15  6.386051E-16  1.484350E-10
  1.750000E-04  2.332246E-12  1.435612E-15  6.386051E-16  1.731742E-10
  2.000000E-04  3.046174E-12  1.435612E-15  6.386051E-16  1.979133E-10
  2.250000E-04  3.855305E-12  1.435612E-15  6.386051E-16  2.226524E-10
  2.500000E-04  4.759637E-12  1.435612E-15  6.386050E-16  2.473915E-10
  2.750000E-04  5.759171E-12  1.435611E-15  6.386050E-16  2.721305E-10
  3.000000E-04  6.853906E-12  1.435611E-15  6.386050E-16  2.968696E-10
  3.250000E-04  8.043788E-12  1.435611E-15  6.386050E-16  3.216086E-10
  3.500000E-04  9.328927E-12  1.435611E-15  6.386049E-16  3.463476E-10
  3.750000E-04  1.070921E-11  1.435611E-15  6.386049E-16  3.710865E-10
  4.000000E-04  1.218470E-11  1.435611E-15  6.386048E-16  3.958254E-10
  4.250000E-04  1.375539E-11  1.435611E-15  6.386048E-16  4.205643E-10
  4.500000E-04  1.542128E-11  1.435611E-15  6.386047E-16  4.453032E-10
  4.750000E-04  1.718231E-11  1.435611E-15  6.386047E-16  4.700420E-10
  5.000000E-04  1.903860E-11  1.435610E-15  6.386046E-16  4.947807E-10
  5.250000E-04  2.099004E-11  1.435610E-15  6.386046E-16  5.195195E-10
  5.500000E-04  2.303668E-11  1.435610E-15  6.386045E-16  5.442581E-10
  5.750000E-04  2.517853E-11  1.435610E-15  6.386045E-16  5.689968E-10
  6.000000E-04  2.741557E-11  1.435610E-15  6.386044E-16  5.937353E-10
  6.250000E-04  2.974782E-11  1.435610E-15  6.386043E-16  6.184739E-10
  6.500000E-04  3.217521E-11  1.435609E-15  6.386043E-16  6.432123E-10
  6.750000E-04  3.469786E-11  1.435609E-15  6.386042E-16  6.679508E-10
  7.000000E-04  3.731565E-11  1.435609E-15  6.386041E-16  6.926891E-10
  7.250000E-04  4.002865E-11  1.435609E-15  6.386041E-16  7.174274E-10
  7.500000E-04  4.283685E-11  1.435609E-15  6.386040E-16  7.421656E-10
  7.750000E-04  4.574019E-11  1.435608E-15  6.386039E-16  7.669038E-10
  8.000000E-04  4.873879E-11  1.435608E-15  6.386038E-16  7.916419E-10
  8.250000E-04  5.183254E-11  1.435608E-15  6.386037E-16  8.163799E-10
  8.500000E-04  5.502154E-11  1.435608E-15  6.386036E-16  8.411179E-10
  8.750000E-04  5.830569E-11  1.435607E-15  6.386035E-16  8.658558E-10
  9.000000E-04  6.168505E-11  1.435607E-15  6.386035E-16  8.905936E-10
  9.250000E-04  6.515954E-11  1.435607E-15  6.386034E-16  9.153313E-10
  9.500000E-04  6.872930E-11  1.435607E-15  6.386033E-16  9.400689E-10
  9.750000E-04  7.239426E-11  1.435606E-15  6.386032E-16  9.648065E-10
  1.000000E-03  7.615436E-11  1.435606E-15  6.386031E-16  9.895440E-10
  1.250000E-03  1.189912E-10  1.435603E-15  6.386019E-16  1.236914E-09
  1.500000E-03  1.713473E-10  1.435599E-15  6.386004E-16  1.484272E-09
  1.750000E-03  2.332227E-10  1.435594E-15  6.385987E-16  1.731618E-09
  2.000000E-03  3.046174E-10  1.435588E-15  6.385967E-16  1.978948E-09
  2.250000E-03  3.855314E-10  1.435582E-15  6.385944E-16  2.226260E-09
  2.500000E-03  4.759647E-10  1.435575E-15  6.385919E-16  2.473553E-09
  2.750000E-03  5.759173E-10  1.435568E-15  6.385891E-16  2.720824E-09
  3.000000E-03  6.853892E-10  1.435559E-15  6.385860E-16  2.968071E-09
  3.250000E-03  8.043804E-10  1.435550E-15  6.385827E-16  3.215292E-09
  3.500000E-03  9.328908E-10  1.435540E-15  6.385791E-16  3.462484E-09
  3.750000E-03  1.070921E-09  1.435530E-15  6.385753E-16  3.709645E-09
  4.000000E-03  1.218470E-09  1.435518E-15  6.385711E-16  3.956774E-09
  4.250000E-03  1.375538E-09  1.435506E-15  6.385668E-16  4.203868E-09
  4.500000E-03  1.542126E-09  1.435493E-15  6.385621E-16  4.450924E-09
  4.750000E-03  1.718233E-09  1.435480E-15  6.385572E-16  4.697941E-09
  5.000000E-03  1.903859E-09  1.435465E-15  6.385520E-16  4.944917E-09
  5.250000E-03  2.099004E-09  1.435450E-15  6.385466E-16  5.191848E-09
  5.500000E-03  2.303669E-09  1.435435E-15  6.385409E-16  5.438734E-09
  5.750000E-03  2.517853E-09  1.435418E-15  6.385349E-16  5.685572E-09
  6.000000E-03  2.741557E-09  1.435401E-15  6.385286E-16  5.932359E-09
  6.250000E-03  2.974779E-09  1.435383E-15  6.385221E-16  6.179094E-09
  6.500000E-03  3.217521E-09  1.435364E-15  6.385154E-16  6.425774E-09
  6.750000E-03  3.469783E-09  1.435345E-15  6.385083E-16  6.672398E-09
  7.000000E-03  3.731563E-09  1.435325E-15  6.385010E-16  6.918962E-09
  7.250000E-03  4.002863E-09  1.435304E-15  6.384934E-16  7.165465E-09
  7.500000E-03  4.283682E-09  1.435283E-15  6.384856E-16  7.411905E-09
  7.750000E-03  4.574021E-09  1.435260E-15  6.384775E-16  7.658280E-09
  8.000000E-03  4.873879E-09  1.435237E-15  6.384692E-16  7.904586E-09
  8.250000E-03  5.183256E-09  1.435213E-15  6.384605E-16  8.150823E-09
  8.500000E-03  5.502152E-09  1.435189E-15  6.384516E-16  8.396988E-09
  8.750000E-03  5.830568E-09  1.435164E-15  6.384425E-16  8.643079E-09
  9.000000E-03  6.168503E-09  1.435138E-15  6.384331E-16  8.889093E-09
  9.250000E-03  6.515957E-09  1.435111E-15  6.384234E-16  9.135029E-09
  9.500000E-03  6.872931E-09  1.435084E-15  6.384134E-16  9.380884E-09
  9.750000E-03  7.239423E-09  1.435055E-15  6.384032E-16  9.626656E-09
  1.000000E-02  7.615435E-09  1.435027E-15  6.383927E-16  9.872343E-09
  1.250000E-02  1.189912E-08  1.434698E-15  6.382735E-16  1.232407E-08
  1.500000E-02  1.713473E-08  1.434297E-15  6.381280E-16  1.476494E-08
  1.750000E-02  2.332227E-08  1.433824E-15  6.379563E-16  1.719284E-08
  2.000000E-02  3.046174E-08  1.433279E-15  6.377587E-16  1.960568E-08
  2.250000E-02  3.855314E-08  1.432663E-15  6.375353E-16  2.200140E-08
  2.500000E-02  4.759647E-08  1.431977E-15  6.372864E-16  2.437798E-08
  2.750000E-02  5.759173E-08  1.431221E-15  6.370122E-16  2.673345E-08
  3.000000E-02  6.853892E-08  1.430395E-15  6.367129E-16  2.906586E-08
  3.250000E-02  8.043804E-08  1.429501E-15  6.363888E-16  3.137335E-08
  3.500000E-02  9.328908E-08  1.428540E-15  6.360403E-16  3.365408E-08
  3.750000E-02  1.070921E-07  1.427511E-15  6.356677E-16  3.590629E-08
  4.000000E-02  1.218470E-07  1.426417E-15  6.352712E-16  3.812827E-08
  4.250000E-02  1.375538E-07  1.425257E-15  6.348514E-16  4.031840E-08
  4.500000E-02  1.542126E-07  1.424034E-15  6.344086E-16  4.247509E-08
  4.750000E-02  1.718233E-07  1.422748E-15  6.339432E-16  4.459687E-08
  5.000000E-02  1.903859E-07  1.421400E-15  6.334555E-16  4.668232E-08
  5.250000E-02  2.099004E-07  1.419992E-15  6.329462E-16  4.873009E-08
  5.500000E-02  2.303669E-07  1.418524E-15  6.324156E-16  5.073896E-08
  5.750000E-02  2.517853E-07  1.416998E-15  6.318642E-16  5.270775E-08
  6.000000E-02  2.741557E-07  1.415416E-15  6.312926E-16  5.463540E-08
  6.250000E-02  2.974779E-07  1.413778E-15  6.307011E-16  5.652092E-08
  6.500000E-02  3.217521E-07  1.412085E-15  6.300904E-16  5.836344E-08
  6.750000E-02  3.469782E-07  1.410341E-15  6.294610E-16  6.016217E-08
  7.000000E-02  3.731563E-07  1.408545E-15  6.288134E-16  6.191642E-08
  7.250000E-02  4.002863E-07  1.406699E-15  6.281483E-16  6.362562E-08
  7.500000E-02  4.283682E-07  1.404805E-15  6.274660E-16  6.528928E-08
  7.750000E-02  4.574020E-07  1.402864E-15  6.267673E-16  6.690702E-08
  8.000000E-02  4.873878E-07  1.400878E-15  6.260527E-16  6.847858E-08
  8.250000E-02  5.183255E-07  1.398849E-15  6.253228E-16  7.000379E-08
  8.500000E-02  5.502151E-07  1.396777E-15  6.245783E-16  7.148259E-08
  8.750000E-02  5.830567E-07  1.394665E-15  6.238196E-16  7.291504E-08
  9.000000E-02  6.168501E-07  1.392514E-15  6.230474E-16  7.430129E-08
  9.250000E-02  6.515956E-07  1.390326E-15  6.222624E-16  7.564160E-08
  9.500000E-02  6.872929E-07  1.388102E-15  6.214651E-16  7.693636E-08
  9.750000E-02  7.239422E-07  1.385844E-15  6.206561E-16  7.818603E-08
  1.000000E-01  7.615434E-07  1.383554E-15  6.198361E-16  7.939120E-08
  1.250000E-01  1.189911E-06  1.359227E-15  6.111613E-16  8.919612E-08
  1.500000E-01  1.713472E-06  1.333390E-15  6.020231E-16  9.589424E-08
  1.750000E-01  2.332225E-06  1.307393E-15  5.929115E-16  1.013702E-07
  2.000000E-01  3.046171E-06  1.282241E-15  5.841772E-16  1.077152E-07
  2.250000E-01  3.855309E-06  1.258543E-15  5.760154E-16  1.166709E-07
  2.500000E-01  4.759640E-06  1.236535E-15  5.684805E-16  1.291782E-07
  2.750000E-01  5.759162E-06  1.216155E-15  5.615219E-16  1.451742E-07
  3.000000E-01  6.853876E-06  1.197159E-15  5.550303E-16  1.636966E-07
  3.250000E-01  8.043782E-06  1.179226E-15  5.488822E-16  1.832441E-07
  3.500000E-01  9.328879E-06  1.162056E-15  5.429743E-16  2.022599E-07
  3.750000E-01  1.070917E-05  1.145428E-15  5.372424E-16  2.195827E-07
  4.000000E-01  1.218465E-05  1.129223E-15  5.316632E-16  2.347338E-07
  4.250000E-01  1.375532E-05  1.113418E-15  5.262452E-16  2.479744E-07
  4.500000E-01  1.542118E-05  1.098045E-15  5.210119E-16  2.601389E-07
  4.750000E-01  1.718223E-05  1.083162E-15  5.159851E-16  2.723159E-07
  5.000000E-01  1.903847E-05  1.068811E-15  5.111733E-16  2.854883E-07
  5.250000E-01  2.098990E-05  1.055001E-15  5.065675E-16  3.002447E-07
  5.500000E-01  2.303652E-05  1.041700E-15  5.021437E-16  3.166474E-07
  5.750000E-01  2.517832E-05  1.028847E-15  4.978701E-16  3.342792E-07
  6.000000E-01  2.741532E-05  1.016367E-15  4.937162E-16  3.524350E-07
  6.250000E-01  2.974750E-05  1.004187E-15  4.896591E-16  3.703794E-07
  6.500000E-01  3.217487E-05  9.922507E-16  4.856867E-16  3.875799E-07
  6.750000E-01  3.469743E-05  9.805244E-16  4.817966E-16  4.038450E-07
  7.000000E-01  3.731517E-05  9.689947E-16  4.779920E-16  4.193373E-07
  7.250000E-01  4.002810E-05  9.576618E-16  4.742768E-16  4.344734E-07
  7.500000E-01  4.283621E-05  9.465308E-16  4.706515E-16  4.497601E-07
  7.750000E-01  4.573951E-05  9.356036E-16  4.671108E-16  4.656273E-07
  8.000000E-01  4.873800E-05  9.248743E-16  4.636449E-16  4.823122E-07
  8.250000E-01  5.183166E-05  9.143291E-16  4.602412E-16  4.998221E-07
  8.500000E-01  5.502051E-05  9.039477E-16  4.568880E-16  5.179753E-07
  8.750000E-01  5.830454E-05  8.937077E-16  4.535766E-16  5.364920E-07
  9.000000E-01  6.168376E-05  8.835884E-16  4.503025E-16  5.550953E-07
  9.250000E-01  6.515815E-05  8.735731E-16  4.470649E-16  5.737983E-07
  9.500000E-01  6.872773E-05  8.636630E-16  4.438735E-16  5.925267E-07
  9.750000E-01  7.239249E-05  8.538390E-16  4.407208E-16  6.111028E-07
  1.000000E+00  7.615242E-05  8.440826E-16  4.375963E-16  6.291638E-07
  1.100000E+00  9.214394E-05  8.057516E-16  4.253300E-16  7.013172E-07
  1.200000E+00  1.096583E-04  7.685930E-16  4.133834E-16  7.841502E-07
  1.300000E+00  1.286953E-04  7.322051E-16  4.016276E-16  8.679552E-07
  1.400000E+00  1.492551E-04  6.964839E-16  3.899713E-16  9.531029E-07
  1.500000E+00  1.713375E-04  6.615767E-16  3.784136E-16  1.049201E-06
  1.600000E+00  1.949425E-04  6.273386E-16  3.668957E-16  1.145251E-06
  1.700000E+00  2.200699E-04  5.938910E-16  3.554183E-16  1.246669E-06
  1.800000E+00  2.467198E-04  5.613612E-16  3.440057E-16  1.357983E-06
  1.900000E+00  2.748920E-04  5.297214E-16  3.326391E-16  1.469639E-06
  2.000000E+00  3.045865E-04  4.991253E-16  3.213547E-16  1.589845E-06
  2.100000E+00  3.358031E-04  4.696419E-16  3.101748E-16  1.718218E-06
  2.200000E+00  3.685418E-04  4.412825E-16  2.991044E-16  1.848442E-06
  2.300000E+00  4.028024E-04  4.141554E-16  2.881846E-16  1.988905E-06
  2.400000E+00  4.385850E-04  3.882740E-16  2.774301E-16  2.135748E-06
  2.500000E+00  4.758892E-04  3.636482E-16  2.668560E-16  2.286446E-06
  2.600000E+00  5.147151E-04  3.403231E-16  2.564951E-16  2.447479E-06
  2.700000E+00  5.550625E-04  3.182739E-16  2.463554E-16  2.613527E-06
  2.800000E+00  5.969313E-04  2.974910E-16  2.364533E-16  2.785024E-06
  2.900000E+00  6.403214E-04  2.779674E-16  2.268086E-16  2.965561E-06
  3.000000E+00  6.852326E-04  2.596566E-16  2.174247E-16  3.150270E-06
  3.100000E+00  7.316648E-04  2.425284E-16  2.083138E-16  3.340977E-06
  3.200000E+00  7.796179E-04  2.265439E-16  1.994850E-16  3.538606E-06
  3.300000E+00  8.290917E-04  2.116475E-16  1.909387E-16  3.739770E-06
  3.400000E+00  8.800860E-04  1.977938E-16  1.826811E-16  3.946127E-06
  3.500000E+00  9.326008E-04  1.849301E-16  1.747137E-16  4.157035E-06
  3.600000E+00  9.866358E-04  1.729987E-16  1.670338E-16  4.370696E-06
  3.700000E+00  1.042191E-03  1.619477E-16  1.596422E-16  4.587712E-06
  3.800000E+00  1.099266E-03  1.517218E-16  1.525355E-16  4.807031E-06
  3.900000E+00  1.157861E-03  1.422664E-16  1.457086E-16  5.027842E-06
  4.000000E+00  1.217975E-03  1.335302E-16  1.391583E-16  5.249743E-06
  4.100000E+00  1.279609E-03  1.254621E-16  1.328785E-16  5.472089E-06
  4.200000E+00  1.342761E-03  1.180130E-16  1.268622E-16  5.694379E-06
  4.300000E+00  1.407433E-03  1.111369E-16  1.211039E-16  5.915694E-06
  4.400000E+00  1.473624E-03  1.047894E-16  1.155957E-16  6.135925E-06
  4.500000E+00  1.541333E-03  9.892865E-17  1.103297E-16  6.354650E-06
  4.600000E+00  1.610561E-03  9.351561E-17  1.052989E-16  6.571050E-06
  4.700000E+00  1.681307E-03  8.851340E-17  1.004948E-16  6.785256E-06
  4.800000E+00  1.753570E-03  8.388779E-17  9.590928E-17  6.997059E-06
  4.900000E+00  1.827352E-03  7.960703E-17  9.153460E-17  7.205999E-06
  5.000000E+00  1.902651E-03  7.564154E-17  8.736239E-17  7.412110E-06
  5.100000E+00  1.979467E-03  7.196409E-17  8.338454E-17  7.615622E-06
  5.200000E+00  2.057801E-03  6.854963E-17  7.959331E-17  7.816320E-06
  5.300000E+00  2.137651E-03  6.537506E-17  7.598084E-17  8.014166E-06
  5.400000E+00  2.219018E-03  6.241924E-17  7.253930E-17  8.209959E-06
  5.500000E+00  2.301901E-03  5.966279E-17  6.926135E-17  8.403206E-06
  5.600000E+00  2.386300E-03  5.708809E-17  6.613978E-17  8.593987E-06
  5.700000E+00  2.472215E-03  5.467904E-17  6.316730E-17  8.783731E-06
  5.800000E+00  2.559646E-03  5.242094E-17  6.033722E-17  8.971388E-06
  5.900000E+00  2.648591E-03  5.030051E-17  5.764300E-17  9.157178E-06
  6.000000E+00  2.739052E-03  4.830566E-17  5.507802E-17  9.342767E-06
  6.100000E+00  2.831028E-03  4.642543E-17  5.263638E-17  9.526659E-06
  6.200000E+00  2.924518E-03  4.464992E-17  5.031216E-17  9.709421E-06
  6.300000E+00  3.019522E-03  4.297014E-17  4.809950E-17  9.892454E-06
  6.400000E+00  3.116040E-03  4.137804E-17  4.599327E-17  1.007404E-05
  6.500000E+00  3.214072E-03  3.986627E-17  4.398815E-17  1.025500E-05
  6.600000E+00  3.313617E-03  3.842822E-17  4.207910E-17  1.043606E-05
  6.700000E+00  3.414675E-03  3.705803E-17  4.026163E-17  1.061574E-05
  6.800000E+00  3.517246E-03  3.575026E-17  3.853104E-17  1.079491E-05
  6.900000E+00  3.621329E-03  3.450009E-17  3.688303E-17  1.097349E-05
  7.000000E+00  3.726924E-03  3.330328E-17  3.531370E-17  1.115040E-05
  7.100000E+00  3.834031E-03  3.215581E-17  3.381894E-17  1.132629E-05
  7.200000E+00  3.942649E-03  3.105422E-17  3.239512E-17  1.150054E-05
  7.300000E+00  4.052779E-03  2.999540E-17  3.103881E-17  1.167242E-05
  7.400000E+00  4.164419E-03  2.897639E-17  2.974646E-17  1.184183E-05
  7.500000E+00  4.277569E-03  2.799475E-17  2.851505E-17  1.200837E-05
  7.600000E+00  4.392230E-03  2.704818E-17  2.734155E-17  1.217158E-05
  7.700000E+00  4.508400E-03  2.613451E-17  2.622294E-17  1.233034E-05
  7.800000E+00  4.626080E-03  2.525200E-17  2.515664E-17  1.248450E-05
  7.900000E+00  4.745268E-03  2.439894E-17  2.414001E-17  1.263344E-05
  8.000000E+00  4.865966E-03  2.357377E-17  2.317053E-17  1.277576E-05
  8.100000E+00  4.988171E-03  2.277525E-17  2.224596E-17  1.291159E-05
  8.200000E+00  5.111885E-03  2.200207E-17  2.136401E-17  1.303958E-05
  8.300000E+00  5.237105E-03  2.125313E-17  2.052257E-17  1.315860E-05
  8.400000E+00  5.363834E-03  2.052750E-17  1.971969E-17  1.326862E-05
  8.500000E+00  5.492068E-03  1.982419E-17  1.895341E-17  1.336763E-05
  8.600000E+00  5.621809E-03  1.914244E-17  1.822195E-17  1.345538E-05
  8.700000E+00  5.753057E-03  1.848152E-17  1.752362E-17  1.353088E-05
  8.800000E+00  5.885809E-03  1.784067E-17  1.685672E-17  1.359196E-05
  8.900000E+00  6.020067E-03  1.721938E-17  1.621979E-17  1.363951E-05
  9.000000E+00  6.155830E-03  1.661702E-17  1.561130E-17  1.367093E-05
  9.100000E+00  6.293097E-03  1.603305E-17  1.502986E-17  1.368450E-05
  9.200000E+00  6.431867E-03  1.546709E-17  1.447419E-17  1.368174E-05
  9.300000E+00  6.572142E-03  1.491858E-17  1.394298E-17  1.365854E-05
  9.400000E+00  6.713919E-03  1.438713E-17  1.343504E-17  1.361460E-05
  9.500000E+00  6.857199E-03  1.387245E-17  1.294930E-17  1.355111E-05
  9.600000E+00  7.001981E-03  1.337403E-17  1.248458E-17  1.346286E-05
  9.700000E+00  7.148265E-03  1.289161E-17  1.203993E-17  1.335115E-05
  9.800000E+00  7.296051E-03  1.242489E-17  1.161437E-17  1.321599E-05
  9.900000E+00  7.445337E-03  1.197344E-17  1.120694E-17  1.305245E-05
  1.000000E+01  7.596123E-03  1.153705E-17  1.081680E-17  1.286296E-05
  1.025000E+01  7.979651E-03  1.050989E-17  9.911696E-18  1.226259E-05
  1.050000E+01  8.372546E-03  9.570367E-18  9.097632E-18  1.147085E-05
  1.075000E+01  8.774801E-03  8.714116E-18  8.364195E-18  1.047548E-05
  1.100000E+01  9.186408E-03  7.936795E-18  7.702254E-18  9.268064E-06
  1.125000E+01  9.607360E-03  7.233987E-18  7.103806E-18  7.844974E-06
  1.150000E+01  1.003765E-02  6.601165E-18  6.561836E-18  6.208451E-06
  1.175000E+01  1.047726E-02  6.033671E-18  6.070197E-18  4.367518E-06
  1.200000E+01  1.092620E-02  5.526721E-18  5.623497E-18  2.338931E-06
  1.225000E+01  1.138445E-02  5.075432E-18  5.216997E-18  0.000000E+00
  1.250000E+01  1.185200E-02  4.674865E-18  4.846529E-18 -2.180553E-06
  1.275000E+01  1.232884E-02  4.320082E-18  4.508416E-18 -4.606493E-06
  1.300000E+01  1.281497E-02  4.006208E-18  4.199406E-18 -7.094510E-06
  1.325000E+01  1.331037E-02  3.728500E-18  3.916618E-18 -9.607775E-06
  1.350000E+01  1.381504E-02  3.482414E-18  3.657486E-18 -1.211329E-05
  1.375000E+01  1.432897E-02  3.263671E-18  3.419722E-18 -1.458413E-05
  1.400000E+01  1.485214E-02  3.068306E-18  3.201283E-18 -1.700246E-05
  1.425000E+01  1.538455E-02  2.892716E-18  3.000336E-18 -1.936018E-05
  1.450000E+01  1.592618E-02  2.733691E-18  2.815239E-18 -2.166047E-05
  1.475000E+01  1.647703E-02  2.588424E-18  2.644517E-18 -2.391734E-05
  1.500000E+01  1.703709E-02  2.454522E-18  2.486842E-18 -2.615441E-05
  1.525000E+01  1.760634E-02  2.329989E-18  2.341025E-18 -2.840357E-05
  1.550000E+01  1.818477E-02  2.213209E-18  2.205993E-18 -3.070268E-05
  1.575000E+01  1.877238E-02  2.102910E-18  2.080785E-18 -3.309409E-05
  1.600000E+01  1.936915E-02  1.998127E-18  1.964536E-18 -3.562317E-05
  1.625000E+01  1.997507E-02  1.898160E-18  1.856469E-18 -3.833648E-05
  1.650000E+01  2.059013E-02  1.802528E-18  1.755887E-18 -4.128026E-05
  1.675000E+01  2.121432E-02  1.710924E-18  1.662164E-18 -4.449914E-05
  1.700000E+01  2.184762E-02  1.623174E-18  1.574737E-18 -4.803394E-05
  1.725000E+01  2.249003E-02  1.539197E-18  1.493099E-18 -5.192054E-05
  1.750000E+01  2.314152E-02  1.458973E-18  1.416796E-18 -5.618816E-05
  1.775000E+01  2.380210E-02  1.382516E-18  1.345413E-18 -6.085775E-05
  1.800000E+01  2.447174E-02  1.309848E-18  1.278576E-18 -6.594095E-05
  1.825000E+01  2.515044E-02  1.240984E-18  1.215945E-18 -7.143846E-05
  1.850000E+01  2.583817E-02  1.175924E-18  1.157209E-18 -7.733988E-05
  1.875000E+01  2.653494E-02  1.114638E-18  1.102083E-18 -8.362321E-05
  1.900000E+01  2.724071E-02  1.057073E-18  1.050303E-18 -9.025479E-05
  1.925000E+01  2.795549E-02  1.003143E-18  1.001628E-18 -9.718994E-05
  1.950000E+01  2.867925E-02  9.527379E-19  9.558342E-19 -1.043739E-04
  1.975000E+01  2.941199E-02  9.057243E-19  9.127145E-19 -1.117438E-04
  2.000000E+01  3.015369E-02  8.619489E-19  8.720781E-19 -1.192305E-04
  2.025000E+01  3.090433E-02  8.212439E-19  8.337485E-19 -1.267627E-04
  2.050000E+01  3.166391E-02  7.834302E-19  7.975629E-19 -1.342697E-04
  2.075000E+01  3.243240E-02  7.483217E-19  7.633716E-19 -1.416853E-04
  2.100000E+01  3.320979E-02  7.157283E-19  7.310368E-19 -1.489508E-04
  2.125000E+01  3.399607E-02  6.854588E-19  7.004324E-19 -1.560188E-04
  2.150000E+01  3.479122E-02  6.573231E-19  6.714431E-19 -1.628550E-04
  2.175000E+01  3.559522E-02  6.311340E-19  6.439636E-19 -1.694410E-04
  2.200000E+01  3.640807E-02  6.067087E-19  6.178978E-19 -1.757755E-04
  2.225000E+01  3.722975E-02  5.838705E-19  5.931582E-19 -1.818753E-04
  2.250000E+01  3.806023E-02  5.624495E-19  5.696647E-19 -1.877750E-04
  2.275000E+01  3.889951E-02  5.422840E-19  5.473441E-19 -1.935251E-04
  2.300000E+01  3.974757E-02  5.232217E-19  5.261286E-19 -1.991906E-04
  2.325000E+01  4.060439E-02  5.051210E-19  5.059555E-19 -2.048472E-04
  2.350000E+01  4.146996E-02  4.878525E-19  4.867661E-19 -2.105784E-04
  2.375000E+01  4.234426E-02  4.712998E-19  4.685053E-19 -2.164723E-04
  2.400000E+01  4.322727E-02  4.553612E-19  4.511207E-19 -2.226176E-04
  2.425000E+01  4.411898E-02  4.399505E-19  4.345624E-19 -2.291008E-04
  2.450000E+01  4.501936E-02  4.249976E-19  4.187831E-19 -2.360029E-04
  2.475000E+01  4.592841E-02  4.104492E-19  4.037375E-19 -2.433963E-04
  2.500000E+01  4.684611E-02  3.962681E-19  3.893825E-19 -2.513418E-04
  2.550000E+01  4.870736E-02  3.689360E-19  3.625846E-19 -2.690587E-04
  2.600000E+01  5.060298E-02  3.429861E-19  3.380939E-19 -2.893210E-04
  2.650000E+01  5.253282E-02  3.185568E-19  3.156561E-19 -3.119971E-04
  2.700000E+01  5.449674E-02  2.958547E-19  2.950574E-19 -3.366502E-04
  2.750000E+01  5.649458E-02  2.750700E-19  2.761203E-19 -3.625730E-04
  2.800000E+01  5.852620E-02  2.563111E-19  2.586965E-19 -3.888842E-04
  2.850000E+01  6.059144E-02  2.395692E-19  2.426568E-19 -4.146870E-04
  2.900000E+01  6.269015E-02  2.247140E-19  2.278820E-19 -4.392533E-04
  2.950000E+01  6.482215E-02  2.115172E-19  2.142570E-19 -4.621757E-04
  3.000000E+01  6.698730E-02  1.996936E-19  2.016702E-19 -4.834461E-04
  3.050000E+01  6.918542E-02  1.889481E-19  1.900159E-19 -5.034450E-04
  3.100000E+01  7.141635E-02  1.790171E-19  1.791995E-19 -5.228523E-04
  3.150000E+01  7.367992E-02  1.696953E-19  1.691405E-19 -5.425132E-04
  3.200000E+01  7.597595E-02  1.608460E-19  1.597733E-19 -5.633034E-04
  3.250000E+01  7.830428E-02  1.523948E-19  1.510457E-19 -5.860138E-04
  3.300000E+01  8.066472E-02  1.443133E-19  1.429141E-19 -6.112526E-04
  3.350000E+01  8.305709E-02  1.366007E-19  1.353393E-19 -6.393685E-04
  3.400000E+01  8.548121E-02  1.292670E-19  1.282815E-19 -6.704085E-04
  3.450000E+01  8.793691E-02  1.223234E-19  1.216993E-19 -7.041138E-04
  3.500000E+01  9.042398E-02  1.157794E-19  1.155496E-19 -7.399436E-04
  3.550000E+01  9.294224E-02  1.096430E-19  1.097905E-19 -7.771217E-04
  3.600000E+01  9.549150E-02  1.039215E-19  1.043854E-19 -8.147178E-04
  3.650000E+01  9.807157E-02  9.862007E-20  9.930431E-20 -8.517666E-04
  3.700000E+01  1.006822E-01  9.373767E-20  9.452471E-20 -8.874119E-04
  3.750000E+01  1.033233E-01  8.926211E-20  9.002955E-20 -9.210512E-04
  3.800000E+01  1.059946E-01  8.516650E-20  8.580473E-20 -9.524610E-04
  3.850000E+01  1.086959E-01  8.140855E-20  8.183630E-20 -9.818690E-04
  3.900000E+01  1.114270E-01  7.793342E-20  7.810848E-20 -1.009941E-03
  3.950000E+01  1.141877E-01  7.467989E-20  7.460304E-20 -1.037681E-03
  4.000000E+01  1.169778E-01  7.158869E-20  7.130027E-20 -1.066267E-03
  4.050000E+01  1.197970E-01  6.861125E-20  6.818104E-20 -1.096861E-03
  4.100000E+01  1.226452E-01  6.571642E-20  6.522897E-20 -1.130415E-03
  4.150000E+01  1.255221E-01  6.289330E-20  6.243172E-20 -1.167506E-03
  4.200000E+01  1.284276E-01  6.014916E-20  5.978087E-20 -1.208249E-03
  4.250000E+01  1.313613E-01  5.750333E-20  5.727059E-20 -1.252283E-03
  4.300000E+01  1.343231E-01  5.497924E-20  5.489594E-20 -1.298819E-03
  4.350000E+01  1.373128E-01  5.259686E-20  5.265120E-20 -1.346761E-03
  4.400000E+01  1.403301E-01  5.036754E-20  5.052898E-20 -1.394885E-03
  4.450000E+01  1.433748E-01  4.829208E-20  4.852015E-20 -1.442051E-03
  4.500000E+01  1.464466E-01  4.636193E-20  4.661457E-20 -1.487381E-03
  4.550000E+01  1.495454E-01  4.456242E-20  4.480250E-20 -1.530375E-03
  4.600000E+01  1.526708E-01  4.287663E-20  4.307591E-20 -1.570945E-03
  4.650000E+01  1.558227E-01  4.128855E-20  4.142922E-20 -1.609390E-03
  4.700000E+01  1.590008E-01  3.978482E-20  3.985912E-20 -1.646312E-03
  4.750000E+01  1.622049E-01  3.835496E-20  3.836375E-20 -1.682526E-03
  4.800000E+01  1.654347E-01  3.699072E-20  3.694145E-20 -1.718962E-03
  4.850000E+01  1.686900E-01  3.568509E-20  3.558986E-20 -1.756569E-03
  4.900000E+01  1.719705E-01  3.443145E-20  3.430539E-20 -1.796213E-03
  4.950000E+01  1.752760E-01  3.322340E-20  3.308325E-20 -1.838587E-03
  5.000000E+01  1.786062E-01  3.205510E-20  3.191799E-20 -1.884142E-03
  5.050000E+01  1.819609E-01  3.092225E-20  3.080432E-20 -1.933019E-03
  5.100000E+01  1.853398E-01  2.982311E-20  2.973792E-20 -1.985003E-03
  5.150000E+01  1.887427E-01  2.875914E-20  2.871594E-20 -2.039485E-03
  5.200000E+01  1.921693E-01  2.773461E-20  2.773694E-20 -2.095507E-03
  5.250000E+01  1.956193E-01  2.675533E-20  2.680030E-20 -2.151870E-03
  5.300000E+01  1.990925E-01  2.582685E-20  2.590551E-20 -2.207299E-03
  5.350000E+01  2.025886E-01  2.495270E-20  2.505151E-20 -2.260646E-03
  5.400000E+01  2.061074E-01  2.413322E-20  2.423642E-20 -2.311086E-03
  5.450000E+01  2.096485E-01  2.336526E-20  2.345760E-20 -2.358281E-03
  5.500000E+01  2.132118E-01  2.264274E-20  2.271190E-20 -2.402444E-03
  5.550000E+01  2.167969E-01  2.195786E-20  2.199623E-20 -2.444299E-03
  5.600000E+01  2.204035E-01  2.130258E-20  2.130803E-20 -2.484946E-03
  5.650000E+01  2.240315E-01  2.067002E-20  2.064564E-20 -2.525663E-03
  5.700000E+01  2.276805E-01  2.005533E-20  2.000829E-20 -2.567690E-03
  5.750000E+01  2.313502E-01  1.945596E-20  1.939583E-20 -2.612049E-03
  5.800000E+01  2.350404E-01  1.887134E-20  1.880822E-20 -2.659426E-03
  5.850000E+01  2.387507E-01  1.830231E-20  1.824511E-20 -2.710110E-03
  5.900000E+01  2.424810E-01  1.775040E-20  1.770565E-20 -2.763982E-03
  5.950000E+01  2.462308E-01  1.721715E-20  1.718844E-20 -2.820551E-03
  6.000000E+01  2.500000E-01  1.670363E-20  1.669170E-20 -2.879056E-03
  6.050000E+01  2.537882E-01  1.621023E-20  1.621358E-20 -2.938594E-03
  6.100000E+01  2.575952E-01  1.573677E-20  1.575243E-20 -2.998225E-03
  6.150000E+01  2.614206E-01  1.528275E-20  1.530713E-20 -3.057053E-03
  6.200000E+01  2.652642E-01  1.484768E-20  1.487715E-20 -3.114290E-03
  6.250000E+01  2.691257E-01  1.443117E-20  1.446241E-20 -3.169320E-03
  6.300000E+01  2.730048E-01  1.403290E-20  1.406303E-20 -3.221753E-03
  6.350000E+01  2.769011E-01  1.365245E-20  1.367898E-20 -3.271471E-03
  6.400000E+01  2.808144E-01  1.328909E-20  1.330995E-20 -3.318653E-03
  6.450000E+01  2.847445E-01  1.294165E-20  1.295525E-20 -3.363768E-03
  6.500000E+01  2.886909E-01  1.260857E-20  1.261385E-20 -3.407544E-03
  6.550000E+01  2.926534E-01  1.228795E-20  1.228457E-20 -3.450897E-03
  6.600000E+01  2.966317E-01  1.197779E-20  1.196628E-20 -3.494838E-03
  6.650000E+01  3.006255E-01  1.167631E-20  1.165807E-20 -3.540344E-03
  6.700000E+01  3.046344E-01  1.138218E-20  1.135943E-20 -3.588212E-03
  6.750000E+01  3.086583E-01  1.109466E-20  1.107023E-20 -3.638942E-03
  6.800000E+01  3.126967E-01  1.081362E-20  1.079055E-20 -3.692682E-03
  6.850000E+01  3.167494E-01  1.053936E-20  1.052052E-20 -3.749213E-03
  6.900000E+01  3.208160E-01  1.027251E-20  1.026016E-20 -3.807974E-03
  6.950000E+01  3.248963E-01  1.001382E-20  1.000925E-20 -3.868103E-03
  7.000000E+01  3.289899E-01  9.764002E-21  9.767350E-21 -3.928546E-03
  7.050000E+01  3.330966E-01  9.523560E-21  9.533806E-21 -3.988210E-03
  7.100000E+01  3.372159E-01  9.292665E-21  9.307867E-21 -4.046115E-03
  7.150000E+01  3.413477E-01  9.071151E-21  9.088819E-21 -4.101512E-03
  7.200000E+01  3.454915E-01  8.858587E-21  8.876128E-21 -4.153952E-03
  7.250000E+01  3.496471E-01  8.654374E-21  8.669522E-21 -4.203319E-03
  7.300000E+01  3.538141E-01  8.457831E-21  8.468958E-21 -4.249820E-03
  7.350000E+01  3.579923E-01  8.268252E-21  8.274529E-21 -4.293950E-03
  7.400000E+01  3.621813E-01  8.084951E-21  8.086343E-21 -4.336422E-03
  7.450000E+01  3.663808E-01  7.907302E-21  7.904433E-21 -4.378074E-03
  7.500000E+01  3.705905E-01  7.734767E-21  7.728699E-21 -4.419758E-03
  7.550000E+01  3.748100E-01  7.566889E-21  7.558876E-21 -4.462251E-03
  7.600000E+01  3.790391E-01  7.403287E-21  7.394549E-21 -4.506200E-03
  7.650000E+01  3.832773E-01  7.243659E-21  7.235216E-21 -4.552072E-03
  7.700000E+01  3.875245E-01  7.087816E-21  7.080394E-21 -4.600109E-03
  7.750000E+01  3.917802E-01  6.935703E-21  6.929718E-21 -4.650292E-03
  7.800000E+01  3.960442E-01  6.787379E-21  6.782984E-21 -4.702350E-03
  7.850000E+01  4.003160E-01  6.642968E-21  6.640138E-21 -4.755819E-03
  7.900000E+01  4.045955E-01  6.502602E-21  6.501228E-21 -4.810103E-03
  7.950000E+01  4.088822E-01  6.366391E-21  6.366350E-21 -4.864522E-03
  8.000000E+01  4.131759E-01  6.234397E-21  6.235594E-21 -4.918359E-03
  8.050000E+01  4.174762E-01  6.106624E-21  6.108985E-21 -4.970926E-03
  8.100000E+01  4.217828E-01  5.982999E-21  5.986431E-21 -5.021638E-03
  8.150000E+01  4.260953E-01  5.863371E-21  5.867713E-21 -5.070066E-03
  8.200000E+01  4.304134E-01  5.747543E-21  5.752524E-21 -5.115960E-03
  8.250000E+01  4.347369E-01  5.635312E-21  5.640542E-21 -5.159251E-03
  8.300000E+01  4.390653E-01  5.526491E-21  5.531483E-21 -5.200041E-03
  8.350000E+01  4.433984E-01  5.420907E-21  5.425142E-21 -5.238609E-03
  8.400000E+01  4.477358E-01  5.318392E-21  5.321394E-21 -5.275395E-03
  8.450000E+01  4.520771E-01  5.218780E-21  5.220198E-21 -5.310970E-03
  8.500000E+01  4.564221E-01  5.121914E-21  5.121590E-21 -5.345971E-03
  8.550000E+01  4.607705E-01  5.027649E-21  5.025642E-21 -5.381028E-03
  8.600000E+01  4.651218E-01  4.935834E-21  4.932420E-21 -5.416721E-03
  8.650000E+01  4.694757E-01  4.846297E-21  4.841929E-21 -5.453548E-03
  8.700000E+01  4.738320E-01  4.758857E-21  4.754095E-21 -5.491887E-03
  8.750000E+01  4.781903E-01  4.673352E-21  4.668780E-21 -5.531936E-03
  8.800000E+01  4.825503E-01  4.589665E-21  4.585813E-21 -5.573662E-03
  8.850000E+01  4.869115E-01  4.507739E-21  4.505006E-21 -5.616817E-03
  8.900000E+01  4.912738E-01  4.427569E-21  4.426179E-21 -5.660976E-03
  8.950000E+01  4.956367E-01  4.349201E-21  4.349180E-21 -5.705582E-03
  9.000000E+01  5.000000E-01  4.272727E-21  4.273917E-21 -5.749977E-03
  9.050000E+01  5.043633E-01  4.198267E-21  4.200364E-21 -5.793452E-03
  9.100000E+01  5.087262E-01  4.125936E-21  4.128553E-21 -5.835331E-03
  9.150000E+01  5.130885E-01  4.055800E-21  4.058535E-21 -5.875063E-03
  9.200000E+01  5.174497E-01  3.987851E-21  3.990350E-21 -5.912285E-03
  9.250000E+01  5.218097E-01  3.922009E-21  3.924010E-21 -5.946841E-03
  9.300000E+01  5.261680E-01  3.858136E-21  3.859503E-21 -5.978763E-03
  9.350000E+01  5.305243E-01  3.796063E-21  3.796777E-21 -6.008256E-03
  9.400000E+01  5.348782E-01  3.735599E-21  3.735744E-21 -6.035668E-03
  9.450000E+01  5.392295E-01  3.676551E-21  3.676277E-21 -6.061461E-03
  9.500000E+01  5.435779E-01  3.618755E-21  3.618242E-21 -6.086143E-03
  9.550000E+01  5.479229E-01  3.562107E-21  3.561520E-21 -6.110199E-03
  9.600000E+01  5.522642E-01  3.506564E-21  3.506032E-21 -6.134032E-03
  9.650000E+01  5.566016E-01  3.452135E-21  3.451731E-21 -6.157961E-03
  9.700000E+01  5.609347E-01  3.398858E-21  3.398595E-21 -6.182231E-03
  9.750000E+01  5.652631E-01  3.346782E-21  3.346626E-21 -6.207007E-03
  9.800000E+01  5.695866E-01  3.295960E-21  3.295846E-21 -6.232355E-03
  9.850000E+01  5.739047E-01  3.246438E-21  3.246287E-21 -6.258239E-03
  9.900000E+01  5.782172E-01  3.198228E-21  3.197971E-21 -6.284557E-03
  9.950000E+01  5.825238E-01  3.151298E-21  3.150894E-21 -6.311190E-03
  1.000000E+02  5.868241E-01  3.105573E-21  3.105016E-21 -6.338007E-03
  1.005000E+02  5.911178E-01  3.060956E-21  3.060280E-21 -6.364837E-03
  1.010000E+02  5.954045E-01  3.017346E-21  3.016619E-21 -6.391457E-03
  1.015000E+02  5.996840E-01  2.974652E-21  2.973962E-21 -6.417604E-03
  1.020000E+02  6.039558E-01  2.932794E-21  2.932235E-21 -6.443012E-03
  1.025000E+02  6.082198E-01  2.891712E-21  2.891369E-21 -6.467413E-03
  1.030000E+02  6.124755E-01  2.851382E-21  2.851312E-21 -6.490528E-03
  1.035000E+02  6.167227E-01  2.811821E-21  2.812044E-21 -6.512062E-03
  1.040000E+02  6.209609E-01  2.773074E-21  2.773569E-21 -6.531734E-03
  1.045000E+02  6.251900E-01  2.735192E-21  2.735901E-21 -6.549332E-03
  1.050000E+02  6.294095E-01  2.698218E-21  2.699052E-21 -6.564746E-03
  1.055000E+02  6.336192E-01  2.662181E-21  2.663037E-21 -6.577967E-03
  1.060000E+02  6.378187E-01  2.627092E-21  2.627867E-21 -6.589075E-03
  1.065000E+02  6.420077E-01  2.592945E-21  2.593550E-21 -6.598239E-03
  1.070000E+02  6.461859E-01  2.559700E-21  2.560074E-21 -6.605725E-03
  1.075000E+02  6.503529E-01  2.527289E-21  2.527406E-21 -6.611896E-03
  1.080000E+02  6.545085E-01  2.495629E-21  2.495498E-21 -6.617161E-03
  1.085000E+02  6.586523E-01  2.464637E-21  2.464300E-21 -6.621915E-03
  1.090000E+02  6.627841E-01  2.434245E-21  2.433769E-21 -6.626489E-03
  1.095000E+02  6.669034E-01  2.404398E-21  2.403864E-21 -6.631154E-03
  1.100000E+02  6.710101E-01  2.375051E-21  2.374544E-21 -6.636126E-03
  1.105000E+02  6.751037E-01  2.346181E-21  2.345775E-21 -6.641541E-03
  1.110000E+02  6.791840E-01  2.317786E-21  2.317542E-21 -6.647415E-03
  1.115000E+02  6.832506E-01  2.289894E-21  2.289843E-21 -6.653636E-03
  1.120000E+02  6.873033E-01  2.262539E-21  2.262690E-21 -6.660008E-03
  1.125000E+02  6.913417E-01  2.235758E-21  2.236090E-21 -6.666307E-03
  1.130000E+02  6.953656E-01  2.209576E-21  2.210045E-21 -6.672294E-03
  1.135000E+02  6.993745E-01  2.184015E-21  2.184560E-21 -6.677706E-03
  1.140000E+02  7.033683E-01  2.159090E-21  2.159639E-21 -6.682262E-03
  1.145000E+02  7.073466E-01  2.134801E-21  2.135282E-21 -6.685702E-03
  1.150000E+02  7.113091E-01  2.111128E-21  2.111476E-21 -6.687835E-03
  1.155000E+02  7.152555E-01  2.088030E-21  2.088194E-21 -6.688545E-03
  1.160000E+02  7.191856E-01  2.065458E-21  2.065408E-21 -6.687761E-03
  1.165000E+02  7.230989E-01  2.043364E-21  2.043091E-21 -6.685430E-03
  1.170000E+02  7.269952E-01  2.021703E-21  2.021222E-21 -6.681530E-03
  1.175000E+02  7.308743E-01  2.000431E-21  1.999777E-21 -6.676085E-03
  1.180000E+02  7.347358E-01  1.979505E-21  1.978731E-21 -6.669165E-03
  1.185000E+02  7.385794E-01  1.958893E-21  1.958063E-21 -6.660850E-03
  1.190000E+02  7.424048E-01  1.938584E-21  1.937766E-21 -6.651200E-03
  1.195000E+02  7.462118E-01  1.918583E-21  1.917841E-21 -6.640254E-03
  1.200000E+02  7.500000E-01  1.898900E-21  1.898293E-21 -6.628057E-03
  1.205000E+02  7.537692E-01  1.879550E-21  1.879121E-21 -6.614681E-03
  1.210000E+02  7.575190E-01  1.860546E-21  1.860326E-21 -6.600205E-03
  1.215000E+02  7.612493E-01  1.841911E-21  1.841910E-21 -6.584689E-03
  1.220000E+02  7.649596E-01  1.823669E-21  1.823883E-21 -6.568167E-03
  1.225000E+02  7.686498E-01  1.805839E-21  1.806247E-21 -6.550689E-03
  1.230000E+02  7.723195E-01  1.788425E-21  1.788993E-21 -6.532340E-03
  1.235000E+02  7.759685E-01  1.771422E-21  1.772109E-21 -6.513228E-03
  1.240000E+02  7.795965E-01  1.754820E-21  1.755581E-21 -6.493445E-03
  1.245000E+02  7.832031E-01  1.738611E-21  1.739397E-21 -6.473050E-03
  1.250000E+02  7.867882E-01  1.722779E-21  1.723546E-21 -6.452098E-03
  1.255000E+02  7.903515E-01  1.707299E-21  1.708009E-21 -6.430664E-03
  1.260000E+02  7.938926E-01  1.692143E-21  1.692764E-21 -6.408834E-03
  1.265000E+02  7.974114E-01  1.677283E-21  1.677792E-21 -6.386656E-03
  1.270000E+02  8.009075E-01  1.662702E-21  1.663086E-21 -6.364123E-03
  1.275000E+02  8.043807E-01  1.648386E-21  1.648640E-21 -6.341198E-03
  1.280000E+02  8.078307E-01  1.634321E-21  1.634448E-21 -6.317851E-03
  1.285000E+02  8.112573E-01  1.620490E-21  1.620501E-21 -6.294059E-03
  1.290000E+02  8.146602E-01  1.606885E-21  1.606793E-21 -6.269766E-03
  1.295000E+02  8.180391E-01  1.593506E-21  1.593329E-21 -6.244872E-03
  1.300000E+02  8.213938E-01  1.580359E-21  1.580117E-21 -6.219250E-03
  1.305000E+02  8.247240E-01  1.567449E-21  1.567161E-21 -6.192796E-03
  1.310000E+02  8.280295E-01  1.554775E-21  1.554457E-21 -6.165433E-03
  1.315000E+02  8.313100E-01  1.542337E-21  1.542005E-21 -6.137087E-03
  1.320000E+02  8.345653E-01  1.530142E-21  1.529807E-21 -6.107664E-03
  1.325000E+02  8.377951E-01  1.518197E-21  1.517866E-21 -6.077063E-03
  1.330000E+02  8.409992E-01  1.506506E-21  1.506183E-21 -6.045220E-03
  1.335000E+02  8.441773E-01  1.495062E-21  1.494749E-21 -6.012117E-03
  1.340000E+02  8.473292E-01  1.483858E-21  1.483553E-21 -5.977756E-03
  1.345000E+02  8.504546E-01  1.472889E-21  1.472589E-21 -5.942131E-03
  1.350000E+02  8.535534E-01  1.462152E-21  1.461852E-21 -5.905233E-03
  1.355000E+02  8.566252E-01  1.451643E-21  1.451339E-21 -5.867078E-03
  1.360000E+02  8.596699E-01  1.441348E-21  1.441036E-21 -5.827723E-03
  1.365000E+02  8.626872E-01  1.431251E-21  1.430929E-21 -5.787243E-03
  1.370000E+02  8.656769E-01  1.421341E-21  1.421010E-21 -5.745700E-03
  1.375000E+02  8.686387E-01  1.411615E-21  1.411275E-21 -5.703133E-03
  1.380000E+02  8.715724E-01  1.402067E-21  1.401724E-21 -5.659586E-03
  1.385000E+02  8.744779E-01  1.392688E-21  1.392347E-21 -5.615129E-03
  1.390000E+02  8.773548E-01  1.383465E-21  1.383137E-21 -5.569846E-03
  1.395000E+02  8.802030E-01  1.374394E-21  1.374089E-21 -5.523801E-03
  1.400000E+02  8.830222E-01  1.365475E-21  1.365203E-21 -5.477019E-03
  1.405000E+02  8.858123E-01  1.356712E-21  1.356485E-21 -5.429519E-03
  1.410000E+02  8.885730E-01  1.348102E-21  1.347932E-21 -5.381337E-03
  1.415000E+02  8.913041E-01  1.339642E-21  1.339539E-21 -5.332528E-03
  1.420000E+02  8.940054E-01  1.331330E-21  1.331303E-21 -5.283126E-03
  1.425000E+02  8.966767E-01  1.323172E-21  1.323229E-21 -5.233129E-03
  1.430000E+02  8.993178E-01  1.315175E-21  1.315321E-21 -5.182518E-03
  1.435000E+02  9.019284E-01  1.307342E-21  1.307579E-21 -5.131299E-03
  1.440000E+02  9.045085E-01  1.299669E-21  1.299998E-21 -5.079499E-03
  1.445000E+02  9.070578E-01  1.292154E-21  1.292573E-21 -5.027139E-03
  1.450000E+02  9.095760E-01  1.284801E-21  1.285305E-21 -4.974200E-03
  1.455000E+02  9.120631E-01  1.277616E-21  1.278197E-21 -4.920648E-03
  1.460000E+02  9.145188E-01  1.270600E-21  1.271250E-21 -4.866471E-03
  1.465000E+02  9.169429E-01  1.263747E-21  1.264455E-21 -4.811689E-03
  1.470000E+02  9.193353E-01  1.257052E-21  1.257805E-21 -4.756319E-03
  1.475000E+02  9.216957E-01  1.250513E-21  1.251298E-21 -4.700351E-03
  1.480000E+02  9.240240E-01  1.244133E-21  1.244936E-21 -4.643751E-03
  1.485000E+02  9.263201E-01  1.237910E-21  1.238719E-21 -4.586500E-03
  1.490000E+02  9.285837E-01  1.231839E-21  1.232639E-21 -4.528616E-03
  1.495000E+02  9.308146E-01  1.225910E-21  1.226687E-21 -4.470123E-03
  1.500000E+02  9.330127E-01  1.220120E-21  1.220861E-21 -4.411018E-03
  1.505000E+02  9.351778E-01  1.214469E-21  1.215163E-21 -4.351277E-03
  1.510000E+02  9.373099E-01  1.208956E-21  1.209593E-21 -4.290883E-03
  1.515000E+02  9.394086E-01  1.203576E-21  1.204146E-21 -4.229850E-03
  1.520000E+02  9.414738E-01  1.198318E-21  1.198814E-21 -4.168206E-03
  1.525000E+02  9.435054E-01  1.193179E-21  1.193593E-21 -4.105959E-03
  1.530000E+02  9.455033E-01  1.188160E-21  1.188487E-21 -4.043090E-03
  1.535000E+02  9.474672E-01  1.183261E-21  1.183499E-21 -3.979585E-03
  1.540000E+02  9.493970E-01  1.178480E-21  1.178626E-21 -3.915457E-03
  1.545000E+02  9.512926E-01  1.173806E-21  1.173860E-21 -3.850737E-03
  1.550000E+02  9.531539E-01  1.169236E-21  1.169198E-21 -3.785441E-03
  1.555000E+02  9.549806E-01  1.164771E-21  1.164643E-21 -3.719556E-03
  1.560000E+02  9.567727E-01  1.160416E-21  1.160201E-21 -3.653069E-03
  1.565000E+02  9.585300E-01  1.156168E-21  1.155869E-21 -3.585991E-03
  1.570000E+02  9.602524E-01  1.152021E-21  1.151642E-21 -3.518354E-03
  1.575000E+02  9.619398E-01  1.147968E-21  1.147515E-21 -3.450181E-03
  1.580000E+02  9.635919E-01  1.144013E-21  1.143491E-21 -3.381467E-03
  1.585000E+02  9.652088E-01  1.140161E-21  1.139576E-21 -3.312203E-03
  1.590000E+02  9.667902E-01  1.136411E-21  1.135770E-21 -3.242395E-03
  1.595000E+02  9.683361E-01  1.132758E-21  1.132066E-21 -3.172074E-03
  1.600000E+02  9.698463E-01  1.129196E-21  1.128460E-21 -3.101266E-03
  1.605000E+02  9.713207E-01  1.125727E-21  1.124953E-21 -3.029977E-03
  1.610000E+02  9.727593E-01  1.122357E-21  1.121551E-21 -2.958198E-03
  1.615000E+02  9.741618E-01  1.119087E-21  1.118255E-21 -2.885934E-03
  1.620000E+02  9.755283E-01  1.115912E-21  1.115060E-21 -2.813213E-03
  1.625000E+02  9.768585E-01  1.112826E-21  1.111959E-21 -2.740065E-03
  1.630000E+02  9.781524E-01  1.109829E-21  1.108953E-21 -2.666499E-03
  1.635000E+02  9.794099E-01  1.106928E-21  1.106046E-21 -2.592509E-03
  1.640000E+02  9.806308E-01  1.104126E-21  1.103243E-21 -2.518099E-03
  1.645000E+02  9.818152E-01  1.101418E-21  1.100537E-21 -2.443293E-03
  1.650000E+02  9.829629E-01  1.098797E-21  1.097923E-21 -2.368122E-03
  1.655000E+02  9.840738E-01  1.096262E-21  1.095397E-21 -2.292601E-03
  1.660000E+02  9.851479E-01  1.093819E-21  1.092966E-21 -2.216725E-03
  1.665000E+02  9.861850E-01  1.091472E-21  1.090634E-21 -2.140495E-03
  1.670000E+02  9.871850E-01  1.089220E-21  1.088397E-21 -2.063930E-03
  1.675000E+02  9.881480E-01  1.087053E-21  1.086248E-21 -1.987062E-03
  1.680000E+02  9.890738E-01  1.084969E-21  1.084183E-21 -1.909908E-03
  1.685000E+02  9.899624E-01  1.082973E-21  1.082207E-21 -1.832468E-03
  1.690000E+02  9.908136E-01  1.081072E-21  1.080326E-21 -1.754740E-03
  1.695000E+02  9.916275E-01  1.079264E-21  1.078539E-21 -1.676742E-03
  1.700000E+02  9.924039E-01  1.077540E-21  1.076836E-21 -1.598500E-03
  1.705000E+02  9.931428E-01  1.075895E-21  1.075213E-21 -1.520032E-03
  1.710000E+02  9.938442E-01  1.074335E-21  1.073673E-21 -1.441343E-03
  1.715000E+02  9.945079E-01  1.072867E-21  1.072226E-21 -1.362430E-03
  1.720000E+02  9.951340E-01  1.071493E-21  1.070872E-21 -1.283307E-03
  1.725000E+02  9.957224E-01  1.070203E-21  1.069601E-21 -1.204001E-03
  1.730000E+02  9.962731E-01  1.068989E-21  1.068405E-21 -1.124531E-03
  1.735000E+02  9.967859E-01  1.067855E-21  1.067289E-21 -1.044901E-03
  1.740000E+02  9.972609E-01  1.066812E-21  1.066262E-21 -9.651112E-04
  1.745000E+02  9.976981E-01  1.065862E-21  1.065328E-21 -8.851702E-04
  1.750000E+02  9.980973E-01  1.064996E-21  1.064476E-21 -8.051005E-04
  1.755000E+02  9.984587E-01  1.064205E-21  1.063698E-21 -7.249229E-04
  1.760000E+02  9.987820E-01  1.063489E-21  1.062994E-21 -6.446461E-04
  1.765000E+02  9.990674E-01  1.062862E-21  1.062378E-21 -5.642719E-04
  1.770000E+02  9.993148E-01  1.062331E-21  1.061856E-21 -4.838089E-04
  1.775000E+02  9.995241E-01  1.061888E-21  1.061420E-21 -4.032754E-04
  1.780000E+02  9.996954E-01  1.061517E-21  1.061055E-21 -3.226898E-04
  1.785000E+02  9.998287E-01  1.061213E-21  1.060756E-21 -2.420619E-04
  1.790000E+02  9.999238E-01  1.060992E-21  1.060539E-21 -1.613964E-04
  1.795000E+02  9.999810E-01  1.060875E-21  1.060425E-21 -8.070348E-05
  1.800000E+02  1.000000E+00  1.060956E-21  1.060503E-21  0.000000E+00
