 #
 # Subroutine ELSEPM. Elastic scattering ofelectrons and positrons by
 #       molecules (single-scattering independent-atom approximation)
 #
 # Molecule: Water (vapour)                     
 #
 # Structure:
 # IZ =  8,    X,Y,Z =   0.00000E+00  0.00000E+00  0.00000E+00 cm
 # IZ =  1,    X,Y,Z =   9.57200E-09  0.00000E+00  0.00000E+00 cm
 # IZ =  1,    X,Y,Z =  -2.39990E-09  9.26630E-09  0.00000E+00 cm
 #
 # Projectile: electron
 # Kinetic energy = 2.0000000E+01 eV
 #
 # Furness-McCarthy exchange potential
 #
 # Correlation-polarization potential (Buckingham):
 #    molecular polarizability = 1.45700E-24 cm**3
 #
 # LDA-I absorption potential (only electron-hole excitations):
 #                           Delta = 6.20000E+00 eV
 #                            Aabs = 2.00000E+00
 #
 # Integrated cross sections:
 #                     coherent      incoherent
 #         total cs: 2.1059639E-15  1.3006096E-15
 # 1st transport cs: 8.7435565E-16  7.9797051E-16
 # 2nd transport cs: 1.1292809E-15  9.3353077E-16
 #
 # Differential cross section:                     MU=(1-COS(THETA))/2
 #
 #   THETA           MU         DCS coh      DCS incoh      Sherman
 #   (deg)                     (cm**2/sr)    (cm**2/sr)     function
 #--------------------------------------------------------------------
  0.000000E+00  0.000000E+00  2.274531E-15  7.674378E-16  0.000000E+00
  1.000000E-04  7.615575E-13  2.274531E-15  7.674378E-16 -4.917844E-10
  1.250000E-04  1.189937E-12  2.274531E-15  7.674378E-16 -6.147304E-10
  1.500000E-04  1.713463E-12  2.274531E-15  7.674378E-16 -7.376765E-10
  1.750000E-04  2.332246E-12  2.274531E-15  7.674378E-16 -8.606226E-10
  2.000000E-04  3.046174E-12  2.274531E-15  7.674378E-16 -9.835687E-10
  2.250000E-04  3.855305E-12  2.274531E-15  7.674378E-16 -1.106515E-09
  2.500000E-04  4.759637E-12  2.274531E-15  7.674378E-16 -1.229461E-09
  2.750000E-04  5.759171E-12  2.274531E-15  7.674378E-16 -1.352407E-09
  3.000000E-04  6.853906E-12  2.274531E-15  7.674378E-16 -1.475353E-09
  3.250000E-04  8.043788E-12  2.274531E-15  7.674378E-16 -1.598299E-09
  3.500000E-04  9.328927E-12  2.274531E-15  7.674378E-16 -1.721245E-09
  3.750000E-04  1.070921E-11  2.274531E-15  7.674378E-16 -1.844191E-09
  4.000000E-04  1.218470E-11  2.274531E-15  7.674378E-16 -1.967137E-09
  4.250000E-04  1.375539E-11  2.274531E-15  7.674378E-16 -2.090084E-09
  4.500000E-04  1.542128E-11  2.274531E-15  7.674378E-16 -2.213030E-09
  4.750000E-04  1.718231E-11  2.274531E-15  7.674378E-16 -2.335976E-09
  5.000000E-04  1.903860E-11  2.274531E-15  7.674378E-16 -2.458922E-09
  5.250000E-04  2.099004E-11  2.274531E-15  7.674378E-16 -2.581868E-09
  5.500000E-04  2.303668E-11  2.274531E-15  7.674378E-16 -2.704814E-09
  5.750000E-04  2.517853E-11  2.274531E-15  7.674378E-16 -2.827760E-09
  6.000000E-04  2.741557E-11  2.274531E-15  7.674378E-16 -2.950706E-09
  6.250000E-04  2.974782E-11  2.274531E-15  7.674378E-16 -3.073652E-09
  6.500000E-04  3.217521E-11  2.274531E-15  7.674378E-16 -3.196598E-09
  6.750000E-04  3.469786E-11  2.274531E-15  7.674378E-16 -3.319544E-09
  7.000000E-04  3.731565E-11  2.274531E-15  7.674378E-16 -3.442491E-09
  7.250000E-04  4.002865E-11  2.274531E-15  7.674378E-16 -3.565437E-09
  7.500000E-04  4.283685E-11  2.274531E-15  7.674378E-16 -3.688383E-09
  7.750000E-04  4.574019E-11  2.274531E-15  7.674378E-16 -3.811329E-09
  8.000000E-04  4.873879E-11  2.274531E-15  7.674378E-16 -3.934275E-09
  8.250000E-04  5.183254E-11  2.274531E-15  7.674378E-16 -4.057221E-09
  8.500000E-04  5.502154E-11  2.274531E-15  7.674378E-16 -4.180167E-09
  8.750000E-04  5.830569E-11  2.274531E-15  7.674378E-16 -4.303113E-09
  9.000000E-04  6.168505E-11  2.274531E-15  7.674378E-16 -4.426059E-09
  9.250000E-04  6.515954E-11  2.274531E-15  7.674378E-16 -4.549005E-09
  9.500000E-04  6.872930E-11  2.274531E-15  7.674378E-16 -4.671951E-09
  9.750000E-04  7.239426E-11  2.274531E-15  7.674378E-16 -4.794898E-09
  1.000000E-03  7.615436E-11  2.274531E-15  7.674378E-16 -4.917844E-09
  1.250000E-03  1.189912E-10  2.274531E-15  7.674378E-16 -6.147305E-09
  1.500000E-03  1.713473E-10  2.274531E-15  7.674378E-16 -7.376766E-09
  1.750000E-03  2.332227E-10  2.274531E-15  7.674378E-16 -8.606227E-09
  2.000000E-03  3.046174E-10  2.274531E-15  7.674377E-16 -9.835688E-09
  2.250000E-03  3.855314E-10  2.274531E-15  7.674377E-16 -1.106515E-08
  2.500000E-03  4.759647E-10  2.274531E-15  7.674377E-16 -1.229461E-08
  2.750000E-03  5.759173E-10  2.274531E-15  7.674377E-16 -1.352407E-08
  3.000000E-03  6.853892E-10  2.274530E-15  7.674377E-16 -1.475353E-08
  3.250000E-03  8.043804E-10  2.274530E-15  7.674377E-16 -1.598299E-08
  3.500000E-03  9.328908E-10  2.274530E-15  7.674376E-16 -1.721246E-08
  3.750000E-03  1.070921E-09  2.274530E-15  7.674376E-16 -1.844192E-08
  4.000000E-03  1.218470E-09  2.274530E-15  7.674376E-16 -1.967138E-08
  4.250000E-03  1.375538E-09  2.274530E-15  7.674376E-16 -2.090084E-08
  4.500000E-03  1.542126E-09  2.274530E-15  7.674375E-16 -2.213030E-08
  4.750000E-03  1.718233E-09  2.274530E-15  7.674375E-16 -2.335976E-08
  5.000000E-03  1.903859E-09  2.274530E-15  7.674375E-16 -2.458923E-08
  5.250000E-03  2.099004E-09  2.274530E-15  7.674375E-16 -2.581869E-08
  5.500000E-03  2.303669E-09  2.274530E-15  7.674374E-16 -2.704815E-08
  5.750000E-03  2.517853E-09  2.274530E-15  7.674374E-16 -2.827761E-08
  6.000000E-03  2.741557E-09  2.274529E-15  7.674373E-16 -2.950707E-08
  6.250000E-03  2.974779E-09  2.274529E-15  7.674373E-16 -3.073654E-08
  6.500000E-03  3.217521E-09  2.274529E-15  7.674373E-16 -3.196600E-08
  6.750000E-03  3.469783E-09  2.274529E-15  7.674372E-16 -3.319546E-08
  7.000000E-03  3.731563E-09  2.274529E-15  7.674372E-16 -3.442493E-08
  7.250000E-03  4.002863E-09  2.274529E-15  7.674371E-16 -3.565439E-08
  7.500000E-03  4.283682E-09  2.274529E-15  7.674371E-16 -3.688385E-08
  7.750000E-03  4.574021E-09  2.274528E-15  7.674371E-16 -3.811332E-08
  8.000000E-03  4.873879E-09  2.274528E-15  7.674370E-16 -3.934278E-08
  8.250000E-03  5.183256E-09  2.274528E-15  7.674370E-16 -4.057224E-08
  8.500000E-03  5.502152E-09  2.274528E-15  7.674369E-16 -4.180171E-08
  8.750000E-03  5.830568E-09  2.274528E-15  7.674368E-16 -4.303117E-08
  9.000000E-03  6.168503E-09  2.274528E-15  7.674368E-16 -4.426064E-08
  9.250000E-03  6.515957E-09  2.274528E-15  7.674367E-16 -4.549010E-08
  9.500000E-03  6.872931E-09  2.274527E-15  7.674367E-16 -4.671957E-08
  9.750000E-03  7.239423E-09  2.274527E-15  7.674366E-16 -4.794903E-08
  1.000000E-02  7.615435E-09  2.274527E-15  7.674366E-16 -4.917850E-08
  1.250000E-02  1.189912E-08  2.274525E-15  7.674359E-16 -6.147317E-08
  1.500000E-02  1.713473E-08  2.274522E-15  7.674350E-16 -7.376786E-08
  1.750000E-02  2.332227E-08  2.274519E-15  7.674340E-16 -8.606260E-08
  2.000000E-02  3.046174E-08  2.274515E-15  7.674328E-16 -9.835737E-08
  2.250000E-02  3.855314E-08  2.274511E-15  7.674315E-16 -1.106522E-07
  2.500000E-02  4.759647E-08  2.274507E-15  7.674300E-16 -1.229471E-07
  2.750000E-02  5.759173E-08  2.274502E-15  7.674284E-16 -1.352420E-07
  3.000000E-02  6.853892E-08  2.274496E-15  7.674266E-16 -1.475370E-07
  3.250000E-02  8.043804E-08  2.274490E-15  7.674247E-16 -1.598321E-07
  3.500000E-02  9.328908E-08  2.274484E-15  7.674226E-16 -1.721272E-07
  3.750000E-02  1.070921E-07  2.274477E-15  7.674204E-16 -1.844224E-07
  4.000000E-02  1.218470E-07  2.274469E-15  7.674180E-16 -1.967178E-07
  4.250000E-02  1.375538E-07  2.274461E-15  7.674154E-16 -2.090132E-07
  4.500000E-02  1.542126E-07  2.274453E-15  7.674127E-16 -2.213087E-07
  4.750000E-02  1.718233E-07  2.274444E-15  7.674098E-16 -2.336043E-07
  5.000000E-02  1.903859E-07  2.274434E-15  7.674068E-16 -2.459000E-07
  5.250000E-02  2.099004E-07  2.274424E-15  7.674036E-16 -2.581959E-07
  5.500000E-02  2.303669E-07  2.274414E-15  7.674003E-16 -2.704918E-07
  5.750000E-02  2.517853E-07  2.274403E-15  7.673968E-16 -2.827879E-07
  6.000000E-02  2.741557E-07  2.274392E-15  7.673932E-16 -2.950841E-07
  6.250000E-02  2.974779E-07  2.274380E-15  7.673894E-16 -3.073805E-07
  6.500000E-02  3.217521E-07  2.274368E-15  7.673855E-16 -3.196770E-07
  6.750000E-02  3.469782E-07  2.274355E-15  7.673814E-16 -3.319737E-07
  7.000000E-02  3.731563E-07  2.274342E-15  7.673771E-16 -3.442705E-07
  7.250000E-02  4.002863E-07  2.274328E-15  7.673727E-16 -3.565675E-07
  7.500000E-02  4.283682E-07  2.274314E-15  7.673681E-16 -3.688647E-07
  7.750000E-02  4.574020E-07  2.274299E-15  7.673634E-16 -3.811620E-07
  8.000000E-02  4.873878E-07  2.274284E-15  7.673585E-16 -3.934595E-07
  8.250000E-02  5.183255E-07  2.274268E-15  7.673535E-16 -4.057572E-07
  8.500000E-02  5.502151E-07  2.274252E-15  7.673483E-16 -4.180551E-07
  8.750000E-02  5.830567E-07  2.274235E-15  7.673430E-16 -4.303532E-07
  9.000000E-02  6.168501E-07  2.274218E-15  7.673375E-16 -4.426516E-07
  9.250000E-02  6.515956E-07  2.274201E-15  7.673319E-16 -4.549501E-07
  9.500000E-02  6.872929E-07  2.274183E-15  7.673261E-16 -4.672488E-07
  9.750000E-02  7.239422E-07  2.274164E-15  7.673201E-16 -4.795478E-07
  1.000000E-01  7.615434E-07  2.274145E-15  7.673140E-16 -4.918469E-07
  1.250000E-01  1.189911E-06  2.273929E-15  7.672445E-16 -6.148526E-07
  1.500000E-01  1.713472E-06  2.273664E-15  7.671597E-16 -7.378874E-07
  1.750000E-01  2.332225E-06  2.273353E-15  7.670597E-16 -8.609572E-07
  2.000000E-01  3.046171E-06  2.272994E-15  7.669446E-16 -9.840675E-07
  2.250000E-01  3.855309E-06  2.272589E-15  7.668144E-16 -1.107224E-06
  2.500000E-01  4.759640E-06  2.272137E-15  7.666694E-16 -1.230432E-06
  2.750000E-01  5.759162E-06  2.271639E-15  7.665096E-16 -1.353698E-06
  3.000000E-01  6.853876E-06  2.271096E-15  7.663353E-16 -1.477026E-06
  3.250000E-01  8.043782E-06  2.270508E-15  7.661465E-16 -1.600423E-06
  3.500000E-01  9.328879E-06  2.269876E-15  7.659435E-16 -1.723892E-06
  3.750000E-01  1.070917E-05  2.269200E-15  7.657265E-16 -1.847439E-06
  4.000000E-01  1.218465E-05  2.268480E-15  7.654956E-16 -1.971070E-06
  4.250000E-01  1.375532E-05  2.267719E-15  7.652511E-16 -2.094789E-06
  4.500000E-01  1.542118E-05  2.266915E-15  7.649932E-16 -2.218601E-06
  4.750000E-01  1.718223E-05  2.266071E-15  7.647222E-16 -2.342509E-06
  5.000000E-01  1.903847E-05  2.265187E-15  7.644383E-16 -2.466520E-06
  5.250000E-01  2.098990E-05  2.264263E-15  7.641417E-16 -2.590637E-06
  5.500000E-01  2.303652E-05  2.263301E-15  7.638328E-16 -2.714864E-06
  5.750000E-01  2.517832E-05  2.262301E-15  7.635117E-16 -2.839205E-06
  6.000000E-01  2.741532E-05  2.261264E-15  7.631789E-16 -2.963664E-06
  6.250000E-01  2.974750E-05  2.260191E-15  7.628345E-16 -3.088245E-06
  6.500000E-01  3.217487E-05  2.259084E-15  7.624790E-16 -3.212952E-06
  6.750000E-01  3.469743E-05  2.257943E-15  7.621125E-16 -3.337787E-06
  7.000000E-01  3.731517E-05  2.256768E-15  7.617355E-16 -3.462753E-06
  7.250000E-01  4.002810E-05  2.255562E-15  7.613481E-16 -3.587855E-06
  7.500000E-01  4.283621E-05  2.254325E-15  7.609508E-16 -3.713094E-06
  7.750000E-01  4.573951E-05  2.253057E-15  7.605439E-16 -3.838474E-06
  8.000000E-01  4.873800E-05  2.251761E-15  7.601277E-16 -3.963996E-06
  8.250000E-01  5.183166E-05  2.250437E-15  7.597026E-16 -4.089664E-06
  8.500000E-01  5.502051E-05  2.249086E-15  7.592688E-16 -4.215478E-06
  8.750000E-01  5.830454E-05  2.247709E-15  7.588267E-16 -4.341442E-06
  9.000000E-01  6.168376E-05  2.246308E-15  7.583766E-16 -4.467557E-06
  9.250000E-01  6.515815E-05  2.244882E-15  7.579189E-16 -4.593825E-06
  9.500000E-01  6.872773E-05  2.243434E-15  7.574540E-16 -4.720247E-06
  9.750000E-01  7.239249E-05  2.241965E-15  7.569820E-16 -4.846824E-06
  1.000000E+00  7.615242E-05  2.240474E-15  7.565035E-16 -4.973557E-06
  1.100000E+00  9.214394E-05  2.234327E-15  7.545298E-16 -5.482074E-06
  1.200000E+00  1.096583E-04  2.227931E-15  7.524762E-16 -5.993147E-06
  1.300000E+00  1.286953E-04  2.221344E-15  7.503623E-16 -6.506780E-06
  1.400000E+00  1.492551E-04  2.214624E-15  7.482059E-16 -7.022948E-06
  1.500000E+00  1.713375E-04  2.207817E-15  7.460231E-16 -7.541602E-06
  1.600000E+00  1.949425E-04  2.200968E-15  7.438277E-16 -8.062681E-06
  1.700000E+00  2.200699E-04  2.194109E-15  7.416313E-16 -8.586113E-06
  1.800000E+00  2.467198E-04  2.187268E-15  7.394429E-16 -9.111824E-06
  1.900000E+00  2.748920E-04  2.180465E-15  7.372693E-16 -9.639746E-06
  2.000000E+00  3.045865E-04  2.173714E-15  7.351154E-16 -1.016982E-05
  2.100000E+00  3.358031E-04  2.167021E-15  7.329835E-16 -1.070200E-05
  2.200000E+00  3.685418E-04  2.160388E-15  7.308747E-16 -1.123625E-05
  2.300000E+00  4.028024E-04  2.153813E-15  7.287882E-16 -1.177256E-05
  2.400000E+00  4.385850E-04  2.147288E-15  7.267225E-16 -1.231094E-05
  2.500000E+00  4.758892E-04  2.140806E-15  7.246747E-16 -1.285140E-05
  2.600000E+00  5.147151E-04  2.134358E-15  7.226419E-16 -1.339399E-05
  2.700000E+00  5.550625E-04  2.127931E-15  7.206206E-16 -1.393873E-05
  2.800000E+00  5.969313E-04  2.121517E-15  7.186074E-16 -1.448568E-05
  2.900000E+00  6.403214E-04  2.115105E-15  7.165992E-16 -1.503491E-05
  3.000000E+00  6.852326E-04  2.108689E-15  7.145932E-16 -1.558646E-05
  3.100000E+00  7.316648E-04  2.102261E-15  7.125872E-16 -1.614038E-05
  3.200000E+00  7.796179E-04  2.095817E-15  7.105793E-16 -1.669672E-05
  3.300000E+00  8.290917E-04  2.089354E-15  7.085686E-16 -1.725552E-05
  3.400000E+00  8.800860E-04  2.082873E-15  7.065545E-16 -1.781681E-05
  3.500000E+00  9.326008E-04  2.076373E-15  7.045371E-16 -1.838059E-05
  3.600000E+00  9.866358E-04  2.069856E-15  7.025170E-16 -1.894689E-05
  3.700000E+00  1.042191E-03  2.063327E-15  7.004948E-16 -1.951569E-05
  3.800000E+00  1.099266E-03  2.056789E-15  6.984719E-16 -2.008700E-05
  3.900000E+00  1.157861E-03  2.050245E-15  6.964494E-16 -2.066079E-05
  4.000000E+00  1.217975E-03  2.043700E-15  6.944287E-16 -2.123704E-05
  4.100000E+00  1.279609E-03  2.037158E-15  6.924111E-16 -2.181574E-05
  4.200000E+00  1.342761E-03  2.030623E-15  6.903977E-16 -2.239686E-05
  4.300000E+00  1.407433E-03  2.024095E-15  6.883895E-16 -2.298040E-05
  4.400000E+00  1.473624E-03  2.017579E-15  6.863873E-16 -2.356633E-05
  4.500000E+00  1.541333E-03  2.011074E-15  6.843915E-16 -2.415466E-05
  4.600000E+00  1.610561E-03  2.004581E-15  6.824023E-16 -2.474538E-05
  4.700000E+00  1.681307E-03  1.998100E-15  6.804198E-16 -2.533850E-05
  4.800000E+00  1.753570E-03  1.991629E-15  6.784437E-16 -2.593404E-05
  4.900000E+00  1.827352E-03  1.985167E-15  6.764736E-16 -2.653202E-05
  5.000000E+00  1.902651E-03  1.978713E-15  6.745091E-16 -2.713245E-05
  5.100000E+00  1.979467E-03  1.972265E-15  6.725494E-16 -2.773537E-05
  5.200000E+00  2.057801E-03  1.965821E-15  6.705939E-16 -2.834081E-05
  5.300000E+00  2.137651E-03  1.959380E-15  6.686421E-16 -2.894879E-05
  5.400000E+00  2.219018E-03  1.952940E-15  6.666934E-16 -2.955935E-05
  5.500000E+00  2.301901E-03  1.946499E-15  6.647471E-16 -3.017250E-05
  5.600000E+00  2.386300E-03  1.940058E-15  6.628031E-16 -3.078828E-05
  5.700000E+00  2.472215E-03  1.933615E-15  6.608609E-16 -3.140670E-05
  5.800000E+00  2.559646E-03  1.927172E-15  6.589205E-16 -3.202778E-05
  5.900000E+00  2.648591E-03  1.920727E-15  6.569817E-16 -3.265153E-05
  6.000000E+00  2.739052E-03  1.914282E-15  6.550447E-16 -3.327796E-05
  6.100000E+00  2.831028E-03  1.907838E-15  6.531096E-16 -3.390707E-05
  6.200000E+00  2.924518E-03  1.901394E-15  6.511767E-16 -3.453887E-05
  6.300000E+00  3.019522E-03  1.894953E-15  6.492463E-16 -3.517336E-05
  6.400000E+00  3.116040E-03  1.888515E-15  6.473186E-16 -3.581054E-05
  6.500000E+00  3.214072E-03  1.882080E-15  6.453939E-16 -3.645041E-05
  6.600000E+00  3.313617E-03  1.875651E-15  6.434726E-16 -3.709296E-05
  6.700000E+00  3.414675E-03  1.869226E-15  6.415550E-16 -3.773821E-05
  6.800000E+00  3.517246E-03  1.862807E-15  6.396412E-16 -3.838615E-05
  6.900000E+00  3.621329E-03  1.856395E-15  6.377314E-16 -3.903679E-05
  7.000000E+00  3.726924E-03  1.849988E-15  6.358258E-16 -3.969014E-05
  7.100000E+00  3.834031E-03  1.843588E-15  6.339243E-16 -4.034620E-05
  7.200000E+00  3.942649E-03  1.837194E-15  6.320270E-16 -4.100500E-05
  7.300000E+00  4.052779E-03  1.830806E-15  6.301339E-16 -4.166655E-05
  7.400000E+00  4.164419E-03  1.824424E-15  6.282448E-16 -4.233085E-05
  7.500000E+00  4.277569E-03  1.818047E-15  6.263595E-16 -4.299794E-05
  7.600000E+00  4.392230E-03  1.811676E-15  6.244780E-16 -4.366782E-05
  7.700000E+00  4.508400E-03  1.805310E-15  6.226000E-16 -4.434051E-05
  7.800000E+00  4.626080E-03  1.798948E-15  6.207254E-16 -4.501604E-05
  7.900000E+00  4.745268E-03  1.792591E-15  6.188540E-16 -4.569442E-05
  8.000000E+00  4.865966E-03  1.786238E-15  6.169856E-16 -4.637567E-05
  8.100000E+00  4.988171E-03  1.779890E-15  6.151200E-16 -4.705980E-05
  8.200000E+00  5.111885E-03  1.773545E-15  6.132573E-16 -4.774685E-05
  8.300000E+00  5.237105E-03  1.767204E-15  6.113972E-16 -4.843681E-05
  8.400000E+00  5.363834E-03  1.760868E-15  6.095398E-16 -4.912971E-05
  8.500000E+00  5.492068E-03  1.754536E-15  6.076851E-16 -4.982556E-05
  8.600000E+00  5.621809E-03  1.748208E-15  6.058330E-16 -5.052438E-05
  8.700000E+00  5.753057E-03  1.741884E-15  6.039835E-16 -5.122617E-05
  8.800000E+00  5.885809E-03  1.735565E-15  6.021369E-16 -5.193095E-05
  8.900000E+00  6.020067E-03  1.729251E-15  6.002932E-16 -5.263873E-05
  9.000000E+00  6.155830E-03  1.722942E-15  5.984525E-16 -5.334952E-05
  9.100000E+00  6.293097E-03  1.716638E-15  5.966149E-16 -5.406332E-05
  9.200000E+00  6.431867E-03  1.710340E-15  5.947805E-16 -5.478015E-05
  9.300000E+00  6.572142E-03  1.704048E-15  5.929496E-16 -5.550001E-05
  9.400000E+00  6.713919E-03  1.697762E-15  5.911221E-16 -5.622290E-05
  9.500000E+00  6.857199E-03  1.691483E-15  5.892982E-16 -5.694885E-05
  9.600000E+00  7.001981E-03  1.685211E-15  5.874779E-16 -5.767785E-05
  9.700000E+00  7.148265E-03  1.678945E-15  5.856613E-16 -5.840992E-05
  9.800000E+00  7.296051E-03  1.672687E-15  5.838484E-16 -5.914506E-05
  9.900000E+00  7.445337E-03  1.666436E-15  5.820391E-16 -5.988328E-05
  1.000000E+01  7.596123E-03  1.660193E-15  5.802335E-16 -6.062461E-05
  1.025000E+01  7.979651E-03  1.644616E-15  5.757348E-16 -6.249160E-05
  1.050000E+01  8.372546E-03  1.629084E-15  5.712568E-16 -6.437835E-05
  1.075000E+01  8.774801E-03  1.613593E-15  5.667978E-16 -6.628521E-05
  1.100000E+01  9.186408E-03  1.598141E-15  5.623567E-16 -6.821253E-05
  1.125000E+01  9.607360E-03  1.582729E-15  5.579330E-16 -7.016062E-05
  1.150000E+01  1.003765E-02  1.567358E-15  5.535276E-16 -7.212969E-05
  1.175000E+01  1.047726E-02  1.552032E-15  5.491420E-16 -7.411990E-05
  1.200000E+01  1.092620E-02  1.536756E-15  5.447777E-16 -7.613132E-05
  1.225000E+01  1.138445E-02  1.521536E-15  5.404358E-16 -7.816405E-05
  1.250000E+01  1.185200E-02  1.506373E-15  5.361164E-16 -8.021828E-05
  1.275000E+01  1.232884E-02  1.491268E-15  5.318187E-16 -8.229430E-05
  1.300000E+01  1.281497E-02  1.476217E-15  5.275414E-16 -8.439249E-05
  1.325000E+01  1.331037E-02  1.461219E-15  5.232831E-16 -8.651329E-05
  1.350000E+01  1.381504E-02  1.446271E-15  5.190433E-16 -8.865708E-05
  1.375000E+01  1.432897E-02  1.431376E-15  5.148219E-16 -9.082415E-05
  1.400000E+01  1.485214E-02  1.416536E-15  5.106202E-16 -9.301468E-05
  1.425000E+01  1.538455E-02  1.401755E-15  5.064393E-16 -9.522876E-05
  1.450000E+01  1.592618E-02  1.387039E-15  5.022805E-16 -9.746645E-05
  1.475000E+01  1.647703E-02  1.372391E-15  4.981442E-16 -9.972793E-05
  1.500000E+01  1.703709E-02  1.357810E-15  4.940303E-16 -1.020135E-04
  1.525000E+01  1.760634E-02  1.343295E-15  4.899377E-16 -1.043235E-04
  1.550000E+01  1.818477E-02  1.328845E-15  4.858655E-16 -1.066585E-04
  1.575000E+01  1.877238E-02  1.314458E-15  4.818129E-16 -1.090188E-04
  1.600000E+01  1.936915E-02  1.300134E-15  4.777797E-16 -1.114049E-04
  1.625000E+01  1.997507E-02  1.285876E-15  4.737665E-16 -1.138169E-04
  1.650000E+01  2.059013E-02  1.271688E-15  4.697742E-16 -1.162549E-04
  1.675000E+01  2.121432E-02  1.257572E-15  4.658040E-16 -1.187191E-04
  1.700000E+01  2.184762E-02  1.243533E-15  4.618564E-16 -1.212096E-04
  1.725000E+01  2.249003E-02  1.229570E-15  4.579314E-16 -1.237267E-04
  1.750000E+01  2.314152E-02  1.215683E-15  4.540287E-16 -1.262707E-04
  1.775000E+01  2.380210E-02  1.201872E-15  4.501475E-16 -1.288421E-04
  1.800000E+01  2.447174E-02  1.188135E-15  4.462872E-16 -1.314415E-04
  1.825000E+01  2.515044E-02  1.174472E-15  4.424475E-16 -1.340690E-04
  1.850000E+01  2.583817E-02  1.160885E-15  4.386287E-16 -1.367251E-04
  1.875000E+01  2.653494E-02  1.147376E-15  4.348313E-16 -1.394098E-04
  1.900000E+01  2.724071E-02  1.133948E-15  4.310561E-16 -1.421234E-04
  1.925000E+01  2.795549E-02  1.120604E-15  4.273036E-16 -1.448659E-04
  1.950000E+01  2.867925E-02  1.107345E-15  4.235741E-16 -1.476376E-04
  1.975000E+01  2.941199E-02  1.094170E-15  4.198675E-16 -1.504389E-04
  2.000000E+01  3.015369E-02  1.081079E-15  4.161834E-16 -1.532701E-04
  2.025000E+01  3.090433E-02  1.068072E-15  4.125214E-16 -1.561318E-04
  2.050000E+01  3.166391E-02  1.055148E-15  4.088813E-16 -1.590242E-04
  2.075000E+01  3.243240E-02  1.042310E-15  4.052630E-16 -1.619477E-04
  2.100000E+01  3.320979E-02  1.029558E-15  4.016668E-16 -1.649024E-04
  2.125000E+01  3.399607E-02  1.016895E-15  3.980931E-16 -1.678886E-04
  2.150000E+01  3.479122E-02  1.004321E-15  3.945424E-16 -1.709064E-04
  2.175000E+01  3.559522E-02  9.918377E-16  3.910150E-16 -1.739561E-04
  2.200000E+01  3.640807E-02  9.794460E-16  3.875111E-16 -1.770379E-04
  2.225000E+01  3.722975E-02  9.671458E-16  3.840305E-16 -1.801522E-04
  2.250000E+01  3.806023E-02  9.549371E-16  3.805730E-16 -1.832993E-04
  2.275000E+01  3.889951E-02  9.428201E-16  3.771384E-16 -1.864795E-04
  2.300000E+01  3.974757E-02  9.307952E-16  3.737266E-16 -1.896932E-04
  2.325000E+01  4.060439E-02  9.188634E-16  3.703375E-16 -1.929406E-04
  2.350000E+01  4.146996E-02  9.070255E-16  3.669715E-16 -1.962219E-04
  2.375000E+01  4.234426E-02  8.952824E-16  3.636287E-16 -1.995373E-04
  2.400000E+01  4.322727E-02  8.836350E-16  3.603094E-16 -2.028869E-04
  2.425000E+01  4.411898E-02  8.720838E-16  3.570139E-16 -2.062711E-04
  2.450000E+01  4.501936E-02  8.606294E-16  3.537423E-16 -2.096900E-04
  2.475000E+01  4.592841E-02  8.492719E-16  3.504944E-16 -2.131438E-04
  2.500000E+01  4.684611E-02  8.380118E-16  3.472703E-16 -2.166328E-04
  2.550000E+01  4.870736E-02  8.157842E-16  3.408925E-16 -2.237175E-04
  2.600000E+01  5.060298E-02  7.939492E-16  3.346085E-16 -2.309457E-04
  2.650000E+01  5.253282E-02  7.725101E-16  3.284195E-16 -2.383186E-04
  2.700000E+01  5.449674E-02  7.514708E-16  3.223269E-16 -2.458372E-04
  2.750000E+01  5.649458E-02  7.308338E-16  3.163309E-16 -2.535021E-04
  2.800000E+01  5.852620E-02  7.105997E-16  3.104305E-16 -2.613145E-04
  2.850000E+01  6.059144E-02  6.907681E-16  3.046253E-16 -2.692754E-04
  2.900000E+01  6.269015E-02  6.713404E-16  2.989161E-16 -2.773848E-04
  2.950000E+01  6.482215E-02  6.523191E-16  2.933038E-16 -2.856421E-04
  3.000000E+01  6.698730E-02  6.337050E-16  2.877885E-16 -2.940467E-04
  3.050000E+01  6.918542E-02  6.154964E-16  2.823691E-16 -3.025984E-04
  3.100000E+01  7.141635E-02  5.976912E-16  2.770450E-16 -3.112965E-04
  3.150000E+01  7.367992E-02  5.802894E-16  2.718167E-16 -3.201390E-04
  3.200000E+01  7.597595E-02  5.632918E-16  2.666849E-16 -3.291234E-04
  3.250000E+01  7.830428E-02  5.466970E-16  2.616492E-16 -3.382469E-04
  3.300000E+01  8.066472E-02  5.305013E-16  2.567084E-16 -3.475070E-04
  3.350000E+01  8.305709E-02  5.147017E-16  2.518620E-16 -3.569005E-04
  3.400000E+01  8.548121E-02  4.992969E-16  2.471100E-16 -3.664226E-04
  3.450000E+01  8.793691E-02  4.842855E-16  2.424526E-16 -3.760678E-04
  3.500000E+01  9.042398E-02  4.696640E-16  2.378891E-16 -3.858303E-04
  3.550000E+01  9.294224E-02  4.554277E-16  2.334185E-16 -3.957044E-04
  3.600000E+01  9.549150E-02  4.415728E-16  2.290398E-16 -4.056831E-04
  3.650000E+01  9.807157E-02  4.280963E-16  2.247528E-16 -4.157579E-04
  3.700000E+01  1.006822E-01  4.149947E-16  2.205571E-16 -4.259192E-04
  3.750000E+01  1.033233E-01  4.022633E-16  2.164522E-16 -4.361574E-04
  3.800000E+01  1.059946E-01  3.898968E-16  2.124366E-16 -4.464620E-04
  3.850000E+01  1.086959E-01  3.778902E-16  2.085093E-16 -4.568214E-04
  3.900000E+01  1.114270E-01  3.662392E-16  2.046697E-16 -4.672222E-04
  3.950000E+01  1.141877E-01  3.549389E-16  2.009172E-16 -4.776500E-04
  4.000000E+01  1.169778E-01  3.439837E-16  1.972510E-16 -4.880899E-04
  4.050000E+01  1.197970E-01  3.333676E-16  1.936697E-16 -4.985260E-04
  4.100000E+01  1.226452E-01  3.230850E-16  1.901719E-16 -5.089409E-04
  4.150000E+01  1.255221E-01  3.131303E-16  1.867568E-16 -5.193159E-04
  4.200000E+01  1.284276E-01  3.034977E-16  1.834236E-16 -5.296309E-04
  4.250000E+01  1.313613E-01  2.941810E-16  1.801713E-16 -5.398652E-04
  4.300000E+01  1.343231E-01  2.851739E-16  1.769984E-16 -5.499969E-04
  4.350000E+01  1.373128E-01  2.764701E-16  1.739034E-16 -5.600029E-04
  4.400000E+01  1.403301E-01  2.680631E-16  1.708852E-16 -5.698589E-04
  4.450000E+01  1.433748E-01  2.599467E-16  1.679428E-16 -5.795395E-04
  4.500000E+01  1.464466E-01  2.521144E-16  1.650751E-16 -5.890183E-04
  4.550000E+01  1.495454E-01  2.445596E-16  1.622805E-16 -5.982684E-04
  4.600000E+01  1.526708E-01  2.372756E-16  1.595574E-16 -6.072618E-04
  4.650000E+01  1.558227E-01  2.302556E-16  1.569045E-16 -6.159699E-04
  4.700000E+01  1.590008E-01  2.234930E-16  1.543209E-16 -6.243635E-04
  4.750000E+01  1.622049E-01  2.169815E-16  1.518050E-16 -6.324127E-04
  4.800000E+01  1.654347E-01  2.107140E-16  1.493554E-16 -6.400875E-04
  4.850000E+01  1.686900E-01  2.046840E-16  1.469705E-16 -6.473581E-04
  4.900000E+01  1.719705E-01  1.988845E-16  1.446488E-16 -6.541943E-04
  4.950000E+01  1.752760E-01  1.933092E-16  1.423892E-16 -6.605662E-04
  5.000000E+01  1.786062E-01  1.879513E-16  1.401902E-16 -6.664442E-04
  5.050000E+01  1.819609E-01  1.828044E-16  1.380502E-16 -6.717998E-04
  5.100000E+01  1.853398E-01  1.778617E-16  1.359678E-16 -6.766052E-04
  5.150000E+01  1.887427E-01  1.731168E-16  1.339415E-16 -6.808332E-04
  5.200000E+01  1.921693E-01  1.685632E-16  1.319698E-16 -6.844579E-04
  5.250000E+01  1.956193E-01  1.641946E-16  1.300514E-16 -6.874556E-04
  5.300000E+01  1.990925E-01  1.600047E-16  1.281847E-16 -6.898045E-04
  5.350000E+01  2.025886E-01  1.559872E-16  1.263683E-16 -6.914834E-04
  5.400000E+01  2.061074E-01  1.521360E-16  1.246008E-16 -6.924735E-04
  5.450000E+01  2.096485E-01  1.484449E-16  1.228805E-16 -6.927589E-04
  5.500000E+01  2.132118E-01  1.449081E-16  1.212061E-16 -6.923266E-04
  5.550000E+01  2.167969E-01  1.415196E-16  1.195762E-16 -6.911657E-04
  5.600000E+01  2.204035E-01  1.382736E-16  1.179894E-16 -6.892669E-04
  5.650000E+01  2.240315E-01  1.351646E-16  1.164443E-16 -6.866241E-04
  5.700000E+01  2.276805E-01  1.321868E-16  1.149393E-16 -6.832355E-04
  5.750000E+01  2.313502E-01  1.293348E-16  1.134730E-16 -6.791018E-04
  5.800000E+01  2.350404E-01  1.266033E-16  1.120443E-16 -6.742256E-04
  5.850000E+01  2.387507E-01  1.239871E-16  1.106517E-16 -6.686122E-04
  5.900000E+01  2.424810E-01  1.214810E-16  1.092940E-16 -6.622706E-04
  5.950000E+01  2.462308E-01  1.190801E-16  1.079696E-16 -6.552131E-04
  6.000000E+01  2.500000E-01  1.167794E-16  1.066772E-16 -6.474542E-04
  6.050000E+01  2.537882E-01  1.145742E-16  1.054157E-16 -6.390101E-04
  6.100000E+01  2.575952E-01  1.124600E-16  1.041839E-16 -6.299000E-04
  6.150000E+01  2.614206E-01  1.104322E-16  1.029805E-16 -6.201460E-04
  6.200000E+01  2.652642E-01  1.084864E-16  1.018042E-16 -6.097720E-04
  6.250000E+01  2.691257E-01  1.066183E-16  1.006538E-16 -5.988033E-04
  6.300000E+01  2.730048E-01  1.048240E-16  9.952812E-17 -5.872669E-04
  6.350000E+01  2.769011E-01  1.030995E-16  9.842620E-17 -5.751914E-04
  6.400000E+01  2.808144E-01  1.014408E-16  9.734687E-17 -5.626074E-04
  6.450000E+01  2.847445E-01  9.984420E-17  9.628894E-17 -5.495461E-04
  6.500000E+01  2.886909E-01  9.830612E-17  9.525134E-17 -5.360390E-04
  6.550000E+01  2.926534E-01  9.682313E-17  9.423309E-17 -5.221185E-04
  6.600000E+01  2.966317E-01  9.539193E-17  9.323327E-17 -5.078173E-04
  6.650000E+01  3.006255E-01  9.400925E-17  9.225087E-17 -4.931686E-04
  6.700000E+01  3.046344E-01  9.267195E-17  9.128489E-17 -4.782061E-04
  6.750000E+01  3.086583E-01  9.137706E-17  9.033438E-17 -4.629631E-04
  6.800000E+01  3.126967E-01  9.012181E-17  8.939851E-17 -4.474715E-04
  6.850000E+01  3.167494E-01  8.890352E-17  8.847647E-17 -4.317629E-04
  6.900000E+01  3.208160E-01  8.771953E-17  8.756742E-17 -4.158694E-04
  6.950000E+01  3.248963E-01  8.656729E-17  8.667051E-17 -3.998229E-04
  7.000000E+01  3.289899E-01  8.544443E-17  8.578496E-17 -3.836539E-04
  7.050000E+01  3.330966E-01  8.434876E-17  8.491009E-17 -3.673908E-04
  7.100000E+01  3.372159E-01  8.327818E-17  8.404521E-17 -3.510611E-04
  7.150000E+01  3.413477E-01  8.223064E-17  8.318966E-17 -3.346928E-04
  7.200000E+01  3.454915E-01  8.120415E-17  8.234274E-17 -3.183134E-04
  7.250000E+01  3.496471E-01  8.019686E-17  8.150382E-17 -3.019483E-04
  7.300000E+01  3.538141E-01  7.920711E-17  8.067237E-17 -2.856210E-04
  7.350000E+01  3.579923E-01  7.823334E-17  7.984788E-17 -2.693544E-04
  7.400000E+01  3.621813E-01  7.727404E-17  7.902982E-17 -2.531710E-04
  7.450000E+01  3.663808E-01  7.632774E-17  7.821766E-17 -2.370926E-04
  7.500000E+01  3.705905E-01  7.539309E-17  7.741093E-17 -2.211396E-04
  7.550000E+01  3.748100E-01  7.446887E-17  7.660921E-17 -2.053311E-04
  7.600000E+01  3.790391E-01  7.355399E-17  7.581217E-17 -1.896854E-04
  7.650000E+01  3.832773E-01  7.264744E-17  7.501944E-17 -1.742199E-04
  7.700000E+01  3.875245E-01  7.174822E-17  7.423065E-17 -1.589515E-04
  7.750000E+01  3.917802E-01  7.085539E-17  7.344547E-17 -1.438967E-04
  7.800000E+01  3.960442E-01  6.996816E-17  7.266361E-17 -1.290714E-04
  7.850000E+01  4.003160E-01  6.908583E-17  7.188487E-17 -1.144900E-04
  7.900000E+01  4.045955E-01  6.820779E-17  7.110905E-17 -1.001665E-04
  7.950000E+01  4.088822E-01  6.733345E-17  7.033594E-17 -8.611483E-05
  8.000000E+01  4.131759E-01  6.646227E-17  6.956534E-17 -7.234916E-05
  8.050000E+01  4.174762E-01  6.559379E-17  6.879708E-17 -5.888320E-05
  8.100000E+01  4.217828E-01  6.472766E-17  6.803110E-17 -4.572953E-05
  8.150000E+01  4.260953E-01  6.386359E-17  6.726731E-17 -3.290055E-05
  8.200000E+01  4.304134E-01  6.300134E-17  6.650567E-17 -2.040940E-05
  8.250000E+01  4.347369E-01  6.214069E-17  6.574611E-17 -8.269556E-06
  8.300000E+01  4.390653E-01  6.128147E-17  6.498858E-17  3.505894E-06
  8.350000E+01  4.433984E-01  6.042362E-17  6.423310E-17  1.490411E-05
  8.400000E+01  4.477358E-01  5.956712E-17  6.347974E-17  2.591180E-05
  8.450000E+01  4.520771E-01  5.871200E-17  6.272856E-17  3.651510E-05
  8.500000E+01  4.564221E-01  5.785830E-17  6.197962E-17  4.669987E-05
  8.550000E+01  4.607705E-01  5.700610E-17  6.123298E-17  5.645149E-05
  8.600000E+01  4.651218E-01  5.615553E-17  6.048876E-17  6.575458E-05
  8.650000E+01  4.694757E-01  5.530681E-17  5.974712E-17  7.459319E-05
  8.700000E+01  4.738320E-01  5.446019E-17  5.900823E-17  8.295123E-05
  8.750000E+01  4.781903E-01  5.361591E-17  5.827227E-17  9.081200E-05
  8.800000E+01  4.825503E-01  5.277425E-17  5.753940E-17  9.815739E-05
  8.850000E+01  4.869115E-01  5.193550E-17  5.680982E-17  1.049680E-04
  8.900000E+01  4.912738E-01  5.110001E-17  5.608373E-17  1.112238E-04
  8.950000E+01  4.956367E-01  5.026819E-17  5.536141E-17  1.169047E-04
  9.000000E+01  5.000000E-01  4.944046E-17  5.464314E-17  1.219894E-04
  9.050000E+01  5.043633E-01  4.861726E-17  5.392919E-17  1.264547E-04
  9.100000E+01  5.087262E-01  4.779900E-17  5.321982E-17  1.302766E-04
  9.150000E+01  5.130885E-01  4.698612E-17  5.251529E-17  1.334301E-04
  9.200000E+01  5.174497E-01  4.617912E-17  5.181591E-17  1.358893E-04
  9.250000E+01  5.218097E-01  4.537851E-17  5.112201E-17  1.376267E-04
  9.300000E+01  5.261680E-01  4.458485E-17  5.043397E-17  1.386140E-04
  9.350000E+01  5.305243E-01  4.379866E-17  4.975213E-17  1.388218E-04
  9.400000E+01  5.348782E-01  4.302047E-17  4.907681E-17  1.382197E-04
  9.450000E+01  5.392295E-01  4.225082E-17  4.840835E-17  1.367756E-04
  9.500000E+01  5.435779E-01  4.149026E-17  4.774711E-17  1.344564E-04
  9.550000E+01  5.479229E-01  4.073936E-17  4.709346E-17  1.312289E-04
  9.600000E+01  5.522642E-01  3.999873E-17  4.644782E-17  1.270593E-04
  9.650000E+01  5.566016E-01  3.926896E-17  4.581059E-17  1.219128E-04
  9.700000E+01  5.609347E-01  3.855063E-17  4.518215E-17  1.157531E-04
  9.750000E+01  5.652631E-01  3.784431E-17  4.456287E-17  1.085446E-04
  9.800000E+01  5.695866E-01  3.715057E-17  4.395315E-17  1.002519E-04
  9.850000E+01  5.739047E-01  3.647000E-17  4.335339E-17  9.083958E-05
  9.900000E+01  5.782172E-01  3.580320E-17  4.276399E-17  8.027279E-05
  9.950000E+01  5.825238E-01  3.515077E-17  4.218539E-17  6.851781E-05
  1.000000E+02  5.868241E-01  3.451329E-17  4.161800E-17  5.554252E-05
  1.005000E+02  5.911178E-01  3.389134E-17  4.106223E-17  4.131608E-05
  1.010000E+02  5.954045E-01  3.328547E-17  4.051847E-17  2.580946E-05
  1.015000E+02  5.996840E-01  3.269624E-17  3.998713E-17  8.997133E-06
  1.020000E+02  6.039558E-01  3.212422E-17  3.946860E-17 -9.142025E-06
  1.025000E+02  6.082198E-01  3.156996E-17  3.896331E-17 -2.862517E-05
  1.030000E+02  6.124755E-01  3.103401E-17  3.847166E-17 -4.946552E-05
  1.035000E+02  6.167227E-01  3.051689E-17  3.799406E-17 -7.167098E-05
  1.040000E+02  6.209609E-01  3.001913E-17  3.753089E-17 -9.524262E-05
  1.045000E+02  6.251900E-01  2.954124E-17  3.708256E-17 -1.201744E-04
  1.050000E+02  6.294095E-01  2.908372E-17  3.664944E-17 -1.464531E-04
  1.055000E+02  6.336192E-01  2.864704E-17  3.623193E-17 -1.740567E-04
  1.060000E+02  6.378187E-01  2.823170E-17  3.583038E-17 -2.029533E-04
  1.065000E+02  6.420077E-01  2.783813E-17  3.544518E-17 -2.331013E-04
  1.070000E+02  6.461859E-01  2.746679E-17  3.507667E-17 -2.644500E-04
  1.075000E+02  6.503529E-01  2.711811E-17  3.472523E-17 -2.969385E-04
  1.080000E+02  6.545085E-01  2.679251E-17  3.439120E-17 -3.304939E-04
  1.085000E+02  6.586523E-01  2.649038E-17  3.407493E-17 -3.650313E-04
  1.090000E+02  6.627841E-01  2.621213E-17  3.377674E-17 -4.004554E-04
  1.095000E+02  6.669034E-01  2.595810E-17  3.349696E-17 -4.366602E-04
  1.100000E+02  6.710101E-01  2.572865E-17  3.323589E-17 -4.735291E-04
  1.105000E+02  6.751037E-01  2.552410E-17  3.299382E-17 -5.109348E-04
  1.110000E+02  6.791840E-01  2.534477E-17  3.277105E-17 -5.487422E-04
  1.115000E+02  6.832506E-01  2.519096E-17  3.256785E-17 -5.868087E-04
  1.120000E+02  6.873033E-01  2.506295E-17  3.238451E-17 -6.249843E-04
  1.125000E+02  6.913417E-01  2.496101E-17  3.222129E-17 -6.631125E-04
  1.130000E+02  6.953656E-01  2.488538E-17  3.207843E-17 -7.010340E-04
  1.135000E+02  6.993745E-01  2.483629E-17  3.195616E-17 -7.385887E-04
  1.140000E+02  7.033683E-01  2.481392E-17  3.185469E-17 -7.756167E-04
  1.145000E+02  7.073466E-01  2.481846E-17  3.177423E-17 -8.119592E-04
  1.150000E+02  7.113091E-01  2.485007E-17  3.171495E-17 -8.474616E-04
  1.155000E+02  7.152555E-01  2.490890E-17  3.167706E-17 -8.819760E-04
  1.160000E+02  7.191856E-01  2.499508E-17  3.166071E-17 -9.153620E-04
  1.165000E+02  7.230989E-01  2.510872E-17  3.166606E-17 -9.474870E-04
  1.170000E+02  7.269952E-01  2.524990E-17  3.169326E-17 -9.782290E-04
  1.175000E+02  7.308743E-01  2.541870E-17  3.174243E-17 -1.007480E-03
  1.180000E+02  7.347358E-01  2.561516E-17  3.181367E-17 -1.035144E-03
  1.185000E+02  7.385794E-01  2.583928E-17  3.190706E-17 -1.061141E-03
  1.190000E+02  7.424048E-01  2.609109E-17  3.202268E-17 -1.085400E-03
  1.195000E+02  7.462118E-01  2.637055E-17  3.216059E-17 -1.107870E-03
  1.200000E+02  7.500000E-01  2.667764E-17  3.232084E-17 -1.128513E-03
  1.205000E+02  7.537692E-01  2.701230E-17  3.250346E-17 -1.147302E-03
  1.210000E+02  7.575190E-01  2.737448E-17  3.270848E-17 -1.164227E-03
  1.215000E+02  7.612493E-01  2.776406E-17  3.293589E-17 -1.179288E-03
  1.220000E+02  7.649596E-01  2.818095E-17  3.318568E-17 -1.192501E-03
  1.225000E+02  7.686498E-01  2.862500E-17  3.345782E-17 -1.203891E-03
  1.230000E+02  7.723195E-01  2.909606E-17  3.375225E-17 -1.213493E-03
  1.235000E+02  7.759685E-01  2.959396E-17  3.406890E-17 -1.221351E-03
  1.240000E+02  7.795965E-01  3.011849E-17  3.440769E-17 -1.227518E-03
  1.245000E+02  7.832031E-01  3.066944E-17  3.476852E-17 -1.232052E-03
  1.250000E+02  7.867882E-01  3.124660E-17  3.515129E-17 -1.235018E-03
  1.255000E+02  7.903515E-01  3.184971E-17  3.555586E-17 -1.236483E-03
  1.260000E+02  7.938926E-01  3.247850E-17  3.598209E-17 -1.236519E-03
  1.265000E+02  7.974114E-01  3.313270E-17  3.642983E-17 -1.235201E-03
  1.270000E+02  8.009075E-01  3.381200E-17  3.689890E-17 -1.232603E-03
  1.275000E+02  8.043807E-01  3.451609E-17  3.738910E-17 -1.228802E-03
  1.280000E+02  8.078307E-01  3.524462E-17  3.790022E-17 -1.223875E-03
  1.285000E+02  8.112573E-01  3.599723E-17  3.843204E-17 -1.217897E-03
  1.290000E+02  8.146602E-01  3.677355E-17  3.898431E-17 -1.210943E-03
  1.295000E+02  8.180391E-01  3.757318E-17  3.955678E-17 -1.203083E-03
  1.300000E+02  8.213938E-01  3.839573E-17  4.014917E-17 -1.194389E-03
  1.305000E+02  8.247240E-01  3.924075E-17  4.076119E-17 -1.184929E-03
  1.310000E+02  8.280295E-01  4.010783E-17  4.139256E-17 -1.174769E-03
  1.315000E+02  8.313100E-01  4.099650E-17  4.204295E-17 -1.163969E-03
  1.320000E+02  8.345653E-01  4.190631E-17  4.271203E-17 -1.152589E-03
  1.325000E+02  8.377951E-01  4.283678E-17  4.339948E-17 -1.140687E-03
  1.330000E+02  8.409992E-01  4.378740E-17  4.410491E-17 -1.128316E-03
  1.335000E+02  8.441773E-01  4.475766E-17  4.482797E-17 -1.115524E-03
  1.340000E+02  8.473292E-01  4.574704E-17  4.556826E-17 -1.102359E-03
  1.345000E+02  8.504546E-01  4.675498E-17  4.632538E-17 -1.088866E-03
  1.350000E+02  8.535534E-01  4.778094E-17  4.709891E-17 -1.075088E-03
  1.355000E+02  8.566252E-01  4.882434E-17  4.788842E-17 -1.061059E-03
  1.360000E+02  8.596699E-01  4.988461E-17  4.869347E-17 -1.046818E-03
  1.365000E+02  8.626872E-01  5.096116E-17  4.951362E-17 -1.032396E-03
  1.370000E+02  8.656769E-01  5.205339E-17  5.034839E-17 -1.017825E-03
  1.375000E+02  8.686387E-01  5.316068E-17  5.119732E-17 -1.003132E-03
  1.380000E+02  8.715724E-01  5.428243E-17  5.205992E-17 -9.883426E-04
  1.385000E+02  8.744779E-01  5.541801E-17  5.293571E-17 -9.734806E-04
  1.390000E+02  8.773548E-01  5.656676E-17  5.382416E-17 -9.585685E-04
  1.395000E+02  8.802030E-01  5.772804E-17  5.472476E-17 -9.436253E-04
  1.400000E+02  8.830222E-01  5.890119E-17  5.563698E-17 -9.286683E-04
  1.405000E+02  8.858123E-01  6.008552E-17  5.656027E-17 -9.137145E-04
  1.410000E+02  8.885730E-01  6.128036E-17  5.749409E-17 -8.987794E-04
  1.415000E+02  8.913041E-01  6.248503E-17  5.843788E-17 -8.838760E-04
  1.420000E+02  8.940054E-01  6.369882E-17  5.939106E-17 -8.690151E-04
  1.425000E+02  8.966767E-01  6.492103E-17  6.035307E-17 -8.542081E-04
  1.430000E+02  8.993178E-01  6.615097E-17  6.132332E-17 -8.394655E-04
  1.435000E+02  9.019284E-01  6.738791E-17  6.230123E-17 -8.247954E-04
  1.440000E+02  9.045085E-01  6.863116E-17  6.328620E-17 -8.102043E-04
  1.445000E+02  9.070578E-01  6.987998E-17  6.427764E-17 -7.956991E-04
  1.450000E+02  9.095760E-01  7.113366E-17  6.527493E-17 -7.812865E-04
  1.455000E+02  9.120631E-01  7.239147E-17  6.627746E-17 -7.669715E-04
  1.460000E+02  9.145188E-01  7.365268E-17  6.728462E-17 -7.527575E-04
  1.465000E+02  9.169429E-01  7.491653E-17  6.829578E-17 -7.386479E-04
  1.470000E+02  9.193353E-01  7.618231E-17  6.931031E-17 -7.246470E-04
  1.475000E+02  9.216957E-01  7.744926E-17  7.032757E-17 -7.107575E-04
  1.480000E+02  9.240240E-01  7.871664E-17  7.134694E-17 -6.969806E-04
  1.485000E+02  9.263201E-01  7.998369E-17  7.236776E-17 -6.833173E-04
  1.490000E+02  9.285837E-01  8.124969E-17  7.338941E-17 -6.697701E-04
  1.495000E+02  9.308146E-01  8.251387E-17  7.441122E-17 -6.563400E-04
  1.500000E+02  9.330127E-01  8.377550E-17  7.543256E-17 -6.430268E-04
  1.505000E+02  9.351778E-01  8.503384E-17  7.645279E-17 -6.298299E-04
  1.510000E+02  9.373099E-01  8.628813E-17  7.747125E-17 -6.167501E-04
  1.515000E+02  9.394086E-01  8.753765E-17  7.848731E-17 -6.037877E-04
  1.520000E+02  9.414738E-01  8.878166E-17  7.950031E-17 -5.909414E-04
  1.525000E+02  9.435054E-01  9.001941E-17  8.050962E-17 -5.782096E-04
  1.530000E+02  9.455033E-01  9.125019E-17  8.151458E-17 -5.655919E-04
  1.535000E+02  9.474672E-01  9.247325E-17  8.251456E-17 -5.530880E-04
  1.540000E+02  9.493970E-01  9.368789E-17  8.350892E-17 -5.406962E-04
  1.545000E+02  9.512926E-01  9.489338E-17  8.449701E-17 -5.284140E-04
  1.550000E+02  9.531539E-01  9.608899E-17  8.547821E-17 -5.162403E-04
  1.555000E+02  9.549806E-01  9.727403E-17  8.645188E-17 -5.041744E-04
  1.560000E+02  9.567727E-01  9.844779E-17  8.741739E-17 -4.922143E-04
  1.565000E+02  9.585300E-01  9.960956E-17  8.837412E-17 -4.803572E-04
  1.570000E+02  9.602524E-01  1.007587E-16  8.932145E-17 -4.686012E-04
  1.575000E+02  9.619398E-01  1.018944E-16  9.025876E-17 -4.569455E-04
  1.580000E+02  9.635919E-01  1.030161E-16  9.118546E-17 -4.453880E-04
  1.585000E+02  9.652088E-01  1.041231E-16  9.210093E-17 -4.339257E-04
  1.590000E+02  9.667902E-01  1.052148E-16  9.300458E-17 -4.225561E-04
  1.595000E+02  9.683361E-01  1.062904E-16  9.389582E-17 -4.112782E-04
  1.600000E+02  9.698463E-01  1.073494E-16  9.477408E-17 -4.000903E-04
  1.605000E+02  9.713207E-01  1.083911E-16  9.563878E-17 -3.889890E-04
  1.610000E+02  9.727593E-01  1.094148E-16  9.648936E-17 -3.779715E-04
  1.615000E+02  9.741618E-01  1.104201E-16  9.732527E-17 -3.670367E-04
  1.620000E+02  9.755283E-01  1.114062E-16  9.814595E-17 -3.561830E-04
  1.625000E+02  9.768585E-01  1.123727E-16  9.895087E-17 -3.454072E-04
  1.630000E+02  9.781524E-01  1.133188E-16  9.973950E-17 -3.347061E-04
  1.635000E+02  9.794099E-01  1.142441E-16  1.005113E-16 -3.240784E-04
  1.640000E+02  9.806308E-01  1.151480E-16  1.012659E-16 -3.135227E-04
  1.645000E+02  9.818152E-01  1.160299E-16  1.020026E-16 -3.030360E-04
  1.650000E+02  9.829629E-01  1.168894E-16  1.027210E-16 -2.926151E-04
  1.655000E+02  9.840738E-01  1.177258E-16  1.034207E-16 -2.822581E-04
  1.660000E+02  9.851479E-01  1.185388E-16  1.041011E-16 -2.719640E-04
  1.665000E+02  9.861850E-01  1.193278E-16  1.047619E-16 -2.617302E-04
  1.670000E+02  9.871850E-01  1.200924E-16  1.054026E-16 -2.515531E-04
  1.675000E+02  9.881480E-01  1.208321E-16  1.060227E-16 -2.414308E-04
  1.680000E+02  9.890738E-01  1.215464E-16  1.066220E-16 -2.313622E-04
  1.685000E+02  9.899624E-01  1.222349E-16  1.071999E-16 -2.213453E-04
  1.690000E+02  9.908136E-01  1.228972E-16  1.077560E-16 -2.113763E-04
  1.695000E+02  9.916275E-01  1.235330E-16  1.082901E-16 -2.014529E-04
  1.700000E+02  9.924039E-01  1.241417E-16  1.088018E-16 -1.915743E-04
  1.705000E+02  9.931428E-01  1.247232E-16  1.092907E-16 -1.817388E-04
  1.710000E+02  9.938442E-01  1.252769E-16  1.097566E-16 -1.719426E-04
  1.715000E+02  9.945079E-01  1.258027E-16  1.101990E-16 -1.621831E-04
  1.720000E+02  9.951340E-01  1.263001E-16  1.106177E-16 -1.524595E-04
  1.725000E+02  9.957224E-01  1.267689E-16  1.110125E-16 -1.427706E-04
  1.730000E+02  9.962731E-01  1.272087E-16  1.113830E-16 -1.331127E-04
  1.735000E+02  9.967859E-01  1.276194E-16  1.117290E-16 -1.234826E-04
  1.740000E+02  9.972609E-01  1.280007E-16  1.120504E-16 -1.138797E-04
  1.745000E+02  9.976981E-01  1.283523E-16  1.123468E-16 -1.043030E-04
  1.750000E+02  9.980973E-01  1.286740E-16  1.126181E-16 -9.474941E-05
  1.755000E+02  9.984587E-01  1.289657E-16  1.128642E-16 -8.521498E-05
  1.760000E+02  9.987820E-01  1.292272E-16  1.130847E-16 -7.569876E-05
  1.765000E+02  9.990674E-01  1.294582E-16  1.132797E-16 -6.620072E-05
  1.770000E+02  9.993148E-01  1.296588E-16  1.134489E-16 -5.671791E-05
  1.775000E+02  9.995241E-01  1.298287E-16  1.135923E-16 -4.724575E-05
  1.780000E+02  9.996954E-01  1.299678E-16  1.137097E-16 -3.778267E-05
  1.785000E+02  9.998287E-01  1.300761E-16  1.138012E-16 -2.832967E-05
  1.790000E+02  9.999238E-01  1.301535E-16  1.138665E-16 -1.888500E-05
  1.795000E+02  9.999810E-01  1.302000E-16  1.139057E-16 -9.443039E-06
  1.800000E+02  1.000000E+00  1.302155E-16  1.139188E-16  0.000000E+00
