 #
 # Subroutine ELSEPM. Elastic scattering ofelectrons and positrons by
 #       molecules (single-scattering independent-atom approximation)
 #
 # Molecule: Water (vapour)                     
 #
 # Structure:
 # IZ =  8,    X,Y,Z =   0.00000E+00  0.00000E+00  0.00000E+00 cm
 # IZ =  1,    X,Y,Z =   9.57200E-09  0.00000E+00  0.00000E+00 cm
 # IZ =  1,    X,Y,Z =  -2.39990E-09  9.26630E-09  0.00000E+00 cm
 #
 # Projectile: electron
 # Kinetic energy = 5.5000000E+01 eV
 #
 # Furness-McCarthy exchange potential
 #
 # Correlation-polarization potential (Buckingham):
 #    molecular polarizability = 1.45700E-24 cm**3
 #
 # LDA-I absorption potential (only electron-hole excitations):
 #                           Delta = 6.20000E+00 eV
 #                            Aabs = 2.00000E+00
 #
 # Integrated cross sections:
 #                     coherent      incoherent
 #         total cs: 1.2896955E-15  7.4538786E-16
 # 1st transport cs: 3.7391350E-16  3.4652892E-16
 # 2nd transport cs: 3.9271326E-16  3.1191274E-16
 #
 # Differential cross section:                     MU=(1-COS(THETA))/2
 #
 #   THETA           MU         DCS coh      DCS incoh      Sherman
 #   (deg)                     (cm**2/sr)    (cm**2/sr)     function
 #--------------------------------------------------------------------
  0.000000E+00  0.000000E+00  3.202537E-15  1.118913E-15  0.000000E+00
  1.000000E-04  7.615575E-13  3.202537E-15  1.118913E-15 -1.907950E-10
  1.250000E-04  1.189937E-12  3.202537E-15  1.118913E-15 -2.384937E-10
  1.500000E-04  1.713463E-12  3.202537E-15  1.118913E-15 -2.861925E-10
  1.750000E-04  2.332246E-12  3.202537E-15  1.118913E-15 -3.338912E-10
  2.000000E-04  3.046174E-12  3.202537E-15  1.118913E-15 -3.815900E-10
  2.250000E-04  3.855305E-12  3.202537E-15  1.118913E-15 -4.292887E-10
  2.500000E-04  4.759637E-12  3.202537E-15  1.118913E-15 -4.769875E-10
  2.750000E-04  5.759171E-12  3.202537E-15  1.118913E-15 -5.246862E-10
  3.000000E-04  6.853906E-12  3.202537E-15  1.118913E-15 -5.723850E-10
  3.250000E-04  8.043788E-12  3.202537E-15  1.118913E-15 -6.200837E-10
  3.500000E-04  9.328927E-12  3.202537E-15  1.118913E-15 -6.677825E-10
  3.750000E-04  1.070921E-11  3.202537E-15  1.118913E-15 -7.154812E-10
  4.000000E-04  1.218470E-11  3.202537E-15  1.118913E-15 -7.631800E-10
  4.250000E-04  1.375539E-11  3.202537E-15  1.118913E-15 -8.108787E-10
  4.500000E-04  1.542128E-11  3.202537E-15  1.118913E-15 -8.585775E-10
  4.750000E-04  1.718231E-11  3.202537E-15  1.118913E-15 -9.062762E-10
  5.000000E-04  1.903860E-11  3.202537E-15  1.118913E-15 -9.539749E-10
  5.250000E-04  2.099004E-11  3.202537E-15  1.118913E-15 -1.001674E-09
  5.500000E-04  2.303668E-11  3.202537E-15  1.118913E-15 -1.049372E-09
  5.750000E-04  2.517853E-11  3.202537E-15  1.118913E-15 -1.097071E-09
  6.000000E-04  2.741557E-11  3.202537E-15  1.118913E-15 -1.144770E-09
  6.250000E-04  2.974782E-11  3.202537E-15  1.118913E-15 -1.192469E-09
  6.500000E-04  3.217521E-11  3.202537E-15  1.118913E-15 -1.240167E-09
  6.750000E-04  3.469786E-11  3.202537E-15  1.118913E-15 -1.287866E-09
  7.000000E-04  3.731565E-11  3.202537E-15  1.118913E-15 -1.335565E-09
  7.250000E-04  4.002865E-11  3.202537E-15  1.118913E-15 -1.383264E-09
  7.500000E-04  4.283685E-11  3.202537E-15  1.118913E-15 -1.430962E-09
  7.750000E-04  4.574019E-11  3.202537E-15  1.118913E-15 -1.478661E-09
  8.000000E-04  4.873879E-11  3.202537E-15  1.118913E-15 -1.526360E-09
  8.250000E-04  5.183254E-11  3.202537E-15  1.118913E-15 -1.574059E-09
  8.500000E-04  5.502154E-11  3.202537E-15  1.118913E-15 -1.621757E-09
  8.750000E-04  5.830569E-11  3.202537E-15  1.118913E-15 -1.669456E-09
  9.000000E-04  6.168505E-11  3.202537E-15  1.118913E-15 -1.717155E-09
  9.250000E-04  6.515954E-11  3.202537E-15  1.118913E-15 -1.764854E-09
  9.500000E-04  6.872930E-11  3.202536E-15  1.118913E-15 -1.812552E-09
  9.750000E-04  7.239426E-11  3.202536E-15  1.118913E-15 -1.860251E-09
  1.000000E-03  7.615436E-11  3.202536E-15  1.118913E-15 -1.907950E-09
  1.250000E-03  1.189912E-10  3.202536E-15  1.118913E-15 -2.384937E-09
  1.500000E-03  1.713473E-10  3.202536E-15  1.118913E-15 -2.861925E-09
  1.750000E-03  2.332227E-10  3.202536E-15  1.118913E-15 -3.338912E-09
  2.000000E-03  3.046174E-10  3.202536E-15  1.118913E-15 -3.815900E-09
  2.250000E-03  3.855314E-10  3.202536E-15  1.118913E-15 -4.292888E-09
  2.500000E-03  4.759647E-10  3.202536E-15  1.118913E-15 -4.769875E-09
  2.750000E-03  5.759173E-10  3.202536E-15  1.118913E-15 -5.246863E-09
  3.000000E-03  6.853892E-10  3.202536E-15  1.118913E-15 -5.723851E-09
  3.250000E-03  8.043804E-10  3.202536E-15  1.118913E-15 -6.200838E-09
  3.500000E-03  9.328908E-10  3.202535E-15  1.118913E-15 -6.677826E-09
  3.750000E-03  1.070921E-09  3.202535E-15  1.118913E-15 -7.154814E-09
  4.000000E-03  1.218470E-09  3.202535E-15  1.118913E-15 -7.631802E-09
  4.250000E-03  1.375538E-09  3.202535E-15  1.118913E-15 -8.108789E-09
  4.500000E-03  1.542126E-09  3.202535E-15  1.118913E-15 -8.585777E-09
  4.750000E-03  1.718233E-09  3.202534E-15  1.118913E-15 -9.062765E-09
  5.000000E-03  1.903859E-09  3.202534E-15  1.118913E-15 -9.539753E-09
  5.250000E-03  2.099004E-09  3.202534E-15  1.118913E-15 -1.001674E-08
  5.500000E-03  2.303669E-09  3.202534E-15  1.118912E-15 -1.049373E-08
  5.750000E-03  2.517853E-09  3.202533E-15  1.118912E-15 -1.097072E-08
  6.000000E-03  2.741557E-09  3.202533E-15  1.118912E-15 -1.144771E-08
  6.250000E-03  2.974779E-09  3.202533E-15  1.118912E-15 -1.192469E-08
  6.500000E-03  3.217521E-09  3.202532E-15  1.118912E-15 -1.240168E-08
  6.750000E-03  3.469783E-09  3.202532E-15  1.118912E-15 -1.287867E-08
  7.000000E-03  3.731563E-09  3.202532E-15  1.118912E-15 -1.335566E-08
  7.250000E-03  4.002863E-09  3.202531E-15  1.118912E-15 -1.383265E-08
  7.500000E-03  4.283682E-09  3.202531E-15  1.118912E-15 -1.430964E-08
  7.750000E-03  4.574021E-09  3.202531E-15  1.118911E-15 -1.478663E-08
  8.000000E-03  4.873879E-09  3.202530E-15  1.118911E-15 -1.526362E-08
  8.250000E-03  5.183256E-09  3.202530E-15  1.118911E-15 -1.574060E-08
  8.500000E-03  5.502152E-09  3.202529E-15  1.118911E-15 -1.621759E-08
  8.750000E-03  5.830568E-09  3.202529E-15  1.118911E-15 -1.669458E-08
  9.000000E-03  6.168503E-09  3.202529E-15  1.118911E-15 -1.717157E-08
  9.250000E-03  6.515957E-09  3.202528E-15  1.118911E-15 -1.764856E-08
  9.500000E-03  6.872931E-09  3.202528E-15  1.118910E-15 -1.812555E-08
  9.750000E-03  7.239423E-09  3.202527E-15  1.118910E-15 -1.860254E-08
  1.000000E-02  7.615435E-09  3.202527E-15  1.118910E-15 -1.907953E-08
  1.250000E-02  1.189912E-08  3.202521E-15  1.118908E-15 -2.384943E-08
  1.500000E-02  1.713473E-08  3.202514E-15  1.118906E-15 -2.861935E-08
  1.750000E-02  2.332227E-08  3.202506E-15  1.118903E-15 -3.338929E-08
  2.000000E-02  3.046174E-08  3.202497E-15  1.118900E-15 -3.815925E-08
  2.250000E-02  3.855314E-08  3.202486E-15  1.118897E-15 -4.292923E-08
  2.500000E-02  4.759647E-08  3.202474E-15  1.118893E-15 -4.769924E-08
  2.750000E-02  5.759173E-08  3.202461E-15  1.118889E-15 -5.246927E-08
  3.000000E-02  6.853892E-08  3.202447E-15  1.118884E-15 -5.723934E-08
  3.250000E-02  8.043804E-08  3.202432E-15  1.118879E-15 -6.200945E-08
  3.500000E-02  9.328908E-08  3.202415E-15  1.118873E-15 -6.677959E-08
  3.750000E-02  1.070921E-07  3.202397E-15  1.118868E-15 -7.154977E-08
  4.000000E-02  1.218470E-07  3.202377E-15  1.118861E-15 -7.632000E-08
  4.250000E-02  1.375538E-07  3.202357E-15  1.118854E-15 -8.109027E-08
  4.500000E-02  1.542126E-07  3.202335E-15  1.118847E-15 -8.586060E-08
  4.750000E-02  1.718233E-07  3.202312E-15  1.118840E-15 -9.063098E-08
  5.000000E-02  1.903859E-07  3.202288E-15  1.118832E-15 -9.540141E-08
  5.250000E-02  2.099004E-07  3.202263E-15  1.118823E-15 -1.001719E-07
  5.500000E-02  2.303669E-07  3.202236E-15  1.118815E-15 -1.049425E-07
  5.750000E-02  2.517853E-07  3.202208E-15  1.118806E-15 -1.097131E-07
  6.000000E-02  2.741557E-07  3.202179E-15  1.118796E-15 -1.144838E-07
  6.250000E-02  2.974779E-07  3.202148E-15  1.118786E-15 -1.192545E-07
  6.500000E-02  3.217521E-07  3.202117E-15  1.118776E-15 -1.240253E-07
  6.750000E-02  3.469782E-07  3.202084E-15  1.118765E-15 -1.287962E-07
  7.000000E-02  3.731563E-07  3.202050E-15  1.118754E-15 -1.335672E-07
  7.250000E-02  4.002863E-07  3.202014E-15  1.118742E-15 -1.383383E-07
  7.500000E-02  4.283682E-07  3.201978E-15  1.118730E-15 -1.431094E-07
  7.750000E-02  4.574020E-07  3.201940E-15  1.118718E-15 -1.478807E-07
  8.000000E-02  4.873878E-07  3.201901E-15  1.118705E-15 -1.526520E-07
  8.250000E-02  5.183255E-07  3.201861E-15  1.118692E-15 -1.574234E-07
  8.500000E-02  5.502151E-07  3.201819E-15  1.118678E-15 -1.621950E-07
  8.750000E-02  5.830567E-07  3.201776E-15  1.118664E-15 -1.669666E-07
  9.000000E-02  6.168501E-07  3.201732E-15  1.118650E-15 -1.717383E-07
  9.250000E-02  6.515956E-07  3.201687E-15  1.118635E-15 -1.765101E-07
  9.500000E-02  6.872929E-07  3.201641E-15  1.118619E-15 -1.812820E-07
  9.750000E-02  7.239422E-07  3.201593E-15  1.118604E-15 -1.860541E-07
  1.000000E-01  7.615434E-07  3.201544E-15  1.118588E-15 -1.908263E-07
  1.250000E-01  1.189911E-06  3.200988E-15  1.118405E-15 -2.385547E-07
  1.500000E-01  1.713472E-06  3.200310E-15  1.118183E-15 -2.862977E-07
  1.750000E-01  2.332225E-06  3.199512E-15  1.117921E-15 -3.340579E-07
  2.000000E-01  3.046171E-06  3.198594E-15  1.117620E-15 -3.818382E-07
  2.250000E-01  3.855309E-06  3.197559E-15  1.117281E-15 -4.296412E-07
  2.500000E-01  4.759640E-06  3.196408E-15  1.116903E-15 -4.774696E-07
  2.750000E-01  5.759162E-06  3.195144E-15  1.116488E-15 -5.253258E-07
  3.000000E-01  6.853876E-06  3.193768E-15  1.116037E-15 -5.732123E-07
  3.250000E-01  8.043782E-06  3.192282E-15  1.115550E-15 -6.211316E-07
  3.500000E-01  9.328879E-06  3.190689E-15  1.115028E-15 -6.690858E-07
  3.750000E-01  1.070917E-05  3.188992E-15  1.114472E-15 -7.170771E-07
  4.000000E-01  1.218465E-05  3.187194E-15  1.113882E-15 -7.651076E-07
  4.250000E-01  1.375532E-05  3.185296E-15  1.113261E-15 -8.131791E-07
  4.500000E-01  1.542118E-05  3.183303E-15  1.112608E-15 -8.612936E-07
  4.750000E-01  1.718223E-05  3.181218E-15  1.111925E-15 -9.094528E-07
  5.000000E-01  1.903847E-05  3.179042E-15  1.111212E-15 -9.576581E-07
  5.250000E-01  2.098990E-05  3.176781E-15  1.110472E-15 -1.005911E-06
  5.500000E-01  2.303652E-05  3.174437E-15  1.109705E-15 -1.054213E-06
  5.750000E-01  2.517832E-05  3.172013E-15  1.108912E-15 -1.102565E-06
  6.000000E-01  2.741532E-05  3.169514E-15  1.108094E-15 -1.150969E-06
  6.250000E-01  2.974750E-05  3.166942E-15  1.107253E-15 -1.199425E-06
  6.500000E-01  3.217487E-05  3.164301E-15  1.106390E-15 -1.247933E-06
  6.750000E-01  3.469743E-05  3.161595E-15  1.105505E-15 -1.296496E-06
  7.000000E-01  3.731517E-05  3.158827E-15  1.104601E-15 -1.345112E-06
  7.250000E-01  4.002810E-05  3.156001E-15  1.103677E-15 -1.393784E-06
  7.500000E-01  4.283621E-05  3.153121E-15  1.102737E-15 -1.442510E-06
  7.750000E-01  4.573951E-05  3.150189E-15  1.101779E-15 -1.491292E-06
  8.000000E-01  4.873800E-05  3.147209E-15  1.100807E-15 -1.540129E-06
  8.250000E-01  5.183166E-05  3.144185E-15  1.099821E-15 -1.589022E-06
  8.500000E-01  5.502051E-05  3.141121E-15  1.098821E-15 -1.637970E-06
  8.750000E-01  5.830454E-05  3.138018E-15  1.097810E-15 -1.686973E-06
  9.000000E-01  6.168376E-05  3.134882E-15  1.096788E-15 -1.736031E-06
  9.250000E-01  6.515815E-05  3.131714E-15  1.095756E-15 -1.785144E-06
  9.500000E-01  6.872773E-05  3.128518E-15  1.094716E-15 -1.834310E-06
  9.750000E-01  7.239249E-05  3.125296E-15  1.093667E-15 -1.883531E-06
  1.000000E+00  7.615242E-05  3.122052E-15  1.092612E-15 -1.932804E-06
  1.100000E+00  9.214394E-05  3.108906E-15  1.088341E-15 -2.130415E-06
  1.200000E+00  1.096583E-04  3.095599E-15  1.084027E-15 -2.328821E-06
  1.300000E+00  1.286953E-04  3.082255E-15  1.079711E-15 -2.527974E-06
  1.400000E+00  1.492551E-04  3.068964E-15  1.075423E-15 -2.727829E-06
  1.500000E+00  1.713375E-04  3.055785E-15  1.071182E-15 -2.928349E-06
  1.600000E+00  1.949425E-04  3.042746E-15  1.066997E-15 -3.129511E-06
  1.700000E+00  2.200699E-04  3.029852E-15  1.062870E-15 -3.331305E-06
  1.800000E+00  2.467198E-04  3.017090E-15  1.058796E-15 -3.533738E-06
  1.900000E+00  2.748920E-04  3.004433E-15  1.054766E-15 -3.736830E-06
  2.000000E+00  3.045865E-04  2.991847E-15  1.050769E-15 -3.940610E-06
  2.100000E+00  3.358031E-04  2.979297E-15  1.046793E-15 -4.145115E-06
  2.200000E+00  3.685418E-04  2.966751E-15  1.042826E-15 -4.350385E-06
  2.300000E+00  4.028024E-04  2.954182E-15  1.038860E-15 -4.556457E-06
  2.400000E+00  4.385850E-04  2.941570E-15  1.034889E-15 -4.763363E-06
  2.500000E+00  4.758892E-04  2.928906E-15  1.030908E-15 -4.971126E-06
  2.600000E+00  5.147151E-04  2.916186E-15  1.026916E-15 -5.179761E-06
  2.700000E+00  5.550625E-04  2.903415E-15  1.022915E-15 -5.389273E-06
  2.800000E+00  5.969313E-04  2.890602E-15  1.018908E-15 -5.599658E-06
  2.900000E+00  6.403214E-04  2.877761E-15  1.014899E-15 -5.810904E-06
  3.000000E+00  6.852326E-04  2.864904E-15  1.010893E-15 -6.022999E-06
  3.100000E+00  7.316648E-04  2.852047E-15  1.006893E-15 -6.235926E-06
  3.200000E+00  7.796179E-04  2.839199E-15  1.002904E-15 -6.449671E-06
  3.300000E+00  8.290917E-04  2.826369E-15  9.989276E-16 -6.664224E-06
  3.400000E+00  8.800860E-04  2.813561E-15  9.949657E-16 -6.879581E-06
  3.500000E+00  9.326008E-04  2.800777E-15  9.910185E-16 -7.095743E-06
  3.600000E+00  9.866358E-04  2.788016E-15  9.870851E-16 -7.312720E-06
  3.700000E+00  1.042191E-03  2.775272E-15  9.831643E-16 -7.530525E-06
  3.800000E+00  1.099266E-03  2.762540E-15  9.792539E-16 -7.749177E-06
  3.900000E+00  1.157861E-03  2.749816E-15  9.753518E-16 -7.968695E-06
  4.000000E+00  1.217975E-03  2.737092E-15  9.714560E-16 -8.189101E-06
  4.100000E+00  1.279609E-03  2.724364E-15  9.675648E-16 -8.410416E-06
  4.200000E+00  1.342761E-03  2.711629E-15  9.636769E-16 -8.632656E-06
  4.300000E+00  1.407433E-03  2.698885E-15  9.597916E-16 -8.855834E-06
  4.400000E+00  1.473624E-03  2.686132E-15  9.559086E-16 -9.079962E-06
  4.500000E+00  1.541333E-03  2.673371E-15  9.520283E-16 -9.305045E-06
  4.600000E+00  1.610561E-03  2.660604E-15  9.481511E-16 -9.531085E-06
  4.700000E+00  1.681307E-03  2.647835E-15  9.442779E-16 -9.758083E-06
  4.800000E+00  1.753570E-03  2.635066E-15  9.404097E-16 -9.986038E-06
  4.900000E+00  1.827352E-03  2.622300E-15  9.365473E-16 -1.021495E-05
  5.000000E+00  1.902651E-03  2.609541E-15  9.326915E-16 -1.044481E-05
  5.100000E+00  1.979467E-03  2.596789E-15  9.288429E-16 -1.067564E-05
  5.200000E+00  2.057801E-03  2.584048E-15  9.250018E-16 -1.090742E-05
  5.300000E+00  2.137651E-03  2.571316E-15  9.211684E-16 -1.114017E-05
  5.400000E+00  2.219018E-03  2.558595E-15  9.173425E-16 -1.137389E-05
  5.500000E+00  2.301901E-03  2.545884E-15  9.135240E-16 -1.160861E-05
  5.600000E+00  2.386300E-03  2.533183E-15  9.097125E-16 -1.184431E-05
  5.700000E+00  2.472215E-03  2.520491E-15  9.059076E-16 -1.208103E-05
  5.800000E+00  2.559646E-03  2.507806E-15  9.021089E-16 -1.231878E-05
  5.900000E+00  2.648591E-03  2.495128E-15  8.983160E-16 -1.255755E-05
  6.000000E+00  2.739052E-03  2.482456E-15  8.945284E-16 -1.279738E-05
  6.100000E+00  2.831028E-03  2.469791E-15  8.907460E-16 -1.303827E-05
  6.200000E+00  2.924518E-03  2.457131E-15  8.869684E-16 -1.328023E-05
  6.300000E+00  3.019522E-03  2.444477E-15  8.831955E-16 -1.352327E-05
  6.400000E+00  3.116040E-03  2.431829E-15  8.794272E-16 -1.376741E-05
  6.500000E+00  3.214072E-03  2.419187E-15  8.756636E-16 -1.401264E-05
  6.600000E+00  3.313617E-03  2.406552E-15  8.719048E-16 -1.425897E-05
  6.700000E+00  3.414675E-03  2.393925E-15  8.681509E-16 -1.450642E-05
  6.800000E+00  3.517246E-03  2.381306E-15  8.644022E-16 -1.475500E-05
  6.900000E+00  3.621329E-03  2.368698E-15  8.606588E-16 -1.500469E-05
  7.000000E+00  3.726924E-03  2.356100E-15  8.569211E-16 -1.525552E-05
  7.100000E+00  3.834031E-03  2.343515E-15  8.531893E-16 -1.550750E-05
  7.200000E+00  3.942649E-03  2.330943E-15  8.494637E-16 -1.576061E-05
  7.300000E+00  4.052779E-03  2.318384E-15  8.457444E-16 -1.601488E-05
  7.400000E+00  4.164419E-03  2.305840E-15  8.420316E-16 -1.627031E-05
  7.500000E+00  4.277569E-03  2.293312E-15  8.383253E-16 -1.652692E-05
  7.600000E+00  4.392230E-03  2.280799E-15  8.346255E-16 -1.678470E-05
  7.700000E+00  4.508400E-03  2.268301E-15  8.309319E-16 -1.704367E-05
  7.800000E+00  4.626080E-03  2.255818E-15  8.272444E-16 -1.730385E-05
  7.900000E+00  4.745268E-03  2.243349E-15  8.235627E-16 -1.756524E-05
  8.000000E+00  4.865966E-03  2.230895E-15  8.198865E-16 -1.782786E-05
  8.100000E+00  4.988171E-03  2.218455E-15  8.162156E-16 -1.809173E-05
  8.200000E+00  5.111885E-03  2.206028E-15  8.125496E-16 -1.835687E-05
  8.300000E+00  5.237105E-03  2.193614E-15  8.088885E-16 -1.862327E-05
  8.400000E+00  5.363834E-03  2.181214E-15  8.052322E-16 -1.889097E-05
  8.500000E+00  5.492068E-03  2.168828E-15  8.015807E-16 -1.915997E-05
  8.600000E+00  5.621809E-03  2.156456E-15  7.979343E-16 -1.943027E-05
  8.700000E+00  5.753057E-03  2.144101E-15  7.942931E-16 -1.970189E-05
  8.800000E+00  5.885809E-03  2.131762E-15  7.906575E-16 -1.997484E-05
  8.900000E+00  6.020067E-03  2.119441E-15  7.870278E-16 -2.024911E-05
  9.000000E+00  6.155830E-03  2.107140E-15  7.834043E-16 -2.052472E-05
  9.100000E+00  6.293097E-03  2.094859E-15  7.797874E-16 -2.080166E-05
  9.200000E+00  6.431867E-03  2.082600E-15  7.761771E-16 -2.107995E-05
  9.300000E+00  6.572142E-03  2.070363E-15  7.725737E-16 -2.135959E-05
  9.400000E+00  6.713919E-03  2.058148E-15  7.689771E-16 -2.164059E-05
  9.500000E+00  6.857199E-03  2.045955E-15  7.653871E-16 -2.192297E-05
  9.600000E+00  7.001981E-03  2.033785E-15  7.618036E-16 -2.220674E-05
  9.700000E+00  7.148265E-03  2.021635E-15  7.582262E-16 -2.249191E-05
  9.800000E+00  7.296051E-03  2.009507E-15  7.546547E-16 -2.277851E-05
  9.900000E+00  7.445337E-03  1.997400E-15  7.510888E-16 -2.306656E-05
  1.000000E+01  7.596123E-03  1.985312E-15  7.475283E-16 -2.335607E-05
  1.025000E+01  7.979651E-03  1.955183E-15  7.386502E-16 -2.408637E-05
  1.050000E+01  8.372546E-03  1.925189E-15  7.298068E-16 -2.482613E-05
  1.075000E+01  8.774801E-03  1.895346E-15  7.210021E-16 -2.557546E-05
  1.100000E+01  9.186408E-03  1.865670E-15  7.122407E-16 -2.633442E-05
  1.125000E+01  9.607360E-03  1.836171E-15  7.035243E-16 -2.710315E-05
  1.150000E+01  1.003765E-02  1.806849E-15  6.948513E-16 -2.788187E-05
  1.175000E+01  1.047726E-02  1.777698E-15  6.862185E-16 -2.867093E-05
  1.200000E+01  1.092620E-02  1.748718E-15  6.776242E-16 -2.947062E-05
  1.225000E+01  1.138445E-02  1.719915E-15  6.690697E-16 -3.028119E-05
  1.250000E+01  1.185200E-02  1.691304E-15  6.605586E-16 -3.110273E-05
  1.275000E+01  1.232884E-02  1.662898E-15  6.520945E-16 -3.193532E-05
  1.300000E+01  1.281497E-02  1.634703E-15  6.436790E-16 -3.277910E-05
  1.325000E+01  1.331037E-02  1.606721E-15  6.353110E-16 -3.363435E-05
  1.350000E+01  1.381504E-02  1.578949E-15  6.269886E-16 -3.450142E-05
  1.375000E+01  1.432897E-02  1.551387E-15  6.187108E-16 -3.538064E-05
  1.400000E+01  1.485214E-02  1.524042E-15  6.104790E-16 -3.627223E-05
  1.425000E+01  1.538455E-02  1.496925E-15  6.022957E-16 -3.717632E-05
  1.450000E+01  1.592618E-02  1.470044E-15  5.941638E-16 -3.809300E-05
  1.475000E+01  1.647703E-02  1.443405E-15  5.860843E-16 -3.902245E-05
  1.500000E+01  1.703709E-02  1.417009E-15  5.780569E-16 -3.996497E-05
  1.525000E+01  1.760634E-02  1.390856E-15  5.700808E-16 -4.092091E-05
  1.550000E+01  1.818477E-02  1.364948E-15  5.621556E-16 -4.189059E-05
  1.575000E+01  1.877238E-02  1.339289E-15  5.542823E-16 -4.287422E-05
  1.600000E+01  1.936915E-02  1.313886E-15  5.464629E-16 -4.387195E-05
  1.625000E+01  1.997507E-02  1.288746E-15  5.386990E-16 -4.488392E-05
  1.650000E+01  2.059013E-02  1.263872E-15  5.309919E-16 -4.591034E-05
  1.675000E+01  2.121432E-02  1.239265E-15  5.233418E-16 -4.695150E-05
  1.700000E+01  2.184762E-02  1.214928E-15  5.157484E-16 -4.800773E-05
  1.725000E+01  2.249003E-02  1.190862E-15  5.082119E-16 -4.907932E-05
  1.750000E+01  2.314152E-02  1.167069E-15  5.007329E-16 -5.016647E-05
  1.775000E+01  2.380210E-02  1.143554E-15  4.933124E-16 -5.126935E-05
  1.800000E+01  2.447174E-02  1.120321E-15  4.859518E-16 -5.238814E-05
  1.825000E+01  2.515044E-02  1.097371E-15  4.786520E-16 -5.352308E-05
  1.850000E+01  2.583817E-02  1.074707E-15  4.714136E-16 -5.467445E-05
  1.875000E+01  2.653494E-02  1.052330E-15  4.642369E-16 -5.584249E-05
  1.900000E+01  2.724071E-02  1.030242E-15  4.571222E-16 -5.702744E-05
  1.925000E+01  2.795549E-02  1.008443E-15  4.500697E-16 -5.822949E-05
  1.950000E+01  2.867925E-02  9.869354E-16  4.430800E-16 -5.944884E-05
  1.975000E+01  2.941199E-02  9.657205E-16  4.361538E-16 -6.068571E-05
  2.000000E+01  3.015369E-02  9.448000E-16  4.292920E-16 -6.194032E-05
  2.025000E+01  3.090433E-02  9.241754E-16  4.224955E-16 -6.321287E-05
  2.050000E+01  3.166391E-02  9.038479E-16  4.157647E-16 -6.450353E-05
  2.075000E+01  3.243240E-02  8.838177E-16  4.090998E-16 -6.581244E-05
  2.100000E+01  3.320979E-02  8.640846E-16  4.025009E-16 -6.713979E-05
  2.125000E+01  3.399607E-02  8.446482E-16  3.959679E-16 -6.848577E-05
  2.150000E+01  3.479122E-02  8.255085E-16  3.895014E-16 -6.985063E-05
  2.175000E+01  3.559522E-02  8.066663E-16  3.831021E-16 -7.123451E-05
  2.200000E+01  3.640807E-02  7.881224E-16  3.767708E-16 -7.263749E-05
  2.225000E+01  3.722975E-02  7.698771E-16  3.705080E-16 -7.405961E-05
  2.250000E+01  3.806023E-02  7.519296E-16  3.643138E-16 -7.550090E-05
  2.275000E+01  3.889951E-02  7.342787E-16  3.581879E-16 -7.696152E-05
  2.300000E+01  3.974757E-02  7.169225E-16  3.521303E-16 -7.844165E-05
  2.325000E+01  4.060439E-02  6.998602E-16  3.461410E-16 -7.994144E-05
  2.350000E+01  4.146996E-02  6.830914E-16  3.402206E-16 -8.146092E-05
  2.375000E+01  4.234426E-02  6.666159E-16  3.343699E-16 -8.299996E-05
  2.400000E+01  4.322727E-02  6.504333E-16  3.285891E-16 -8.455843E-05
  2.425000E+01  4.411898E-02  6.345418E-16  3.228782E-16 -8.613626E-05
  2.450000E+01  4.501936E-02  6.189394E-16  3.172370E-16 -8.773350E-05
  2.475000E+01  4.592841E-02  6.036234E-16  3.116651E-16 -8.935021E-05
  2.500000E+01  4.684611E-02  5.885921E-16  3.061625E-16 -9.098636E-05
  2.550000E+01  4.870736E-02  5.593786E-16  2.953664E-16 -9.431600E-05
  2.600000E+01  5.060298E-02  5.312876E-16  2.848508E-16 -9.771978E-05
  2.650000E+01  5.253282E-02  5.042994E-16  2.746141E-16 -1.011959E-04
  2.700000E+01  5.449674E-02  4.783928E-16  2.646540E-16 -1.047421E-04
  2.750000E+01  5.649458E-02  4.535507E-16  2.549707E-16 -1.083535E-04
  2.800000E+01  5.852620E-02  4.297531E-16  2.455636E-16 -1.120253E-04
  2.850000E+01  6.059144E-02  4.069750E-16  2.364295E-16 -1.157524E-04
  2.900000E+01  6.269015E-02  3.851934E-16  2.275660E-16 -1.195275E-04
  2.950000E+01  6.482215E-02  3.643859E-16  2.189717E-16 -1.233416E-04
  3.000000E+01  6.698730E-02  3.445271E-16  2.106440E-16 -1.271857E-04
  3.050000E+01  6.918542E-02  3.255907E-16  2.025791E-16 -1.310480E-04
  3.100000E+01  7.141635E-02  3.075510E-16  1.947737E-16 -1.349150E-04
  3.150000E+01  7.367992E-02  2.903822E-16  1.872250E-16 -1.387717E-04
  3.200000E+01  7.597595E-02  2.740573E-16  1.799293E-16 -1.426002E-04
  3.250000E+01  7.830428E-02  2.585489E-16  1.728820E-16 -1.463804E-04
  3.300000E+01  8.066472E-02  2.438298E-16  1.660789E-16 -1.500903E-04
  3.350000E+01  8.305709E-02  2.298734E-16  1.595164E-16 -1.537038E-04
  3.400000E+01  8.548121E-02  2.166523E-16  1.531898E-16 -1.571917E-04
  3.450000E+01  8.793691E-02  2.041391E-16  1.470939E-16 -1.605230E-04
  3.500000E+01  9.042398E-02  1.923068E-16  1.412240E-16 -1.636619E-04
  3.550000E+01  9.294224E-02  1.811293E-16  1.355760E-16 -1.665673E-04
  3.600000E+01  9.549150E-02  1.705801E-16  1.301442E-16 -1.691974E-04
  3.650000E+01  9.807157E-02  1.606326E-16  1.249233E-16 -1.715046E-04
  3.700000E+01  1.006822E-01  1.512616E-16  1.199085E-16 -1.734349E-04
  3.750000E+01  1.033233E-01  1.424422E-16  1.150948E-16 -1.749330E-04
  3.800000E+01  1.059946E-01  1.341494E-16  1.104765E-16 -1.759391E-04
  3.850000E+01  1.086959E-01  1.263587E-16  1.060481E-16 -1.763858E-04
  3.900000E+01  1.114270E-01  1.190472E-16  1.018046E-16 -1.762039E-04
  3.950000E+01  1.141877E-01  1.121917E-16  9.774089E-17 -1.753221E-04
  4.000000E+01  1.169778E-01  1.057696E-16  9.385112E-17 -1.736612E-04
  4.050000E+01  1.197970E-01  9.975917E-17  9.012989E-17 -1.711411E-04
  4.100000E+01  1.226452E-01  9.413952E-17  8.657217E-17 -1.676821E-04
  4.150000E+01  1.255221E-01  8.889020E-17  8.317271E-17 -1.631993E-04
  4.200000E+01  1.284276E-01  8.399122E-17  7.992592E-17 -1.576073E-04
  4.250000E+01  1.313613E-01  7.942348E-17  7.682651E-17 -1.508268E-04
  4.300000E+01  1.343231E-01  7.516878E-17  7.386961E-17 -1.427765E-04
  4.350000E+01  1.373128E-01  7.120936E-17  7.105012E-17 -1.333774E-04
  4.400000E+01  1.403301E-01  6.752797E-17  6.836267E-17 -1.225620E-04
  4.450000E+01  1.433748E-01  6.410825E-17  6.580229E-17 -1.102677E-04
  4.500000E+01  1.464466E-01  6.093469E-17  6.336441E-17 -9.643689E-05
  4.550000E+01  1.495454E-01  5.799220E-17  6.104412E-17 -8.102867E-05
  4.600000E+01  1.526708E-01  5.526619E-17  5.883643E-17 -6.401476E-05
  4.650000E+01  1.558227E-01  5.274301E-17  5.673682E-17 -4.537525E-05
  4.700000E+01  1.590008E-01  5.040970E-17  5.474099E-17 -2.510982E-05
  4.750000E+01  1.622049E-01  4.825367E-17  5.284437E-17 -3.236784E-06
  4.800000E+01  1.654347E-01  4.626288E-17  5.104244E-17  2.021470E-05
  4.850000E+01  1.686900E-01  4.442615E-17  4.933115E-17  4.519668E-05
  4.900000E+01  1.719705E-01  4.273285E-17  4.770649E-17  7.164076E-05
  4.950000E+01  1.752760E-01  4.117267E-17  4.616432E-17  9.946762E-05
  5.000000E+01  1.786062E-01  3.973593E-17  4.470067E-17  1.285840E-04
  5.050000E+01  1.819609E-01  3.841361E-17  4.331187E-17  1.588799E-04
  5.100000E+01  1.853398E-01  3.719710E-17  4.199429E-17  1.902374E-04
  5.150000E+01  1.887427E-01  3.607822E-17  4.074429E-17  2.225317E-04
  5.200000E+01  1.921693E-01  3.504931E-17  3.955842E-17  2.556295E-04
  5.250000E+01  1.956193E-01  3.410316E-17  3.843336E-17  2.893961E-04
  5.300000E+01  1.990925E-01  3.323299E-17  3.736591E-17  3.236960E-04
  5.350000E+01  2.025886E-01  3.243247E-17  3.635298E-17  3.583943E-04
  5.400000E+01  2.061074E-01  3.169559E-17  3.539154E-17  3.933620E-04
  5.450000E+01  2.096485E-01  3.101670E-17  3.447864E-17  4.284762E-04
  5.500000E+01  2.132118E-01  3.039062E-17  3.361158E-17  4.636183E-04
  5.550000E+01  2.167969E-01  2.981254E-17  3.278775E-17  4.986819E-04
  5.600000E+01  2.204035E-01  2.927780E-17  3.200448E-17  5.335717E-04
  5.650000E+01  2.240315E-01  2.878208E-17  3.125926E-17  5.681993E-04
  5.700000E+01  2.276805E-01  2.832155E-17  3.054985E-17  6.024881E-04
  5.750000E+01  2.313502E-01  2.789260E-17  2.987403E-17  6.363754E-04
  5.800000E+01  2.350404E-01  2.749168E-17  2.922952E-17  6.698066E-04
  5.850000E+01  2.387507E-01  2.711560E-17  2.861422E-17  7.027374E-04
  5.900000E+01  2.424810E-01  2.676159E-17  2.802630E-17  7.351352E-04
  5.950000E+01  2.462308E-01  2.642700E-17  2.746390E-17  7.669742E-04
  6.000000E+01  2.500000E-01  2.610919E-17  2.692511E-17  7.982378E-04
  6.050000E+01  2.537882E-01  2.580587E-17  2.640822E-17  8.289194E-04
  6.100000E+01  2.575952E-01  2.551512E-17  2.591174E-17  8.590155E-04
  6.150000E+01  2.614206E-01  2.523500E-17  2.543414E-17  8.885277E-04
  6.200000E+01  2.652642E-01  2.496365E-17  2.497386E-17  9.174669E-04
  6.250000E+01  2.691257E-01  2.469949E-17  2.452955E-17  9.458474E-04
  6.300000E+01  2.730048E-01  2.444120E-17  2.410000E-17  9.736830E-04
  6.350000E+01  2.769011E-01  2.418744E-17  2.368397E-17  1.000992E-03
  6.400000E+01  2.808144E-01  2.393695E-17  2.328024E-17  1.027799E-03
  6.450000E+01  2.847445E-01  2.368870E-17  2.288777E-17  1.054127E-03
  6.500000E+01  2.886909E-01  2.344181E-17  2.250557E-17  1.079998E-03
  6.550000E+01  2.926534E-01  2.319539E-17  2.213268E-17  1.105437E-03
  6.600000E+01  2.966317E-01  2.294869E-17  2.176818E-17  1.130472E-03
  6.650000E+01  3.006255E-01  2.270107E-17  2.141128E-17  1.155127E-03
  6.700000E+01  3.046344E-01  2.245195E-17  2.106121E-17  1.179428E-03
  6.750000E+01  3.086583E-01  2.220083E-17  2.071723E-17  1.203398E-03
  6.800000E+01  3.126967E-01  2.194730E-17  2.037869E-17  1.227064E-03
  6.850000E+01  3.167494E-01  2.169102E-17  2.004501E-17  1.250447E-03
  6.900000E+01  3.208160E-01  2.143166E-17  1.971561E-17  1.273570E-03
  6.950000E+01  3.248963E-01  2.116896E-17  1.938995E-17  1.296456E-03
  7.000000E+01  3.289899E-01  2.090280E-17  1.906759E-17  1.319123E-03
  7.050000E+01  3.330966E-01  2.063305E-17  1.874814E-17  1.341587E-03
  7.100000E+01  3.372159E-01  2.035957E-17  1.843117E-17  1.363871E-03
  7.150000E+01  3.413477E-01  2.008226E-17  1.811632E-17  1.385989E-03
  7.200000E+01  3.454915E-01  1.980119E-17  1.780333E-17  1.407952E-03
  7.250000E+01  3.496471E-01  1.951640E-17  1.749196E-17  1.429775E-03
  7.300000E+01  3.538141E-01  1.922788E-17  1.718193E-17  1.451469E-03
  7.350000E+01  3.579923E-01  1.893567E-17  1.687300E-17  1.473044E-03
  7.400000E+01  3.621813E-01  1.863993E-17  1.656506E-17  1.494505E-03
  7.450000E+01  3.663808E-01  1.834085E-17  1.625799E-17  1.515859E-03
  7.500000E+01  3.705905E-01  1.803850E-17  1.595164E-17  1.537107E-03
  7.550000E+01  3.748100E-01  1.773303E-17  1.564590E-17  1.558255E-03
  7.600000E+01  3.790391E-01  1.742464E-17  1.534074E-17  1.579299E-03
  7.650000E+01  3.832773E-01  1.711361E-17  1.503617E-17  1.600233E-03
  7.700000E+01  3.875245E-01  1.680010E-17  1.473213E-17  1.621054E-03
  7.750000E+01  3.917802E-01  1.648431E-17  1.442860E-17  1.641754E-03
  7.800000E+01  3.960442E-01  1.616650E-17  1.412565E-17  1.662319E-03
  7.850000E+01  4.003160E-01  1.584695E-17  1.382335E-17  1.682734E-03
  7.900000E+01  4.045955E-01  1.552592E-17  1.352174E-17  1.702985E-03
  7.950000E+01  4.088822E-01  1.520364E-17  1.322089E-17  1.723044E-03
  8.000000E+01  4.131759E-01  1.488039E-17  1.292091E-17  1.742886E-03
  8.050000E+01  4.174762E-01  1.455649E-17  1.262194E-17  1.762486E-03
  8.100000E+01  4.217828E-01  1.423220E-17  1.232409E-17  1.781803E-03
  8.150000E+01  4.260953E-01  1.390782E-17  1.202749E-17  1.800793E-03
  8.200000E+01  4.304134E-01  1.358363E-17  1.173230E-17  1.819419E-03
  8.250000E+01  4.347369E-01  1.325994E-17  1.143871E-17  1.837623E-03
  8.300000E+01  4.390653E-01  1.293707E-17  1.114689E-17  1.855341E-03
  8.350000E+01  4.433984E-01  1.261528E-17  1.085700E-17  1.872510E-03
  8.400000E+01  4.477358E-01  1.229491E-17  1.056924E-17  1.889056E-03
  8.450000E+01  4.520771E-01  1.197626E-17  1.028384E-17  1.904886E-03
  8.500000E+01  4.564221E-01  1.165964E-17  1.000100E-17  1.919908E-03
  8.550000E+01  4.607705E-01  1.134534E-17  9.720929E-18  1.934018E-03
  8.600000E+01  4.651218E-01  1.103368E-17  9.443846E-18  1.947089E-03
  8.650000E+01  4.694757E-01  1.072498E-17  9.169999E-18  1.958991E-03
  8.700000E+01  4.738320E-01  1.041954E-17  8.899629E-18  1.969580E-03
  8.750000E+01  4.781903E-01  1.011766E-17  8.632962E-18  1.978683E-03
  8.800000E+01  4.825503E-01  9.819634E-18  8.370234E-18  1.986121E-03
  8.850000E+01  4.869115E-01  9.525786E-18  8.111702E-18  1.991697E-03
  8.900000E+01  4.912738E-01  9.236429E-18  7.857629E-18  1.995180E-03
  8.950000E+01  4.956367E-01  8.951853E-18  7.608261E-18  1.996329E-03
  9.000000E+01  5.000000E-01  8.672346E-18  7.363843E-18  1.994879E-03
  9.050000E+01  5.043633E-01  8.398210E-18  7.124637E-18  1.990524E-03
  9.100000E+01  5.087262E-01  8.129753E-18  6.890910E-18  1.982944E-03
  9.150000E+01  5.130885E-01  7.867269E-18  6.662923E-18  1.971802E-03
  9.200000E+01  5.174497E-01  7.611038E-18  6.440929E-18  1.956704E-03
  9.250000E+01  5.218097E-01  7.361344E-18  6.225185E-18  1.937232E-03
  9.300000E+01  5.261680E-01  7.118479E-18  6.015959E-18  1.912962E-03
  9.350000E+01  5.305243E-01  6.882732E-18  5.813516E-18  1.883421E-03
  9.400000E+01  5.348782E-01  6.654377E-18  5.618110E-18  1.848098E-03
  9.450000E+01  5.392295E-01  6.433684E-18  5.429994E-18  1.806483E-03
  9.500000E+01  5.435779E-01  6.220926E-18  5.249428E-18  1.758031E-03
  9.550000E+01  5.479229E-01  6.016379E-18  5.076674E-18  1.702171E-03
  9.600000E+01  5.522642E-01  5.820307E-18  4.911986E-18  1.638353E-03
  9.650000E+01  5.566016E-01  5.632968E-18  4.755609E-18  1.566025E-03
  9.700000E+01  5.609347E-01  5.454615E-18  4.607790E-18  1.484626E-03
  9.750000E+01  5.652631E-01  5.285506E-18  4.468778E-18  1.393655E-03
  9.800000E+01  5.695866E-01  5.125892E-18  4.338822E-18  1.292671E-03
  9.850000E+01  5.739047E-01  4.976019E-18  4.218162E-18  1.181287E-03
  9.900000E+01  5.782172E-01  4.836121E-18  4.107030E-18  1.059227E-03
  9.950000E+01  5.825238E-01  4.706434E-18  4.005656E-18  9.263491E-04
  1.000000E+02  5.868241E-01  4.587189E-18  3.914275E-18  7.826489E-04
  1.005000E+02  5.911178E-01  4.478615E-18  3.833114E-18  6.283192E-04
  1.010000E+02  5.954045E-01  4.380935E-18  3.762395E-18  4.637657E-04
  1.015000E+02  5.996840E-01  4.294360E-18  3.702332E-18  2.895943E-04
  1.020000E+02  6.039558E-01  4.219100E-18  3.653137E-18  1.066673E-04
  1.025000E+02  6.082198E-01  4.155359E-18  3.615017E-18 -8.388610E-05
  1.030000E+02  6.124755E-01  4.103339E-18  3.588177E-18 -2.807242E-04
  1.035000E+02  6.167227E-01  4.063233E-18  3.572814E-18 -4.822770E-04
  1.040000E+02  6.209609E-01  4.035233E-18  3.569123E-18 -6.867584E-04
  1.045000E+02  6.251900E-01  4.019518E-18  3.577289E-18 -8.922610E-04
  1.050000E+02  6.294095E-01  4.016262E-18  3.597492E-18 -1.096780E-03
  1.055000E+02  6.336192E-01  4.025633E-18  3.629904E-18 -1.298241E-03
  1.060000E+02  6.378187E-01  4.047795E-18  3.674696E-18 -1.494624E-03
  1.065000E+02  6.420077E-01  4.082909E-18  3.732035E-18 -1.684029E-03
  1.070000E+02  6.461859E-01  4.131129E-18  3.802081E-18 -1.864679E-03
  1.075000E+02  6.503529E-01  4.192595E-18  3.884981E-18 -2.035010E-03
  1.080000E+02  6.545085E-01  4.267439E-18  3.980875E-18 -2.193735E-03
  1.085000E+02  6.586523E-01  4.355789E-18  4.089897E-18 -2.339825E-03
  1.090000E+02  6.627841E-01  4.457770E-18  4.212181E-18 -2.472537E-03
  1.095000E+02  6.669034E-01  4.573506E-18  4.347857E-18 -2.591436E-03
  1.100000E+02  6.710101E-01  4.703107E-18  4.497042E-18 -2.696353E-03
  1.105000E+02  6.751037E-01  4.846667E-18  4.659840E-18 -2.787362E-03
  1.110000E+02  6.791840E-01  5.004275E-18  4.836346E-18 -2.864768E-03
  1.115000E+02  6.832506E-01  5.176014E-18  5.026654E-18 -2.929061E-03
  1.120000E+02  6.873033E-01  5.361970E-18  5.230855E-18 -2.980871E-03
  1.125000E+02  6.913417E-01  5.562219E-18  5.449034E-18 -3.020942E-03
  1.130000E+02  6.953656E-01  5.776823E-18  5.681260E-18 -3.050093E-03
  1.135000E+02  6.993745E-01  6.005831E-18  5.927592E-18 -3.069191E-03
  1.140000E+02  7.033683E-01  6.249282E-18  6.188078E-18 -3.079127E-03
  1.145000E+02  7.073466E-01  6.507217E-18  6.462764E-18 -3.080781E-03
  1.150000E+02  7.113091E-01  6.779669E-18  6.751694E-18 -3.075012E-03
  1.155000E+02  7.152555E-01  7.066666E-18  7.054902E-18 -3.062652E-03
  1.160000E+02  7.191856E-01  7.368220E-18  7.372410E-18 -3.044483E-03
  1.165000E+02  7.230989E-01  7.684331E-18  7.704223E-18 -3.021236E-03
  1.170000E+02  7.269952E-01  8.014989E-18  8.050342E-18 -2.993593E-03
  1.175000E+02  7.308743E-01  8.360183E-18  8.410762E-18 -2.962179E-03
  1.180000E+02  7.347358E-01  8.719895E-18  8.785473E-18 -2.927559E-03
  1.185000E+02  7.385794E-01  9.094100E-18  9.174457E-18 -2.890245E-03
  1.190000E+02  7.424048E-01  9.482757E-18  9.577682E-18 -2.850698E-03
  1.195000E+02  7.462118E-01  9.885815E-18  9.995103E-18 -2.809329E-03
  1.200000E+02  7.500000E-01  1.030321E-17  1.042667E-17 -2.766504E-03
  1.205000E+02  7.537692E-01  1.073489E-17  1.087232E-17 -2.722545E-03
  1.210000E+02  7.575190E-01  1.118077E-17  1.133199E-17 -2.677735E-03
  1.215000E+02  7.612493E-01  1.164077E-17  1.180560E-17 -2.632325E-03
  1.220000E+02  7.649596E-01  1.211480E-17  1.229308E-17 -2.586528E-03
  1.225000E+02  7.686498E-01  1.260276E-17  1.279432E-17 -2.540532E-03
  1.230000E+02  7.723195E-01  1.310453E-17  1.330921E-17 -2.494503E-03
  1.235000E+02  7.759685E-01  1.361999E-17  1.383764E-17 -2.448576E-03
  1.240000E+02  7.795965E-01  1.414902E-17  1.437949E-17 -2.402868E-03
  1.245000E+02  7.832031E-01  1.469147E-17  1.493464E-17 -2.357485E-03
  1.250000E+02  7.867882E-01  1.524722E-17  1.550293E-17 -2.312511E-03
  1.255000E+02  7.903515E-01  1.581609E-17  1.608422E-17 -2.268012E-03
  1.260000E+02  7.938926E-01  1.639793E-17  1.667835E-17 -2.224051E-03
  1.265000E+02  7.974114E-01  1.699254E-17  1.728514E-17 -2.180678E-03
  1.270000E+02  8.009075E-01  1.759976E-17  1.790442E-17 -2.137926E-03
  1.275000E+02  8.043807E-01  1.821939E-17  1.853600E-17 -2.095829E-03
  1.280000E+02  8.078307E-01  1.885124E-17  1.917969E-17 -2.054414E-03
  1.285000E+02  8.112573E-01  1.949510E-17  1.983529E-17 -2.013691E-03
  1.290000E+02  8.146602E-01  2.015076E-17  2.050258E-17 -1.973675E-03
  1.295000E+02  8.180391E-01  2.081797E-17  2.118133E-17 -1.934379E-03
  1.300000E+02  8.213938E-01  2.149651E-17  2.187131E-17 -1.895802E-03
  1.305000E+02  8.247240E-01  2.218612E-17  2.257229E-17 -1.857943E-03
  1.310000E+02  8.280295E-01  2.288657E-17  2.328401E-17 -1.820806E-03
  1.315000E+02  8.313100E-01  2.359760E-17  2.400622E-17 -1.784381E-03
  1.320000E+02  8.345653E-01  2.431894E-17  2.473867E-17 -1.748660E-03
  1.325000E+02  8.377951E-01  2.505032E-17  2.548107E-17 -1.713642E-03
  1.330000E+02  8.409992E-01  2.579145E-17  2.623315E-17 -1.679312E-03
  1.335000E+02  8.441773E-01  2.654203E-17  2.699461E-17 -1.645656E-03
  1.340000E+02  8.473292E-01  2.730177E-17  2.776515E-17 -1.612671E-03
  1.345000E+02  8.504546E-01  2.807037E-17  2.854447E-17 -1.580340E-03
  1.350000E+02  8.535534E-01  2.884750E-17  2.933225E-17 -1.548645E-03
  1.355000E+02  8.566252E-01  2.963286E-17  3.012819E-17 -1.517581E-03
  1.360000E+02  8.596699E-01  3.042611E-17  3.093196E-17 -1.487131E-03
  1.365000E+02  8.626872E-01  3.122694E-17  3.174323E-17 -1.457276E-03
  1.370000E+02  8.656769E-01  3.203498E-17  3.256166E-17 -1.428007E-03
  1.375000E+02  8.686387E-01  3.284990E-17  3.338689E-17 -1.399313E-03
  1.380000E+02  8.715724E-01  3.367134E-17  3.421857E-17 -1.371170E-03
  1.385000E+02  8.744779E-01  3.449893E-17  3.505633E-17 -1.343569E-03
  1.390000E+02  8.773548E-01  3.533232E-17  3.589982E-17 -1.316501E-03
  1.395000E+02  8.802030E-01  3.617113E-17  3.674867E-17 -1.289943E-03
  1.400000E+02  8.830222E-01  3.701499E-17  3.760250E-17 -1.263884E-03
  1.405000E+02  8.858123E-01  3.786353E-17  3.846094E-17 -1.238316E-03
  1.410000E+02  8.885730E-01  3.871635E-17  3.932359E-17 -1.213219E-03
  1.415000E+02  8.913041E-01  3.957306E-17  4.019006E-17 -1.188580E-03
  1.420000E+02  8.940054E-01  4.043326E-17  4.105996E-17 -1.164392E-03
  1.425000E+02  8.966767E-01  4.129656E-17  4.193288E-17 -1.140638E-03
  1.430000E+02  8.993178E-01  4.216254E-17  4.280840E-17 -1.117303E-03
  1.435000E+02  9.019284E-01  4.303080E-17  4.368613E-17 -1.094382E-03
  1.440000E+02  9.045085E-01  4.390092E-17  4.456566E-17 -1.071860E-03
  1.445000E+02  9.070578E-01  4.477250E-17  4.544655E-17 -1.049721E-03
  1.450000E+02  9.095760E-01  4.564511E-17  4.632841E-17 -1.027962E-03
  1.455000E+02  9.120631E-01  4.651834E-17  4.721081E-17 -1.006568E-03
  1.460000E+02  9.145188E-01  4.739177E-17  4.809331E-17 -9.855248E-04
  1.465000E+02  9.169429E-01  4.826496E-17  4.897550E-17 -9.648277E-04
  1.470000E+02  9.193353E-01  4.913748E-17  4.985695E-17 -9.444678E-04
  1.475000E+02  9.216957E-01  5.000890E-17  5.073721E-17 -9.244266E-04
  1.480000E+02  9.240240E-01  5.087880E-17  5.161585E-17 -9.047012E-04
  1.485000E+02  9.263201E-01  5.174673E-17  5.249244E-17 -8.852858E-04
  1.490000E+02  9.285837E-01  5.261226E-17  5.336653E-17 -8.661618E-04
  1.495000E+02  9.308146E-01  5.347496E-17  5.423771E-17 -8.473244E-04
  1.500000E+02  9.330127E-01  5.433439E-17  5.510553E-17 -8.287714E-04
  1.505000E+02  9.351778E-01  5.519012E-17  5.596955E-17 -8.104856E-04
  1.510000E+02  9.373099E-01  5.604172E-17  5.682933E-17 -7.924593E-04
  1.515000E+02  9.394086E-01  5.688875E-17  5.768445E-17 -7.746933E-04
  1.520000E+02  9.414738E-01  5.773078E-17  5.853446E-17 -7.571724E-04
  1.525000E+02  9.435054E-01  5.856737E-17  5.937893E-17 -7.398867E-04
  1.530000E+02  9.455033E-01  5.939808E-17  6.021743E-17 -7.228382E-04
  1.535000E+02  9.474672E-01  6.022250E-17  6.104951E-17 -7.060149E-04
  1.540000E+02  9.493970E-01  6.104017E-17  6.187475E-17 -6.894047E-04
  1.545000E+02  9.512926E-01  6.185069E-17  6.269273E-17 -6.730102E-04
  1.550000E+02  9.531539E-01  6.265362E-17  6.350300E-17 -6.568220E-04
  1.555000E+02  9.549806E-01  6.344855E-17  6.430515E-17 -6.408271E-04
  1.560000E+02  9.567727E-01  6.423505E-17  6.509876E-17 -6.250277E-04
  1.565000E+02  9.585300E-01  6.501271E-17  6.588342E-17 -6.094174E-04
  1.570000E+02  9.602524E-01  6.578112E-17  6.665870E-17 -5.939820E-04
  1.575000E+02  9.619398E-01  6.653987E-17  6.742421E-17 -5.787231E-04
  1.580000E+02  9.635919E-01  6.728856E-17  6.817953E-17 -5.636377E-04
  1.585000E+02  9.652088E-01  6.802679E-17  6.892426E-17 -5.487102E-04
  1.590000E+02  9.667902E-01  6.875416E-17  6.965801E-17 -5.339412E-04
  1.595000E+02  9.683361E-01  6.947029E-17  7.038038E-17 -5.193311E-04
  1.600000E+02  9.698463E-01  7.017477E-17  7.109099E-17 -5.048641E-04
  1.605000E+02  9.713207E-01  7.086725E-17  7.178945E-17 -4.905381E-04
  1.610000E+02  9.727593E-01  7.154733E-17  7.247539E-17 -4.763570E-04
  1.615000E+02  9.741618E-01  7.221465E-17  7.314844E-17 -4.623060E-04
  1.620000E+02  9.755283E-01  7.286886E-17  7.380823E-17 -4.483796E-04
  1.625000E+02  9.768585E-01  7.350958E-17  7.445440E-17 -4.345842E-04
  1.630000E+02  9.781524E-01  7.413648E-17  7.508661E-17 -4.209075E-04
  1.635000E+02  9.794099E-01  7.474922E-17  7.570452E-17 -4.073403E-04
  1.640000E+02  9.806308E-01  7.534744E-17  7.630778E-17 -3.938901E-04
  1.645000E+02  9.818152E-01  7.593084E-17  7.689607E-17 -3.805482E-04
  1.650000E+02  9.829629E-01  7.649909E-17  7.746906E-17 -3.673023E-04
  1.655000E+02  9.840738E-01  7.705187E-17  7.802645E-17 -3.541596E-04
  1.660000E+02  9.851479E-01  7.758889E-17  7.856792E-17 -3.411151E-04
  1.665000E+02  9.861850E-01  7.810984E-17  7.909318E-17 -3.281546E-04
  1.670000E+02  9.871850E-01  7.861444E-17  7.960195E-17 -3.152839E-04
  1.675000E+02  9.881480E-01  7.910241E-17  8.009393E-17 -3.025017E-04
  1.680000E+02  9.890738E-01  7.957349E-17  8.056887E-17 -2.897922E-04
  1.685000E+02  9.899624E-01  8.002740E-17  8.102649E-17 -2.771598E-04
  1.690000E+02  9.908136E-01  8.046390E-17  8.146655E-17 -2.646066E-04
  1.695000E+02  9.916275E-01  8.088274E-17  8.188881E-17 -2.521159E-04
  1.700000E+02  9.924039E-01  8.128370E-17  8.229302E-17 -2.396893E-04
  1.705000E+02  9.931428E-01  8.166654E-17  8.267896E-17 -2.273333E-04
  1.710000E+02  9.938442E-01  8.203106E-17  8.304643E-17 -2.150304E-04
  1.715000E+02  9.945079E-01  8.237705E-17  8.339521E-17 -2.027788E-04
  1.720000E+02  9.951340E-01  8.270432E-17  8.372511E-17 -1.905891E-04
  1.725000E+02  9.957224E-01  8.301268E-17  8.403596E-17 -1.784448E-04
  1.730000E+02  9.962731E-01  8.330197E-17  8.432756E-17 -1.663385E-04
  1.735000E+02  9.967859E-01  8.357201E-17  8.459977E-17 -1.542848E-04
  1.740000E+02  9.972609E-01  8.382267E-17  8.485243E-17 -1.422705E-04
  1.745000E+02  9.976981E-01  8.405379E-17  8.508540E-17 -1.302815E-04
  1.750000E+02  9.980973E-01  8.426526E-17  8.529855E-17 -1.183345E-04
  1.755000E+02  9.984587E-01  8.445694E-17  8.549177E-17 -1.064221E-04
  1.760000E+02  9.987820E-01  8.462874E-17  8.566493E-17 -9.452324E-05
  1.765000E+02  9.990674E-01  8.478055E-17  8.581795E-17 -8.265437E-05
  1.770000E+02  9.993148E-01  8.491230E-17  8.595074E-17 -7.081621E-05
  1.775000E+02  9.995241E-01  8.502390E-17  8.606323E-17 -5.898083E-05
  1.780000E+02  9.996954E-01  8.511530E-17  8.615535E-17 -4.716192E-05
  1.785000E+02  9.998287E-01  8.518644E-17  8.622706E-17 -3.537157E-05
  1.790000E+02  9.999238E-01  8.523728E-17  8.627830E-17 -2.357357E-05
  1.795000E+02  9.999810E-01  8.526780E-17  8.630906E-17 -1.177132E-05
  1.800000E+02  1.000000E+00  8.527797E-17  8.631932E-17  0.000000E+00
