 #
 # Subroutine ELSEPM. Elastic scattering ofelectrons and positrons by
 #       molecules (single-scattering independent-atom approximation)
 #
 # Molecule: Water (vapour)                     
 #
 # Structure:
 # IZ =  8,    X,Y,Z =   0.00000E+00  0.00000E+00  0.00000E+00 cm
 # IZ =  1,    X,Y,Z =   9.57200E-09  0.00000E+00  0.00000E+00 cm
 # IZ =  1,    X,Y,Z =  -2.39990E-09  9.26630E-09  0.00000E+00 cm
 #
 # Projectile: electron
 # Kinetic energy = 7.0000000E+01 eV
 #
 # Furness-McCarthy exchange potential
 #
 # Correlation-polarization potential (Buckingham):
 #    molecular polarizability = 1.45700E-24 cm**3
 #
 # LDA-I absorption potential (only electron-hole excitations):
 #                           Delta = 6.20000E+00 eV
 #                            Aabs = 2.00000E+00
 #
 # Integrated cross sections:
 #                     coherent      incoherent
 #         total cs: 1.0379764E-15  6.0773773E-16
 # 1st transport cs: 2.7225175E-16  2.5501924E-16
 # 2nd transport cs: 2.8932232E-16  2.3651993E-16
 #
 # Differential cross section:                     MU=(1-COS(THETA))/2
 #
 #   THETA           MU         DCS coh      DCS incoh      Sherman
 #   (deg)                     (cm**2/sr)    (cm**2/sr)     function
 #--------------------------------------------------------------------
  0.000000E+00  0.000000E+00  3.172010E-15  1.126874E-15  0.000000E+00
  1.000000E-04  7.615575E-13  3.172010E-15  1.126874E-15 -1.225814E-10
  1.250000E-04  1.189937E-12  3.172010E-15  1.126874E-15 -1.532267E-10
  1.500000E-04  1.713463E-12  3.172010E-15  1.126874E-15 -1.838721E-10
  1.750000E-04  2.332246E-12  3.172010E-15  1.126874E-15 -2.145174E-10
  2.000000E-04  3.046174E-12  3.172010E-15  1.126874E-15 -2.451628E-10
  2.250000E-04  3.855305E-12  3.172010E-15  1.126874E-15 -2.758081E-10
  2.500000E-04  4.759637E-12  3.172010E-15  1.126874E-15 -3.064535E-10
  2.750000E-04  5.759171E-12  3.172010E-15  1.126874E-15 -3.370988E-10
  3.000000E-04  6.853906E-12  3.172010E-15  1.126874E-15 -3.677442E-10
  3.250000E-04  8.043788E-12  3.172010E-15  1.126874E-15 -3.983895E-10
  3.500000E-04  9.328927E-12  3.172010E-15  1.126874E-15 -4.290349E-10
  3.750000E-04  1.070921E-11  3.172010E-15  1.126874E-15 -4.596802E-10
  4.000000E-04  1.218470E-11  3.172010E-15  1.126874E-15 -4.903256E-10
  4.250000E-04  1.375539E-11  3.172010E-15  1.126874E-15 -5.209709E-10
  4.500000E-04  1.542128E-11  3.172010E-15  1.126874E-15 -5.516163E-10
  4.750000E-04  1.718231E-11  3.172010E-15  1.126874E-15 -5.822616E-10
  5.000000E-04  1.903860E-11  3.172010E-15  1.126874E-15 -6.129070E-10
  5.250000E-04  2.099004E-11  3.172010E-15  1.126874E-15 -6.435523E-10
  5.500000E-04  2.303668E-11  3.172010E-15  1.126874E-15 -6.741977E-10
  5.750000E-04  2.517853E-11  3.172010E-15  1.126874E-15 -7.048430E-10
  6.000000E-04  2.741557E-11  3.172010E-15  1.126874E-15 -7.354884E-10
  6.250000E-04  2.974782E-11  3.172010E-15  1.126874E-15 -7.661337E-10
  6.500000E-04  3.217521E-11  3.172010E-15  1.126874E-15 -7.967791E-10
  6.750000E-04  3.469786E-11  3.172010E-15  1.126874E-15 -8.274244E-10
  7.000000E-04  3.731565E-11  3.172010E-15  1.126874E-15 -8.580697E-10
  7.250000E-04  4.002865E-11  3.172010E-15  1.126874E-15 -8.887151E-10
  7.500000E-04  4.283685E-11  3.172010E-15  1.126874E-15 -9.193604E-10
  7.750000E-04  4.574019E-11  3.172010E-15  1.126874E-15 -9.500058E-10
  8.000000E-04  4.873879E-11  3.172010E-15  1.126874E-15 -9.806511E-10
  8.250000E-04  5.183254E-11  3.172010E-15  1.126874E-15 -1.011296E-09
  8.500000E-04  5.502154E-11  3.172010E-15  1.126874E-15 -1.041942E-09
  8.750000E-04  5.830569E-11  3.172010E-15  1.126874E-15 -1.072587E-09
  9.000000E-04  6.168505E-11  3.172010E-15  1.126874E-15 -1.103233E-09
  9.250000E-04  6.515954E-11  3.172010E-15  1.126874E-15 -1.133878E-09
  9.500000E-04  6.872930E-11  3.172010E-15  1.126874E-15 -1.164523E-09
  9.750000E-04  7.239426E-11  3.172010E-15  1.126874E-15 -1.195169E-09
  1.000000E-03  7.615436E-11  3.172010E-15  1.126874E-15 -1.225814E-09
  1.250000E-03  1.189912E-10  3.172010E-15  1.126874E-15 -1.532267E-09
  1.500000E-03  1.713473E-10  3.172010E-15  1.126874E-15 -1.838721E-09
  1.750000E-03  2.332227E-10  3.172010E-15  1.126874E-15 -2.145174E-09
  2.000000E-03  3.046174E-10  3.172010E-15  1.126874E-15 -2.451628E-09
  2.250000E-03  3.855314E-10  3.172009E-15  1.126874E-15 -2.758082E-09
  2.500000E-03  4.759647E-10  3.172009E-15  1.126873E-15 -3.064535E-09
  2.750000E-03  5.759173E-10  3.172009E-15  1.126873E-15 -3.370989E-09
  3.000000E-03  6.853892E-10  3.172009E-15  1.126873E-15 -3.677442E-09
  3.250000E-03  8.043804E-10  3.172009E-15  1.126873E-15 -3.983896E-09
  3.500000E-03  9.328908E-10  3.172009E-15  1.126873E-15 -4.290350E-09
  3.750000E-03  1.070921E-09  3.172008E-15  1.126873E-15 -4.596803E-09
  4.000000E-03  1.218470E-09  3.172008E-15  1.126873E-15 -4.903257E-09
  4.250000E-03  1.375538E-09  3.172008E-15  1.126873E-15 -5.209711E-09
  4.500000E-03  1.542126E-09  3.172008E-15  1.126873E-15 -5.516164E-09
  4.750000E-03  1.718233E-09  3.172007E-15  1.126873E-15 -5.822618E-09
  5.000000E-03  1.903859E-09  3.172007E-15  1.126873E-15 -6.129072E-09
  5.250000E-03  2.099004E-09  3.172007E-15  1.126873E-15 -6.435526E-09
  5.500000E-03  2.303669E-09  3.172006E-15  1.126872E-15 -6.741980E-09
  5.750000E-03  2.517853E-09  3.172006E-15  1.126872E-15 -7.048434E-09
  6.000000E-03  2.741557E-09  3.172006E-15  1.126872E-15 -7.354888E-09
  6.250000E-03  2.974779E-09  3.172005E-15  1.126872E-15 -7.661342E-09
  6.500000E-03  3.217521E-09  3.172005E-15  1.126872E-15 -7.967796E-09
  6.750000E-03  3.469783E-09  3.172004E-15  1.126872E-15 -8.274250E-09
  7.000000E-03  3.731563E-09  3.172004E-15  1.126872E-15 -8.580704E-09
  7.250000E-03  4.002863E-09  3.172003E-15  1.126872E-15 -8.887158E-09
  7.500000E-03  4.283682E-09  3.172003E-15  1.126871E-15 -9.193612E-09
  7.750000E-03  4.574021E-09  3.172002E-15  1.126871E-15 -9.500067E-09
  8.000000E-03  4.873879E-09  3.172002E-15  1.126871E-15 -9.806521E-09
  8.250000E-03  5.183256E-09  3.172001E-15  1.126871E-15 -1.011298E-08
  8.500000E-03  5.502152E-09  3.172001E-15  1.126871E-15 -1.041943E-08
  8.750000E-03  5.830568E-09  3.172000E-15  1.126871E-15 -1.072588E-08
  9.000000E-03  6.168503E-09  3.172000E-15  1.126870E-15 -1.103234E-08
  9.250000E-03  6.515957E-09  3.171999E-15  1.126870E-15 -1.133879E-08
  9.500000E-03  6.872931E-09  3.171999E-15  1.126870E-15 -1.164525E-08
  9.750000E-03  7.239423E-09  3.171998E-15  1.126870E-15 -1.195170E-08
  1.000000E-02  7.615435E-09  3.171997E-15  1.126870E-15 -1.225816E-08
  1.250000E-02  1.189912E-08  3.171990E-15  1.126867E-15 -1.532271E-08
  1.500000E-02  1.713473E-08  3.171981E-15  1.126864E-15 -1.838727E-08
  1.750000E-02  2.332227E-08  3.171971E-15  1.126861E-15 -2.145185E-08
  2.000000E-02  3.046174E-08  3.171959E-15  1.126857E-15 -2.451643E-08
  2.250000E-02  3.855314E-08  3.171946E-15  1.126852E-15 -2.758103E-08
  2.500000E-02  4.759647E-08  3.171931E-15  1.126847E-15 -3.064564E-08
  2.750000E-02  5.759173E-08  3.171914E-15  1.126842E-15 -3.371028E-08
  3.000000E-02  6.853892E-08  3.171896E-15  1.126836E-15 -3.677493E-08
  3.250000E-02  8.043804E-08  3.171876E-15  1.126829E-15 -3.983960E-08
  3.500000E-02  9.328908E-08  3.171854E-15  1.126822E-15 -4.290430E-08
  3.750000E-02  1.070921E-07  3.171831E-15  1.126815E-15 -4.596902E-08
  4.000000E-02  1.218470E-07  3.171806E-15  1.126806E-15 -4.903377E-08
  4.250000E-02  1.375538E-07  3.171780E-15  1.126798E-15 -5.209855E-08
  4.500000E-02  1.542126E-07  3.171752E-15  1.126789E-15 -5.516336E-08
  4.750000E-02  1.718233E-07  3.171723E-15  1.126779E-15 -5.822820E-08
  5.000000E-02  1.903859E-07  3.171692E-15  1.126769E-15 -6.129307E-08
  5.250000E-02  2.099004E-07  3.171659E-15  1.126758E-15 -6.435798E-08
  5.500000E-02  2.303669E-07  3.171625E-15  1.126747E-15 -6.742292E-08
  5.750000E-02  2.517853E-07  3.171589E-15  1.126735E-15 -7.048791E-08
  6.000000E-02  2.741557E-07  3.171552E-15  1.126722E-15 -7.355293E-08
  6.250000E-02  2.974779E-07  3.171513E-15  1.126710E-15 -7.661800E-08
  6.500000E-02  3.217521E-07  3.171473E-15  1.126696E-15 -7.968311E-08
  6.750000E-02  3.469782E-07  3.171431E-15  1.126682E-15 -8.274827E-08
  7.000000E-02  3.731563E-07  3.171387E-15  1.126668E-15 -8.581348E-08
  7.250000E-02  4.002863E-07  3.171342E-15  1.126653E-15 -8.887873E-08
  7.500000E-02  4.283682E-07  3.171295E-15  1.126638E-15 -9.194404E-08
  7.750000E-02  4.574020E-07  3.171246E-15  1.126622E-15 -9.500940E-08
  8.000000E-02  4.873878E-07  3.171196E-15  1.126605E-15 -9.807481E-08
  8.250000E-02  5.183255E-07  3.171145E-15  1.126588E-15 -1.011403E-07
  8.500000E-02  5.502151E-07  3.171092E-15  1.126571E-15 -1.042058E-07
  8.750000E-02  5.830567E-07  3.171037E-15  1.126552E-15 -1.072714E-07
  9.000000E-02  6.168501E-07  3.170981E-15  1.126534E-15 -1.103371E-07
  9.250000E-02  6.515956E-07  3.170923E-15  1.126515E-15 -1.134028E-07
  9.500000E-02  6.872929E-07  3.170864E-15  1.126495E-15 -1.164685E-07
  9.750000E-02  7.239422E-07  3.170803E-15  1.126475E-15 -1.195344E-07
  1.000000E-01  7.615434E-07  3.170740E-15  1.126454E-15 -1.226003E-07
  1.250000E-01  1.189911E-06  3.170029E-15  1.126220E-15 -1.532636E-07
  1.500000E-01  1.713472E-06  3.169163E-15  1.125934E-15 -1.839356E-07
  1.750000E-01  2.332225E-06  3.168144E-15  1.125598E-15 -2.146180E-07
  2.000000E-01  3.046171E-06  3.166975E-15  1.125212E-15 -2.453123E-07
  2.250000E-01  3.855309E-06  3.165657E-15  1.124777E-15 -2.760202E-07
  2.500000E-01  4.759640E-06  3.164194E-15  1.124294E-15 -3.067429E-07
  2.750000E-01  5.759162E-06  3.162589E-15  1.123765E-15 -3.374821E-07
  3.000000E-01  6.853876E-06  3.160845E-15  1.123190E-15 -3.682389E-07
  3.250000E-01  8.043782E-06  3.158966E-15  1.122570E-15 -3.990147E-07
  3.500000E-01  9.328879E-06  3.156956E-15  1.121907E-15 -4.298105E-07
  3.750000E-01  1.070917E-05  3.154819E-15  1.121203E-15 -4.606274E-07
  4.000000E-01  1.218465E-05  3.152559E-15  1.120458E-15 -4.914663E-07
  4.250000E-01  1.375532E-05  3.150181E-15  1.119674E-15 -5.223282E-07
  4.500000E-01  1.542118E-05  3.147689E-15  1.118854E-15 -5.532138E-07
  4.750000E-01  1.718223E-05  3.145088E-15  1.117997E-15 -5.841237E-07
  5.000000E-01  1.903847E-05  3.142383E-15  1.117107E-15 -6.150584E-07
  5.250000E-01  2.098990E-05  3.139579E-15  1.116184E-15 -6.460184E-07
  5.500000E-01  2.303652E-05  3.136682E-15  1.115231E-15 -6.770041E-07
  5.750000E-01  2.517832E-05  3.133695E-15  1.114249E-15 -7.080156E-07
  6.000000E-01  2.741532E-05  3.130625E-15  1.113240E-15 -7.390531E-07
  6.250000E-01  2.974750E-05  3.127477E-15  1.112205E-15 -7.701167E-07
  6.500000E-01  3.217487E-05  3.124255E-15  1.111147E-15 -8.012063E-07
  6.750000E-01  3.469743E-05  3.120965E-15  1.110067E-15 -8.323216E-07
  7.000000E-01  3.731517E-05  3.117611E-15  1.108966E-15 -8.634626E-07
  7.250000E-01  4.002810E-05  3.114200E-15  1.107847E-15 -8.946290E-07
  7.500000E-01  4.283621E-05  3.110736E-15  1.106711E-15 -9.258202E-07
  7.750000E-01  4.573951E-05  3.107223E-15  1.105560E-15 -9.570359E-07
  8.000000E-01  4.873800E-05  3.103666E-15  1.104395E-15 -9.882756E-07
  8.250000E-01  5.183166E-05  3.100070E-15  1.103218E-15 -1.019539E-06
  8.500000E-01  5.502051E-05  3.096439E-15  1.102030E-15 -1.050825E-06
  8.750000E-01  5.830454E-05  3.092778E-15  1.100832E-15 -1.082133E-06
  9.000000E-01  6.168376E-05  3.089090E-15  1.099627E-15 -1.113462E-06
  9.250000E-01  6.515815E-05  3.085379E-15  1.098415E-15 -1.144813E-06
  9.500000E-01  6.872773E-05  3.081650E-15  1.097197E-15 -1.176183E-06
  9.750000E-01  7.239249E-05  3.077905E-15  1.095975E-15 -1.207573E-06
  1.000000E+00  7.615242E-05  3.074148E-15  1.094750E-15 -1.238981E-06
  1.100000E+00  9.214394E-05  3.059056E-15  1.089837E-15 -1.364787E-06
  1.200000E+00  1.096583E-04  3.043977E-15  1.084942E-15 -1.490837E-06
  1.300000E+00  1.286953E-04  3.029020E-15  1.080100E-15 -1.617099E-06
  1.400000E+00  1.492551E-04  3.014242E-15  1.075330E-15 -1.743553E-06
  1.500000E+00  1.713375E-04  2.999660E-15  1.070636E-15 -1.870195E-06
  1.600000E+00  1.949425E-04  2.985258E-15  1.066014E-15 -1.997035E-06
  1.700000E+00  2.200699E-04  2.970997E-15  1.061449E-15 -2.124096E-06
  1.800000E+00  2.467198E-04  2.956828E-15  1.056924E-15 -2.251412E-06
  1.900000E+00  2.748920E-04  2.942700E-15  1.052423E-15 -2.379015E-06
  2.000000E+00  3.045865E-04  2.928569E-15  1.047931E-15 -2.506940E-06
  2.100000E+00  3.358031E-04  2.914402E-15  1.043435E-15 -2.635216E-06
  2.200000E+00  3.685418E-04  2.900177E-15  1.038930E-15 -2.763862E-06
  2.300000E+00  4.028024E-04  2.885889E-15  1.034413E-15 -2.892888E-06
  2.400000E+00  4.385850E-04  2.871543E-15  1.029886E-15 -3.022296E-06
  2.500000E+00  4.758892E-04  2.857152E-15  1.025353E-15 -3.152076E-06
  2.600000E+00  5.147151E-04  2.842735E-15  1.020821E-15 -3.282217E-06
  2.700000E+00  5.550625E-04  2.828312E-15  1.016296E-15 -3.412702E-06
  2.800000E+00  5.969313E-04  2.813902E-15  1.011785E-15 -3.543517E-06
  2.900000E+00  6.403214E-04  2.799518E-15  1.007290E-15 -3.674648E-06
  3.000000E+00  6.852326E-04  2.785169E-15  1.002816E-15 -3.806090E-06
  3.100000E+00  7.316648E-04  2.770858E-15  9.983614E-16 -3.937842E-06
  3.200000E+00  7.796179E-04  2.756581E-15  9.939264E-16 -4.069909E-06
  3.300000E+00  8.290917E-04  2.742335E-15  9.895084E-16 -4.202301E-06
  3.400000E+00  8.800860E-04  2.728109E-15  9.851045E-16 -4.335033E-06
  3.500000E+00  9.326008E-04  2.713895E-15  9.807113E-16 -4.468119E-06
  3.600000E+00  9.866358E-04  2.699686E-15  9.763264E-16 -4.601575E-06
  3.700000E+00  1.042191E-03  2.685476E-15  9.719474E-16 -4.735415E-06
  3.800000E+00  1.099266E-03  2.671261E-15  9.675733E-16 -4.869650E-06
  3.900000E+00  1.157861E-03  2.657040E-15  9.632036E-16 -5.004288E-06
  4.000000E+00  1.217975E-03  2.642815E-15  9.588387E-16 -5.139333E-06
  4.100000E+00  1.279609E-03  2.628589E-15  9.544797E-16 -5.274787E-06
  4.200000E+00  1.342761E-03  2.614367E-15  9.501276E-16 -5.410650E-06
  4.300000E+00  1.407433E-03  2.600153E-15  9.457838E-16 -5.546920E-06
  4.400000E+00  1.473624E-03  2.585950E-15  9.414494E-16 -5.683596E-06
  4.500000E+00  1.541333E-03  2.571763E-15  9.371252E-16 -5.820676E-06
  4.600000E+00  1.610561E-03  2.557593E-15  9.328119E-16 -5.958159E-06
  4.700000E+00  1.681307E-03  2.543442E-15  9.285094E-16 -6.096045E-06
  4.800000E+00  1.753570E-03  2.529309E-15  9.242177E-16 -6.234338E-06
  4.900000E+00  1.827352E-03  2.515195E-15  9.199363E-16 -6.373040E-06
  5.000000E+00  1.902651E-03  2.501097E-15  9.156647E-16 -6.512156E-06
  5.100000E+00  1.979467E-03  2.487016E-15  9.114022E-16 -6.651695E-06
  5.200000E+00  2.057801E-03  2.472948E-15  9.071484E-16 -6.791663E-06
  5.300000E+00  2.137651E-03  2.458894E-15  9.029026E-16 -6.932069E-06
  5.400000E+00  2.219018E-03  2.444852E-15  8.986645E-16 -7.072924E-06
  5.500000E+00  2.301901E-03  2.430822E-15  8.944337E-16 -7.214238E-06
  5.600000E+00  2.386300E-03  2.416804E-15  8.902101E-16 -7.356019E-06
  5.700000E+00  2.472215E-03  2.402797E-15  8.859935E-16 -7.498278E-06
  5.800000E+00  2.559646E-03  2.388804E-15  8.817840E-16 -7.641021E-06
  5.900000E+00  2.648591E-03  2.374824E-15  8.775816E-16 -7.784253E-06
  6.000000E+00  2.739052E-03  2.360858E-15  8.733867E-16 -7.927979E-06
  6.100000E+00  2.831028E-03  2.346909E-15  8.691994E-16 -8.072200E-06
  6.200000E+00  2.924518E-03  2.332977E-15  8.650201E-16 -8.216914E-06
  6.300000E+00  3.019522E-03  2.319065E-15  8.608491E-16 -8.362121E-06
  6.400000E+00  3.116040E-03  2.305173E-15  8.566868E-16 -8.507818E-06
  6.500000E+00  3.214072E-03  2.291303E-15  8.525332E-16 -8.654004E-06
  6.600000E+00  3.313617E-03  2.277455E-15  8.483887E-16 -8.800681E-06
  6.700000E+00  3.414675E-03  2.263630E-15  8.442532E-16 -8.947853E-06
  6.800000E+00  3.517246E-03  2.249828E-15  8.401265E-16 -9.095524E-06
  6.900000E+00  3.621329E-03  2.236048E-15  8.360084E-16 -9.243706E-06
  7.000000E+00  3.726924E-03  2.222291E-15  8.318985E-16 -9.392411E-06
  7.100000E+00  3.834031E-03  2.208554E-15  8.277964E-16 -9.541652E-06
  7.200000E+00  3.942649E-03  2.194838E-15  8.237017E-16 -9.691444E-06
  7.300000E+00  4.052779E-03  2.181142E-15  8.196139E-16 -9.841799E-06
  7.400000E+00  4.164419E-03  2.167465E-15  8.155330E-16 -9.992728E-06
  7.500000E+00  4.277569E-03  2.153809E-15  8.114588E-16 -1.014424E-05
  7.600000E+00  4.392230E-03  2.140173E-15  8.073915E-16 -1.029634E-05
  7.700000E+00  4.508400E-03  2.126559E-15  8.033313E-16 -1.044902E-05
  7.800000E+00  4.626080E-03  2.112969E-15  7.992787E-16 -1.060228E-05
  7.900000E+00  4.745268E-03  2.099405E-15  7.952340E-16 -1.075613E-05
  8.000000E+00  4.865966E-03  2.085868E-15  7.911979E-16 -1.091055E-05
  8.100000E+00  4.988171E-03  2.072359E-15  7.871705E-16 -1.106554E-05
  8.200000E+00  5.111885E-03  2.058880E-15  7.831523E-16 -1.122110E-05
  8.300000E+00  5.237105E-03  2.045432E-15  7.791431E-16 -1.137724E-05
  8.400000E+00  5.363834E-03  2.032013E-15  7.751430E-16 -1.153396E-05
  8.500000E+00  5.492068E-03  2.018625E-15  7.711515E-16 -1.169129E-05
  8.600000E+00  5.621809E-03  2.005265E-15  7.671683E-16 -1.184922E-05
  8.700000E+00  5.753057E-03  1.991934E-15  7.631930E-16 -1.200778E-05
  8.800000E+00  5.885809E-03  1.978630E-15  7.592252E-16 -1.216699E-05
  8.900000E+00  6.020067E-03  1.965353E-15  7.552645E-16 -1.232686E-05
  9.000000E+00  6.155830E-03  1.952104E-15  7.513109E-16 -1.248739E-05
  9.100000E+00  6.293097E-03  1.938882E-15  7.473644E-16 -1.264860E-05
  9.200000E+00  6.431867E-03  1.925688E-15  7.434251E-16 -1.281048E-05
  9.300000E+00  6.572142E-03  1.912525E-15  7.394934E-16 -1.297304E-05
  9.400000E+00  6.713919E-03  1.899393E-15  7.355699E-16 -1.313627E-05
  9.500000E+00  6.857199E-03  1.886295E-15  7.316549E-16 -1.330017E-05
  9.600000E+00  7.001981E-03  1.873231E-15  7.277488E-16 -1.346473E-05
  9.700000E+00  7.148265E-03  1.860203E-15  7.238520E-16 -1.362995E-05
  9.800000E+00  7.296051E-03  1.847211E-15  7.199645E-16 -1.379583E-05
  9.900000E+00  7.445337E-03  1.834257E-15  7.160864E-16 -1.396239E-05
  1.000000E+01  7.596123E-03  1.821338E-15  7.122175E-16 -1.412962E-05
  1.025000E+01  7.979651E-03  1.789201E-15  7.025834E-16 -1.455078E-05
  1.050000E+01  8.372546E-03  1.757281E-15  6.930001E-16 -1.497650E-05
  1.075000E+01  8.774801E-03  1.725580E-15  6.834660E-16 -1.540696E-05
  1.100000E+01  9.186408E-03  1.694113E-15  6.739846E-16 -1.584218E-05
  1.125000E+01  9.607360E-03  1.662898E-15  6.645613E-16 -1.628214E-05
  1.150000E+01  1.003765E-02  1.631949E-15  6.551991E-16 -1.672685E-05
  1.175000E+01  1.047726E-02  1.601264E-15  6.458967E-16 -1.717642E-05
  1.200000E+01  1.092620E-02  1.570841E-15  6.366510E-16 -1.763104E-05
  1.225000E+01  1.138445E-02  1.540680E-15  6.274608E-16 -1.809086E-05
  1.250000E+01  1.185200E-02  1.510791E-15  6.183284E-16 -1.855597E-05
  1.275000E+01  1.232884E-02  1.481188E-15  6.092578E-16 -1.902639E-05
  1.300000E+01  1.281497E-02  1.451880E-15  6.002517E-16 -1.950214E-05
  1.325000E+01  1.331037E-02  1.422872E-15  5.913099E-16 -1.998325E-05
  1.350000E+01  1.381504E-02  1.394161E-15  5.824310E-16 -2.046982E-05
  1.375000E+01  1.432897E-02  1.365748E-15  5.736144E-16 -2.096198E-05
  1.400000E+01  1.485214E-02  1.337641E-15  5.648612E-16 -2.145987E-05
  1.425000E+01  1.538455E-02  1.309847E-15  5.561742E-16 -2.196358E-05
  1.450000E+01  1.592618E-02  1.282375E-15  5.475555E-16 -2.247311E-05
  1.475000E+01  1.647703E-02  1.255228E-15  5.390059E-16 -2.298843E-05
  1.500000E+01  1.703709E-02  1.228408E-15  5.305252E-16 -2.350954E-05
  1.525000E+01  1.760634E-02  1.201914E-15  5.221130E-16 -2.403651E-05
  1.550000E+01  1.818477E-02  1.175752E-15  5.137703E-16 -2.456950E-05
  1.575000E+01  1.877238E-02  1.149926E-15  5.054983E-16 -2.510865E-05
  1.600000E+01  1.936915E-02  1.124440E-15  4.972986E-16 -2.565397E-05
  1.625000E+01  1.997507E-02  1.099297E-15  4.891724E-16 -2.620537E-05
  1.650000E+01  2.059013E-02  1.074501E-15  4.811203E-16 -2.676271E-05
  1.675000E+01  2.121432E-02  1.050052E-15  4.731425E-16 -2.732599E-05
  1.700000E+01  2.184762E-02  1.025952E-15  4.652394E-16 -2.789537E-05
  1.725000E+01  2.249003E-02  1.002202E-15  4.574115E-16 -2.847099E-05
  1.750000E+01  2.314152E-02  9.788045E-16  4.496598E-16 -2.905287E-05
  1.775000E+01  2.380210E-02  9.557618E-16  4.419854E-16 -2.964082E-05
  1.800000E+01  2.447174E-02  9.330759E-16  4.343894E-16 -3.023463E-05
  1.825000E+01  2.515044E-02  9.107478E-16  4.268723E-16 -3.083418E-05
  1.850000E+01  2.583817E-02  8.887776E-16  4.194343E-16 -3.143955E-05
  1.875000E+01  2.653494E-02  8.671646E-16  4.120753E-16 -3.205086E-05
  1.900000E+01  2.724071E-02  8.459085E-16  4.047957E-16 -3.266808E-05
  1.925000E+01  2.795549E-02  8.250100E-16  3.975964E-16 -3.329097E-05
  1.950000E+01  2.867925E-02  8.044706E-16  3.904785E-16 -3.391920E-05
  1.975000E+01  2.941199E-02  7.842907E-16  3.834429E-16 -3.455254E-05
  2.000000E+01  3.015369E-02  7.644691E-16  3.764894E-16 -3.519093E-05
  2.025000E+01  3.090433E-02  7.450035E-16  3.696177E-16 -3.583437E-05
  2.050000E+01  3.166391E-02  7.258921E-16  3.628278E-16 -3.648273E-05
  2.075000E+01  3.243240E-02  7.071340E-16  3.561202E-16 -3.713570E-05
  2.100000E+01  3.320979E-02  6.887294E-16  3.494958E-16 -3.779286E-05
  2.125000E+01  3.399607E-02  6.706779E-16  3.429554E-16 -3.845384E-05
  2.150000E+01  3.479122E-02  6.529775E-16  3.364991E-16 -3.911837E-05
  2.175000E+01  3.559522E-02  6.356249E-16  3.301262E-16 -3.978621E-05
  2.200000E+01  3.640807E-02  6.186171E-16  3.238365E-16 -4.045706E-05
  2.225000E+01  3.722975E-02  6.019519E-16  3.176300E-16 -4.113052E-05
  2.250000E+01  3.806023E-02  5.856282E-16  3.115075E-16 -4.180609E-05
  2.275000E+01  3.889951E-02  5.696444E-16  3.054693E-16 -4.248320E-05
  2.300000E+01  3.974757E-02  5.539979E-16  2.995157E-16 -4.316128E-05
  2.325000E+01  4.060439E-02  5.386849E-16  2.936460E-16 -4.383974E-05
  2.350000E+01  4.146996E-02  5.237016E-16  2.878597E-16 -4.451802E-05
  2.375000E+01  4.234426E-02  5.090448E-16  2.821566E-16 -4.519557E-05
  2.400000E+01  4.322727E-02  4.947120E-16  2.765370E-16 -4.587176E-05
  2.425000E+01  4.411898E-02  4.807007E-16  2.710010E-16 -4.654579E-05
  2.450000E+01  4.501936E-02  4.670077E-16  2.655486E-16 -4.721667E-05
  2.475000E+01  4.592841E-02  4.536288E-16  2.601794E-16 -4.788336E-05
  2.500000E+01  4.684611E-02  4.405600E-16  2.548927E-16 -4.854490E-05
  2.550000E+01  4.870736E-02  4.153368E-16  2.445654E-16 -4.984930E-05
  2.600000E+01  5.060298E-02  3.913099E-16  2.345654E-16 -5.112172E-05
  2.650000E+01  5.253282E-02  3.684474E-16  2.248900E-16 -5.235008E-05
  2.700000E+01  5.449674E-02  3.467149E-16  2.155348E-16 -5.352362E-05
  2.750000E+01  5.649458E-02  3.260790E-16  2.064959E-16 -5.463069E-05
  2.800000E+01  5.852620E-02  3.065060E-16  1.977699E-16 -5.565404E-05
  2.850000E+01  6.059144E-02  2.879602E-16  1.893519E-16 -5.657796E-05
  2.900000E+01  6.269015E-02  2.704057E-16  1.812363E-16 -5.738577E-05
  2.950000E+01  6.482215E-02  2.538074E-16  1.734187E-16 -5.805401E-05
  3.000000E+01  6.698730E-02  2.381297E-16  1.658936E-16 -5.856050E-05
  3.050000E+01  6.918542E-02  2.233363E-16  1.586546E-16 -5.888166E-05
  3.100000E+01  7.141635E-02  2.093915E-16  1.516959E-16 -5.898680E-05
  3.150000E+01  7.367992E-02  1.962610E-16  1.450120E-16 -5.884568E-05
  3.200000E+01  7.597595E-02  1.839091E-16  1.385960E-16 -5.842585E-05
  3.250000E+01  7.830428E-02  1.723009E-16  1.324410E-16 -5.768858E-05
  3.300000E+01  8.066472E-02  1.614036E-16  1.265413E-16 -5.659421E-05
  3.350000E+01  8.305709E-02  1.511836E-16  1.208899E-16 -5.509991E-05
  3.400000E+01  8.548121E-02  1.416078E-16  1.154793E-16 -5.315864E-05
  3.450000E+01  8.793691E-02  1.326450E-16  1.103035E-16 -5.072081E-05
  3.500000E+01  9.042398E-02  1.242643E-16  1.053555E-16 -4.773285E-05
  3.550000E+01  9.294224E-02  1.164351E-16  1.006278E-16 -4.414046E-05
  3.600000E+01  9.549150E-02  1.091284E-16  9.611380E-17 -3.988522E-05
  3.650000E+01  9.807157E-02  1.023163E-16  9.180681E-17 -3.490480E-05
  3.700000E+01  1.006822E-01  9.597089E-17  8.769953E-17 -2.914073E-05
  3.750000E+01  1.033233E-01  9.006588E-17  8.378499E-17 -2.252968E-05
  3.800000E+01  1.059946E-01  8.457613E-17  8.005678E-17 -1.500590E-05
  3.850000E+01  1.086959E-01  7.947708E-17  7.650802E-17 -6.512800E-06
  3.900000E+01  1.114270E-01  7.474509E-17  7.313169E-17  3.010224E-06
  3.950000E+01  1.141877E-01  7.035787E-17  6.992148E-17  1.362298E-05
  4.000000E+01  1.169778E-01  6.629406E-17  6.687108E-17  2.537092E-05
  4.050000E+01  1.197970E-01  6.253287E-17  6.397374E-17  3.830047E-05
  4.100000E+01  1.226452E-01  5.905475E-17  6.122324E-17  5.245277E-05
  4.150000E+01  1.255221E-01  5.584131E-17  5.861377E-17  6.785071E-05
  4.200000E+01  1.284276E-01  5.287465E-17  5.613909E-17  8.451316E-05
  4.250000E+01  1.313613E-01  5.013785E-17  5.379319E-17  1.024492E-04
  4.300000E+01  1.343231E-01  4.761517E-17  5.157062E-17  1.216487E-04
  4.350000E+01  1.373128E-01  4.529147E-17  4.946578E-17  1.420917E-04
  4.400000E+01  1.403301E-01  4.315234E-17  4.747303E-17  1.637457E-04
  4.450000E+01  1.433748E-01  4.118438E-17  4.558721E-17  1.865630E-04
  4.500000E+01  1.464466E-01  3.937496E-17  4.380331E-17  2.104803E-04
  4.550000E+01  1.495454E-01  3.771201E-17  4.211622E-17  2.354230E-04
  4.600000E+01  1.526708E-01  3.618426E-17  4.052110E-17  2.613100E-04
  4.650000E+01  1.558227E-01  3.478120E-17  3.901340E-17  2.880418E-04
  4.700000E+01  1.590008E-01  3.349293E-17  3.758864E-17  3.155115E-04
  4.750000E+01  1.622049E-01  3.231011E-17  3.624239E-17  3.436180E-04
  4.800000E+01  1.654347E-01  3.122400E-17  3.497044E-17  3.722423E-04
  4.850000E+01  1.686900E-01  3.022660E-17  3.376890E-17  4.012641E-04
  4.900000E+01  1.719705E-01  2.931033E-17  3.263388E-17  4.305798E-04
  4.950000E+01  1.752760E-01  2.846797E-17  3.156150E-17  4.600719E-04
  5.000000E+01  1.786062E-01  2.769308E-17  3.054831E-17  4.896277E-04
  5.050000E+01  1.819609E-01  2.697965E-17  2.959099E-17  5.191569E-04
  5.100000E+01  1.853398E-01  2.632182E-17  2.868608E-17  5.485616E-04
  5.150000E+01  1.887427E-01  2.571435E-17  2.783045E-17  5.777525E-04
  5.200000E+01  1.921693E-01  2.515258E-17  2.702130E-17  6.066629E-04
  5.250000E+01  1.956193E-01  2.463190E-17  2.625564E-17  6.352236E-04
  5.300000E+01  1.990925E-01  2.414805E-17  2.553066E-17  6.633766E-04
  5.350000E+01  2.025886E-01  2.369738E-17  2.484391E-17  6.910814E-04
  5.400000E+01  2.061074E-01  2.327640E-17  2.419293E-17  7.182993E-04
  5.450000E+01  2.096485E-01  2.288171E-17  2.357524E-17  7.450016E-04
  5.500000E+01  2.132118E-01  2.251045E-17  2.298868E-17  7.711718E-04
  5.550000E+01  2.167969E-01  2.216000E-17  2.243121E-17  7.967979E-04
  5.600000E+01  2.204035E-01  2.182777E-17  2.190074E-17  8.218733E-04
  5.650000E+01  2.240315E-01  2.151151E-17  2.139538E-17  8.463986E-04
  5.700000E+01  2.276805E-01  2.120923E-17  2.091339E-17  8.703834E-04
  5.750000E+01  2.313502E-01  2.091906E-17  2.045306E-17  8.938353E-04
  5.800000E+01  2.350404E-01  2.063928E-17  2.001279E-17  9.167635E-04
  5.850000E+01  2.387507E-01  2.036838E-17  1.959110E-17  9.391922E-04
  5.900000E+01  2.424810E-01  2.010498E-17  1.918657E-17  9.611386E-04
  5.950000E+01  2.462308E-01  1.984789E-17  1.879789E-17  9.826135E-04
  6.000000E+01  2.500000E-01  1.959600E-17  1.842386E-17  1.003647E-03
  6.050000E+01  2.537882E-01  1.934827E-17  1.806324E-17  1.024263E-03
  6.100000E+01  2.575952E-01  1.910386E-17  1.771500E-17  1.044471E-03
  6.150000E+01  2.614206E-01  1.886208E-17  1.737818E-17  1.064299E-03
  6.200000E+01  2.652642E-01  1.862215E-17  1.705178E-17  1.083774E-03
  6.250000E+01  2.691257E-01  1.838346E-17  1.673490E-17  1.102907E-03
  6.300000E+01  2.730048E-01  1.814561E-17  1.642682E-17  1.121717E-03
  6.350000E+01  2.769011E-01  1.790815E-17  1.612679E-17  1.140229E-03
  6.400000E+01  2.808144E-01  1.767057E-17  1.583403E-17  1.158456E-03
  6.450000E+01  2.847445E-01  1.743264E-17  1.554796E-17  1.176409E-03
  6.500000E+01  2.886909E-01  1.719418E-17  1.526807E-17  1.194108E-03
  6.550000E+01  2.926534E-01  1.695489E-17  1.499373E-17  1.211564E-03
  6.600000E+01  2.966317E-01  1.671455E-17  1.472446E-17  1.228781E-03
  6.650000E+01  3.006255E-01  1.647316E-17  1.445989E-17  1.245776E-03
  6.700000E+01  3.046344E-01  1.623062E-17  1.419960E-17  1.262553E-03
  6.750000E+01  3.086583E-01  1.598679E-17  1.394317E-17  1.279110E-03
  6.800000E+01  3.126967E-01  1.574169E-17  1.369034E-17  1.295459E-03
  6.850000E+01  3.167494E-01  1.549538E-17  1.344083E-17  1.311602E-03
  6.900000E+01  3.208160E-01  1.524783E-17  1.319436E-17  1.327525E-03
  6.950000E+01  3.248963E-01  1.499909E-17  1.295069E-17  1.343234E-03
  7.000000E+01  3.289899E-01  1.474927E-17  1.270969E-17  1.358728E-03
  7.050000E+01  3.330966E-01  1.449844E-17  1.247115E-17  1.373987E-03
  7.100000E+01  3.372159E-01  1.424669E-17  1.223494E-17  1.389004E-03
  7.150000E+01  3.413477E-01  1.399417E-17  1.200095E-17  1.403774E-03
  7.200000E+01  3.454915E-01  1.374099E-17  1.176910E-17  1.418274E-03
  7.250000E+01  3.496471E-01  1.348728E-17  1.153928E-17  1.432481E-03
  7.300000E+01  3.538141E-01  1.323322E-17  1.131147E-17  1.446382E-03
  7.350000E+01  3.579923E-01  1.297897E-17  1.108565E-17  1.459954E-03
  7.400000E+01  3.621813E-01  1.272466E-17  1.086176E-17  1.473155E-03
  7.450000E+01  3.663808E-01  1.247047E-17  1.063981E-17  1.485964E-03
  7.500000E+01  3.705905E-01  1.221662E-17  1.041984E-17  1.498352E-03
  7.550000E+01  3.748100E-01  1.196326E-17  1.020185E-17  1.510259E-03
  7.600000E+01  3.790391E-01  1.171053E-17  9.985870E-18  1.521653E-03
  7.650000E+01  3.832773E-01  1.145868E-17  9.771955E-18  1.532498E-03
  7.700000E+01  3.875245E-01  1.120790E-17  9.560189E-18  1.542713E-03
  7.750000E+01  3.917802E-01  1.095835E-17  9.350605E-18  1.552251E-03
  7.800000E+01  3.960442E-01  1.071019E-17  9.143266E-18  1.561065E-03
  7.850000E+01  4.003160E-01  1.046367E-17  8.938285E-18  1.569056E-03
  7.900000E+01  4.045955E-01  1.021899E-17  8.735756E-18  1.576153E-03
  7.950000E+01  4.088822E-01  9.976285E-18  8.535739E-18  1.582293E-03
  8.000000E+01  4.131759E-01  9.735756E-18  8.338337E-18  1.587359E-03
  8.050000E+01  4.174762E-01  9.497626E-18  8.143681E-18  1.591254E-03
  8.100000E+01  4.217828E-01  9.262077E-18  7.951869E-18  1.593887E-03
  8.150000E+01  4.260953E-01  9.029267E-18  7.762991E-18  1.595125E-03
  8.200000E+01  4.304134E-01  8.799392E-18  7.577171E-18  1.594839E-03
  8.250000E+01  4.347369E-01  8.572655E-18  7.394542E-18  1.592903E-03
  8.300000E+01  4.390653E-01  8.349227E-18  7.215208E-18  1.589169E-03
  8.350000E+01  4.433984E-01  8.129273E-18  7.039278E-18  1.583468E-03
  8.400000E+01  4.477358E-01  7.912982E-18  6.866888E-18  1.575630E-03
  8.450000E+01  4.520771E-01  7.700534E-18  6.698163E-18  1.565495E-03
  8.500000E+01  4.564221E-01  7.492093E-18  6.533214E-18  1.552847E-03
  8.550000E+01  4.607705E-01  7.287824E-18  6.372161E-18  1.537471E-03
  8.600000E+01  4.651218E-01  7.087904E-18  6.215140E-18  1.519187E-03
  8.650000E+01  4.694757E-01  6.892495E-18  6.062271E-18  1.497741E-03
  8.700000E+01  4.738320E-01  6.701749E-18  5.913666E-18  1.472868E-03
  8.750000E+01  4.781903E-01  6.515829E-18  5.769450E-18  1.444368E-03
  8.800000E+01  4.825503E-01  6.334897E-18  5.629753E-18  1.411954E-03
  8.850000E+01  4.869115E-01  6.159100E-18  5.494690E-18  1.375326E-03
  8.900000E+01  4.912738E-01  5.988578E-18  5.364372E-18  1.334266E-03
  8.950000E+01  4.956367E-01  5.823485E-18  5.238922E-18  1.288466E-03
  9.000000E+01  5.000000E-01  5.663970E-18  5.118463E-18  1.237622E-03
  9.050000E+01  5.043633E-01  5.510165E-18  5.003105E-18  1.181511E-03
  9.100000E+01  5.087262E-01  5.362201E-18  4.892956E-18  1.119836E-03
  9.150000E+01  5.130885E-01  5.220216E-18  4.788131E-18  1.052326E-03
  9.200000E+01  5.174497E-01  5.084346E-18  4.688745E-18  9.787879E-04
  9.250000E+01  5.218097E-01  4.954712E-18  4.594905E-18  8.989988E-04
  9.300000E+01  5.261680E-01  4.831434E-18  4.506711E-18  8.127739E-04
  9.350000E+01  5.305243E-01  4.714634E-18  4.424272E-18  7.199936E-04
  9.400000E+01  5.348782E-01  4.604432E-18  4.347694E-18  6.205910E-04
  9.450000E+01  5.392295E-01  4.500941E-18  4.277075E-18  5.145568E-04
  9.500000E+01  5.435779E-01  4.404266E-18  4.212512E-18  4.019136E-04
  9.550000E+01  5.479229E-01  4.314516E-18  4.154103E-18  2.828212E-04
  9.600000E+01  5.522642E-01  4.231797E-18  4.101946E-18  1.575291E-04
  9.650000E+01  5.566016E-01  4.156207E-18  4.056130E-18  2.629580E-05
  9.700000E+01  5.609347E-01  4.087842E-18  4.016747E-18 -1.104244E-04
  9.750000E+01  5.652631E-01  4.026797E-18  3.983886E-18 -2.520855E-04
  9.800000E+01  5.695866E-01  3.973162E-18  3.957633E-18 -3.981429E-04
  9.850000E+01  5.739047E-01  3.927023E-18  3.938071E-18 -5.478160E-04
  9.900000E+01  5.782172E-01  3.888463E-18  3.925282E-18 -7.002694E-04
  9.950000E+01  5.825238E-01  3.857563E-18  3.919347E-18 -8.547017E-04
  1.000000E+02  5.868241E-01  3.834401E-18  3.920344E-18 -1.010084E-03
  1.005000E+02  5.911178E-01  3.819048E-18  3.928344E-18 -1.165378E-03
  1.010000E+02  5.954045E-01  3.811575E-18  3.943422E-18 -1.319621E-03
  1.015000E+02  5.996840E-01  3.812049E-18  3.965649E-18 -1.471710E-03
  1.020000E+02  6.039558E-01  3.820536E-18  3.995092E-18 -1.620593E-03
  1.025000E+02  6.082198E-01  3.837091E-18  4.031814E-18 -1.765310E-03
  1.030000E+02  6.124755E-01  3.861772E-18  4.075879E-18 -1.904882E-03
  1.035000E+02  6.167227E-01  3.894635E-18  4.127348E-18 -2.038446E-03
  1.040000E+02  6.209609E-01  3.935731E-18  4.186280E-18 -2.165242E-03
  1.045000E+02  6.251900E-01  3.985103E-18  4.252726E-18 -2.284594E-03
  1.050000E+02  6.294095E-01  4.042792E-18  4.326737E-18 -2.395960E-03
  1.055000E+02  6.336192E-01  4.108840E-18  4.408364E-18 -2.498897E-03
  1.060000E+02  6.378187E-01  4.183288E-18  4.497658E-18 -2.593122E-03
  1.065000E+02  6.420077E-01  4.266167E-18  4.594660E-18 -2.678469E-03
  1.070000E+02  6.461859E-01  4.357501E-18  4.699406E-18 -2.754825E-03
  1.075000E+02  6.503529E-01  4.457316E-18  4.811933E-18 -2.822273E-03
  1.080000E+02  6.545085E-01  4.565638E-18  4.932282E-18 -2.880964E-03
  1.085000E+02  6.586523E-01  4.682489E-18  5.060485E-18 -2.931064E-03
  1.090000E+02  6.627841E-01  4.807882E-18  5.196569E-18 -2.972917E-03
  1.095000E+02  6.669034E-01  4.941823E-18  5.340553E-18 -3.006886E-03
  1.100000E+02  6.710101E-01  5.084320E-18  5.492459E-18 -3.033313E-03
  1.105000E+02  6.751037E-01  5.235384E-18  5.652312E-18 -3.052678E-03
  1.110000E+02  6.791840E-01  5.395017E-18  5.820130E-18 -3.065440E-03
  1.115000E+02  6.832506E-01  5.563213E-18  5.995920E-18 -3.072023E-03
  1.120000E+02  6.873033E-01  5.739959E-18  6.179684E-18 -3.072935E-03
  1.125000E+02  6.913417E-01  5.925247E-18  6.371428E-18 -3.068647E-03
  1.130000E+02  6.953656E-01  6.119068E-18  6.571160E-18 -3.059588E-03
  1.135000E+02  6.993745E-01  6.321407E-18  6.778879E-18 -3.046222E-03
  1.140000E+02  7.033683E-01  6.532238E-18  6.994576E-18 -3.028976E-03
  1.145000E+02  7.073466E-01  6.751529E-18  7.218233E-18 -3.008244E-03
  1.150000E+02  7.113091E-01  6.979252E-18  7.449836E-18 -2.984414E-03
  1.155000E+02  7.152555E-01  7.215379E-18  7.689373E-18 -2.957843E-03
  1.160000E+02  7.191856E-01  7.459877E-18  7.936827E-18 -2.928866E-03
  1.165000E+02  7.230989E-01  7.712700E-18  8.192169E-18 -2.897784E-03
  1.170000E+02  7.269952E-01  7.973798E-18  8.455363E-18 -2.864883E-03
  1.175000E+02  7.308743E-01  8.243119E-18  8.726371E-18 -2.830438E-03
  1.180000E+02  7.347358E-01  8.520616E-18  9.005162E-18 -2.794668E-03
  1.185000E+02  7.385794E-01  8.806237E-18  9.291697E-18 -2.757791E-03
  1.190000E+02  7.424048E-01  9.099920E-18  9.585929E-18 -2.720022E-03
  1.195000E+02  7.462118E-01  9.401593E-18  9.887803E-18 -2.681517E-03
  1.200000E+02  7.500000E-01  9.711181E-18  1.019726E-17 -2.642440E-03
  1.205000E+02  7.537692E-01  1.002861E-17  1.051424E-17 -2.602949E-03
  1.210000E+02  7.575190E-01  1.035382E-17  1.083868E-17 -2.563154E-03
  1.215000E+02  7.612493E-01  1.068672E-17  1.117053E-17 -2.523169E-03
  1.220000E+02  7.649596E-01  1.102723E-17  1.150970E-17 -2.483111E-03
  1.225000E+02  7.686498E-01  1.137525E-17  1.185612E-17 -2.443057E-03
  1.230000E+02  7.723195E-01  1.173067E-17  1.220969E-17 -2.403083E-03
  1.235000E+02  7.759685E-01  1.209342E-17  1.257034E-17 -2.363270E-03
  1.240000E+02  7.795965E-01  1.246338E-17  1.293798E-17 -2.323672E-03
  1.245000E+02  7.832031E-01  1.284047E-17  1.331252E-17 -2.284336E-03
  1.250000E+02  7.867882E-01  1.322455E-17  1.369386E-17 -2.245315E-03
  1.255000E+02  7.903515E-01  1.361551E-17  1.408189E-17 -2.206651E-03
  1.260000E+02  7.938926E-01  1.401324E-17  1.447649E-17 -2.168367E-03
  1.265000E+02  7.974114E-01  1.441760E-17  1.487756E-17 -2.130497E-03
  1.270000E+02  8.009075E-01  1.482848E-17  1.528499E-17 -2.093071E-03
  1.275000E+02  8.043807E-01  1.524575E-17  1.569866E-17 -2.056097E-03
  1.280000E+02  8.078307E-01  1.566928E-17  1.611845E-17 -2.019594E-03
  1.285000E+02  8.112573E-01  1.609891E-17  1.654420E-17 -1.983584E-03
  1.290000E+02  8.146602E-01  1.653450E-17  1.697580E-17 -1.948067E-03
  1.295000E+02  8.180391E-01  1.697590E-17  1.741311E-17 -1.913050E-03
  1.300000E+02  8.213938E-01  1.742298E-17  1.785598E-17 -1.878547E-03
  1.305000E+02  8.247240E-01  1.787557E-17  1.830427E-17 -1.844554E-03
  1.310000E+02  8.280295E-01  1.833352E-17  1.875784E-17 -1.811071E-03
  1.315000E+02  8.313100E-01  1.879666E-17  1.921652E-17 -1.778103E-03
  1.320000E+02  8.345653E-01  1.926483E-17  1.968016E-17 -1.745647E-03
  1.325000E+02  8.377951E-01  1.973785E-17  2.014859E-17 -1.713698E-03
  1.330000E+02  8.409992E-01  2.021555E-17  2.062164E-17 -1.682253E-03
  1.335000E+02  8.441773E-01  2.069776E-17  2.109915E-17 -1.651312E-03
  1.340000E+02  8.473292E-01  2.118430E-17  2.158096E-17 -1.620865E-03
  1.345000E+02  8.504546E-01  2.167499E-17  2.206688E-17 -1.590901E-03
  1.350000E+02  8.535534E-01  2.216964E-17  2.255673E-17 -1.561428E-03
  1.355000E+02  8.566252E-01  2.266805E-17  2.305032E-17 -1.532428E-03
  1.360000E+02  8.596699E-01  2.317003E-17  2.354746E-17 -1.503889E-03
  1.365000E+02  8.626872E-01  2.367539E-17  2.404796E-17 -1.475820E-03
  1.370000E+02  8.656769E-01  2.418393E-17  2.455164E-17 -1.448202E-03
  1.375000E+02  8.686387E-01  2.469545E-17  2.505830E-17 -1.421020E-03
  1.380000E+02  8.715724E-01  2.520975E-17  2.556774E-17 -1.394284E-03
  1.385000E+02  8.744779E-01  2.572662E-17  2.607975E-17 -1.367972E-03
  1.390000E+02  8.773548E-01  2.624584E-17  2.659413E-17 -1.342074E-03
  1.395000E+02  8.802030E-01  2.676720E-17  2.711067E-17 -1.316594E-03
  1.400000E+02  8.830222E-01  2.729049E-17  2.762916E-17 -1.291513E-03
  1.405000E+02  8.858123E-01  2.781549E-17  2.814937E-17 -1.266822E-03
  1.410000E+02  8.885730E-01  2.834198E-17  2.867111E-17 -1.242520E-03
  1.415000E+02  8.913041E-01  2.886976E-17  2.919416E-17 -1.218593E-03
  1.420000E+02  8.940054E-01  2.939858E-17  2.971829E-17 -1.195033E-03
  1.425000E+02  8.966767E-01  2.992824E-17  3.024328E-17 -1.171833E-03
  1.430000E+02  8.993178E-01  3.045849E-17  3.076892E-17 -1.148982E-03
  1.435000E+02  9.019284E-01  3.098912E-17  3.129496E-17 -1.126478E-03
  1.440000E+02  9.045085E-01  3.151988E-17  3.182119E-17 -1.104304E-03
  1.445000E+02  9.070578E-01  3.205055E-17  3.234737E-17 -1.082457E-03
  1.450000E+02  9.095760E-01  3.258089E-17  3.287327E-17 -1.060936E-03
  1.455000E+02  9.120631E-01  3.311069E-17  3.339868E-17 -1.039717E-03
  1.460000E+02  9.145188E-01  3.363970E-17  3.392335E-17 -1.018804E-03
  1.465000E+02  9.169429E-01  3.416770E-17  3.444705E-17 -9.981939E-04
  1.470000E+02  9.193353E-01  3.469444E-17  3.496956E-17 -9.778616E-04
  1.475000E+02  9.216957E-01  3.521968E-17  3.549063E-17 -9.578143E-04
  1.480000E+02  9.240240E-01  3.574320E-17  3.601003E-17 -9.380488E-04
  1.485000E+02  9.263201E-01  3.626475E-17  3.652751E-17 -9.185388E-04
  1.490000E+02  9.285837E-01  3.678409E-17  3.704286E-17 -8.992943E-04
  1.495000E+02  9.308146E-01  3.730099E-17  3.755582E-17 -8.803090E-04
  1.500000E+02  9.330127E-01  3.781521E-17  3.806617E-17 -8.615605E-04
  1.505000E+02  9.351778E-01  3.832653E-17  3.857368E-17 -8.430583E-04
  1.510000E+02  9.373099E-01  3.883470E-17  3.907810E-17 -8.247928E-04
  1.515000E+02  9.394086E-01  3.933949E-17  3.957920E-17 -8.067484E-04
  1.520000E+02  9.414738E-01  3.984067E-17  4.007676E-17 -7.889315E-04
  1.525000E+02  9.435054E-01  4.033799E-17  4.057054E-17 -7.713289E-04
  1.530000E+02  9.455033E-01  4.083124E-17  4.106029E-17 -7.539349E-04
  1.535000E+02  9.474672E-01  4.132017E-17  4.154580E-17 -7.367490E-04
  1.540000E+02  9.493970E-01  4.180455E-17  4.202683E-17 -7.197567E-04
  1.545000E+02  9.512926E-01  4.228415E-17  4.250316E-17 -7.029618E-04
  1.550000E+02  9.531539E-01  4.275876E-17  4.297454E-17 -6.863560E-04
  1.555000E+02  9.549806E-01  4.322813E-17  4.344077E-17 -6.699249E-04
  1.560000E+02  9.567727E-01  4.369206E-17  4.390162E-17 -6.536805E-04
  1.565000E+02  9.585300E-01  4.415031E-17  4.435686E-17 -6.376063E-04
  1.570000E+02  9.602524E-01  4.460268E-17  4.480628E-17 -6.216905E-04
  1.575000E+02  9.619398E-01  4.504894E-17  4.524967E-17 -6.059504E-04
  1.580000E+02  9.635919E-01  4.548887E-17  4.568680E-17 -5.903623E-04
  1.585000E+02  9.652088E-01  4.592227E-17  4.611746E-17 -5.749191E-04
  1.590000E+02  9.667902E-01  4.634893E-17  4.654145E-17 -5.596389E-04
  1.595000E+02  9.683361E-01  4.676863E-17  4.695855E-17 -5.444943E-04
  1.600000E+02  9.698463E-01  4.718118E-17  4.736856E-17 -5.294836E-04
  1.605000E+02  9.713207E-01  4.758637E-17  4.777128E-17 -5.146212E-04
  1.610000E+02  9.727593E-01  4.798400E-17  4.816651E-17 -4.998800E-04
  1.615000E+02  9.741618E-01  4.837388E-17  4.855405E-17 -4.852636E-04
  1.620000E+02  9.755283E-01  4.875581E-17  4.893372E-17 -4.707788E-04
  1.625000E+02  9.768585E-01  4.912962E-17  4.930533E-17 -4.564034E-04
  1.630000E+02  9.781524E-01  4.949510E-17  4.966868E-17 -4.421449E-04
  1.635000E+02  9.794099E-01  4.985210E-17  5.002361E-17 -4.279998E-04
  1.640000E+02  9.806308E-01  5.020042E-17  5.036993E-17 -4.139545E-04
  1.645000E+02  9.818152E-01  5.053990E-17  5.070748E-17 -4.000187E-04
  1.650000E+02  9.829629E-01  5.087037E-17  5.103608E-17 -3.861773E-04
  1.655000E+02  9.840738E-01  5.119166E-17  5.135557E-17 -3.724287E-04
  1.660000E+02  9.851479E-01  5.150361E-17  5.166578E-17 -3.587813E-04
  1.665000E+02  9.861850E-01  5.180608E-17  5.196658E-17 -3.452100E-04
  1.670000E+02  9.871850E-01  5.209890E-17  5.225779E-17 -3.317259E-04
  1.675000E+02  9.881480E-01  5.238194E-17  5.253928E-17 -3.183333E-04
  1.680000E+02  9.890738E-01  5.265504E-17  5.281090E-17 -3.050007E-04
  1.685000E+02  9.899624E-01  5.291808E-17  5.307252E-17 -2.917502E-04
  1.690000E+02  9.908136E-01  5.317092E-17  5.332401E-17 -2.785798E-04
  1.695000E+02  9.916275E-01  5.341344E-17  5.356523E-17 -2.654562E-04
  1.700000E+02  9.924039E-01  5.364550E-17  5.379606E-17 -2.524093E-04
  1.705000E+02  9.931428E-01  5.386700E-17  5.401639E-17 -2.394291E-04
  1.710000E+02  9.938442E-01  5.407783E-17  5.422611E-17 -2.264866E-04
  1.715000E+02  9.945079E-01  5.427787E-17  5.442510E-17 -2.136139E-04
  1.720000E+02  9.951340E-01  5.446703E-17  5.461328E-17 -2.007931E-04
  1.725000E+02  9.957224E-01  5.464520E-17  5.479053E-17 -1.880051E-04
  1.730000E+02  9.962731E-01  5.481231E-17  5.495678E-17 -1.752775E-04
  1.735000E+02  9.967859E-01  5.496827E-17  5.511193E-17 -1.625860E-04
  1.740000E+02  9.972609E-01  5.511299E-17  5.525591E-17 -1.499268E-04
  1.745000E+02  9.976981E-01  5.524641E-17  5.538864E-17 -1.373155E-04
  1.750000E+02  9.980973E-01  5.536845E-17  5.551006E-17 -1.247247E-04
  1.755000E+02  9.984587E-01  5.547906E-17  5.562011E-17 -1.121692E-04
  1.760000E+02  9.987820E-01  5.557817E-17  5.571872E-17 -9.964566E-05
  1.765000E+02  9.990674E-01  5.566575E-17  5.580585E-17 -8.712746E-05
  1.770000E+02  9.993148E-01  5.574173E-17  5.588145E-17 -7.465104E-05
  1.775000E+02  9.995241E-01  5.580610E-17  5.594549E-17 -6.218699E-05
  1.780000E+02  9.996954E-01  5.585880E-17  5.599793E-17 -4.971339E-05
  1.785000E+02  9.998287E-01  5.589982E-17  5.603874E-17 -3.729313E-05
  1.790000E+02  9.999238E-01  5.592914E-17  5.606791E-17 -2.486138E-05
  1.795000E+02  9.999810E-01  5.594673E-17  5.608542E-17 -1.239284E-05
  1.800000E+02  1.000000E+00  5.595260E-17  5.609125E-17  0.000000E+00
