 #
 # Subroutine ELSEPM. Elastic scattering ofelectrons and positrons by
 #       molecules (single-scattering independent-atom approximation)
 #
 # Molecule: Water (vapour)                     
 #
 # Structure:
 # IZ =  8,    X,Y,Z =   0.00000E+00  0.00000E+00  0.00000E+00 cm
 # IZ =  1,    X,Y,Z =   9.57200E-09  0.00000E+00  0.00000E+00 cm
 # IZ =  1,    X,Y,Z =  -2.39990E-09  9.26630E-09  0.00000E+00 cm
 #
 # Projectile: electron
 # Kinetic energy = 2.0000000E+06 eV
 #
 # Furness-McCarthy exchange potential
 #
 # No correlation-polarization potential
 #
 # No absorption potential
 #
 # Integrated cross sections:
 #                     coherent      incoherent
 #         total cs: 3.6294006E-19  3.0887998E-19
 # 1st transport cs: 1.5992597E-23  1.5988964E-23
 # 2nd transport cs: 4.5517241E-23  4.5506344E-23
 #
 # Differential cross section:                     MU=(1-COS(THETA))/2
 #
 #   THETA           MU         DCS coh      DCS incoh      Sherman
 #   (deg)                     (cm**2/sr)    (cm**2/sr)     function
 #--------------------------------------------------------------------
  0.000000E+00  0.000000E+00  2.235912E-14  1.086543E-14  0.000000E+00
  1.000000E-04  7.615575E-13  2.235909E-14  1.086542E-14  0.000000E+00
  1.250000E-04  1.189937E-12  2.235908E-14  1.086542E-14  0.000000E+00
  1.500000E-04  1.713463E-12  2.235906E-14  1.086541E-14  0.000000E+00
  1.750000E-04  2.332246E-12  2.235904E-14  1.086541E-14  0.000000E+00
  2.000000E-04  3.046174E-12  2.235901E-14  1.086540E-14  0.000000E+00
  2.250000E-04  3.855305E-12  2.235899E-14  1.086539E-14  0.000000E+00
  2.500000E-04  4.759637E-12  2.235896E-14  1.086538E-14  0.000000E+00
  2.750000E-04  5.759171E-12  2.235892E-14  1.086537E-14  0.000000E+00
  3.000000E-04  6.853906E-12  2.235888E-14  1.086536E-14  0.000000E+00
  3.250000E-04  8.043788E-12  2.235884E-14  1.086535E-14  0.000000E+00
  3.500000E-04  9.328927E-12  2.235880E-14  1.086534E-14  0.000000E+00
  3.750000E-04  1.070921E-11  2.235875E-14  1.086533E-14  0.000000E+00
  4.000000E-04  1.218470E-11  2.235870E-14  1.086532E-14  0.000000E+00
  4.250000E-04  1.375539E-11  2.235865E-14  1.086530E-14  0.000000E+00
  4.500000E-04  1.542128E-11  2.235859E-14  1.086529E-14  0.000000E+00
  4.750000E-04  1.718231E-11  2.235853E-14  1.086527E-14  0.000000E+00
  5.000000E-04  1.903860E-11  2.235847E-14  1.086525E-14  0.000000E+00
  5.250000E-04  2.099004E-11  2.235840E-14  1.086524E-14  0.000000E+00
  5.500000E-04  2.303668E-11  2.235833E-14  1.086522E-14  0.000000E+00
  5.750000E-04  2.517853E-11  2.235826E-14  1.086520E-14  0.000000E+00
  6.000000E-04  2.741557E-11  2.235818E-14  1.086518E-14  0.000000E+00
  6.250000E-04  2.974782E-11  2.235810E-14  1.086516E-14  0.000000E+00
  6.500000E-04  3.217521E-11  2.235802E-14  1.086514E-14  0.000000E+00
  6.750000E-04  3.469786E-11  2.235793E-14  1.086511E-14  0.000000E+00
  7.000000E-04  3.731565E-11  2.235784E-14  1.086509E-14  0.000000E+00
  7.250000E-04  4.002865E-11  2.235775E-14  1.086506E-14  0.000000E+00
  7.500000E-04  4.283685E-11  2.235766E-14  1.086504E-14  0.000000E+00
  7.750000E-04  4.574019E-11  2.235756E-14  1.086501E-14  0.000000E+00
  8.000000E-04  4.873879E-11  2.235746E-14  1.086499E-14  0.000000E+00
  8.250000E-04  5.183254E-11  2.235735E-14  1.086496E-14  0.000000E+00
  8.500000E-04  5.502154E-11  2.235724E-14  1.086493E-14  0.000000E+00
  8.750000E-04  5.830569E-11  2.235713E-14  1.086490E-14  0.000000E+00
  9.000000E-04  6.168505E-11  2.235701E-14  1.086487E-14  0.000000E+00
  9.250000E-04  6.515954E-11  2.235689E-14  1.086484E-14  0.000000E+00
  9.500000E-04  6.872930E-11  2.235677E-14  1.086480E-14  0.000000E+00
  9.750000E-04  7.239426E-11  2.235665E-14  1.086477E-14  0.000000E+00
  1.000000E-03  7.615436E-11  2.235652E-14  1.086474E-14  0.000000E+00
  1.250000E-03  1.189912E-10  2.235506E-14  1.086435E-14  0.000000E+00
  1.500000E-03  1.713473E-10  2.235327E-14  1.086388E-14  0.000000E+00
  1.750000E-03  2.332227E-10  2.235116E-14  1.086332E-14  0.000000E+00
  2.000000E-03  3.046174E-10  2.234873E-14  1.086267E-14  0.000000E+00
  2.250000E-03  3.855314E-10  2.234597E-14  1.086194E-14  0.000000E+00
  2.500000E-03  4.759647E-10  2.234288E-14  1.086112E-14  0.000000E+00
  2.750000E-03  5.759173E-10  2.233948E-14  1.086022E-14  0.000000E+00
  3.000000E-03  6.853892E-10  2.233574E-14  1.085923E-14  0.000000E+00
  3.250000E-03  8.043804E-10  2.233169E-14  1.085815E-14  0.000000E+00
  3.500000E-03  9.328908E-10  2.232731E-14  1.085699E-14  0.000000E+00
  3.750000E-03  1.070921E-09  2.232261E-14  1.085575E-14  0.000000E+00
  4.000000E-03  1.218470E-09  2.231759E-14  1.085441E-14  0.000000E+00
  4.250000E-03  1.375538E-09  2.231224E-14  1.085299E-14  0.000000E+00
  4.500000E-03  1.542126E-09  2.230657E-14  1.085149E-14  0.000000E+00
  4.750000E-03  1.718233E-09  2.230058E-14  1.084990E-14  0.000000E+00
  5.000000E-03  1.903859E-09  2.229427E-14  1.084823E-14  0.000000E+00
  5.250000E-03  2.099004E-09  2.228764E-14  1.084646E-14  0.000000E+00
  5.500000E-03  2.303669E-09  2.228068E-14  1.084462E-14  0.000000E+00
  5.750000E-03  2.517853E-09  2.227341E-14  1.084269E-14  0.000000E+00
  6.000000E-03  2.741557E-09  2.226581E-14  1.084067E-14  0.000000E+00
  6.250000E-03  2.974779E-09  2.225790E-14  1.083857E-14  0.000000E+00
  6.500000E-03  3.217521E-09  2.224967E-14  1.083638E-14  0.000000E+00
  6.750000E-03  3.469783E-09  2.224112E-14  1.083411E-14  0.000000E+00
  7.000000E-03  3.731563E-09  2.223225E-14  1.083175E-14  0.000000E+00
  7.250000E-03  4.002863E-09  2.222306E-14  1.082931E-14  0.000000E+00
  7.500000E-03  4.283682E-09  2.221356E-14  1.082678E-14  0.000000E+00
  7.750000E-03  4.574021E-09  2.220373E-14  1.082417E-14  0.000000E+00
  8.000000E-03  4.873879E-09  2.219360E-14  1.082147E-14  0.000000E+00
  8.250000E-03  5.183256E-09  2.218315E-14  1.081869E-14  0.000000E+00
  8.500000E-03  5.502152E-09  2.217238E-14  1.081583E-14  0.000000E+00
  8.750000E-03  5.830568E-09  2.216130E-14  1.081288E-14  0.000000E+00
  9.000000E-03  6.168503E-09  2.214990E-14  1.080984E-14  0.000000E+00
  9.250000E-03  6.515957E-09  2.213819E-14  1.080672E-14  0.000000E+00
  9.500000E-03  6.872931E-09  2.212617E-14  1.080352E-14  0.000000E+00
  9.750000E-03  7.239423E-09  2.211384E-14  1.080024E-14  0.000000E+00
  1.000000E-02  7.615435E-09  2.210120E-14  1.079687E-14  0.000000E+00
  1.250000E-02  1.189912E-08  2.195784E-14  1.075859E-14  0.000000E+00
  1.500000E-02  1.713473E-08  2.178427E-14  1.071207E-14  0.000000E+00
  1.750000E-02  2.332227E-08  2.158146E-14  1.065750E-14  0.000000E+00
  2.000000E-02  3.046174E-08  2.135053E-14  1.059504E-14  0.000000E+00
  2.250000E-02  3.855314E-08  2.109271E-14  1.052492E-14  0.000000E+00
  2.500000E-02  4.759647E-08  2.080940E-14  1.044736E-14  0.000000E+00
  2.750000E-02  5.759173E-08  2.050206E-14  1.036264E-14  0.000000E+00
  3.000000E-02  6.853892E-08  2.017228E-14  1.027103E-14  0.000000E+00
  3.250000E-02  8.043804E-08  1.982171E-14  1.017282E-14  0.000000E+00
  3.500000E-02  9.328908E-08  1.945207E-14  1.006833E-14  0.000000E+00
  3.750000E-02  1.070921E-07  1.906513E-14  9.957883E-15  0.000000E+00
  4.000000E-02  1.218470E-07  1.866268E-14  9.841812E-15  0.000000E+00
  4.250000E-02  1.375538E-07  1.824653E-14  9.720463E-15  0.000000E+00
  4.500000E-02  1.542126E-07  1.781850E-14  9.594190E-15  0.000000E+00
  4.750000E-02  1.718233E-07  1.738038E-14  9.463350E-15  0.000000E+00
  5.000000E-02  1.903859E-07  1.693394E-14  9.328303E-15  0.000000E+00
  5.250000E-02  2.099004E-07  1.648091E-14  9.189411E-15  0.000000E+00
  5.500000E-02  2.303669E-07  1.602297E-14  9.047034E-15  0.000000E+00
  5.750000E-02  2.517853E-07  1.556176E-14  8.901530E-15  0.000000E+00
  6.000000E-02  2.741557E-07  1.509880E-14  8.753252E-15  0.000000E+00
  6.250000E-02  2.974779E-07  1.463560E-14  8.602548E-15  0.000000E+00
  6.500000E-02  3.217521E-07  1.417353E-14  8.449758E-15  0.000000E+00
  6.750000E-02  3.469782E-07  1.371391E-14  8.295213E-15  0.000000E+00
  7.000000E-02  3.731563E-07  1.325796E-14  8.139237E-15  0.000000E+00
  7.250000E-02  4.002863E-07  1.280679E-14  7.982141E-15  0.000000E+00
  7.500000E-02  4.283682E-07  1.236144E-14  7.824225E-15  0.000000E+00
  7.750000E-02  4.574020E-07  1.192286E-14  7.665777E-15  0.000000E+00
  8.000000E-02  4.873878E-07  1.149187E-14  7.507074E-15  0.000000E+00
  8.250000E-02  5.183255E-07  1.106923E-14  7.348378E-15  0.000000E+00
  8.500000E-02  5.502151E-07  1.065560E-14  7.189937E-15  0.000000E+00
  8.750000E-02  5.830567E-07  1.025154E-14  7.031987E-15  0.000000E+00
  9.000000E-02  6.168501E-07  9.857561E-15  6.874750E-15  0.000000E+00
  9.250000E-02  6.515956E-07  9.474051E-15  6.718432E-15  0.000000E+00
  9.500000E-02  6.872929E-07  9.101345E-15  6.563229E-15  0.000000E+00
  9.750000E-02  7.239422E-07  8.739701E-15  6.409319E-15  0.000000E+00
  1.000000E-01  7.615434E-07  8.389308E-15  6.256869E-15  0.000000E+00
  1.250000E-01  1.189911E-06  5.507010E-15  4.840342E-15  0.000000E+00
  1.500000E-01  1.713472E-06  3.630268E-15  3.667480E-15  0.000000E+00
  1.750000E-01  2.332225E-06  2.474143E-15  2.747977E-15  0.000000E+00
  2.000000E-01  3.046171E-06  1.769271E-15  2.050724E-15  0.000000E+00
  2.250000E-01  3.855309E-06  1.326665E-15  1.532046E-15  0.000000E+00
  2.500000E-01  4.759640E-06  1.031686E-15  1.149907E-15  0.000000E+00
  2.750000E-01  5.759162E-06  8.203877E-16  8.692495E-16  0.000000E+00
  3.000000E-01  6.853876E-06  6.588213E-16  6.628527E-16  0.000000E+00
  3.250000E-01  8.043782E-06  5.294435E-16  5.104038E-16  0.000000E+00
  3.500000E-01  9.328879E-06  4.232877E-16  3.970746E-16  0.000000E+00
  3.750000E-01  1.070917E-05  3.357233E-16  3.121653E-16  0.000000E+00
  4.000000E-01  1.218465E-05  2.641836E-16  2.479926E-16  0.000000E+00
  4.250000E-01  1.375532E-05  2.069191E-16  1.990431E-16  0.000000E+00
  4.500000E-01  1.542118E-05  1.623211E-16  1.613499E-16  0.000000E+00
  4.750000E-01  1.718223E-05  1.286135E-16  1.320466E-16  0.000000E+00
  5.000000E-01  1.903847E-05  1.038073E-16  1.090497E-16  0.000000E+00
  5.250000E-01  2.098990E-05  8.582726E-17  9.083400E-17  0.000000E+00
  5.500000E-01  2.303652E-05  7.271462E-17  7.627525E-17  0.000000E+00
  5.750000E-01  2.517832E-05  6.281546E-17  6.453789E-17  0.000000E+00
  6.000000E-01  2.741532E-05  5.489442E-17  5.499603E-17  0.000000E+00
  6.250000E-01  2.974750E-05  4.815166E-17  4.717703E-17  0.000000E+00
  6.500000E-01  3.217487E-05  4.215770E-17  4.072108E-17  0.000000E+00
  6.750000E-01  3.469743E-05  3.674300E-17  3.535209E-17  0.000000E+00
  7.000000E-01  3.731517E-05  3.188209E-17  3.085650E-17  0.000000E+00
  7.250000E-01  4.002810E-05  2.760117E-17  2.706788E-17  0.000000E+00
  7.500000E-01  4.283621E-05  2.392107E-17  2.385557E-17  0.000000E+00
  7.750000E-01  4.573951E-05  2.083265E-17  2.111619E-17  0.000000E+00
  8.000000E-01  4.873800E-05  1.829370E-17  1.876745E-17  0.000000E+00
  8.250000E-01  5.183166E-05  1.623597E-17  1.674333E-17  0.000000E+00
  8.500000E-01  5.502051E-05  1.457480E-17  1.499057E-17  0.000000E+00
  8.750000E-01  5.830454E-05  1.321853E-17  1.346590E-17  0.000000E+00
  9.000000E-01  6.168376E-05  1.207773E-17  1.213397E-17  0.000000E+00
  9.250000E-01  6.515815E-05  1.107429E-17  1.096573E-17  0.000000E+00
  9.500000E-01  6.872773E-05  1.014969E-17  9.937187E-18  0.000000E+00
  9.750000E-01  7.239249E-05  9.269904E-18  9.028386E-18  0.000000E+00
  1.000000E+00  7.615242E-05  8.425401E-18  8.222678E-18  0.000000E+00
  1.100000E+00  9.214394E-05  5.672602E-18  5.781990E-18  0.000000E+00
  1.200000E+00  1.096583E-04  4.178873E-18  4.188659E-18  0.000000E+00
  1.300000E+00  1.286953E-04  3.162346E-18  3.109832E-18  0.000000E+00
  1.400000E+00  1.492551E-04  2.327608E-18  2.357096E-18  0.000000E+00
  1.500000E+00  1.713375E-04  1.811892E-18  1.818502E-18  0.000000E+00
  1.600000E+00  1.949425E-04  1.445514E-18  1.424779E-18  0.000000E+00
  1.700000E+00  2.200699E-04  1.119663E-18  1.131573E-18  0.000000E+00
  1.800000E+00  2.467198E-04  9.070911E-19  9.096461E-19  0.000000E+00
  1.900000E+00  2.748920E-04  7.478626E-19  7.392316E-19  0.000000E+00
  2.000000E+00  3.045865E-04  6.017342E-19  6.066746E-19  0.000000E+00
  2.100000E+00  3.358031E-04  5.008571E-19  5.023580E-19  0.000000E+00
  2.200000E+00  3.685418E-04  4.236341E-19  4.193925E-19  0.000000E+00
  2.300000E+00  4.028024E-04  3.504240E-19  3.527672E-19  0.000000E+00
  2.400000E+00  4.385850E-04  2.978504E-19  2.987867E-19  0.000000E+00
  2.500000E+00  4.758892E-04  2.570276E-19  2.546915E-19  0.000000E+00
  2.600000E+00  5.147151E-04  2.171040E-19  2.183971E-19  0.000000E+00
  2.700000E+00  5.550625E-04  1.878120E-19  1.883124E-19  0.000000E+00
  2.800000E+00  5.969313E-04  1.644684E-19  1.632107E-19  0.000000E+00
  2.900000E+00  6.403214E-04  1.414976E-19  1.421379E-19  0.000000E+00
  3.000000E+00  6.852326E-04  1.239463E-19  1.243457E-19  0.000000E+00
  3.100000E+00  7.316648E-04  1.100637E-19  1.092421E-19  0.000000E+00
  3.200000E+00  7.796179E-04  9.593296E-20  9.635593E-20  0.000000E+00
  3.300000E+00  8.290917E-04  8.508604E-20  8.530909E-20  0.000000E+00
  3.400000E+00  8.800860E-04  7.627590E-20  7.579637E-20  0.000000E+00
  3.500000E+00  9.326008E-04  6.734791E-20  6.756989E-20  0.000000E+00
  3.600000E+00  9.866358E-04  6.024166E-20  6.042707E-20  0.000000E+00
  3.700000E+00  1.042191E-03  5.453770E-20  5.420151E-20  0.000000E+00
  3.800000E+00  1.099266E-03  4.860225E-20  4.875579E-20  0.000000E+00
  3.900000E+00  1.157861E-03  4.385497E-20  4.397585E-20  0.000000E+00
  4.000000E+00  1.217975E-03  3.998514E-20  3.976657E-20  0.000000E+00
  4.100000E+00  1.279609E-03  3.595638E-20  3.604828E-20  0.000000E+00
  4.200000E+00  1.342761E-03  3.266122E-20  3.275397E-20  0.000000E+00
  4.300000E+00  1.407433E-03  2.997974E-20  2.982704E-20  0.000000E+00
  4.400000E+00  1.473624E-03  2.716111E-20  2.721947E-20  0.000000E+00
  4.500000E+00  1.541333E-03  2.481821E-20  2.489042E-20  0.000000E+00
  4.600000E+00  1.610561E-03  2.291665E-20  2.280499E-20  0.000000E+00
  4.700000E+00  1.681307E-03  2.089135E-20  2.093327E-20  0.000000E+00
  4.800000E+00  1.753570E-03  1.919861E-20  1.924954E-20  0.000000E+00
  4.900000E+00  1.827352E-03  1.780778E-20  1.773163E-20  0.000000E+00
  5.000000E+00  1.902651E-03  1.633739E-20  1.636033E-20  0.000000E+00
  5.100000E+00  1.979467E-03  1.507442E-20  1.511900E-20  0.000000E+00
  5.200000E+00  2.057801E-03  1.405375E-20  1.399314E-20  0.000000E+00
  5.300000E+00  2.137651E-03  1.295097E-20  1.297010E-20  0.000000E+00
  5.400000E+00  2.219018E-03  1.200771E-20  1.203884E-20  0.000000E+00
  5.500000E+00  2.301901E-03  1.123134E-20  1.118966E-20  0.000000E+00
  5.600000E+00  2.386300E-03  1.040451E-20  1.041402E-20  0.000000E+00
  5.700000E+00  2.472215E-03  9.676685E-21  9.704430E-21  0.000000E+00
  5.800000E+00  2.559646E-03  9.088106E-21  9.054248E-21  0.000000E+00
  5.900000E+00  2.648591E-03  8.449782E-21  8.457611E-21  0.000000E+00
  6.000000E+00  2.739052E-03  7.888485E-21  7.909314E-21  0.000000E+00
  6.100000E+00  2.831028E-03  7.429465E-21  7.404735E-21  0.000000E+00
  6.200000E+00  2.924518E-03  6.935618E-21  6.939760E-21  0.000000E+00
  6.300000E+00  3.019522E-03  6.493213E-21  6.510715E-21  0.000000E+00
  6.400000E+00  3.116040E-03  6.133619E-21  6.114323E-21  0.000000E+00
  6.500000E+00  3.214072E-03  5.745329E-21  5.747645E-21  0.000000E+00
  6.600000E+00  3.313617E-03  5.393432E-21  5.408051E-21  0.000000E+00
  6.700000E+00  3.414675E-03  5.108587E-21  5.093174E-21  0.000000E+00
  6.800000E+00  3.517246E-03  4.799249E-21  4.800887E-21  0.000000E+00
  6.900000E+00  3.621329E-03  4.517833E-21  4.529273E-21  0.000000E+00
  7.000000E+00  3.726924E-03  4.287942E-21  4.276603E-21  0.000000E+00
  7.100000E+00  3.834031E-03  4.041402E-21  4.041313E-21  0.000000E+00
  7.200000E+00  3.942649E-03  3.811631E-21  3.821988E-21  0.000000E+00
  7.300000E+00  4.052779E-03  3.627075E-21  3.617346E-21  0.000000E+00
  7.400000E+00  4.164419E-03  3.426012E-21  3.426222E-21  0.000000E+00
  7.500000E+00  4.277569E-03  3.239656E-21  3.247560E-21  0.000000E+00
  7.600000E+00  4.392230E-03  3.087377E-21  3.080396E-21  0.000000E+00
  7.700000E+00  4.508400E-03  2.924779E-21  2.923854E-21  0.000000E+00
  7.800000E+00  4.626080E-03  2.769864E-21  2.777134E-21  0.000000E+00
  7.900000E+00  4.745268E-03  2.645566E-21  2.639507E-21  0.000000E+00
  8.000000E+00  4.865966E-03  2.510967E-21  2.510303E-21  0.000000E+00
  8.100000E+00  4.988171E-03  2.383150E-21  2.388911E-21  0.000000E+00
  8.200000E+00  5.111885E-03  2.279284E-21  2.274773E-21  0.000000E+00
  8.300000E+00  5.237105E-03  2.168468E-21  2.167372E-21  0.000000E+00
  8.400000E+00  5.363834E-03  2.061171E-21  2.066239E-21  0.000000E+00
  8.500000E+00  5.492068E-03  1.974626E-21  1.970938E-21  0.000000E+00
  8.600000E+00  5.621809E-03  1.882201E-21  1.881072E-21  0.000000E+00
  8.700000E+00  5.753057E-03  1.791942E-21  1.796271E-21  0.000000E+00
  8.800000E+00  5.885809E-03  1.719186E-21  1.716198E-21  0.000000E+00
  8.900000E+00  6.020067E-03  1.641608E-21  1.640539E-21  0.000000E+00
  9.000000E+00  6.155830E-03  1.565439E-21  1.569005E-21  0.000000E+00
  9.100000E+00  6.293097E-03  1.503540E-21  1.501330E-21  0.000000E+00
  9.200000E+00  6.431867E-03  1.438542E-21  1.437266E-21  0.000000E+00
  9.300000E+00  6.572142E-03  1.373327E-21  1.376585E-21  0.000000E+00
  9.400000E+00  6.713919E-03  1.321024E-21  1.319074E-21  0.000000E+00
  9.500000E+00  6.857199E-03  1.265563E-21  1.264536E-21  0.000000E+00
  9.600000E+00  7.001981E-03  1.210210E-21  1.212790E-21  0.000000E+00
  9.700000E+00  7.148265E-03  1.164991E-21  1.163664E-21  0.000000E+00
  9.800000E+00  7.296051E-03  1.118218E-21  1.117002E-21  0.000000E+00
  9.900000E+00  7.445337E-03  1.070248E-21  1.072657E-21  0.000000E+00
  1.000000E+01  7.596123E-03  1.031691E-21  1.030492E-21  0.000000E+00
  1.025000E+01  7.979651E-03  9.326925E-22  9.338008E-22  0.000000E+00
  1.050000E+01  8.372546E-03  8.464505E-22  8.481937E-22  0.000000E+00
  1.075000E+01  8.774801E-03  7.716919E-22  7.721798E-22  0.000000E+00
  1.100000E+01  9.186408E-03  7.053934E-22  7.044971E-22  0.000000E+00
  1.125000E+01  9.607360E-03  6.452043E-22  6.440731E-22  0.000000E+00
  1.150000E+01  1.003765E-02  5.902461E-22  5.899930E-22  0.000000E+00
  1.175000E+01  1.047726E-02  5.407157E-22  5.414739E-22  0.000000E+00
  1.200000E+01  1.092620E-02  4.970119E-22  4.978432E-22  0.000000E+00
  1.225000E+01  1.138445E-02  4.585199E-22  4.585215E-22  0.000000E+00
  1.250000E+01  1.185200E-02  4.236666E-22  4.230078E-22  0.000000E+00
  1.275000E+01  1.232884E-02  3.913663E-22  3.908679E-22  0.000000E+00
  1.300000E+01  1.281497E-02  3.616167E-22  3.617242E-22  0.000000E+00
  1.325000E+01  1.331037E-02  3.347581E-22  3.352476E-22  0.000000E+00
  1.350000E+01  1.381504E-02  3.108151E-22  3.111504E-22  0.000000E+00
  1.375000E+01  1.432897E-02  2.893297E-22  2.891804E-22  0.000000E+00
  1.400000E+01  1.485214E-02  2.695344E-22  2.691162E-22  0.000000E+00
  1.425000E+01  1.538455E-02  2.509517E-22  2.507627E-22  0.000000E+00
  1.450000E+01  1.592618E-02  2.337437E-22  2.339477E-22  0.000000E+00
  1.475000E+01  1.647703E-02  2.182171E-22  2.185191E-22  0.000000E+00
  1.500000E+01  1.703709E-02  2.042661E-22  2.043418E-22  0.000000E+00
  1.525000E+01  1.760634E-02  1.914787E-22  1.912959E-22  0.000000E+00
  1.550000E+01  1.818477E-02  1.794971E-22  1.792748E-22  0.000000E+00
  1.575000E+01  1.877238E-02  1.682074E-22  1.681834E-22 -1.109648E-04
  1.600000E+01  1.936915E-02  1.577531E-22  1.579365E-22 -1.159950E-04
  1.625000E+01  1.997507E-02  1.482971E-22  1.484583E-22 -1.209119E-04
  1.650000E+01  2.059013E-02  1.397195E-22  1.396804E-22 -1.257157E-04
  1.675000E+01  2.121432E-02  1.317027E-22  1.315418E-22 -1.306933E-04
  1.700000E+01  2.184762E-02  1.240766E-22  1.239873E-22 -1.360666E-04
  1.725000E+01  2.249003E-02  1.169068E-22  1.169673E-22 -1.417457E-04
  1.750000E+01  2.314152E-02  1.103108E-22  1.104370E-22 -1.474259E-04
  1.775000E+01  2.380210E-02  1.043039E-22  1.043561E-22 -1.529434E-04
  1.800000E+01  2.447174E-02  9.876181E-23  9.868783E-23 -1.584207E-04
  1.825000E+01  2.515044E-02  9.350478E-23  9.339915E-23 -1.642190E-04
  1.850000E+01  2.583817E-02  8.847110E-23  8.845989E-23 -1.704688E-04
  1.875000E+01  2.653494E-02  8.375928E-23  8.384271E-23 -1.768988E-04
  1.900000E+01  2.724071E-02  7.945388E-23  7.952273E-23 -1.831467E-04
  1.925000E+01  2.795549E-02  7.549529E-23  7.547728E-23 -1.892315E-04
  1.950000E+01  2.867925E-02  7.175686E-23  7.168568E-23 -1.955197E-04
  1.975000E+01  2.941199E-02  6.817080E-23  6.812904E-23 -2.022736E-04
  2.000000E+01  3.015369E-02  6.475980E-23  6.479008E-23 -2.093901E-04
  2.025000E+01  3.090433E-02  6.158983E-23  6.165304E-23 -2.164730E-04
  2.050000E+01  3.166391E-02  5.868370E-23  5.870343E-23 -2.232937E-04
  2.075000E+01  3.243240E-02  5.597186E-23  5.592796E-23 -2.301046E-04
  2.100000E+01  3.320979E-02  5.336257E-23  5.331444E-23 -2.373607E-04
  2.125000E+01  3.399607E-02  5.084689E-23  5.085165E-23 -2.451226E-04
  2.150000E+01  3.479122E-02  4.848541E-23  4.852930E-23 -2.529624E-04
  2.175000E+01  3.559522E-02  4.631011E-23  4.633788E-23 -2.605284E-04
  2.200000E+01  3.640807E-02  4.428522E-23  4.426863E-23 -2.679555E-04
  2.225000E+01  3.722975E-02  4.235105E-23  4.231345E-23 -2.756852E-04
  2.250000E+01  3.806023E-02  4.047895E-23  4.046489E-23 -2.839602E-04
  2.275000E+01  3.889951E-02  3.869123E-23  3.871604E-23 -2.925339E-04
  2.300000E+01  3.974757E-02  3.702921E-23  3.706053E-23 -3.009264E-04
  2.325000E+01  4.060439E-02  3.549382E-23  3.549241E-23 -3.090252E-04
  2.350000E+01  4.146996E-02  3.403554E-23  3.400623E-23 -3.172888E-04
  2.375000E+01  4.234426E-02  3.261494E-23  3.259689E-23 -3.261566E-04
  2.400000E+01  4.322727E-02  3.124636E-23  3.125968E-23 -3.354614E-04
  2.425000E+01  4.411898E-02  2.996575E-23  2.999022E-23 -3.446592E-04
  2.450000E+01  4.501936E-02  2.877867E-23  2.878442E-23 -3.535243E-04
  2.475000E+01  4.592841E-02  2.765588E-23  2.763849E-23 -3.624036E-04
  2.500000E+01  4.684611E-02  2.656698E-23  2.654892E-23 -3.717790E-04
  2.550000E+01  4.870736E-02  2.450652E-23  2.452586E-23 -3.916809E-04
  2.600000E+01  5.060298E-02  2.270289E-23  2.269146E-23 -4.107113E-04
  2.650000E+01  5.253282E-02  2.102507E-23  2.102500E-23 -4.311981E-04
  2.700000E+01  5.449674E-02  1.949906E-23  1.950835E-23 -4.523154E-04
  2.750000E+01  5.649458E-02  1.813832E-23  1.812564E-23 -4.730142E-04
  2.800000E+01  5.852620E-02  1.685291E-23  1.686293E-23 -4.957844E-04
  2.850000E+01  6.059144E-02  1.571156E-23  1.570795E-23 -5.177579E-04
  2.900000E+01  6.269015E-02  1.465314E-23  1.464988E-23 -5.407186E-04
  2.950000E+01  6.482215E-02  1.367126E-23  1.367910E-23 -5.647888E-04
  3.000000E+01  6.698730E-02  1.279600E-23  1.278712E-23 -5.879226E-04
  3.050000E+01  6.918542E-02  1.195972E-23  1.196639E-23 -6.135197E-04
  3.100000E+01  7.141635E-02  1.121280E-23  1.121018E-23 -6.382357E-04
  3.150000E+01  7.367992E-02  1.051411E-23  1.051252E-23 -6.641118E-04
  3.200000E+01  7.597595E-02  9.863454E-24  9.868041E-24 -6.910685E-04
  3.250000E+01  7.830428E-02  9.277665E-24  9.271980E-24 -7.169424E-04
  3.300000E+01  8.066472E-02  8.715086E-24  8.720028E-24 -7.453835E-04
  3.350000E+01  8.305709E-02  8.211262E-24  8.208324E-24 -7.724948E-04
  3.400000E+01  8.548121E-02  7.732929E-24  7.733401E-24 -8.014191E-04
  3.450000E+01  8.793691E-02  7.290403E-24  7.292121E-24 -8.309510E-04
  3.500000E+01  9.042398E-02  6.884834E-24  6.881693E-24 -8.599180E-04
  3.550000E+01  9.294224E-02  6.495935E-24  6.499545E-24 -8.914951E-04
  3.600000E+01  9.549150E-02  6.146616E-24  6.143404E-24 -9.208989E-04
  3.650000E+01  9.807157E-02  5.808940E-24  5.811147E-24 -9.533922E-04
  3.700000E+01  1.006822E-01  5.501827E-24  5.500901E-24 -9.845027E-04
  3.750000E+01  1.033233E-01  5.211244E-24  5.210919E-24 -1.017278E-03
  3.800000E+01  1.059946E-01  4.938324E-24  4.939647E-24 -1.050905E-03
  3.850000E+01  1.086959E-01  4.687603E-24  4.685656E-24 -1.083856E-03
  3.900000E+01  1.114270E-01  4.445475E-24  4.447648E-24 -1.119392E-03
  3.950000E+01  1.141877E-01  4.226487E-24  4.224436E-24 -1.152784E-03
  4.000000E+01  1.169778E-01  4.013251E-24  4.014926E-24 -1.189335E-03
  4.050000E+01  1.197970E-01  3.819274E-24  3.818124E-24 -1.224152E-03
  4.100000E+01  1.226452E-01  3.632536E-24  3.633113E-24 -1.261437E-03
  4.150000E+01  1.255221E-01  3.459092E-24  3.459058E-24 -1.298461E-03
  4.200000E+01  1.284276E-01  3.295619E-24  3.295194E-24 -1.336153E-03
  4.250000E+01  1.313613E-01  3.140046E-24  3.140817E-24 -1.375093E-03
  4.300000E+01  1.343231E-01  2.996278E-24  2.995279E-24 -1.412913E-03
  4.350000E+01  1.373128E-01  2.856858E-24  2.857977E-24 -1.453391E-03
  4.400000E+01  1.403301E-01  2.729511E-24  2.728360E-24 -1.491911E-03
  4.450000E+01  1.433748E-01  2.604796E-24  2.605915E-24 -1.534037E-03
  4.500000E+01  1.464466E-01  2.491223E-24  2.490174E-24 -1.573887E-03
  4.550000E+01  1.495454E-01  2.379745E-24  2.380704E-24 -1.617338E-03
  4.600000E+01  1.526708E-01  2.277968E-24  2.277104E-24 -1.658302E-03
  4.650000E+01  1.558227E-01  2.178230E-24  2.179003E-24 -1.702516E-03
  4.700000E+01  1.590008E-01  2.086737E-24  2.086053E-24 -1.744527E-03
  4.750000E+01  1.622049E-01  1.997337E-24  1.997934E-24 -1.789732E-03
  4.800000E+01  1.654347E-01  1.914855E-24  1.914346E-24 -1.833331E-03
  4.850000E+01  1.686900E-01  1.834592E-24  1.835014E-24 -1.879826E-03
  4.900000E+01  1.719705E-01  1.760029E-24  1.759684E-24 -1.924996E-03
  4.950000E+01  1.752760E-01  1.687829E-24  1.688116E-24 -1.972341E-03
  5.000000E+01  1.786062E-01  1.620347E-24  1.620090E-24 -2.018535E-03
  5.050000E+01  1.819609E-01  1.555140E-24  1.555397E-24 -2.066711E-03
  5.100000E+01  1.853398E-01  1.494119E-24  1.493843E-24 -2.113980E-03
  5.150000E+01  1.887427E-01  1.434945E-24  1.435246E-24 -2.163755E-03
  5.200000E+01  1.921693E-01  1.379753E-24  1.379438E-24 -2.212347E-03
  5.250000E+01  1.956193E-01  1.325947E-24  1.326264E-24 -2.263736E-03
  5.300000E+01  1.990925E-01  1.275896E-24  1.275577E-24 -2.313229E-03
  5.350000E+01  2.025886E-01  1.226905E-24  1.227239E-24 -2.365693E-03
  5.400000E+01  2.061074E-01  1.181489E-24  1.181123E-24 -2.415744E-03
  5.450000E+01  2.096485E-01  1.136706E-24  1.137105E-24 -2.469732E-03
  5.500000E+01  2.132118E-01  1.095480E-24  1.095072E-24 -2.520810E-03
  5.550000E+01  2.167969E-01  1.054534E-24  1.054918E-24 -2.576666E-03
  5.600000E+01  2.204035E-01  1.016885E-24  1.016545E-24 -2.629193E-03
  5.650000E+01  2.240315E-01  9.795666E-25  9.798595E-25 -2.686001E-03
  5.700000E+01  2.276805E-01  9.450190E-25  9.447745E-25 -2.739720E-03
  5.750000E+01  2.313502E-01  9.110325E-25  9.112071E-25 -2.796849E-03
  5.800000E+01  2.350404E-01  8.791507E-25  8.790789E-25 -2.852468E-03
  5.850000E+01  2.387507E-01  8.483595E-25  8.483163E-25 -2.909808E-03
  5.900000E+01  2.424810E-01  8.187153E-25  8.188504E-25 -2.968578E-03
  5.950000E+01  2.462308E-01  7.908102E-25  7.906172E-25 -3.026090E-03
  6.000000E+01  2.500000E-01  7.633259E-25  7.635563E-25 -3.087208E-03
  6.050000E+01  2.537882E-01  7.378561E-25  7.376106E-25 -3.144783E-03
  6.100000E+01  2.575952E-01  7.125158E-25  7.127256E-25 -3.206970E-03
  6.150000E+01  2.614206E-01  6.889655E-25  6.888496E-25 -3.266081E-03
  6.200000E+01  2.652642E-01  6.659300E-25  6.659336E-25 -3.328216E-03
  6.250000E+01  2.691257E-01  6.438436E-25  6.439316E-25 -3.391132E-03
  6.300000E+01  2.730048E-01  6.229582E-25  6.228010E-25 -3.452967E-03
  6.350000E+01  2.769011E-01  6.023078E-25  6.025015E-25 -3.518879E-03
  6.400000E+01  2.808144E-01  5.831551E-25  5.829951E-25 -3.580788E-03
  6.450000E+01  2.847445E-01  5.641850E-25  5.642451E-25 -3.646668E-03
  6.500000E+01  2.886909E-01  5.461712E-25  5.462165E-25 -3.711558E-03
  6.550000E+01  2.926534E-01  5.289962E-25  5.288757E-25 -3.776185E-03
  6.600000E+01  2.966317E-01  5.120355E-25  5.121915E-25 -3.845223E-03
  6.650000E+01  3.006255E-01  4.962523E-25  4.961347E-25 -3.910900E-03
  6.700000E+01  3.046344E-01  4.806678E-25  4.806781E-25 -3.980415E-03
  6.750000E+01  3.086583E-01  4.657095E-25  4.657957E-25 -4.049794E-03
  6.800000E+01  3.126967E-01  4.515887E-25  4.514627E-25 -4.116637E-03
  6.850000E+01  3.167494E-01  4.375509E-25  4.376545E-25 -4.188090E-03
  6.900000E+01  3.208160E-01  4.243570E-25  4.243478E-25 -4.257155E-03
  6.950000E+01  3.248963E-01  4.116112E-25  4.115204E-25 -4.327843E-03
  7.000000E+01  3.289899E-01  3.990421E-25  3.991519E-25 -4.403016E-03
  7.050000E+01  3.330966E-01  3.872806E-25  3.872240E-25 -4.474708E-03
  7.100000E+01  3.372159E-01  3.757572E-25  3.757196E-25 -4.548150E-03
  7.150000E+01  3.413477E-01  3.645162E-25  3.646214E-25 -4.622177E-03
  7.200000E+01  3.454915E-01  3.539778E-25  3.539108E-25 -4.692732E-03
  7.250000E+01  3.496471E-01  3.435909E-25  3.435685E-25 -4.769891E-03
  7.300000E+01  3.538141E-01  3.334965E-25  3.335819E-25 -4.849383E-03
  7.350000E+01  3.579923E-01  3.240060E-25  3.239389E-25 -4.924165E-03
  7.400000E+01  3.621813E-01  3.146550E-25  3.146252E-25 -5.001315E-03
  7.450000E+01  3.663808E-01  3.055469E-25  3.056268E-25 -5.080199E-03
  7.500000E+01  3.705905E-01  2.969725E-25  2.969304E-25 -5.156338E-03
  7.550000E+01  3.748100E-01  2.885682E-25  2.885238E-25 -5.235905E-03
  7.600000E+01  3.790391E-01  2.803216E-25  2.803959E-25 -5.318913E-03
  7.650000E+01  3.832773E-01  2.725375E-25  2.725363E-25 -5.398848E-03
  7.700000E+01  3.875245E-01  2.649965E-25  2.649347E-25 -5.479274E-03
  7.750000E+01  3.917802E-01  2.575379E-25  2.575813E-25 -5.563503E-03
  7.800000E+01  3.960442E-01  2.504227E-25  2.504663E-25 -5.646082E-03
  7.850000E+01  4.003160E-01  2.436345E-25  2.435804E-25 -5.727212E-03
  7.900000E+01  4.045955E-01  2.369291E-25  2.369147E-25 -5.812619E-03
  7.950000E+01  4.088822E-01  2.304011E-25  2.304611E-25 -5.900020E-03
  8.000000E+01  4.131759E-01  2.242118E-25  2.242118E-25 -5.984753E-03
  8.050000E+01  4.174762E-01  2.182126E-25  2.181592E-25 -6.070093E-03
  8.100000E+01  4.217828E-01  2.122843E-25  2.122962E-25 -6.159227E-03
  8.150000E+01  4.260953E-01  2.065644E-25  2.066158E-25 -6.248287E-03
  8.200000E+01  4.304134E-01  2.011226E-25  2.011112E-25 -6.334992E-03
  8.250000E+01  4.347369E-01  1.958210E-25  1.957758E-25 -6.423466E-03
  8.300000E+01  4.390653E-01  1.905922E-25  1.906036E-25 -6.515947E-03
  8.350000E+01  4.433984E-01  1.855416E-25  1.855887E-25 -6.608727E-03
  8.400000E+01  4.477358E-01  1.807246E-25  1.807256E-25 -6.699276E-03
  8.450000E+01  4.520771E-01  1.760497E-25  1.760091E-25 -6.790426E-03
  8.500000E+01  4.564221E-01  1.714440E-25  1.714339E-25 -6.884913E-03
  8.550000E+01  4.607705E-01  1.669589E-25  1.669949E-25 -6.980887E-03
  8.600000E+01  4.651218E-01  1.626629E-25  1.626875E-25 -7.075451E-03
  8.650000E+01  4.694757E-01  1.585297E-25  1.585069E-25 -7.169387E-03
  8.700000E+01  4.738320E-01  1.544850E-25  1.544488E-25 -7.265709E-03
  8.750000E+01  4.781903E-01  1.505104E-25  1.505090E-25 -7.365120E-03
  8.800000E+01  4.825503E-01  1.466520E-25  1.466837E-25 -7.465212E-03
  8.850000E+01  4.869115E-01  1.429460E-25  1.429688E-25 -7.563861E-03
  8.900000E+01  4.912738E-01  1.393725E-25  1.393608E-25 -7.661797E-03
  8.950000E+01  4.956367E-01  1.358857E-25  1.358558E-25 -7.761437E-03
  9.000000E+01  5.000000E-01  1.324648E-25  1.324504E-25 -7.864022E-03
  9.050000E+01  5.043633E-01  1.291268E-25  1.291413E-25 -7.968529E-03
  9.100000E+01  5.087262E-01  1.258981E-25  1.259254E-25 -8.073039E-03
  9.150000E+01  5.130885E-01  1.227852E-25  1.227997E-25 -8.176662E-03
  9.200000E+01  5.174497E-01  1.197707E-25  1.197612E-25 -8.280130E-03
  9.250000E+01  5.218097E-01  1.168313E-25  1.168070E-25 -8.384868E-03
  9.300000E+01  5.261680E-01  1.139547E-25  1.139345E-25 -8.491822E-03
  9.350000E+01  5.305243E-01  1.111433E-25  1.111409E-25 -8.600899E-03
  9.400000E+01  5.348782E-01  1.084074E-25  1.084237E-25 -8.711229E-03
  9.450000E+01  5.392295E-01  1.057564E-25  1.057804E-25 -8.821780E-03
  9.500000E+01  5.435779E-01  1.031918E-25  1.032089E-25 -8.931961E-03
  9.550000E+01  5.479229E-01  1.007058E-25  1.007068E-25 -9.042046E-03
  9.600000E+01  5.522642E-01  9.828536E-26  9.827198E-26 -9.152923E-03
  9.650000E+01  5.566016E-01  9.592172E-26  9.590227E-26 -9.265387E-03
  9.700000E+01  5.609347E-01  9.361380E-26  9.359563E-26 -9.379622E-03
  9.750000E+01  5.652631E-01  9.136217E-26  9.135009E-26 -9.495526E-03
  9.800000E+01  5.695866E-01  8.916559E-26  8.916379E-26 -9.613002E-03
  9.850000E+01  5.739047E-01  8.702591E-26  8.703495E-26 -9.731522E-03
  9.900000E+01  5.782172E-01  8.494698E-26  8.496185E-26 -9.850390E-03
  9.950000E+01  5.825238E-01  8.292630E-26  8.294279E-26 -9.969602E-03
  1.000000E+02  5.868241E-01  8.095929E-26  8.097612E-26 -1.008957E-02
  1.005000E+02  5.911178E-01  7.904668E-26  7.906024E-26 -1.021022E-02
  1.010000E+02  5.954045E-01  7.718579E-26  7.719361E-26 -1.033175E-02
  1.015000E+02  5.996840E-01  7.537070E-26  7.537478E-26 -1.045468E-02
  1.020000E+02  6.039558E-01  7.360264E-26  7.360235E-26 -1.057852E-02
  1.025000E+02  6.082198E-01  7.187992E-26  7.187499E-26 -1.070319E-02
  1.030000E+02  6.124755E-01  7.019782E-26  7.019138E-26 -1.082909E-02
  1.035000E+02  6.167227E-01  6.855912E-26  6.855023E-26 -1.095577E-02
  1.040000E+02  6.209609E-01  6.696067E-26  6.695027E-26 -1.108373E-02
  1.045000E+02  6.251900E-01  6.540035E-26  6.539031E-26 -1.121321E-02
  1.050000E+02  6.294095E-01  6.388062E-26  6.386918E-26 -1.134374E-02
  1.055000E+02  6.336192E-01  6.239627E-26  6.238580E-26 -1.147578E-02
  1.060000E+02  6.378187E-01  6.094969E-26  6.093911E-26 -1.160863E-02
  1.065000E+02  6.420077E-01  5.953827E-26  5.952809E-26 -1.174250E-02
  1.070000E+02  6.461859E-01  5.816058E-26  5.815171E-26 -1.187744E-02
  1.075000E+02  6.503529E-01  5.681762E-26  5.680898E-26 -1.201343E-02
  1.080000E+02  6.545085E-01  5.550520E-26  5.549896E-26 -1.215107E-02
  1.085000E+02  6.586523E-01  5.422610E-26  5.422069E-26 -1.228996E-02
  1.090000E+02  6.627841E-01  5.297548E-26  5.297335E-26 -1.243053E-02
  1.095000E+02  6.669034E-01  5.175648E-26  5.175607E-26 -1.257202E-02
  1.100000E+02  6.710101E-01  5.056469E-26  5.056805E-26 -1.271489E-02
  1.105000E+02  6.751037E-01  4.940323E-26  4.940850E-26 -1.285842E-02
  1.110000E+02  6.791840E-01  4.826827E-26  4.827661E-26 -1.300339E-02
  1.115000E+02  6.832506E-01  4.716302E-26  4.717162E-26 -1.314909E-02
  1.120000E+02  6.873033E-01  4.608383E-26  4.609279E-26 -1.329629E-02
  1.125000E+02  6.913417E-01  4.503357E-26  4.503944E-26 -1.344395E-02
  1.130000E+02  6.953656E-01  4.400820E-26  4.401088E-26 -1.359272E-02
  1.135000E+02  6.993745E-01  4.300892E-26  4.300649E-26 -1.374189E-02
  1.140000E+02  7.033683E-01  4.203170E-26  4.202562E-26 -1.389241E-02
  1.145000E+02  7.073466E-01  4.107530E-26  4.106764E-26 -1.404472E-02
  1.150000E+02  7.113091E-01  4.013846E-26  4.013192E-26 -1.419933E-02
  1.155000E+02  7.152555E-01  3.921940E-26  3.921788E-26 -1.435689E-02
  1.160000E+02  7.191856E-01  3.832180E-26  3.832496E-26 -1.451600E-02
  1.165000E+02  7.230989E-01  3.744580E-26  3.745261E-26 -1.467617E-02
  1.170000E+02  7.269952E-01  3.659427E-26  3.660034E-26 -1.483586E-02
  1.175000E+02  7.308743E-01  3.576681E-26  3.576762E-26 -1.499477E-02
  1.180000E+02  7.347358E-01  3.495810E-26  3.495395E-26 -1.515484E-02
  1.185000E+02  7.385794E-01  3.416507E-26  3.415882E-26 -1.531745E-02
  1.190000E+02  7.424048E-01  3.338490E-26  3.338176E-26 -1.548396E-02
  1.195000E+02  7.462118E-01  3.261900E-26  3.262230E-26 -1.565372E-02
  1.200000E+02  7.500000E-01  3.187405E-26  3.188002E-26 -1.582337E-02
  1.205000E+02  7.537692E-01  3.115232E-26  3.115451E-26 -1.599117E-02
  1.210000E+02  7.575190E-01  3.044886E-26  3.044535E-26 -1.615892E-02
  1.215000E+02  7.612493E-01  2.975710E-26  2.975214E-26 -1.632986E-02
  1.220000E+02  7.649596E-01  2.907487E-26  2.907445E-26 -1.650545E-02
  1.225000E+02  7.686498E-01  2.840726E-26  2.841191E-26 -1.668319E-02
  1.230000E+02  7.723195E-01  2.776097E-26  2.776413E-26 -1.685910E-02
  1.235000E+02  7.759685E-01  2.713377E-26  2.713077E-26 -1.703377E-02
  1.240000E+02  7.795965E-01  2.651582E-26  2.651150E-26 -1.721243E-02
  1.245000E+02  7.832031E-01  2.590456E-26  2.590598E-26 -1.739656E-02
  1.250000E+02  7.867882E-01  2.530941E-26  2.531388E-26 -1.758028E-02
  1.255000E+02  7.903515E-01  2.473540E-26  2.473486E-26 -1.776010E-02
  1.260000E+02  7.938926E-01  2.417282E-26  2.416861E-26 -1.794237E-02
  1.265000E+02  7.974114E-01  2.361435E-26  2.361481E-26 -1.813233E-02
  1.270000E+02  8.009075E-01  2.306934E-26  2.307318E-26 -1.832318E-02
  1.275000E+02  8.043807E-01  2.254461E-26  2.254345E-26 -1.850901E-02
  1.280000E+02  8.078307E-01  2.202881E-26  2.202535E-26 -1.869778E-02
  1.285000E+02  8.112573E-01  2.151634E-26  2.151861E-26 -1.889409E-02
  1.290000E+02  8.146602E-01  2.102024E-26  2.102295E-26 -1.908751E-02
  1.295000E+02  8.180391E-01  2.054126E-26  2.053812E-26 -1.927706E-02
  1.300000E+02  8.213938E-01  2.006477E-26  2.006385E-26 -1.947544E-02
  1.305000E+02  8.247240E-01  1.959665E-26  1.959990E-26 -1.967748E-02
  1.310000E+02  8.280295E-01  1.914776E-26  1.914607E-26 -1.987217E-02
  1.315000E+02  8.313100E-01  1.870425E-26  1.870212E-26 -2.007202E-02
  1.320000E+02  8.345653E-01  1.826477E-26  1.826785E-26 -2.027856E-02
  1.325000E+02  8.377951E-01  1.784387E-26  1.784302E-26 -2.047672E-02
  1.330000E+02  8.409992E-01  1.742940E-26  1.742742E-26 -2.067916E-02
  1.335000E+02  8.441773E-01  1.701782E-26  1.702083E-26 -2.089025E-02
  1.340000E+02  8.473292E-01  1.662423E-26  1.662306E-26 -2.109244E-02
  1.345000E+02  8.504546E-01  1.623500E-26  1.623392E-26 -2.130075E-02
  1.350000E+02  8.535534E-01  1.585050E-26  1.585324E-26 -2.151452E-02
  1.355000E+02  8.566252E-01  1.548300E-26  1.548085E-26 -2.171770E-02
  1.360000E+02  8.596699E-01  1.511582E-26  1.511655E-26 -2.193167E-02
  1.365000E+02  8.626872E-01  1.475887E-26  1.476016E-26 -2.214372E-02
  1.370000E+02  8.656769E-01  1.441372E-26  1.441151E-26 -2.235133E-02
  1.375000E+02  8.686387E-01  1.406808E-26  1.407043E-26 -2.257208E-02
  1.380000E+02  8.715724E-01  1.373827E-26  1.373677E-26 -2.278120E-02
  1.385000E+02  8.744779E-01  1.341014E-26  1.341039E-26 -2.299925E-02
  1.390000E+02  8.773548E-01  1.309037E-26  1.309114E-26 -2.321542E-02
  1.395000E+02  8.802030E-01  1.278065E-26  1.277888E-26 -2.342632E-02
  1.400000E+02  8.830222E-01  1.247150E-26  1.247346E-26 -2.364832E-02
  1.405000E+02  8.858123E-01  1.217678E-26  1.217471E-26 -2.385740E-02
  1.410000E+02  8.885730E-01  1.188071E-26  1.188250E-26 -2.408189E-02
  1.415000E+02  8.913041E-01  1.159797E-26  1.159671E-26 -2.429398E-02
  1.420000E+02  8.940054E-01  1.131623E-26  1.131721E-26 -2.451614E-02
  1.425000E+02  8.966767E-01  1.104440E-26  1.104391E-26 -2.472968E-02
  1.430000E+02  8.993178E-01  1.077660E-26  1.077669E-26 -2.494563E-02
  1.435000E+02  9.019284E-01  1.051539E-26  1.051541E-26 -2.515886E-02
  1.440000E+02  9.045085E-01  1.026017E-26  1.025992E-26 -2.537260E-02
  1.445000E+02  9.070578E-01  1.000968E-26  1.001009E-26 -2.559034E-02
  1.450000E+02  9.095760E-01  9.766166E-27  9.765868E-27 -2.580299E-02
  1.455000E+02  9.120631E-01  9.526947E-27  9.527171E-27 -2.601531E-02
  1.460000E+02  9.145188E-01  9.294094E-27  9.293883E-27 -2.622240E-02
  1.465000E+02  9.169429E-01  9.065877E-27  9.065886E-27 -2.642924E-02
  1.470000E+02  9.193353E-01  8.842739E-27  8.843067E-27 -2.663503E-02
  1.475000E+02  9.216957E-01  8.625918E-27  8.625328E-27 -2.683586E-02
  1.480000E+02  9.240240E-01  8.411795E-27  8.412585E-27 -2.704114E-02
  1.485000E+02  9.263201E-01  8.205797E-27  8.204759E-27 -2.723346E-02
  1.490000E+02  9.285837E-01  8.000493E-27  8.001772E-27 -2.743435E-02
  1.495000E+02  9.308146E-01  7.804881E-27  7.803540E-27 -2.761473E-02
  1.500000E+02  9.330127E-01  7.608855E-27  7.609973E-27 -2.780706E-02
  1.505000E+02  9.351778E-01  7.421622E-27  7.420980E-27 -2.798073E-02
  1.510000E+02  9.373099E-01  7.236449E-27  7.236477E-27 -2.815838E-02
  1.515000E+02  9.394086E-01  7.055816E-27  7.056389E-27 -2.833064E-02
  1.520000E+02  9.414738E-01  6.881633E-27  6.880650E-27 -2.848885E-02
  1.525000E+02  9.435054E-01  6.708160E-27  6.709197E-27 -2.865345E-02
  1.530000E+02  9.455033E-01  6.542618E-27  6.541965E-27 -2.879507E-02
  1.535000E+02  9.474672E-01  6.378930E-27  6.378881E-27 -2.893729E-02
  1.540000E+02  9.493970E-01  6.219144E-27  6.219871E-27 -2.907173E-02
  1.545000E+02  9.512926E-01  6.065830E-27  6.064863E-27 -2.918660E-02
  1.550000E+02  9.531539E-01  5.913243E-27  5.913794E-27 -2.930639E-02
  1.555000E+02  9.549806E-01  5.766329E-27  5.766609E-27 -2.940743E-02
  1.560000E+02  9.567727E-01  5.624157E-27  5.623258E-27 -2.949177E-02
  1.565000E+02  9.585300E-01  5.482934E-27  5.483690E-27 -2.957628E-02
  1.570000E+02  9.602524E-01  5.347786E-27  5.347847E-27 -2.963481E-02
  1.575000E+02  9.619398E-01  5.216423E-27  5.215668E-27 -2.967776E-02
  1.580000E+02  9.635919E-01  5.086532E-27  5.087094E-27 -2.971703E-02
  1.585000E+02  9.652088E-01  4.961745E-27  4.962070E-27 -2.973223E-02
  1.590000E+02  9.667902E-01  4.841368E-27  4.840551E-27 -2.972495E-02
  1.595000E+02  9.683361E-01  4.722254E-27  4.722500E-27 -2.971094E-02
  1.600000E+02  9.698463E-01  4.607272E-27  4.607875E-27 -2.967202E-02
  1.605000E+02  9.713207E-01  4.497097E-27  4.496634E-27 -2.960219E-02
  1.610000E+02  9.727593E-01  4.389183E-27  4.388727E-27 -2.951583E-02
  1.615000E+02  9.741618E-01  4.283490E-27  4.284102E-27 -2.941274E-02
  1.620000E+02  9.755283E-01  4.182422E-27  4.182716E-27 -2.927658E-02
  1.625000E+02  9.768585E-01  4.085156E-27  4.084532E-27 -2.911039E-02
  1.630000E+02  9.781524E-01  3.989752E-27  3.989520E-27 -2.892453E-02
  1.635000E+02  9.794099E-01  3.897120E-27  3.897652E-27 -2.871096E-02
  1.640000E+02  9.806308E-01  3.808554E-27  3.808895E-27 -2.845897E-02
  1.645000E+02  9.818152E-01  3.723641E-27  3.723209E-27 -2.817005E-02
  1.650000E+02  9.829629E-01  3.641044E-27  3.640553E-27 -2.785269E-02
  1.655000E+02  9.840738E-01  3.560639E-27  3.560889E-27 -2.750678E-02
  1.660000E+02  9.851479E-01  3.483618E-27  3.484188E-27 -2.712222E-02
  1.665000E+02  9.861850E-01  3.410358E-27  3.410430E-27 -2.669394E-02
  1.670000E+02  9.871850E-01  3.340049E-27  3.339595E-27 -2.622548E-02
  1.675000E+02  9.881480E-01  3.272068E-27  3.271660E-27 -2.571979E-02
  1.680000E+02  9.890738E-01  3.206534E-27  3.206596E-27 -2.517512E-02
  1.685000E+02  9.899624E-01  3.143915E-27  3.144368E-27 -2.458770E-02
  1.690000E+02  9.908136E-01  3.084538E-27  3.084945E-27 -2.395470E-02
  1.695000E+02  9.916275E-01  3.028317E-27  3.028305E-27 -2.327591E-02
  1.700000E+02  9.924039E-01  2.974847E-27  2.974434E-27 -2.255295E-02
  1.705000E+02  9.931428E-01  2.923790E-27  2.923322E-27 -2.178683E-02
  1.710000E+02  9.938442E-01  2.875141E-27  2.874955E-27 -2.097685E-02
  1.715000E+02  9.945079E-01  2.829127E-27  2.829313E-27 -2.012159E-02
  1.720000E+02  9.951340E-01  2.785956E-27  2.786369E-27 -1.922062E-02
  1.725000E+02  9.957224E-01  2.745683E-27  2.746097E-27 -1.827471E-02
  1.730000E+02  9.962731E-01  2.708234E-27  2.708479E-27 -1.728520E-02
  1.735000E+02  9.967859E-01  2.673498E-27  2.673508E-27 -1.625335E-02
  1.740000E+02  9.972609E-01  2.641385E-27  2.641183E-27 -1.518027E-02
  1.745000E+02  9.976981E-01  2.611842E-27  2.611500E-27 -1.406754E-02
  1.750000E+02  9.980973E-01  2.584844E-27  2.584450E-27 -1.291732E-02
  1.755000E+02  9.984587E-01  2.560380E-27  2.560009E-27 -1.173245E-02
  1.760000E+02  9.987820E-01  2.538452E-27  2.538157E-27 -1.051591E-02
  1.765000E+02  9.990674E-01  2.519071E-27  2.518877E-27 -9.270411E-03
  1.770000E+02  9.993148E-01  2.502254E-27  2.502167E-27 -7.998527E-03
  1.775000E+02  9.995241E-01  2.488027E-27  2.488038E-27 -6.702842E-03
  1.780000E+02  9.996954E-01  2.476408E-27  2.476499E-27 -5.386653E-03
  1.785000E+02  9.998287E-01  2.467402E-27  2.467553E-27 -4.053877E-03
  1.790000E+02  9.999238E-01  2.460998E-27  2.461190E-27 -2.708962E-03
  1.795000E+02  9.999810E-01  2.457169E-27  2.457384E-27 -1.356332E-03
  1.800000E+02  1.000000E+00  2.455903E-27  2.456125E-27  0.000000E+00
