 #
 # Subroutine ELSEPM. Elastic scattering ofelectrons and positrons by
 #       molecules (single-scattering independent-atom approximation)
 #
 # Molecule: Water (vapour)                     
 #
 # Structure:
 # IZ =  8,    X,Y,Z =   0.00000E+00  0.00000E+00  0.00000E+00 cm
 # IZ =  1,    X,Y,Z =   9.57200E-09  0.00000E+00  0.00000E+00 cm
 # IZ =  1,    X,Y,Z =  -2.39990E-09  9.26630E-09  0.00000E+00 cm
 #
 # Projectile: electron
 # Kinetic energy = 3.0000000E+05 eV
 #
 # Furness-McCarthy exchange potential
 #
 # No correlation-polarization potential
 #
 # LDA-I absorption potential (only electron-hole excitations):
 #                           Delta = 6.20000E+00 eV
 #                            Aabs = 2.00000E+00
 #
 # Integrated cross sections:
 #                     coherent      incoherent
 #         total cs: 5.7709055E-19  4.9144710E-19
 # 1st transport cs: 3.0026922E-22  3.0021552E-22
 # 2nd transport cs: 8.2283781E-22  8.2267655E-22
 #
 # Differential cross section:                     MU=(1-COS(THETA))/2
 #
 #   THETA           MU         DCS coh      DCS incoh      Sherman
 #   (deg)                     (cm**2/sr)    (cm**2/sr)     function
 #--------------------------------------------------------------------
  0.000000E+00  0.000000E+00  2.334209E-15  1.134095E-15  0.000000E+00
  1.000000E-04  7.615575E-13  2.334209E-15  1.134095E-15  0.000000E+00
  1.250000E-04  1.189937E-12  2.334209E-15  1.134095E-15  0.000000E+00
  1.500000E-04  1.713463E-12  2.334209E-15  1.134095E-15  0.000000E+00
  1.750000E-04  2.332246E-12  2.334209E-15  1.134095E-15  0.000000E+00
  2.000000E-04  3.046174E-12  2.334208E-15  1.134095E-15  0.000000E+00
  2.250000E-04  3.855305E-12  2.334208E-15  1.134095E-15  0.000000E+00
  2.500000E-04  4.759637E-12  2.334208E-15  1.134095E-15  0.000000E+00
  2.750000E-04  5.759171E-12  2.334208E-15  1.134095E-15  0.000000E+00
  3.000000E-04  6.853906E-12  2.334208E-15  1.134095E-15  0.000000E+00
  3.250000E-04  8.043788E-12  2.334207E-15  1.134095E-15  0.000000E+00
  3.500000E-04  9.328927E-12  2.334207E-15  1.134095E-15  0.000000E+00
  3.750000E-04  1.070921E-11  2.334207E-15  1.134095E-15  0.000000E+00
  4.000000E-04  1.218470E-11  2.334206E-15  1.134095E-15  0.000000E+00
  4.250000E-04  1.375539E-11  2.334206E-15  1.134095E-15  0.000000E+00
  4.500000E-04  1.542128E-11  2.334205E-15  1.134094E-15  0.000000E+00
  4.750000E-04  1.718231E-11  2.334205E-15  1.134094E-15  0.000000E+00
  5.000000E-04  1.903860E-11  2.334205E-15  1.134094E-15  0.000000E+00
  5.250000E-04  2.099004E-11  2.334204E-15  1.134094E-15  0.000000E+00
  5.500000E-04  2.303668E-11  2.334204E-15  1.134094E-15  0.000000E+00
  5.750000E-04  2.517853E-11  2.334203E-15  1.134094E-15  0.000000E+00
  6.000000E-04  2.741557E-11  2.334203E-15  1.134094E-15  0.000000E+00
  6.250000E-04  2.974782E-11  2.334202E-15  1.134094E-15  0.000000E+00
  6.500000E-04  3.217521E-11  2.334202E-15  1.134093E-15  0.000000E+00
  6.750000E-04  3.469786E-11  2.334201E-15  1.134093E-15  0.000000E+00
  7.000000E-04  3.731565E-11  2.334200E-15  1.134093E-15  0.000000E+00
  7.250000E-04  4.002865E-11  2.334200E-15  1.134093E-15  0.000000E+00
  7.500000E-04  4.283685E-11  2.334199E-15  1.134093E-15  0.000000E+00
  7.750000E-04  4.574019E-11  2.334198E-15  1.134093E-15  0.000000E+00
  8.000000E-04  4.873879E-11  2.334198E-15  1.134092E-15  0.000000E+00
  8.250000E-04  5.183254E-11  2.334197E-15  1.134092E-15  0.000000E+00
  8.500000E-04  5.502154E-11  2.334196E-15  1.134092E-15  0.000000E+00
  8.750000E-04  5.830569E-11  2.334195E-15  1.134092E-15  0.000000E+00
  9.000000E-04  6.168505E-11  2.334195E-15  1.134092E-15  0.000000E+00
  9.250000E-04  6.515954E-11  2.334194E-15  1.134091E-15  0.000000E+00
  9.500000E-04  6.872930E-11  2.334193E-15  1.134091E-15  0.000000E+00
  9.750000E-04  7.239426E-11  2.334192E-15  1.134091E-15  0.000000E+00
  1.000000E-03  7.615436E-11  2.334191E-15  1.134091E-15  0.000000E+00
  1.250000E-03  1.189912E-10  2.334181E-15  1.134088E-15  0.000000E+00
  1.500000E-03  1.713473E-10  2.334169E-15  1.134085E-15  0.000000E+00
  1.750000E-03  2.332227E-10  2.334155E-15  1.134081E-15  0.000000E+00
  2.000000E-03  3.046174E-10  2.334138E-15  1.134077E-15  0.000000E+00
  2.250000E-03  3.855314E-10  2.334119E-15  1.134071E-15  0.000000E+00
  2.500000E-03  4.759647E-10  2.334098E-15  1.134066E-15  0.000000E+00
  2.750000E-03  5.759173E-10  2.334074E-15  1.134060E-15  0.000000E+00
  3.000000E-03  6.853892E-10  2.334049E-15  1.134053E-15  0.000000E+00
  3.250000E-03  8.043804E-10  2.334021E-15  1.134045E-15  0.000000E+00
  3.500000E-03  9.328908E-10  2.333991E-15  1.134038E-15  0.000000E+00
  3.750000E-03  1.070921E-09  2.333958E-15  1.134029E-15  0.000000E+00
  4.000000E-03  1.218470E-09  2.333924E-15  1.134020E-15  0.000000E+00
  4.250000E-03  1.375538E-09  2.333887E-15  1.134010E-15  0.000000E+00
  4.500000E-03  1.542126E-09  2.333848E-15  1.134000E-15  0.000000E+00
  4.750000E-03  1.718233E-09  2.333807E-15  1.133989E-15  0.000000E+00
  5.000000E-03  1.903859E-09  2.333764E-15  1.133977E-15  0.000000E+00
  5.250000E-03  2.099004E-09  2.333718E-15  1.133965E-15  0.000000E+00
  5.500000E-03  2.303669E-09  2.333670E-15  1.133952E-15  0.000000E+00
  5.750000E-03  2.517853E-09  2.333620E-15  1.133939E-15  0.000000E+00
  6.000000E-03  2.741557E-09  2.333568E-15  1.133925E-15  0.000000E+00
  6.250000E-03  2.974779E-09  2.333513E-15  1.133911E-15  0.000000E+00
  6.500000E-03  3.217521E-09  2.333456E-15  1.133896E-15  0.000000E+00
  6.750000E-03  3.469783E-09  2.333397E-15  1.133880E-15  0.000000E+00
  7.000000E-03  3.731563E-09  2.333336E-15  1.133864E-15  0.000000E+00
  7.250000E-03  4.002863E-09  2.333273E-15  1.133847E-15  0.000000E+00
  7.500000E-03  4.283682E-09  2.333207E-15  1.133830E-15  0.000000E+00
  7.750000E-03  4.574021E-09  2.333139E-15  1.133812E-15  0.000000E+00
  8.000000E-03  4.873879E-09  2.333069E-15  1.133793E-15  0.000000E+00
  8.250000E-03  5.183256E-09  2.332996E-15  1.133774E-15  0.000000E+00
  8.500000E-03  5.502152E-09  2.332922E-15  1.133754E-15  0.000000E+00
  8.750000E-03  5.830568E-09  2.332845E-15  1.133734E-15  0.000000E+00
  9.000000E-03  6.168503E-09  2.332766E-15  1.133713E-15  0.000000E+00
  9.250000E-03  6.515957E-09  2.332685E-15  1.133691E-15  0.000000E+00
  9.500000E-03  6.872931E-09  2.332601E-15  1.133669E-15  0.000000E+00
  9.750000E-03  7.239423E-09  2.332516E-15  1.133646E-15  0.000000E+00
  1.000000E-02  7.615435E-09  2.332428E-15  1.133623E-15  0.000000E+00
  1.250000E-02  1.189912E-08  2.331426E-15  1.133357E-15  0.000000E+00
  1.500000E-02  1.713473E-08  2.330203E-15  1.133033E-15  0.000000E+00
  1.750000E-02  2.332227E-08  2.328759E-15  1.132649E-15  0.000000E+00
  2.000000E-02  3.046174E-08  2.327094E-15  1.132207E-15  0.000000E+00
  2.250000E-02  3.855314E-08  2.325209E-15  1.131706E-15  0.000000E+00
  2.500000E-02  4.759647E-08  2.323104E-15  1.131147E-15  0.000000E+00
  2.750000E-02  5.759173E-08  2.320781E-15  1.130529E-15  0.000000E+00
  3.000000E-02  6.853892E-08  2.318240E-15  1.129853E-15  0.000000E+00
  3.250000E-02  8.043804E-08  2.315482E-15  1.129119E-15  0.000000E+00
  3.500000E-02  9.328908E-08  2.312509E-15  1.128327E-15  0.000000E+00
  3.750000E-02  1.070921E-07  2.309321E-15  1.127477E-15  0.000000E+00
  4.000000E-02  1.218470E-07  2.305919E-15  1.126570E-15  0.000000E+00
  4.250000E-02  1.375538E-07  2.302305E-15  1.125605E-15  0.000000E+00
  4.500000E-02  1.542126E-07  2.298480E-15  1.124583E-15  0.000000E+00
  4.750000E-02  1.718233E-07  2.294446E-15  1.123505E-15  0.000000E+00
  5.000000E-02  1.903859E-07  2.290203E-15  1.122370E-15  0.000000E+00
  5.250000E-02  2.099004E-07  2.285755E-15  1.121178E-15  0.000000E+00
  5.500000E-02  2.303669E-07  2.281101E-15  1.119930E-15  0.000000E+00
  5.750000E-02  2.517853E-07  2.276244E-15  1.118627E-15  0.000000E+00
  6.000000E-02  2.741557E-07  2.271186E-15  1.117268E-15  0.000000E+00
  6.250000E-02  2.974779E-07  2.265928E-15  1.115854E-15  0.000000E+00
  6.500000E-02  3.217521E-07  2.260473E-15  1.114385E-15  0.000000E+00
  6.750000E-02  3.469782E-07  2.254822E-15  1.112861E-15  0.000000E+00
  7.000000E-02  3.731563E-07  2.248978E-15  1.111283E-15  0.000000E+00
  7.250000E-02  4.002863E-07  2.242941E-15  1.109652E-15  0.000000E+00
  7.500000E-02  4.283682E-07  2.236716E-15  1.107967E-15  0.000000E+00
  7.750000E-02  4.574020E-07  2.230303E-15  1.106228E-15  0.000000E+00
  8.000000E-02  4.873878E-07  2.223706E-15  1.104438E-15  0.000000E+00
  8.250000E-02  5.183255E-07  2.216926E-15  1.102595E-15  0.000000E+00
  8.500000E-02  5.502151E-07  2.209965E-15  1.100700E-15  0.000000E+00
  8.750000E-02  5.830567E-07  2.202827E-15  1.098753E-15  0.000000E+00
  9.000000E-02  6.168501E-07  2.195514E-15  1.096756E-15  0.000000E+00
  9.250000E-02  6.515956E-07  2.188028E-15  1.094708E-15  0.000000E+00
  9.500000E-02  6.872929E-07  2.180372E-15  1.092609E-15  0.000000E+00
  9.750000E-02  7.239422E-07  2.172548E-15  1.090461E-15  0.000000E+00
  1.000000E-01  7.615434E-07  2.164560E-15  1.088264E-15  0.000000E+00
  1.250000E-01  1.189911E-06  2.076225E-15  1.063696E-15  0.000000E+00
  1.500000E-01  1.713472E-06  1.974607E-15  1.034780E-15  0.000000E+00
  1.750000E-01  2.332225E-06  1.862823E-15  1.002100E-15  0.000000E+00
  2.000000E-01  3.046171E-06  1.744038E-15  9.662728E-16  0.000000E+00
  2.250000E-01  3.855309E-06  1.621303E-15  9.279334E-16  0.000000E+00
  2.500000E-01  4.759640E-06  1.497424E-15  8.877066E-16  0.000000E+00
  2.750000E-01  5.759162E-06  1.374868E-15  8.461919E-16  0.000000E+00
  3.000000E-01  6.853876E-06  1.255708E-15  8.039476E-16  0.000000E+00
  3.250000E-01  8.043782E-06  1.141595E-15  7.614806E-16  0.000000E+00
  3.500000E-01  9.328879E-06  1.033764E-15  7.192397E-16  0.000000E+00
  3.750000E-01  1.070917E-05  9.330621E-16  6.776117E-16  0.000000E+00
  4.000000E-01  1.218465E-05  8.399894E-16  6.369215E-16  0.000000E+00
  4.250000E-01  1.375532E-05  7.547516E-16  5.974337E-16  0.000000E+00
  4.500000E-01  1.542118E-05  6.773127E-16  5.593566E-16  0.000000E+00
  4.750000E-01  1.718223E-05  6.074493E-16  5.228466E-16  0.000000E+00
  5.000000E-01  1.903847E-05  5.447991E-16  4.880139E-16  0.000000E+00
  5.250000E-01  2.098990E-05  4.889049E-16  4.549285E-16  0.000000E+00
  5.500000E-01  2.303652E-05  4.392507E-16  4.236259E-16  0.000000E+00
  5.750000E-01  2.517832E-05  3.952923E-16  3.941124E-16  0.000000E+00
  6.000000E-01  2.741532E-05  3.564802E-16  3.663711E-16  0.000000E+00
  6.250000E-01  2.974750E-05  3.222775E-16  3.403657E-16  0.000000E+00
  6.500000E-01  3.217487E-05  2.921719E-16  3.160453E-16  0.000000E+00
  6.750000E-01  3.469743E-05  2.656844E-16  2.933479E-16  0.000000E+00
  7.000000E-01  3.731517E-05  2.423743E-16  2.722037E-16  0.000000E+00
  7.250000E-01  4.002810E-05  2.218407E-16  2.525371E-16  0.000000E+00
  7.500000E-01  4.283621E-05  2.037241E-16  2.342698E-16  0.000000E+00
  7.750000E-01  4.573951E-05  1.877041E-16  2.173219E-16  0.000000E+00
  8.000000E-01  4.873800E-05  1.734981E-16  2.016136E-16  0.000000E+00
  8.250000E-01  5.183166E-05  1.608585E-16  1.870661E-16  0.000000E+00
  8.500000E-01  5.502051E-05  1.495697E-16  1.736030E-16  0.000000E+00
  8.750000E-01  5.830454E-05  1.394446E-16  1.611502E-16  0.000000E+00
  9.000000E-01  6.168376E-05  1.303224E-16  1.496368E-16  0.000000E+00
  9.250000E-01  6.515815E-05  1.220648E-16  1.389955E-16  0.000000E+00
  9.500000E-01  6.872773E-05  1.145534E-16  1.291625E-16  0.000000E+00
  9.750000E-01  7.239249E-05  1.076874E-16  1.200776E-16  0.000000E+00
  1.000000E+00  7.615242E-05  1.013811E-16  1.116844E-16  0.000000E+00
  1.100000E+00  9.214394E-05  8.045531E-17  8.402632E-17  0.000000E+00
  1.200000E+00  1.096583E-04  6.432293E-17  6.382244E-17  0.000000E+00
  1.300000E+00  1.286953E-04  5.135364E-17  4.898546E-17  0.000000E+00
  1.400000E+00  1.492551E-04  4.072767E-17  3.801045E-17  0.000000E+00
  1.500000E+00  1.713375E-04  3.202256E-17  2.982239E-17  0.000000E+00
  1.600000E+00  1.949425E-04  2.499402E-17  2.365591E-17  0.000000E+00
  1.700000E+00  2.200699E-04  1.945730E-17  1.896582E-17  0.000000E+00
  1.800000E+00  2.467198E-04  1.522620E-17  1.536256E-17  0.000000E+00
  1.900000E+00  2.748920E-04  1.209058E-17  1.256637E-17  0.000000E+00
  2.000000E+00  3.045865E-04  9.820953E-18  1.037499E-17  0.000000E+00
  2.100000E+00  3.358031E-04  8.188602E-18  8.641065E-18  0.000000E+00
  2.200000E+00  3.685418E-04  6.989505E-18  7.256339E-18  0.000000E+00
  2.300000E+00  4.028024E-04  6.062588E-18  6.140590E-18  0.000000E+00
  2.400000E+00  4.385850E-04  5.297057E-18  5.233856E-18  0.000000E+00
  2.500000E+00  4.758892E-04  4.628661E-18  4.490943E-18  0.000000E+00
  2.600000E+00  5.147151E-04  4.028413E-18  3.877515E-18  0.000000E+00
  2.700000E+00  5.550625E-04  3.488770E-18  3.367278E-18  0.000000E+00
  2.800000E+00  5.969313E-04  3.011499E-18  2.939939E-18  0.000000E+00
  2.900000E+00  6.403214E-04  2.599508E-18  2.579707E-18  0.000000E+00
  3.000000E+00  6.852326E-04  2.252839E-18  2.274190E-18  0.000000E+00
  3.100000E+00  7.316648E-04  1.967694E-18  2.013583E-18  0.000000E+00
  3.200000E+00  7.796179E-04  1.737042E-18  1.790066E-18  0.000000E+00
  3.300000E+00  8.290917E-04  1.551726E-18  1.597366E-18  0.000000E+00
  3.400000E+00  8.800860E-04  1.401589E-18  1.430423E-18  0.000000E+00
  3.500000E+00  9.326008E-04  1.276547E-18  1.285139E-18  0.000000E+00
  3.600000E+00  9.866358E-04  1.167657E-18  1.158176E-18  0.000000E+00
  3.700000E+00  1.042191E-03  1.068082E-18  1.046788E-18  0.000000E+00
  3.800000E+00  1.099266E-03  9.737274E-19  9.487026E-19  0.000000E+00
  3.900000E+00  1.157861E-03  8.832998E-19  8.620192E-19  0.000000E+00
  4.000000E+00  1.217975E-03  7.977200E-19  7.851471E-19  0.000000E+00
  4.100000E+00  1.279609E-03  7.190542E-19  7.167526E-19  0.000000E+00
  4.200000E+00  1.342761E-03  6.493332E-19  6.557184E-19  0.000000E+00
  4.300000E+00  1.407433E-03  5.896482E-19  6.011044E-19  0.000000E+00
  4.400000E+00  1.473624E-03  5.397651E-19  5.521123E-19  0.000000E+00
  4.500000E+00  1.541333E-03  4.982761E-19  5.080560E-19  0.000000E+00
  4.600000E+00  1.610561E-03  4.631049E-19  4.683404E-19  0.000000E+00
  4.700000E+00  1.681307E-03  4.321061E-19  4.324500E-19  0.000000E+00
  4.800000E+00  1.753570E-03  4.035328E-19  3.999406E-19  0.000000E+00
  4.900000E+00  1.827352E-03  3.762649E-19  3.704321E-19  0.000000E+00
  5.000000E+00  1.902651E-03  3.498118E-19  3.435986E-19  0.000000E+00
  5.100000E+00  1.979467E-03  3.241750E-19  3.191570E-19  0.000000E+00
  5.200000E+00  2.057801E-03  2.996660E-19  2.968567E-19  0.000000E+00
  5.300000E+00  2.137651E-03  2.767369E-19  2.764736E-19  0.000000E+00
  5.400000E+00  2.219018E-03  2.558368E-19  2.578078E-19  0.000000E+00
  5.500000E+00  2.301901E-03  2.372911E-19  2.406840E-19  0.000000E+00
  5.600000E+00  2.386300E-03  2.212049E-19  2.249507E-19  0.000000E+00
  5.700000E+00  2.472215E-03  2.074122E-19  2.104768E-19  0.000000E+00
  5.800000E+00  2.559646E-03  1.954937E-19  1.971465E-19  0.000000E+00
  5.900000E+00  2.648591E-03  1.848711E-19  1.848547E-19  0.000000E+00
  6.000000E+00  2.739052E-03  1.749527E-19  1.735047E-19  0.000000E+00
  6.100000E+00  2.831028E-03  1.652821E-19  1.630080E-19  0.000000E+00
  6.200000E+00  2.924518E-03  1.556368E-19  1.532865E-19  0.000000E+00
  6.300000E+00  3.019522E-03  1.460430E-19  1.442721E-19  0.000000E+00
  6.400000E+00  3.116040E-03  1.367101E-19  1.359060E-19  0.000000E+00
  6.500000E+00  3.214072E-03  1.279167E-19  1.281357E-19  0.000000E+00
  6.600000E+00  3.313617E-03  1.198985E-19  1.209123E-19  0.000000E+00
  6.700000E+00  3.414675E-03  1.127763E-19  1.141893E-19  0.000000E+00
  6.800000E+00  3.517246E-03  1.065370E-19  1.079237E-19  0.000000E+00
  6.900000E+00  3.621329E-03  1.010601E-19  1.020770E-19  0.000000E+00
  7.000000E+00  3.726924E-03  9.616509E-20  9.661615E-20 -2.319566E-05
  7.100000E+00  3.834031E-03  9.165845E-20  9.151249E-20 -2.399938E-05
  7.200000E+00  3.942649E-03  8.736997E-20  8.674029E-20 -2.481436E-05
  7.300000E+00  4.052779E-03  8.317526E-20  8.227492E-20 -2.573030E-05
  7.400000E+00  4.164419E-03  7.900841E-20  7.809244E-20 -2.683275E-05
  7.500000E+00  4.277569E-03  7.486647E-20  7.417018E-20 -2.816859E-05
  7.600000E+00  4.392230E-03  7.080419E-20  7.048791E-20 -2.971708E-05
  7.700000E+00  4.508400E-03  6.691607E-20  6.702834E-20 -3.138712E-05
  7.800000E+00  4.626080E-03  6.330643E-20  6.377668E-20 -3.304952E-05
  7.900000E+00  4.745268E-03  6.005465E-20  6.071943E-20 -3.458992E-05
  8.000000E+00  4.865966E-03  5.718751E-20  5.784331E-20 -3.595319E-05
  8.100000E+00  4.988171E-03  5.466931E-20  5.513509E-20 -3.715825E-05
  8.200000E+00  5.111885E-03  5.241384E-20  5.258205E-20 -3.828267E-05
  8.300000E+00  5.237105E-03  5.031277E-20  5.017295E-20 -3.942884E-05
  8.400000E+00  5.363834E-03  4.826863E-20  4.789832E-20 -4.068541E-05
  8.500000E+00  5.492068E-03  4.622003E-20  4.575014E-20 -4.210240E-05
  8.600000E+00  5.621809E-03  4.415138E-20  4.372098E-20 -4.369372E-05
  8.700000E+00  5.753057E-03  4.208660E-20  4.180332E-20 -4.545769E-05
  8.800000E+00  5.885809E-03  4.007261E-20  3.998943E-20 -4.738654E-05
  8.900000E+00  6.020067E-03  3.816043E-20  3.827189E-20 -4.944856E-05
  9.000000E+00  6.155830E-03  3.639045E-20  3.664416E-20 -5.156328E-05
  9.100000E+00  6.293097E-03  3.478441E-20  3.510089E-20 -5.360762E-05
  9.200000E+00  6.431867E-03  3.334320E-20  3.363753E-20 -5.546611E-05
  9.300000E+00  6.572142E-03  3.204867E-20  3.224983E-20 -5.709621E-05
  9.400000E+00  6.713919E-03  3.086792E-20  3.093328E-20 -5.856142E-05
  9.500000E+00  6.857199E-03  2.975979E-20  2.968312E-20 -6.000636E-05
  9.600000E+00  7.001981E-03  2.868330E-20  2.849478E-20 -6.158954E-05
  9.700000E+00  7.148265E-03  2.760684E-20  2.736432E-20 -6.341741E-05
  9.800000E+00  7.296051E-03  2.651576E-20  2.628859E-20 -6.551363E-05
  9.900000E+00  7.445337E-03  2.541557E-20  2.526498E-20 -6.782902E-05
  1.000000E+01  7.596123E-03  2.432909E-20  2.429093E-20 -7.027913E-05
  1.025000E+01  7.979651E-03  2.187381E-20  2.205391E-20 -7.656914E-05
  1.050000E+01  8.372546E-03  1.996930E-20  2.006572E-20 -8.243984E-05
  1.075000E+01  8.774801E-03  1.839265E-20  1.829610E-20 -8.701848E-05
  1.100000E+01  9.186408E-03  1.683088E-20  1.671750E-20 -9.253125E-05
  1.125000E+01  9.607360E-03  1.528272E-20  1.530332E-20 -1.005046E-04
  1.150000E+01  1.003765E-02  1.393343E-20  1.403607E-20 -1.078973E-04
  1.175000E+01  1.047726E-02  1.286582E-20  1.289710E-20 -1.143600E-04
  1.200000E+01  1.092620E-02  1.194465E-20  1.187006E-20 -1.206498E-04
  1.225000E+01  1.138445E-02  1.099970E-20  1.094386E-20 -1.267213E-04
  1.250000E+01  1.185200E-02  1.006700E-20  1.010561E-20 -1.368931E-04
  1.275000E+01  1.232884E-02  9.286854E-21  9.345618E-21 -1.468438E-04
  1.300000E+01  1.281497E-02  8.660388E-21  8.656303E-21 -1.517163E-04
  1.325000E+01  1.331037E-02  8.077248E-21  8.028724E-21 -1.597649E-04
  1.350000E+01  1.381504E-02  7.478165E-21  7.457015E-21 -1.701496E-04
  1.375000E+01  1.432897E-02  6.903381E-21  6.935471E-21 -1.792075E-04
  1.400000E+01  1.485214E-02  6.424880E-21  6.458189E-21 -1.908946E-04
  1.425000E+01  1.538455E-02  6.035658E-21  6.021532E-21 -1.982375E-04
  1.450000E+01  1.592618E-02  5.654481E-21  5.621147E-21 -2.047794E-04
  1.475000E+01  1.647703E-02  5.255373E-21  5.253234E-21 -2.195310E-04
  1.500000E+01  1.703709E-02  4.889743E-21  4.915148E-21 -2.309175E-04
  1.525000E+01  1.760634E-02  4.589577E-21  4.603639E-21 -2.400375E-04
  1.550000E+01  1.818477E-02  4.330734E-21  4.316413E-21 -2.510771E-04
  1.575000E+01  1.877238E-02  4.071228E-21  4.051367E-21 -2.593413E-04
  1.600000E+01  1.936915E-02  3.802495E-21  3.806157E-21 -2.747864E-04
  1.625000E+01  1.997507E-02  3.559999E-21  3.579316E-21 -2.899437E-04
  1.650000E+01  2.059013E-02  3.364469E-21  3.369149E-21 -2.965458E-04
  1.675000E+01  2.121432E-02  3.188104E-21  3.174096E-21 -3.105977E-04
  1.700000E+01  2.184762E-02  3.003010E-21  2.993044E-21 -3.230061E-04
  1.725000E+01  2.249003E-02  2.818056E-21  2.824650E-21 -3.354837E-04
  1.750000E+01  2.314152E-02  2.655947E-21  2.667945E-21 -3.560269E-04
  1.775000E+01  2.380210E-02  2.521665E-21  2.522013E-21 -3.633976E-04
  1.800000E+01  2.447174E-02  2.396802E-21  2.385859E-21 -3.731689E-04
  1.825000E+01  2.515044E-02  2.264024E-21  2.258820E-21 -3.962042E-04
  1.850000E+01  2.583817E-02  2.132646E-21  2.140120E-21 -4.077773E-04
  1.875000E+01  2.653494E-02  2.021592E-21  2.029100E-21 -4.227333E-04
  1.900000E+01  2.724071E-02  1.928050E-21  1.925238E-21 -4.406895E-04
  1.925000E+01  2.795549E-02  1.835468E-21  1.827894E-21 -4.485216E-04
  1.950000E+01  2.867925E-02  1.738231E-21  1.736638E-21 -4.692056E-04
  1.975000E+01  2.941199E-02  1.645009E-21  1.651029E-21 -4.903749E-04
  2.000000E+01  3.015369E-02  1.566038E-21  1.570611E-21 -5.008757E-04
  2.025000E+01  3.090433E-02  1.498565E-21  1.495077E-21 -5.189452E-04
  2.050000E+01  3.166391E-02  1.429644E-21  1.424010E-21 -5.349973E-04
  2.075000E+01  3.243240E-02  1.356471E-21  1.357095E-21 -5.521931E-04
  2.100000E+01  3.320979E-02  1.289114E-21  1.294100E-21 -5.759843E-04
  2.125000E+01  3.399607E-02  1.232792E-21  1.234706E-21 -5.903205E-04
  2.150000E+01  3.479122E-02  1.181973E-21  1.178699E-21 -6.058298E-04
  2.175000E+01  3.559522E-02  1.129391E-21  1.125843E-21 -6.260432E-04
  2.200000E+01  3.640807E-02  1.074684E-21  1.075891E-21 -6.452892E-04
  2.225000E+01  3.722975E-02  1.024748E-21  1.028704E-21 -6.693262E-04
  2.250000E+01  3.806023E-02  9.834152E-22  9.840774E-22 -6.866014E-04
  2.275000E+01  3.889951E-02  9.450449E-22  9.418382E-22 -7.008037E-04
  2.300000E+01  3.974757E-02  9.038637E-22  9.018649E-22 -7.249626E-04
  2.325000E+01  4.060439E-02  8.622573E-22  8.639763E-22 -7.476368E-04
  2.350000E+01  4.146996E-02  8.254237E-22  8.280598E-22 -7.691810E-04
  2.375000E+01  4.234426E-02  7.940807E-22  7.940080E-22 -7.901350E-04
  2.400000E+01  4.322727E-02  7.642177E-22  7.616782E-22 -8.058382E-04
  2.425000E+01  4.411898E-02  7.322184E-22  7.309876E-22 -8.299842E-04
  2.450000E+01  4.501936E-02  7.000183E-22  7.018308E-22 -8.582927E-04
  2.475000E+01  4.592841E-02  6.721851E-22  6.741040E-22 -8.787845E-04
  2.500000E+01  4.684611E-02  6.484506E-22  6.477482E-22 -8.990583E-04
  2.550000E+01  4.870736E-02  5.992332E-22  5.987901E-22 -9.447285E-04
  2.600000E+01  5.060298E-02  5.530951E-22  5.543801E-22 -9.975712E-04
  2.650000E+01  5.253282E-02  5.156326E-22  5.140195E-22 -1.040641E-03
  2.700000E+01  5.449674E-02  4.758616E-22  4.772729E-22 -1.098198E-03
  2.750000E+01  5.649458E-02  4.445950E-22  4.437582E-22 -1.143586E-03
  2.800000E+01  5.852620E-02  4.130086E-22  4.131420E-22 -1.200452E-03
  2.850000E+01  6.059144E-02  3.846583E-22  3.851281E-22 -1.256108E-03
  2.900000E+01  6.269015E-02  3.602804E-22  3.594538E-22 -1.306084E-03
  2.950000E+01  6.482215E-02  3.349964E-22  3.358885E-22 -1.371280E-03
  3.000000E+01  6.698730E-02  3.149341E-22  3.142293E-22 -1.421437E-03
  3.050000E+01  6.918542E-02  2.939366E-22  2.942914E-22 -1.486843E-03
  3.100000E+01  7.141635E-02  2.758695E-22  2.759138E-22 -1.546056E-03
  3.150000E+01  7.367992E-02  2.593332E-22  2.589528E-22 -1.604964E-03
  3.200000E+01  7.597595E-02  2.427121E-22  2.432776E-22 -1.675662E-03
  3.250000E+01  7.830428E-02  2.293338E-22  2.287755E-22 -1.731006E-03
  3.300000E+01  8.066472E-02  2.149640E-22  2.153405E-22 -1.805216E-03
  3.350000E+01  8.305709E-02  2.029727E-22  2.028795E-22 -1.867746E-03
  3.400000E+01  8.548121E-02  1.915008E-22  1.913118E-22 -1.935252E-03
  3.450000E+01  8.793691E-02  1.801833E-22  1.805580E-22 -2.011713E-03
  3.500000E+01  9.042398E-02  1.709617E-22  1.705517E-22 -2.072235E-03
  3.550000E+01  9.294224E-02  1.609321E-22  1.612321E-22 -2.154524E-03
  3.600000E+01  9.549150E-02  1.526419E-22  1.525414E-22 -2.221483E-03
  3.650000E+01  9.807157E-02  1.445379E-22  1.444310E-22 -2.296553E-03
  3.700000E+01  1.006822E-01  1.366055E-22  1.368539E-22 -2.378566E-03
  3.750000E+01  1.033233E-01  1.300518E-22  1.297686E-22 -2.444454E-03
  3.800000E+01  1.059946E-01  1.229249E-22  1.231384E-22 -2.534693E-03
  3.850000E+01  1.086959E-01  1.170050E-22  1.169269E-22 -2.606399E-03
  3.900000E+01  1.114270E-01  1.111707E-22  1.111040E-22 -2.687130E-03
  3.950000E+01  1.141877E-01  1.054726E-22  1.056409E-22 -2.776490E-03
  4.000000E+01  1.169778E-01  1.007065E-22  1.005103E-22 -2.847797E-03
  4.050000E+01  1.197970E-01  9.553949E-23  9.568883E-23 -2.943476E-03
  4.100000E+01  1.226452E-01  9.120734E-23  9.115407E-23 -3.021922E-03
  4.150000E+01  1.255221E-01  8.693709E-23  8.688576E-23 -3.108116E-03
  4.200000E+01  1.284276E-01  8.274062E-23  8.286534E-23 -3.203516E-03
  4.250000E+01  1.313613E-01  7.921788E-23  7.907555E-23 -3.280275E-03
  4.300000E+01  1.343231E-01  7.539828E-23  7.550108E-23 -3.381824E-03
  4.350000E+01  1.373128E-01  7.215402E-23  7.212720E-23 -3.467020E-03
  4.400000E+01  1.403301E-01  6.899254E-23  6.894034E-23 -3.557073E-03
  4.450000E+01  1.433748E-01  6.582637E-23  6.592849E-23 -3.659413E-03
  4.500000E+01  1.464466E-01  6.318525E-23  6.308027E-23 -3.741789E-03
  4.550000E+01  1.495454E-01  6.032122E-23  6.038476E-23 -3.848044E-03
  4.600000E+01  1.526708E-01  5.783129E-23  5.783229E-23 -3.940147E-03
  4.650000E+01  1.558227E-01  5.547311E-23  5.541411E-23 -4.033737E-03
  4.700000E+01  1.590008E-01  5.303586E-23  5.312154E-23 -4.144147E-03
  4.750000E+01  1.622049E-01  5.101851E-23  5.094674E-23 -4.230417E-03
  4.800000E+01  1.654347E-01  4.885588E-23  4.888266E-23 -4.340097E-03
  4.850000E+01  1.686900E-01  4.689634E-23  4.692264E-23 -4.442259E-03
  4.900000E+01  1.719705E-01  4.512271E-23  4.506044E-23 -4.536417E-03
  4.950000E+01  1.752760E-01  4.322447E-23  4.329009E-23 -4.654029E-03
  5.000000E+01  1.786062E-01  4.164373E-23  4.160639E-23 -4.747186E-03
  5.050000E+01  1.819609E-01  4.001083E-23  4.000438E-23 -4.857199E-03
  5.100000E+01  1.853398E-01  3.843593E-23  3.847904E-23 -4.970559E-03
  5.150000E+01  1.887427E-01  3.708112E-23  3.702615E-23 -5.065125E-03
  5.200000E+01  1.921693E-01  3.560361E-23  3.564157E-23 -5.187666E-03
  5.250000E+01  1.956193E-01  3.432440E-23  3.432147E-23 -5.291193E-03
  5.300000E+01  1.990925E-01  3.309294E-23  3.306232E-23 -5.397758E-03
  5.350000E+01  2.025886E-01  3.181553E-23  3.186065E-23 -5.522858E-03
  5.400000E+01  2.061074E-01  3.074761E-23  3.071346E-23 -5.620651E-03
  5.450000E+01  2.096485E-01  2.961240E-23  2.961781E-23 -5.741853E-03
  5.500000E+01  2.132118E-01  2.854677E-23  2.857091E-23 -5.860931E-03
  5.550000E+01  2.167969E-01  2.760813E-23  2.757016E-23 -5.962729E-03
  5.600000E+01  2.204035E-01  2.658395E-23  2.661316E-23 -6.093824E-03
  5.650000E+01  2.240315E-01  2.570186E-23  2.569767E-23 -6.203653E-03
  5.700000E+01  2.276805E-01  2.484319E-23  2.482150E-23 -6.317360E-03
  5.750000E+01  2.313502E-01  2.394935E-23  2.398259E-23 -6.450671E-03
  5.800000E+01  2.350404E-01  2.320343E-23  2.317906E-23 -6.554019E-03
  5.850000E+01  2.387507E-01  2.240774E-23  2.240920E-23 -6.682376E-03
  5.900000E+01  2.424810E-01  2.165027E-23  2.167124E-23 -6.810072E-03
  5.950000E+01  2.462308E-01  2.099289E-23  2.096360E-23 -6.915527E-03
  6.000000E+01  2.500000E-01  2.026570E-23  2.028488E-23 -7.054767E-03
  6.050000E+01  2.537882E-01  1.963169E-23  1.963367E-23 -7.172902E-03
  6.100000E+01  2.575952E-01  1.902886E-23  1.900861E-23 -7.288679E-03
  6.150000E+01  2.614206E-01  1.838421E-23  1.840843E-23 -7.431050E-03
  6.200000E+01  2.652642E-01  1.784434E-23  1.783200E-23 -7.542171E-03
  6.250000E+01  2.691257E-01  1.728463E-23  1.727817E-23 -7.671190E-03
  6.300000E+01  2.730048E-01  1.672673E-23  1.674584E-23 -7.810222E-03
  6.350000E+01  2.769011E-01  1.625147E-23  1.623405E-23 -7.920737E-03
  6.400000E+01  2.808144E-01  1.573829E-23  1.574185E-23 -8.059767E-03
  6.450000E+01  2.847445E-01  1.525649E-23  1.526835E-23 -8.193553E-03
  6.500000E+01  2.886909E-01  1.483028E-23  1.481268E-23 -8.307098E-03
  6.550000E+01  2.926534E-01  1.436413E-23  1.437405E-23 -8.453242E-03
  6.600000E+01  2.966317E-01  1.394679E-23  1.395172E-23 -8.581560E-03
  6.650000E+01  3.006255E-01  1.356054E-23  1.354495E-23 -8.700469E-03
  6.700000E+01  3.046344E-01  1.313882E-23  1.315307E-23 -8.852068E-03
  6.750000E+01  3.086583E-01  1.277791E-23  1.277544E-23 -8.973785E-03
  6.800000E+01  3.126967E-01  1.242174E-23  1.241144E-23 -9.101340E-03
  6.850000E+01  3.167494E-01  1.204629E-23  1.206047E-23 -9.253280E-03
  6.900000E+01  3.208160E-01  1.172870E-23  1.172196E-23 -9.371678E-03
  6.950000E+01  3.248963E-01  1.140075E-23  1.139538E-23 -9.507439E-03
  7.000000E+01  3.289899E-01  1.106825E-23  1.108023E-23 -9.657629E-03
  7.050000E+01  3.330966E-01  1.078395E-23  1.077604E-23 -9.776086E-03
  7.100000E+01  3.372159E-01  1.048529E-23  1.048236E-23 -9.916674E-03
  7.150000E+01  3.413477E-01  1.018775E-23  1.019876E-23 -1.006642E-02
  7.200000E+01  3.454915E-01  9.934322E-24  9.924817E-24 -1.018327E-02
  7.250000E+01  3.496471E-01  9.660043E-24  9.660138E-24 -1.033031E-02
  7.300000E+01  3.538141E-01  9.395679E-24  9.404355E-24 -1.047757E-02
  7.350000E+01  3.579923E-01  9.166266E-24  9.157120E-24 -1.059604E-02
  7.400000E+01  3.621813E-01  8.916713E-24  8.918096E-24 -1.074638E-02
  7.450000E+01  3.663808E-01  8.679894E-24  8.686952E-24 -1.089207E-02
  7.500000E+01  3.705905E-01  8.471644E-24  8.463369E-24 -1.101194E-02
  7.550000E+01  3.748100E-01  8.245637E-24  8.247047E-24 -1.116364E-02
  7.600000E+01  3.790391E-01  8.031003E-24  8.037702E-24 -1.131048E-02
  7.650000E+01  3.832773E-01  7.843306E-24  7.835068E-24 -1.142963E-02
  7.700000E+01  3.875245E-01  7.636872E-24  7.638893E-24 -1.158412E-02
  7.750000E+01  3.917802E-01  7.443453E-24  7.448934E-24 -1.172975E-02
  7.800000E+01  3.960442E-01  7.271698E-24  7.264956E-24 -1.185096E-02
  7.850000E+01  4.003160E-01  7.085952E-24  7.086733E-24 -1.200333E-02
  7.900000E+01  4.045955E-01  6.908084E-24  6.914053E-24 -1.215271E-02
  7.950000E+01  4.088822E-01  6.753173E-24  6.746711E-24 -1.227214E-02
  8.000000E+01  4.131759E-01  6.584084E-24  6.584510E-24 -1.242495E-02
  8.050000E+01  4.174762E-01  6.421788E-24  6.427264E-24 -1.257538E-02
  8.100000E+01  4.217828E-01  6.279726E-24  6.274793E-24 -1.269634E-02
  8.150000E+01  4.260953E-01  6.128089E-24  6.126920E-24 -1.284456E-02
  8.200000E+01  4.304134E-01  5.977616E-24  5.983472E-24 -1.299982E-02
  8.250000E+01  4.347369E-01  5.848243E-24  5.844296E-24 -1.311999E-02
  8.300000E+01  4.390653E-01  5.711387E-24  5.709241E-24 -1.326460E-02
  8.350000E+01  4.433984E-01  5.572857E-24  5.578155E-24 -1.342231E-02
  8.400000E+01  4.477358E-01  5.452898E-24  5.450904E-24 -1.354580E-02
  8.450000E+01  4.520771E-01  5.330994E-24  5.327360E-24 -1.368219E-02
  8.500000E+01  4.564221E-01  5.202568E-24  5.207394E-24 -1.384364E-02
  8.550000E+01  4.607705E-01  5.091209E-24  5.090878E-24 -1.397061E-02
  8.600000E+01  4.651218E-01  4.981865E-24  4.977697E-24 -1.410003E-02
  8.650000E+01  4.694757E-01  4.864603E-24  4.867744E-24 -1.425985E-02
  8.700000E+01  4.738320E-01  4.758976E-24  4.760902E-24 -1.439610E-02
  8.750000E+01  4.781903E-01  4.661580E-24  4.657065E-24 -1.451641E-02
  8.800000E+01  4.825503E-01  4.554696E-24  4.556134E-24 -1.467286E-02
  8.850000E+01  4.869115E-01  4.454896E-24  4.458016E-24 -1.481696E-02
  8.900000E+01  4.912738E-01  4.365773E-24  4.362611E-24 -1.493496E-02
  8.950000E+01  4.956367E-01  4.271026E-24  4.269826E-24 -1.507902E-02
  9.000000E+01  5.000000E-01  4.175592E-24  4.179580E-24 -1.523396E-02
  9.050000E+01  5.043633E-01  4.093291E-24  4.091791E-24 -1.535181E-02
  9.100000E+01  5.087262E-01  4.009068E-24  4.006380E-24 -1.548386E-02
  9.150000E+01  5.130885E-01  3.920513E-24  3.923268E-24 -1.563991E-02
  9.200000E+01  5.174497E-01  3.841170E-24  3.842386E-24 -1.576937E-02
  9.250000E+01  5.218097E-01  3.767107E-24  3.763665E-24 -1.588594E-02
  9.300000E+01  5.261680E-01  3.686261E-24  3.687032E-24 -1.603698E-02
  9.350000E+01  5.305243E-01  3.609611E-24  3.612426E-24 -1.617931E-02
  9.400000E+01  5.348782E-01  3.541881E-24  3.539778E-24 -1.629113E-02
  9.450000E+01  5.392295E-01  3.470680E-24  3.469032E-24 -1.642523E-02
  9.500000E+01  5.435779E-01  3.397442E-24  3.400128E-24 -1.657664E-02
  9.550000E+01  5.479229E-01  3.332500E-24  3.333004E-24 -1.669729E-02
  9.600000E+01  5.522642E-01  3.270555E-24  3.267610E-24 -1.681067E-02
  9.650000E+01  5.566016E-01  3.202969E-24  3.203890E-24 -1.695874E-02
  9.700000E+01  5.609347E-01  3.139533E-24  3.141794E-24 -1.709413E-02
  9.750000E+01  5.652631E-01  3.082842E-24  3.081271E-24 -1.720169E-02
  9.800000E+01  5.695866E-01  3.023994E-24  3.022275E-24 -1.732728E-02
  9.850000E+01  5.739047E-01  2.962593E-24  2.964764E-24 -1.747415E-02
  9.900000E+01  5.782172E-01  2.907771E-24  2.908691E-24 -1.759198E-02
  9.950000E+01  5.825238E-01  2.856438E-24  2.854015E-24 -1.769629E-02
  1.000000E+02  5.868241E-01  2.800744E-24  2.800696E-24 -1.783256E-02
  1.005000E+02  5.911178E-01  2.746517E-24  2.748695E-24 -1.796775E-02
  1.010000E+02  5.954045E-01  2.698333E-24  2.697972E-24 -1.807247E-02
  1.015000E+02  5.996840E-01  2.650626E-24  2.648490E-24 -1.818032E-02
  1.020000E+02  6.039558E-01  2.599298E-24  2.600216E-24 -1.831807E-02
  1.025000E+02  6.082198E-01  2.551276E-24  2.553111E-24 -1.844119E-02
  1.030000E+02  6.124755E-01  2.508430E-24  2.507145E-24 -1.853557E-02
  1.035000E+02  6.167227E-01  2.463704E-24  2.462283E-24 -1.864858E-02
  1.040000E+02  6.209609E-01  2.417184E-24  2.418493E-24 -1.878097E-02
  1.045000E+02  6.251900E-01  2.374434E-24  2.375748E-24 -1.889274E-02
  1.050000E+02  6.294095E-01  2.335510E-24  2.334014E-24 -1.898181E-02
  1.055000E+02  6.336192E-01  2.294363E-24  2.293266E-24 -1.909327E-02
  1.060000E+02  6.378187E-01  2.251885E-24  2.253478E-24 -1.922155E-02
  1.065000E+02  6.420077E-01  2.213791E-24  2.214620E-24 -1.932122E-02
  1.070000E+02  6.461859E-01  2.178111E-24  2.176671E-24 -1.940657E-02
  1.075000E+02  6.503529E-01  2.140450E-24  2.139605E-24 -1.951379E-02
  1.080000E+02  6.545085E-01  2.101987E-24  2.103397E-24 -1.963382E-02
  1.085000E+02  6.586523E-01  2.067146E-24  2.068026E-24 -1.972854E-02
  1.090000E+02  6.627841E-01  2.034909E-24  2.033468E-24 -1.980510E-02
  1.095000E+02  6.669034E-01  2.000500E-24  1.999703E-24 -1.990629E-02
  1.100000E+02  6.710101E-01  1.965439E-24  1.966710E-24 -2.001945E-02
  1.105000E+02  6.751037E-01  1.933611E-24  1.934465E-24 -2.010743E-02
  1.110000E+02  6.791840E-01  1.904003E-24  1.902952E-24 -2.017895E-02
  1.115000E+02  6.832506E-01  1.873205E-24  1.872151E-24 -2.026686E-02
  1.120000E+02  6.873033E-01  1.841102E-24  1.842040E-24 -2.037288E-02
  1.125000E+02  6.913417E-01  1.811443E-24  1.812605E-24 -2.045950E-02
  1.130000E+02  6.953656E-01  1.784597E-24  1.783826E-24 -2.052119E-02
  1.135000E+02  6.993745E-01  1.756854E-24  1.755687E-24 -2.059652E-02
  1.140000E+02  7.033683E-01  1.727744E-24  1.728172E-24 -2.069155E-02
  1.145000E+02  7.073466E-01  1.700054E-24  1.701265E-24 -2.077579E-02
  1.150000E+02  7.113091E-01  1.674980E-24  1.674950E-24 -2.083503E-02
  1.155000E+02  7.152555E-01  1.650475E-24  1.649214E-24 -2.089164E-02
  1.160000E+02  7.191856E-01  1.624341E-24  1.624040E-24 -2.097122E-02
  1.165000E+02  7.230989E-01  1.598254E-24  1.599416E-24 -2.105500E-02
  1.170000E+02  7.269952E-01  1.574743E-24  1.575329E-24 -2.111199E-02
  1.175000E+02  7.308743E-01  1.552620E-24  1.551765E-24 -2.115527E-02
  1.180000E+02  7.347358E-01  1.529578E-24  1.528712E-24 -2.121362E-02
  1.185000E+02  7.385794E-01  1.505739E-24  1.506156E-24 -2.128627E-02
  1.190000E+02  7.424048E-01  1.483013E-24  1.484086E-24 -2.134853E-02
  1.195000E+02  7.462118E-01  1.462442E-24  1.462490E-24 -2.138598E-02
  1.200000E+02  7.500000E-01  1.442430E-24  1.441356E-24 -2.141891E-02
  1.205000E+02  7.537692E-01  1.421148E-24  1.420674E-24 -2.147239E-02
  1.210000E+02  7.575190E-01  1.399636E-24  1.400433E-24 -2.153290E-02
  1.215000E+02  7.612493E-01  1.379820E-24  1.380621E-24 -2.157285E-02
  1.220000E+02  7.649596E-01  1.361516E-24  1.361228E-24 -2.159412E-02
  1.225000E+02  7.686498E-01  1.343177E-24  1.342246E-24 -2.161859E-02
  1.230000E+02  7.723195E-01  1.323964E-24  1.323664E-24 -2.165880E-02
  1.235000E+02  7.759685E-01  1.304694E-24  1.305473E-24 -2.170316E-02
  1.240000E+02  7.795965E-01  1.286898E-24  1.287663E-24 -2.172790E-02
  1.245000E+02  7.832031E-01  1.270567E-24  1.270227E-24 -2.173259E-02
  1.250000E+02  7.867882E-01  1.254074E-24  1.253157E-24 -2.174204E-02
  1.255000E+02  7.903515E-01  1.236685E-24  1.236442E-24 -2.176797E-02
  1.260000E+02  7.938926E-01  1.219412E-24  1.220076E-24 -2.179479E-02
  1.265000E+02  7.974114E-01  1.203346E-24  1.204051E-24 -2.180441E-02
  1.270000E+02  8.009075E-01  1.188451E-24  1.188360E-24 -2.179683E-02
  1.275000E+02  8.043807E-01  1.173782E-24  1.172994E-24 -2.178714E-02
  1.280000E+02  8.078307E-01  1.158472E-24  1.157947E-24 -2.179003E-02
  1.285000E+02  8.112573E-01  1.142804E-24  1.143212E-24 -2.180131E-02
  1.290000E+02  8.146602E-01  1.127960E-24  1.128783E-24 -2.180038E-02
  1.295000E+02  8.180391E-01  1.114426E-24  1.114651E-24 -2.177801E-02
  1.300000E+02  8.213938E-01  1.101393E-24  1.100811E-24 -2.174800E-02
  1.305000E+02  8.247240E-01  1.087934E-24  1.087257E-24 -2.172702E-02
  1.310000E+02  8.280295E-01  1.074044E-24  1.073982E-24 -2.171544E-02
  1.315000E+02  8.313100E-01  1.060396E-24  1.060981E-24 -2.170085E-02
  1.320000E+02  8.345653E-01  1.047618E-24  1.048247E-24 -2.167134E-02
  1.325000E+02  8.377951E-01  1.035762E-24  1.035776E-24 -2.162565E-02
  1.330000E+02  8.409992E-01  1.024198E-24  1.023561E-24 -2.157523E-02
  1.335000E+02  8.441773E-01  1.012210E-24  1.011597E-24 -2.153357E-02
  1.340000E+02  8.473292E-01  9.998245E-25  9.998793E-25 -2.150063E-02
  1.345000E+02  8.504546E-01  9.877707E-25  9.884024E-25 -2.146223E-02
  1.350000E+02  8.535534E-01  9.766084E-25  9.771614E-25 -2.140695E-02
  1.355000E+02  8.566252E-01  9.661752E-25  9.661518E-25 -2.133760E-02
  1.360000E+02  8.596699E-01  9.558990E-25  9.553691E-25 -2.126539E-02
  1.365000E+02  8.626872E-01  9.453694E-25  9.448085E-25 -2.119860E-02
  1.370000E+02  8.656769E-01  9.345879E-25  9.344655E-25 -2.113728E-02
  1.375000E+02  8.686387E-01  9.239103E-25  9.243359E-25 -2.107419E-02
  1.380000E+02  8.715724E-01  9.137943E-25  9.144157E-25 -2.099975E-02
  1.385000E+02  8.744779E-01  9.044212E-25  9.047009E-25 -2.090987E-02
  1.390000E+02  8.773548E-01  8.954937E-25  8.951877E-25 -2.081049E-02
  1.395000E+02  8.802030E-01  8.864919E-25  8.858723E-25 -2.071241E-02
  1.400000E+02  8.830222E-01  8.771632E-25  8.767507E-25 -2.062099E-02
  1.405000E+02  8.858123E-01  8.677195E-25  8.678192E-25 -2.053181E-02
  1.410000E+02  8.885730E-01  8.585795E-25  8.590742E-25 -2.043593E-02
  1.415000E+02  8.913041E-01  8.500006E-25  8.505123E-25 -2.032759E-02
  1.420000E+02  8.940054E-01  8.419434E-25  8.421304E-25 -2.020739E-02
  1.425000E+02  8.966767E-01  8.341703E-25  8.339252E-25 -2.008033E-02
  1.430000E+02  8.993178E-01  8.264078E-25  8.258936E-25 -1.995229E-02
  1.435000E+02  9.019284E-01  8.184847E-25  8.180322E-25 -1.982699E-02
  1.440000E+02  9.045085E-01  8.104300E-25  8.103377E-25 -1.970381E-02
  1.445000E+02  9.070578E-01  8.024711E-25  8.028071E-25 -1.957773E-02
  1.450000E+02  9.095760E-01  7.948899E-25  7.954379E-25 -1.944240E-02
  1.455000E+02  9.120631E-01  7.878206E-25  7.882275E-25 -1.929473E-02
  1.460000E+02  9.145188E-01  7.811543E-25  7.811732E-25 -1.913703E-02
  1.465000E+02  9.169429E-01  7.746314E-25  7.742721E-25 -1.897499E-02
  1.470000E+02  9.193353E-01  7.680302E-25  7.675213E-25 -1.881348E-02
  1.475000E+02  9.216957E-01  7.612938E-25  7.609182E-25 -1.865371E-02
  1.480000E+02  9.240240E-01  7.545243E-25  7.544606E-25 -1.849337E-02
  1.485000E+02  9.263201E-01  7.478897E-25  7.481462E-25 -1.832866E-02
  1.490000E+02  9.285837E-01  7.415309E-25  7.419729E-25 -1.815639E-02
  1.495000E+02  9.308146E-01  7.355139E-25  7.359384E-25 -1.797508E-02
  1.500000E+02  9.330127E-01  7.298197E-25  7.300404E-25 -1.778514E-02
  1.505000E+02  9.351778E-01  7.243571E-25  7.242765E-25 -1.758858E-02
  1.510000E+02  9.373099E-01  7.189955E-25  7.186447E-25 -1.738828E-02
  1.515000E+02  9.394086E-01  7.136155E-25  7.131431E-25 -1.718679E-02
  1.520000E+02  9.414738E-01  7.081620E-25  7.077696E-25 -1.698517E-02
  1.525000E+02  9.435054E-01  7.026701E-25  7.025225E-25 -1.678259E-02
  1.530000E+02  9.455033E-01  6.972466E-25  6.974001E-25 -1.657672E-02
  1.535000E+02  9.474672E-01  6.920152E-25  6.924005E-25 -1.636489E-02
  1.540000E+02  9.493970E-01  6.870594E-25  6.875216E-25 -1.614532E-02
  1.545000E+02  9.512926E-01  6.823923E-25  6.827618E-25 -1.591780E-02
  1.550000E+02  9.531539E-01  6.779621E-25  6.781196E-25 -1.568356E-02
  1.555000E+02  9.549806E-01  6.736834E-25  6.735934E-25 -1.544434E-02
  1.560000E+02  9.567727E-01  6.694744E-25  6.691813E-25 -1.520179E-02
  1.565000E+02  9.585300E-01  6.652819E-25  6.648823E-25 -1.495706E-02
  1.570000E+02  9.602524E-01  6.610882E-25  6.606952E-25 -1.471046E-02
  1.575000E+02  9.619398E-01  6.569054E-25  6.566177E-25 -1.446163E-02
  1.580000E+02  9.635919E-01  6.527661E-25  6.526484E-25 -1.420993E-02
  1.585000E+02  9.652088E-01  6.487122E-25  6.487866E-25 -1.395454E-02
  1.590000E+02  9.667902E-01  6.447846E-25  6.450307E-25 -1.369466E-02
  1.595000E+02  9.683361E-01  6.410168E-25  6.413792E-25 -1.342969E-02
  1.600000E+02  9.698463E-01  6.374297E-25  6.378311E-25 -1.315926E-02
  1.605000E+02  9.713207E-01  6.340281E-25  6.343857E-25 -1.288344E-02
  1.610000E+02  9.727593E-01  6.307987E-25  6.310414E-25 -1.260257E-02
  1.615000E+02  9.741618E-01  6.277153E-25  6.277967E-25 -1.231728E-02
  1.620000E+02  9.755283E-01  6.247440E-25  6.246506E-25 -1.202817E-02
  1.625000E+02  9.768585E-01  6.218513E-25  6.216025E-25 -1.173583E-02
  1.630000E+02  9.781524E-01  6.190101E-25  6.186513E-25 -1.144096E-02
  1.635000E+02  9.794099E-01  6.162039E-25  6.157957E-25 -1.114364E-02
  1.640000E+02  9.806308E-01  6.134293E-25  6.130353E-25 -1.084386E-02
  1.645000E+02  9.818152E-01  6.106929E-25  6.103688E-25 -1.054168E-02
  1.650000E+02  9.829629E-01  6.080097E-25  6.077955E-25 -1.023688E-02
  1.655000E+02  9.840738E-01  6.053975E-25  6.053144E-25 -9.929120E-03
  1.660000E+02  9.851479E-01  6.028735E-25  6.029240E-25 -9.618169E-03
  1.665000E+02  9.861850E-01  6.004537E-25  6.006248E-25 -9.303972E-03
  1.670000E+02  9.871850E-01  5.981482E-25  5.984158E-25 -8.986490E-03
  1.675000E+02  9.881480E-01  5.959619E-25  5.962957E-25 -8.665649E-03
  1.680000E+02  9.890738E-01  5.938960E-25  5.942642E-25 -8.341543E-03
  1.685000E+02  9.899624E-01  5.919480E-25  5.923206E-25 -8.014522E-03
  1.690000E+02  9.908136E-01  5.901132E-25  5.904643E-25 -7.684653E-03
  1.695000E+02  9.916275E-01  5.883847E-25  5.886942E-25 -7.352049E-03
  1.700000E+02  9.924039E-01  5.867565E-25  5.870099E-25 -7.017042E-03
  1.705000E+02  9.931428E-01  5.852233E-25  5.854118E-25 -6.679757E-03
  1.710000E+02  9.938442E-01  5.837791E-25  5.838987E-25 -6.340310E-03
  1.715000E+02  9.945079E-01  5.824190E-25  5.824697E-25 -5.998891E-03
  1.720000E+02  9.951340E-01  5.811403E-25  5.811252E-25 -5.655631E-03
  1.725000E+02  9.957224E-01  5.799401E-25  5.798644E-25 -5.310648E-03
  1.730000E+02  9.962731E-01  5.788160E-25  5.786862E-25 -4.964104E-03
  1.735000E+02  9.967859E-01  5.777674E-25  5.775907E-25 -4.616006E-03
  1.740000E+02  9.972609E-01  5.767945E-25  5.765783E-25 -4.266499E-03
  1.745000E+02  9.976981E-01  5.758966E-25  5.756479E-25 -3.915747E-03
  1.750000E+02  9.980973E-01  5.750743E-25  5.747996E-25 -3.563673E-03
  1.755000E+02  9.984587E-01  5.743278E-25  5.740329E-25 -3.210554E-03
  1.760000E+02  9.987820E-01  5.736576E-25  5.733475E-25 -2.856445E-03
  1.765000E+02  9.990674E-01  5.730646E-25  5.727434E-25 -2.501360E-03
  1.770000E+02  9.993148E-01  5.725482E-25  5.722192E-25 -2.145608E-03
  1.775000E+02  9.995241E-01  5.721108E-25  5.717765E-25 -1.789044E-03
  1.780000E+02  9.996954E-01  5.717526E-25  5.714150E-25 -1.431902E-03
  1.785000E+02  9.998287E-01  5.714727E-25  5.711331E-25 -1.074409E-03
  1.790000E+02  9.999238E-01  5.712741E-25  5.709334E-25 -7.163902E-04
  1.795000E+02  9.999810E-01  5.711545E-25  5.708133E-25 -3.581902E-04
  1.800000E+02  1.000000E+00  5.711135E-25  5.707721E-25  0.000000E+00
