 #  Scattering amplitudes (in cm)      MU=(1-cos(TH))/2
 #  Z =   1,   projectile: electron
 #  Kinetic energy = 1.00000E+07 eV
 #
 # TH (deg)      MU          Re(F)        Im(F)        Re(G)        Im(G)
 #--------------------------------------------------------------------------
  0.000E+00  0.00000E+00  0.00000E+00  0.00000E+00  0.00000E+00  0.00000E+00
  1.000E-04  7.61557E-13  0.00000E+00  0.00000E+00  0.00000E+00  0.00000E+00
  1.250E-04  1.18994E-12  0.00000E+00  0.00000E+00  0.00000E+00  0.00000E+00
  1.500E-04  1.71346E-12  0.00000E+00  0.00000E+00  0.00000E+00  0.00000E+00
  1.750E-04  2.33225E-12  0.00000E+00  0.00000E+00  0.00000E+00  0.00000E+00
  2.000E-04  3.04617E-12  0.00000E+00  0.00000E+00  0.00000E+00  0.00000E+00
  2.250E-04  3.85530E-12  0.00000E+00  0.00000E+00  0.00000E+00  0.00000E+00
  2.500E-04  4.75964E-12  0.00000E+00  0.00000E+00  0.00000E+00  0.00000E+00
  2.750E-04  5.75917E-12  0.00000E+00  0.00000E+00  0.00000E+00  0.00000E+00
  3.000E-04  6.85391E-12  0.00000E+00  0.00000E+00  0.00000E+00  0.00000E+00
  3.250E-04  8.04379E-12  0.00000E+00  0.00000E+00  0.00000E+00  0.00000E+00
  3.500E-04  9.32893E-12  0.00000E+00  0.00000E+00  0.00000E+00  0.00000E+00
  3.750E-04  1.07092E-11  0.00000E+00  0.00000E+00  0.00000E+00  0.00000E+00
  4.000E-04  1.21847E-11  0.00000E+00  0.00000E+00  0.00000E+00  0.00000E+00
  4.250E-04  1.37554E-11  0.00000E+00  0.00000E+00  0.00000E+00  0.00000E+00
  4.500E-04  1.54213E-11  0.00000E+00  0.00000E+00  0.00000E+00  0.00000E+00
  4.750E-04  1.71823E-11  0.00000E+00  0.00000E+00  0.00000E+00  0.00000E+00
  5.000E-04  1.90386E-11  0.00000E+00  0.00000E+00  0.00000E+00  0.00000E+00
  5.250E-04  2.09900E-11  0.00000E+00  0.00000E+00  0.00000E+00  0.00000E+00
  5.500E-04  2.30367E-11  0.00000E+00  0.00000E+00  0.00000E+00  0.00000E+00
  5.750E-04  2.51785E-11  0.00000E+00  0.00000E+00  0.00000E+00  0.00000E+00
  6.000E-04  2.74156E-11  0.00000E+00  0.00000E+00  0.00000E+00  0.00000E+00
  6.250E-04  2.97478E-11  0.00000E+00  0.00000E+00  0.00000E+00  0.00000E+00
  6.500E-04  3.21752E-11  0.00000E+00  0.00000E+00  0.00000E+00  0.00000E+00
  6.750E-04  3.46979E-11  0.00000E+00  0.00000E+00  0.00000E+00  0.00000E+00
  7.000E-04  3.73157E-11  0.00000E+00  0.00000E+00  0.00000E+00  0.00000E+00
  7.250E-04  4.00286E-11  0.00000E+00  0.00000E+00  0.00000E+00  0.00000E+00
  7.500E-04  4.28368E-11  0.00000E+00  0.00000E+00  0.00000E+00  0.00000E+00
  7.750E-04  4.57402E-11  0.00000E+00  0.00000E+00  0.00000E+00  0.00000E+00
  8.000E-04  4.87388E-11  0.00000E+00  0.00000E+00  0.00000E+00  0.00000E+00
  8.250E-04  5.18325E-11  0.00000E+00  0.00000E+00  0.00000E+00  0.00000E+00
  8.500E-04  5.50215E-11  0.00000E+00  0.00000E+00  0.00000E+00  0.00000E+00
  8.750E-04  5.83057E-11  0.00000E+00  0.00000E+00  0.00000E+00  0.00000E+00
  9.000E-04  6.16850E-11  0.00000E+00  0.00000E+00  0.00000E+00  0.00000E+00
  9.250E-04  6.51595E-11  0.00000E+00  0.00000E+00  0.00000E+00  0.00000E+00
  9.500E-04  6.87293E-11  0.00000E+00  0.00000E+00  0.00000E+00  0.00000E+00
  9.750E-04  7.23943E-11  0.00000E+00  0.00000E+00  0.00000E+00  0.00000E+00
  1.000E-03  7.61544E-11  0.00000E+00  0.00000E+00  0.00000E+00  0.00000E+00
  1.250E-03  1.18991E-10  0.00000E+00  0.00000E+00  0.00000E+00  0.00000E+00
  1.500E-03  1.71347E-10  0.00000E+00  0.00000E+00  0.00000E+00  0.00000E+00
  1.750E-03  2.33223E-10  0.00000E+00  0.00000E+00  0.00000E+00  0.00000E+00
  2.000E-03  3.04617E-10  0.00000E+00  0.00000E+00  0.00000E+00  0.00000E+00
  2.250E-03  3.85531E-10  0.00000E+00  0.00000E+00  0.00000E+00  0.00000E+00
  2.500E-03  4.75965E-10  0.00000E+00  0.00000E+00  0.00000E+00  0.00000E+00
  2.750E-03  5.75917E-10  0.00000E+00  0.00000E+00  0.00000E+00  0.00000E+00
  3.000E-03  6.85389E-10  0.00000E+00  0.00000E+00  0.00000E+00  0.00000E+00
  3.250E-03  8.04380E-10  0.00000E+00  0.00000E+00  0.00000E+00  0.00000E+00
  3.500E-03  9.32891E-10  0.00000E+00  0.00000E+00  0.00000E+00  0.00000E+00
  3.750E-03  1.07092E-09  0.00000E+00  0.00000E+00  0.00000E+00  0.00000E+00
  4.000E-03  1.21847E-09  0.00000E+00  0.00000E+00  0.00000E+00  0.00000E+00
  4.250E-03  1.37554E-09  0.00000E+00  0.00000E+00  0.00000E+00  0.00000E+00
  4.500E-03  1.54213E-09  0.00000E+00  0.00000E+00  0.00000E+00  0.00000E+00
  4.750E-03  1.71823E-09  0.00000E+00  0.00000E+00  0.00000E+00  0.00000E+00
  5.000E-03  1.90386E-09  0.00000E+00  0.00000E+00  0.00000E+00  0.00000E+00
  5.250E-03  2.09900E-09  0.00000E+00  0.00000E+00  0.00000E+00  0.00000E+00
  5.500E-03  2.30367E-09  0.00000E+00  0.00000E+00  0.00000E+00  0.00000E+00
  5.750E-03  2.51785E-09  0.00000E+00  0.00000E+00  0.00000E+00  0.00000E+00
  6.000E-03  2.74156E-09  0.00000E+00  0.00000E+00  0.00000E+00  0.00000E+00
  6.250E-03  2.97478E-09  0.00000E+00  0.00000E+00  0.00000E+00  0.00000E+00
  6.500E-03  3.21752E-09  0.00000E+00  0.00000E+00  0.00000E+00  0.00000E+00
  6.750E-03  3.46978E-09  0.00000E+00  0.00000E+00  0.00000E+00  0.00000E+00
  7.000E-03  3.73156E-09  0.00000E+00  0.00000E+00  0.00000E+00  0.00000E+00
  7.250E-03  4.00286E-09  0.00000E+00  0.00000E+00  0.00000E+00  0.00000E+00
  7.500E-03  4.28368E-09  0.00000E+00  0.00000E+00  0.00000E+00  0.00000E+00
  7.750E-03  4.57402E-09  0.00000E+00  0.00000E+00  0.00000E+00  0.00000E+00
  8.000E-03  4.87388E-09  0.00000E+00  0.00000E+00  0.00000E+00  0.00000E+00
  8.250E-03  5.18326E-09  0.00000E+00  0.00000E+00  0.00000E+00  0.00000E+00
  8.500E-03  5.50215E-09  0.00000E+00  0.00000E+00  0.00000E+00  0.00000E+00
  8.750E-03  5.83057E-09  0.00000E+00  0.00000E+00  0.00000E+00  0.00000E+00
  9.000E-03  6.16850E-09  0.00000E+00  0.00000E+00  0.00000E+00  0.00000E+00
  9.250E-03  6.51596E-09  0.00000E+00  0.00000E+00  0.00000E+00  0.00000E+00
  9.500E-03  6.87293E-09  0.00000E+00  0.00000E+00  0.00000E+00  0.00000E+00
  9.750E-03  7.23942E-09  0.00000E+00  0.00000E+00  0.00000E+00  0.00000E+00
  1.000E-02  7.61544E-09  0.00000E+00  0.00000E+00  0.00000E+00  0.00000E+00
  1.250E-02  1.18991E-08  0.00000E+00  0.00000E+00  0.00000E+00  0.00000E+00
  1.500E-02  1.71347E-08  0.00000E+00  0.00000E+00  0.00000E+00  0.00000E+00
  1.750E-02  2.33223E-08  0.00000E+00  0.00000E+00  0.00000E+00  0.00000E+00
  2.000E-02  3.04617E-08  0.00000E+00  0.00000E+00  0.00000E+00  0.00000E+00
  2.250E-02  3.85531E-08  0.00000E+00  0.00000E+00  0.00000E+00  0.00000E+00
  2.500E-02  4.75965E-08  0.00000E+00  0.00000E+00  0.00000E+00  0.00000E+00
  2.750E-02  5.75917E-08  0.00000E+00  0.00000E+00  0.00000E+00  0.00000E+00
  3.000E-02  6.85389E-08  0.00000E+00  0.00000E+00  0.00000E+00  0.00000E+00
  3.250E-02  8.04380E-08  0.00000E+00  0.00000E+00  0.00000E+00  0.00000E+00
  3.500E-02  9.32891E-08  0.00000E+00  0.00000E+00  0.00000E+00  0.00000E+00
  3.750E-02  1.07092E-07  0.00000E+00  0.00000E+00  0.00000E+00  0.00000E+00
  4.000E-02  1.21847E-07  0.00000E+00  0.00000E+00  0.00000E+00  0.00000E+00
  4.250E-02  1.37554E-07  0.00000E+00  0.00000E+00  0.00000E+00  0.00000E+00
  4.500E-02  1.54213E-07  0.00000E+00  0.00000E+00  0.00000E+00  0.00000E+00
  4.750E-02  1.71823E-07  0.00000E+00  0.00000E+00  0.00000E+00  0.00000E+00
  5.000E-02  1.90386E-07  0.00000E+00  0.00000E+00  0.00000E+00  0.00000E+00
  5.250E-02  2.09900E-07  0.00000E+00  0.00000E+00  0.00000E+00  0.00000E+00
  5.500E-02  2.30367E-07  0.00000E+00  0.00000E+00  0.00000E+00  0.00000E+00
  5.750E-02  2.51785E-07  0.00000E+00  0.00000E+00  0.00000E+00  0.00000E+00
  6.000E-02  2.74156E-07  0.00000E+00  0.00000E+00  0.00000E+00  0.00000E+00
  6.250E-02  2.97478E-07  0.00000E+00  0.00000E+00  0.00000E+00  0.00000E+00
  6.500E-02  3.21752E-07  0.00000E+00  0.00000E+00  0.00000E+00  0.00000E+00
  6.750E-02  3.46978E-07  0.00000E+00  0.00000E+00  0.00000E+00  0.00000E+00
  7.000E-02  3.73156E-07  0.00000E+00  0.00000E+00  0.00000E+00  0.00000E+00
  7.250E-02  4.00286E-07  0.00000E+00  0.00000E+00  0.00000E+00  0.00000E+00
  7.500E-02  4.28368E-07  0.00000E+00  0.00000E+00  0.00000E+00  0.00000E+00
  7.750E-02  4.57402E-07  0.00000E+00  0.00000E+00  0.00000E+00  0.00000E+00
  8.000E-02  4.87388E-07  0.00000E+00  0.00000E+00  0.00000E+00  0.00000E+00
  8.250E-02  5.18325E-07  0.00000E+00  0.00000E+00  0.00000E+00  0.00000E+00
  8.500E-02  5.50215E-07  0.00000E+00  0.00000E+00  0.00000E+00  0.00000E+00
  8.750E-02  5.83057E-07  0.00000E+00  0.00000E+00  0.00000E+00  0.00000E+00
  9.000E-02  6.16850E-07  0.00000E+00  0.00000E+00  0.00000E+00  0.00000E+00
  9.250E-02  6.51596E-07  0.00000E+00  0.00000E+00  0.00000E+00  0.00000E+00
  9.500E-02  6.87293E-07  0.00000E+00  0.00000E+00  0.00000E+00  0.00000E+00
  9.750E-02  7.23942E-07  0.00000E+00  0.00000E+00  0.00000E+00  0.00000E+00
  1.000E-01  7.61543E-07  0.00000E+00  0.00000E+00  0.00000E+00  0.00000E+00
  1.250E-01  1.18991E-06  0.00000E+00  0.00000E+00  0.00000E+00  0.00000E+00
  1.500E-01  1.71347E-06  0.00000E+00  0.00000E+00  0.00000E+00  0.00000E+00
  1.750E-01  2.33223E-06  0.00000E+00  0.00000E+00  0.00000E+00  0.00000E+00
  2.000E-01  3.04617E-06  0.00000E+00  0.00000E+00  0.00000E+00  0.00000E+00
  2.250E-01  3.85531E-06  0.00000E+00  0.00000E+00  0.00000E+00  0.00000E+00
  2.500E-01  4.75964E-06  0.00000E+00  0.00000E+00  0.00000E+00  0.00000E+00
  2.750E-01  5.75916E-06  0.00000E+00  0.00000E+00  0.00000E+00  0.00000E+00
  3.000E-01  6.85388E-06  0.00000E+00  0.00000E+00  0.00000E+00  0.00000E+00
  3.250E-01  8.04378E-06  0.00000E+00  0.00000E+00  0.00000E+00  0.00000E+00
  3.500E-01  9.32888E-06  0.00000E+00  0.00000E+00  0.00000E+00  0.00000E+00
  3.750E-01  1.07092E-05  0.00000E+00  0.00000E+00  0.00000E+00  0.00000E+00
  4.000E-01  1.21846E-05  0.00000E+00  0.00000E+00  0.00000E+00  0.00000E+00
  4.250E-01  1.37553E-05  0.00000E+00  0.00000E+00  0.00000E+00  0.00000E+00
  4.500E-01  1.54212E-05  0.00000E+00  0.00000E+00  0.00000E+00  0.00000E+00
  4.750E-01  1.71822E-05  0.00000E+00  0.00000E+00  0.00000E+00  0.00000E+00
  5.000E-01  1.90385E-05  0.00000E+00  0.00000E+00  0.00000E+00  0.00000E+00
  5.250E-01  2.09899E-05  0.00000E+00  0.00000E+00  0.00000E+00  0.00000E+00
  5.500E-01  2.30365E-05  0.00000E+00  0.00000E+00  0.00000E+00  0.00000E+00
  5.750E-01  2.51783E-05  0.00000E+00  0.00000E+00  0.00000E+00  0.00000E+00
  6.000E-01  2.74153E-05  0.00000E+00  0.00000E+00  0.00000E+00  0.00000E+00
  6.250E-01  2.97475E-05  0.00000E+00  0.00000E+00  0.00000E+00  0.00000E+00
  6.500E-01  3.21749E-05  0.00000E+00  0.00000E+00  0.00000E+00  0.00000E+00
  6.750E-01  3.46974E-05  0.00000E+00  0.00000E+00  0.00000E+00  0.00000E+00
  7.000E-01  3.73152E-05  0.00000E+00  0.00000E+00  0.00000E+00  0.00000E+00
  7.250E-01  4.00281E-05  0.00000E+00  0.00000E+00  0.00000E+00  0.00000E+00
  7.500E-01  4.28362E-05  0.00000E+00  0.00000E+00  0.00000E+00  0.00000E+00
  7.750E-01  4.57395E-05  0.00000E+00  0.00000E+00  0.00000E+00  0.00000E+00
  8.000E-01  4.87380E-05  0.00000E+00  0.00000E+00  0.00000E+00  0.00000E+00
  8.250E-01  5.18317E-05  0.00000E+00  0.00000E+00  0.00000E+00  0.00000E+00
  8.500E-01  5.50205E-05  0.00000E+00  0.00000E+00  0.00000E+00  0.00000E+00
  8.750E-01  5.83045E-05  0.00000E+00  0.00000E+00  0.00000E+00  0.00000E+00
  9.000E-01  6.16838E-05  0.00000E+00  0.00000E+00  0.00000E+00  0.00000E+00
  9.250E-01  6.51582E-05  0.00000E+00  0.00000E+00  0.00000E+00  0.00000E+00
  9.500E-01  6.87277E-05  0.00000E+00  0.00000E+00  0.00000E+00  0.00000E+00
  9.750E-01  7.23925E-05  0.00000E+00  0.00000E+00  0.00000E+00  0.00000E+00
  1.000E+00  7.61524E-05  0.00000E+00  0.00000E+00  0.00000E+00  0.00000E+00
  1.100E+00  9.21439E-05  0.00000E+00  0.00000E+00  0.00000E+00  0.00000E+00
  1.200E+00  1.09658E-04  0.00000E+00  0.00000E+00  0.00000E+00  0.00000E+00
  1.300E+00  1.28695E-04  0.00000E+00  0.00000E+00  0.00000E+00  0.00000E+00
  1.400E+00  1.49255E-04  0.00000E+00  0.00000E+00  0.00000E+00  0.00000E+00
  1.500E+00  1.71338E-04  0.00000E+00  0.00000E+00  0.00000E+00  0.00000E+00
  1.600E+00  1.94942E-04  0.00000E+00  0.00000E+00  0.00000E+00  0.00000E+00
  1.700E+00  2.20070E-04  0.00000E+00  0.00000E+00  0.00000E+00  0.00000E+00
  1.800E+00  2.46720E-04  0.00000E+00  0.00000E+00  0.00000E+00  0.00000E+00
  1.900E+00  2.74892E-04  0.00000E+00  0.00000E+00  0.00000E+00  0.00000E+00
  2.000E+00  3.04586E-04  0.00000E+00  0.00000E+00  0.00000E+00  0.00000E+00
  2.100E+00  3.35803E-04  0.00000E+00  0.00000E+00  0.00000E+00  0.00000E+00
  2.200E+00  3.68542E-04  0.00000E+00  0.00000E+00  0.00000E+00  0.00000E+00
  2.300E+00  4.02802E-04  0.00000E+00  0.00000E+00  0.00000E+00  0.00000E+00
  2.400E+00  4.38585E-04  0.00000E+00  0.00000E+00  0.00000E+00  0.00000E+00
  2.500E+00  4.75889E-04  0.00000E+00  0.00000E+00  0.00000E+00  0.00000E+00
  2.600E+00  5.14715E-04  0.00000E+00  0.00000E+00  0.00000E+00  0.00000E+00
  2.700E+00  5.55063E-04  0.00000E+00  0.00000E+00  0.00000E+00  0.00000E+00
  2.800E+00  5.96931E-04  0.00000E+00  0.00000E+00  0.00000E+00  0.00000E+00
  2.900E+00  6.40321E-04  0.00000E+00  0.00000E+00  0.00000E+00  0.00000E+00
  3.000E+00  6.85233E-04  0.00000E+00  0.00000E+00  0.00000E+00  0.00000E+00
  3.100E+00  7.31665E-04  0.00000E+00  0.00000E+00  0.00000E+00  0.00000E+00
  3.200E+00  7.79618E-04  0.00000E+00  0.00000E+00  0.00000E+00  0.00000E+00
  3.300E+00  8.29092E-04  0.00000E+00  0.00000E+00  0.00000E+00  0.00000E+00
  3.400E+00  8.80086E-04  0.00000E+00  0.00000E+00  0.00000E+00  0.00000E+00
  3.500E+00  9.32601E-04  0.00000E+00  0.00000E+00  0.00000E+00  0.00000E+00
  3.600E+00  9.86636E-04  0.00000E+00  0.00000E+00  0.00000E+00  0.00000E+00
  3.700E+00  1.04219E-03  0.00000E+00  0.00000E+00  0.00000E+00  0.00000E+00
  3.800E+00  1.09927E-03  0.00000E+00  0.00000E+00  0.00000E+00  0.00000E+00
  3.900E+00  1.15786E-03  0.00000E+00  0.00000E+00  0.00000E+00  0.00000E+00
  4.000E+00  1.21797E-03  0.00000E+00  0.00000E+00  0.00000E+00  0.00000E+00
  4.100E+00  1.27961E-03  0.00000E+00  0.00000E+00  0.00000E+00  0.00000E+00
  4.200E+00  1.34276E-03  0.00000E+00  0.00000E+00  0.00000E+00  0.00000E+00
  4.300E+00  1.40743E-03  0.00000E+00  0.00000E+00  0.00000E+00  0.00000E+00
  4.400E+00  1.47362E-03  0.00000E+00  0.00000E+00  0.00000E+00  0.00000E+00
  4.500E+00  1.54133E-03  0.00000E+00  0.00000E+00  0.00000E+00  0.00000E+00
  4.600E+00  1.61056E-03  0.00000E+00  0.00000E+00  0.00000E+00  0.00000E+00
  4.700E+00  1.68131E-03  0.00000E+00  0.00000E+00  0.00000E+00  0.00000E+00
  4.800E+00  1.75357E-03  0.00000E+00  0.00000E+00  0.00000E+00  0.00000E+00
  4.900E+00  1.82735E-03  0.00000E+00  0.00000E+00  0.00000E+00  0.00000E+00
  5.000E+00  1.90265E-03  0.00000E+00  0.00000E+00  0.00000E+00  0.00000E+00
  5.100E+00  1.97947E-03  0.00000E+00  0.00000E+00  0.00000E+00  0.00000E+00
  5.200E+00  2.05780E-03  0.00000E+00  0.00000E+00  0.00000E+00  0.00000E+00
  5.300E+00  2.13765E-03  0.00000E+00  0.00000E+00  0.00000E+00  0.00000E+00
  5.400E+00  2.21902E-03  0.00000E+00  0.00000E+00  0.00000E+00  0.00000E+00
  5.500E+00  2.30190E-03  0.00000E+00  0.00000E+00  0.00000E+00  0.00000E+00
  5.600E+00  2.38630E-03  0.00000E+00  0.00000E+00  0.00000E+00  0.00000E+00
  5.700E+00  2.47222E-03  0.00000E+00  0.00000E+00  0.00000E+00  0.00000E+00
  5.800E+00  2.55965E-03  0.00000E+00  0.00000E+00  0.00000E+00  0.00000E+00
  5.900E+00  2.64859E-03  0.00000E+00  0.00000E+00  0.00000E+00  0.00000E+00
  6.000E+00  2.73905E-03  0.00000E+00  0.00000E+00  0.00000E+00  0.00000E+00
  6.100E+00  2.83103E-03  0.00000E+00  0.00000E+00  0.00000E+00  0.00000E+00
  6.200E+00  2.92452E-03  0.00000E+00  0.00000E+00  0.00000E+00  0.00000E+00
  6.300E+00  3.01952E-03  0.00000E+00  0.00000E+00  0.00000E+00  0.00000E+00
  6.400E+00  3.11604E-03  0.00000E+00  0.00000E+00  0.00000E+00  0.00000E+00
  6.500E+00  3.21407E-03  0.00000E+00  0.00000E+00  0.00000E+00  0.00000E+00
  6.600E+00  3.31362E-03  0.00000E+00  0.00000E+00  0.00000E+00  0.00000E+00
  6.700E+00  3.41468E-03  0.00000E+00  0.00000E+00  0.00000E+00  0.00000E+00
  6.800E+00  3.51725E-03  0.00000E+00  0.00000E+00  0.00000E+00  0.00000E+00
  6.900E+00  3.62133E-03  0.00000E+00  0.00000E+00  0.00000E+00  0.00000E+00
  7.000E+00  3.72692E-03  0.00000E+00  0.00000E+00  0.00000E+00  0.00000E+00
  7.100E+00  3.83403E-03  0.00000E+00  0.00000E+00  0.00000E+00  0.00000E+00
  7.200E+00  3.94265E-03  0.00000E+00  0.00000E+00  0.00000E+00  0.00000E+00
  7.300E+00  4.05278E-03  0.00000E+00  0.00000E+00  0.00000E+00  0.00000E+00
  7.400E+00  4.16442E-03  0.00000E+00  0.00000E+00  0.00000E+00  0.00000E+00
  7.500E+00  4.27757E-03  0.00000E+00  0.00000E+00  0.00000E+00  0.00000E+00
  7.600E+00  4.39223E-03  0.00000E+00  0.00000E+00  0.00000E+00  0.00000E+00
  7.700E+00  4.50840E-03  0.00000E+00  0.00000E+00  0.00000E+00  0.00000E+00
  7.800E+00  4.62608E-03  0.00000E+00  0.00000E+00  0.00000E+00  0.00000E+00
  7.900E+00  4.74527E-03  0.00000E+00  0.00000E+00  0.00000E+00  0.00000E+00
  8.000E+00  4.86597E-03  0.00000E+00  0.00000E+00  0.00000E+00  0.00000E+00
  8.100E+00  4.98817E-03  0.00000E+00  0.00000E+00  0.00000E+00  0.00000E+00
  8.200E+00  5.11188E-03  0.00000E+00  0.00000E+00  0.00000E+00  0.00000E+00
  8.300E+00  5.23711E-03  0.00000E+00  0.00000E+00  0.00000E+00  0.00000E+00
  8.400E+00  5.36383E-03  0.00000E+00  0.00000E+00  0.00000E+00  0.00000E+00
  8.500E+00  5.49207E-03  0.00000E+00  0.00000E+00  0.00000E+00  0.00000E+00
  8.600E+00  5.62181E-03  0.00000E+00  0.00000E+00  0.00000E+00  0.00000E+00
  8.700E+00  5.75306E-03  0.00000E+00  0.00000E+00  0.00000E+00  0.00000E+00
  8.800E+00  5.88581E-03  0.00000E+00  0.00000E+00  0.00000E+00  0.00000E+00
  8.900E+00  6.02007E-03  0.00000E+00  0.00000E+00  0.00000E+00  0.00000E+00
  9.000E+00  6.15583E-03  0.00000E+00  0.00000E+00  0.00000E+00  0.00000E+00
  9.100E+00  6.29310E-03  0.00000E+00  0.00000E+00  0.00000E+00  0.00000E+00
  9.200E+00  6.43187E-03  0.00000E+00  0.00000E+00  0.00000E+00  0.00000E+00
  9.300E+00  6.57214E-03  0.00000E+00  0.00000E+00  0.00000E+00  0.00000E+00
  9.400E+00  6.71392E-03  0.00000E+00  0.00000E+00  0.00000E+00  0.00000E+00
  9.500E+00  6.85720E-03  0.00000E+00  0.00000E+00  0.00000E+00  0.00000E+00
  9.600E+00  7.00198E-03  0.00000E+00  0.00000E+00  0.00000E+00  0.00000E+00
  9.700E+00  7.14827E-03  0.00000E+00  0.00000E+00  0.00000E+00  0.00000E+00
  9.800E+00  7.29605E-03  0.00000E+00  0.00000E+00  0.00000E+00  0.00000E+00
  9.900E+00  7.44534E-03  0.00000E+00  0.00000E+00  0.00000E+00  0.00000E+00
  1.000E+01  7.59612E-03  0.00000E+00  0.00000E+00  0.00000E+00  0.00000E+00
  1.025E+01  7.97965E-03  0.00000E+00  0.00000E+00  0.00000E+00  0.00000E+00
  1.050E+01  8.37255E-03  0.00000E+00  0.00000E+00  0.00000E+00  0.00000E+00
  1.075E+01  8.77480E-03  0.00000E+00  0.00000E+00  0.00000E+00  0.00000E+00
  1.100E+01  9.18641E-03  0.00000E+00  0.00000E+00  0.00000E+00  0.00000E+00
  1.125E+01  9.60736E-03  0.00000E+00  0.00000E+00  0.00000E+00  0.00000E+00
  1.150E+01  1.00376E-02  0.00000E+00  0.00000E+00  0.00000E+00  0.00000E+00
  1.175E+01  1.04773E-02  0.00000E+00  0.00000E+00  0.00000E+00  0.00000E+00
  1.200E+01  1.09262E-02  0.00000E+00  0.00000E+00  0.00000E+00  0.00000E+00
  1.225E+01  1.13844E-02  0.00000E+00  0.00000E+00  0.00000E+00  0.00000E+00
  1.250E+01  1.18520E-02  0.00000E+00  0.00000E+00  0.00000E+00  0.00000E+00
  1.275E+01  1.23288E-02  0.00000E+00  0.00000E+00  0.00000E+00  0.00000E+00
  1.300E+01  1.28150E-02  0.00000E+00  0.00000E+00  0.00000E+00  0.00000E+00
  1.325E+01  1.33104E-02  0.00000E+00  0.00000E+00  0.00000E+00  0.00000E+00
  1.350E+01  1.38150E-02  0.00000E+00  0.00000E+00  0.00000E+00  0.00000E+00
  1.375E+01  1.43290E-02  0.00000E+00  0.00000E+00  0.00000E+00  0.00000E+00
  1.400E+01  1.48521E-02  0.00000E+00  0.00000E+00  0.00000E+00  0.00000E+00
  1.425E+01  1.53845E-02  0.00000E+00  0.00000E+00  0.00000E+00  0.00000E+00
  1.450E+01  1.59262E-02  0.00000E+00  0.00000E+00  0.00000E+00  0.00000E+00
  1.475E+01  1.64770E-02  0.00000E+00  0.00000E+00  0.00000E+00  0.00000E+00
  1.500E+01  1.70371E-02  0.00000E+00  0.00000E+00  0.00000E+00  0.00000E+00
  1.525E+01  1.76063E-02  0.00000E+00  0.00000E+00  0.00000E+00  0.00000E+00
  1.550E+01  1.81848E-02  0.00000E+00  0.00000E+00  0.00000E+00  0.00000E+00
  1.575E+01  1.87724E-02  0.00000E+00  0.00000E+00  0.00000E+00  0.00000E+00
  1.600E+01  1.93692E-02  0.00000E+00  0.00000E+00  0.00000E+00  0.00000E+00
  1.625E+01  1.99751E-02  0.00000E+00  0.00000E+00  0.00000E+00  0.00000E+00
  1.650E+01  2.05901E-02  0.00000E+00  0.00000E+00  0.00000E+00  0.00000E+00
  1.675E+01  2.12143E-02  0.00000E+00  0.00000E+00  0.00000E+00  0.00000E+00
  1.700E+01  2.18476E-02  0.00000E+00  0.00000E+00  0.00000E+00  0.00000E+00
  1.725E+01  2.24900E-02  0.00000E+00  0.00000E+00  0.00000E+00  0.00000E+00
  1.750E+01  2.31415E-02  0.00000E+00  0.00000E+00  0.00000E+00  0.00000E+00
  1.775E+01  2.38021E-02  0.00000E+00  0.00000E+00  0.00000E+00  0.00000E+00
  1.800E+01  2.44717E-02  0.00000E+00  0.00000E+00  0.00000E+00  0.00000E+00
  1.825E+01  2.51504E-02  0.00000E+00  0.00000E+00  0.00000E+00  0.00000E+00
  1.850E+01  2.58382E-02  0.00000E+00  0.00000E+00  0.00000E+00  0.00000E+00
  1.875E+01  2.65349E-02  0.00000E+00  0.00000E+00  0.00000E+00  0.00000E+00
  1.900E+01  2.72407E-02  0.00000E+00  0.00000E+00  0.00000E+00  0.00000E+00
  1.925E+01  2.79555E-02  0.00000E+00  0.00000E+00  0.00000E+00  0.00000E+00
  1.950E+01  2.86793E-02  0.00000E+00  0.00000E+00  0.00000E+00  0.00000E+00
  1.975E+01  2.94120E-02  0.00000E+00  0.00000E+00  0.00000E+00  0.00000E+00
  2.000E+01  3.01537E-02  0.00000E+00  0.00000E+00  0.00000E+00  0.00000E+00
  2.025E+01  3.09043E-02  0.00000E+00  0.00000E+00  0.00000E+00  0.00000E+00
  2.050E+01  3.16639E-02  0.00000E+00  0.00000E+00  0.00000E+00  0.00000E+00
  2.075E+01  3.24324E-02  0.00000E+00  0.00000E+00  0.00000E+00  0.00000E+00
  2.100E+01  3.32098E-02  0.00000E+00  0.00000E+00  0.00000E+00  0.00000E+00
  2.125E+01  3.39961E-02  0.00000E+00  0.00000E+00  0.00000E+00  0.00000E+00
  2.150E+01  3.47912E-02  0.00000E+00  0.00000E+00  0.00000E+00  0.00000E+00
  2.175E+01  3.55952E-02  0.00000E+00  0.00000E+00  0.00000E+00  0.00000E+00
  2.200E+01  3.64081E-02  0.00000E+00  0.00000E+00  0.00000E+00  0.00000E+00
  2.225E+01  3.72297E-02  0.00000E+00  0.00000E+00  0.00000E+00  0.00000E+00
  2.250E+01  3.80602E-02  0.00000E+00  0.00000E+00  0.00000E+00  0.00000E+00
  2.275E+01  3.88995E-02  0.00000E+00  0.00000E+00  0.00000E+00  0.00000E+00
  2.300E+01  3.97476E-02  0.00000E+00  0.00000E+00  0.00000E+00  0.00000E+00
  2.325E+01  4.06044E-02  0.00000E+00  0.00000E+00  0.00000E+00  0.00000E+00
  2.350E+01  4.14700E-02  0.00000E+00  0.00000E+00  0.00000E+00  0.00000E+00
  2.375E+01  4.23443E-02  0.00000E+00  0.00000E+00  0.00000E+00  0.00000E+00
  2.400E+01  4.32273E-02  0.00000E+00  0.00000E+00  0.00000E+00  0.00000E+00
  2.425E+01  4.41190E-02  0.00000E+00  0.00000E+00  0.00000E+00  0.00000E+00
  2.450E+01  4.50194E-02  0.00000E+00  0.00000E+00  0.00000E+00  0.00000E+00
  2.475E+01  4.59284E-02  0.00000E+00  0.00000E+00  0.00000E+00  0.00000E+00
  2.500E+01  4.68461E-02  0.00000E+00  0.00000E+00  0.00000E+00  0.00000E+00
  2.550E+01  4.87074E-02  0.00000E+00  0.00000E+00  0.00000E+00  0.00000E+00
  2.600E+01  5.06030E-02  0.00000E+00  0.00000E+00  0.00000E+00  0.00000E+00
  2.650E+01  5.25328E-02  0.00000E+00  0.00000E+00  0.00000E+00  0.00000E+00
  2.700E+01  5.44967E-02  0.00000E+00  0.00000E+00  0.00000E+00  0.00000E+00
  2.750E+01  5.64946E-02  0.00000E+00  0.00000E+00  0.00000E+00  0.00000E+00
  2.800E+01  5.85262E-02  0.00000E+00  0.00000E+00  0.00000E+00  0.00000E+00
  2.850E+01  6.05914E-02  0.00000E+00  0.00000E+00  0.00000E+00  0.00000E+00
  2.900E+01  6.26901E-02  0.00000E+00  0.00000E+00  0.00000E+00  0.00000E+00
  2.950E+01  6.48222E-02  0.00000E+00  0.00000E+00  0.00000E+00  0.00000E+00
  3.000E+01  6.69873E-02  0.00000E+00  0.00000E+00  0.00000E+00  0.00000E+00
  3.050E+01  6.91854E-02  0.00000E+00  0.00000E+00  0.00000E+00  0.00000E+00
  3.100E+01  7.14163E-02  0.00000E+00  0.00000E+00  0.00000E+00  0.00000E+00
  3.150E+01  7.36799E-02  0.00000E+00  0.00000E+00  0.00000E+00  0.00000E+00
  3.200E+01  7.59760E-02  0.00000E+00  0.00000E+00  0.00000E+00  0.00000E+00
  3.250E+01  7.83043E-02  0.00000E+00  0.00000E+00  0.00000E+00  0.00000E+00
  3.300E+01  8.06647E-02  0.00000E+00  0.00000E+00  0.00000E+00  0.00000E+00
  3.350E+01  8.30571E-02  0.00000E+00  0.00000E+00  0.00000E+00  0.00000E+00
  3.400E+01  8.54812E-02  0.00000E+00  0.00000E+00  0.00000E+00  0.00000E+00
  3.450E+01  8.79369E-02  0.00000E+00  0.00000E+00  0.00000E+00  0.00000E+00
  3.500E+01  9.04240E-02  0.00000E+00  0.00000E+00  0.00000E+00  0.00000E+00
  3.550E+01  9.29422E-02  0.00000E+00  0.00000E+00  0.00000E+00  0.00000E+00
  3.600E+01  9.54915E-02  0.00000E+00  0.00000E+00  0.00000E+00  0.00000E+00
  3.650E+01  9.80716E-02  0.00000E+00  0.00000E+00  0.00000E+00  0.00000E+00
  3.700E+01  1.00682E-01  0.00000E+00  0.00000E+00  0.00000E+00  0.00000E+00
  3.750E+01  1.03323E-01  0.00000E+00  0.00000E+00  0.00000E+00  0.00000E+00
  3.800E+01  1.05995E-01  0.00000E+00  0.00000E+00  0.00000E+00  0.00000E+00
  3.850E+01  1.08696E-01  0.00000E+00  0.00000E+00  0.00000E+00  0.00000E+00
  3.900E+01  1.11427E-01  0.00000E+00  0.00000E+00  0.00000E+00  0.00000E+00
  3.950E+01  1.14188E-01  0.00000E+00  0.00000E+00  0.00000E+00  0.00000E+00
  4.000E+01  1.16978E-01  0.00000E+00  0.00000E+00  0.00000E+00  0.00000E+00
  4.050E+01  1.19797E-01  0.00000E+00  0.00000E+00  0.00000E+00  0.00000E+00
  4.100E+01  1.22645E-01  0.00000E+00  0.00000E+00  0.00000E+00  0.00000E+00
  4.150E+01  1.25522E-01  0.00000E+00  0.00000E+00  0.00000E+00  0.00000E+00
  4.200E+01  1.28428E-01  0.00000E+00  0.00000E+00  0.00000E+00  0.00000E+00
  4.250E+01  1.31361E-01  0.00000E+00  0.00000E+00  0.00000E+00  0.00000E+00
  4.300E+01  1.34323E-01  0.00000E+00  0.00000E+00  0.00000E+00  0.00000E+00
  4.350E+01  1.37313E-01  0.00000E+00  0.00000E+00  0.00000E+00  0.00000E+00
  4.400E+01  1.40330E-01  0.00000E+00  0.00000E+00  0.00000E+00  0.00000E+00
  4.450E+01  1.43375E-01  0.00000E+00  0.00000E+00  0.00000E+00  0.00000E+00
  4.500E+01  1.46447E-01  0.00000E+00  0.00000E+00  0.00000E+00  0.00000E+00
  4.550E+01  1.49545E-01  0.00000E+00  0.00000E+00  0.00000E+00  0.00000E+00
  4.600E+01  1.52671E-01  0.00000E+00  0.00000E+00  0.00000E+00  0.00000E+00
  4.650E+01  1.55823E-01  0.00000E+00  0.00000E+00  0.00000E+00  0.00000E+00
  4.700E+01  1.59001E-01  0.00000E+00  0.00000E+00  0.00000E+00  0.00000E+00
  4.750E+01  1.62205E-01  0.00000E+00  0.00000E+00  0.00000E+00  0.00000E+00
  4.800E+01  1.65435E-01  0.00000E+00  0.00000E+00  0.00000E+00  0.00000E+00
  4.850E+01  1.68690E-01  0.00000E+00  0.00000E+00  0.00000E+00  0.00000E+00
  4.900E+01  1.71970E-01  0.00000E+00  0.00000E+00  0.00000E+00  0.00000E+00
  4.950E+01  1.75276E-01  0.00000E+00  0.00000E+00  0.00000E+00  0.00000E+00
  5.000E+01  1.78606E-01  0.00000E+00  0.00000E+00  0.00000E+00  0.00000E+00
  5.050E+01  1.81961E-01  0.00000E+00  0.00000E+00  0.00000E+00  0.00000E+00
  5.100E+01  1.85340E-01  0.00000E+00  0.00000E+00  0.00000E+00  0.00000E+00
  5.150E+01  1.88743E-01  0.00000E+00  0.00000E+00  0.00000E+00  0.00000E+00
  5.200E+01  1.92169E-01  0.00000E+00  0.00000E+00  0.00000E+00  0.00000E+00
  5.250E+01  1.95619E-01  0.00000E+00  0.00000E+00  0.00000E+00  0.00000E+00
  5.300E+01  1.99092E-01  0.00000E+00  0.00000E+00  0.00000E+00  0.00000E+00
  5.350E+01  2.02589E-01  0.00000E+00  0.00000E+00  0.00000E+00  0.00000E+00
  5.400E+01  2.06107E-01  0.00000E+00  0.00000E+00  0.00000E+00  0.00000E+00
  5.450E+01  2.09649E-01  0.00000E+00  0.00000E+00  0.00000E+00  0.00000E+00
  5.500E+01  2.13212E-01  0.00000E+00  0.00000E+00  0.00000E+00  0.00000E+00
  5.550E+01  2.16797E-01  0.00000E+00  0.00000E+00  0.00000E+00  0.00000E+00
  5.600E+01  2.20404E-01  0.00000E+00  0.00000E+00  0.00000E+00  0.00000E+00
  5.650E+01  2.24032E-01  0.00000E+00  0.00000E+00  0.00000E+00  0.00000E+00
  5.700E+01  2.27680E-01  0.00000E+00  0.00000E+00  0.00000E+00  0.00000E+00
  5.750E+01  2.31350E-01  0.00000E+00  0.00000E+00  0.00000E+00  0.00000E+00
  5.800E+01  2.35040E-01  0.00000E+00  0.00000E+00  0.00000E+00  0.00000E+00
  5.850E+01  2.38751E-01  0.00000E+00  0.00000E+00  0.00000E+00  0.00000E+00
  5.900E+01  2.42481E-01  0.00000E+00  0.00000E+00  0.00000E+00  0.00000E+00
  5.950E+01  2.46231E-01  0.00000E+00  0.00000E+00  0.00000E+00  0.00000E+00
  6.000E+01  2.50000E-01  0.00000E+00  0.00000E+00  0.00000E+00  0.00000E+00
  6.050E+01  2.53788E-01  0.00000E+00  0.00000E+00  0.00000E+00  0.00000E+00
  6.100E+01  2.57595E-01  0.00000E+00  0.00000E+00  0.00000E+00  0.00000E+00
  6.150E+01  2.61421E-01  0.00000E+00  0.00000E+00  0.00000E+00  0.00000E+00
  6.200E+01  2.65264E-01  0.00000E+00  0.00000E+00  0.00000E+00  0.00000E+00
  6.250E+01  2.69126E-01  0.00000E+00  0.00000E+00  0.00000E+00  0.00000E+00
  6.300E+01  2.73005E-01  0.00000E+00  0.00000E+00  0.00000E+00  0.00000E+00
  6.350E+01  2.76901E-01  0.00000E+00  0.00000E+00  0.00000E+00  0.00000E+00
  6.400E+01  2.80814E-01  0.00000E+00  0.00000E+00  0.00000E+00  0.00000E+00
  6.450E+01  2.84744E-01  0.00000E+00  0.00000E+00  0.00000E+00  0.00000E+00
  6.500E+01  2.88691E-01  0.00000E+00  0.00000E+00  0.00000E+00  0.00000E+00
  6.550E+01  2.92653E-01  0.00000E+00  0.00000E+00  0.00000E+00  0.00000E+00
  6.600E+01  2.96632E-01  0.00000E+00  0.00000E+00  0.00000E+00  0.00000E+00
  6.650E+01  3.00625E-01  0.00000E+00  0.00000E+00  0.00000E+00  0.00000E+00
  6.700E+01  3.04634E-01  0.00000E+00  0.00000E+00  0.00000E+00  0.00000E+00
  6.750E+01  3.08658E-01  0.00000E+00  0.00000E+00  0.00000E+00  0.00000E+00
  6.800E+01  3.12697E-01  0.00000E+00  0.00000E+00  0.00000E+00  0.00000E+00
  6.850E+01  3.16749E-01  0.00000E+00  0.00000E+00  0.00000E+00  0.00000E+00
  6.900E+01  3.20816E-01  0.00000E+00  0.00000E+00  0.00000E+00  0.00000E+00
  6.950E+01  3.24896E-01  0.00000E+00  0.00000E+00  0.00000E+00  0.00000E+00
  7.000E+01  3.28990E-01  0.00000E+00  0.00000E+00  0.00000E+00  0.00000E+00
  7.050E+01  3.33097E-01  0.00000E+00  0.00000E+00  0.00000E+00  0.00000E+00
  7.100E+01  3.37216E-01  0.00000E+00  0.00000E+00  0.00000E+00  0.00000E+00
  7.150E+01  3.41348E-01  0.00000E+00  0.00000E+00  0.00000E+00  0.00000E+00
  7.200E+01  3.45492E-01  0.00000E+00  0.00000E+00  0.00000E+00  0.00000E+00
  7.250E+01  3.49647E-01  0.00000E+00  0.00000E+00  0.00000E+00  0.00000E+00
  7.300E+01  3.53814E-01  0.00000E+00  0.00000E+00  0.00000E+00  0.00000E+00
  7.350E+01  3.57992E-01  0.00000E+00  0.00000E+00  0.00000E+00  0.00000E+00
  7.400E+01  3.62181E-01  0.00000E+00  0.00000E+00  0.00000E+00  0.00000E+00
  7.450E+01  3.66381E-01  0.00000E+00  0.00000E+00  0.00000E+00  0.00000E+00
  7.500E+01  3.70590E-01  0.00000E+00  0.00000E+00  0.00000E+00  0.00000E+00
  7.550E+01  3.74810E-01  0.00000E+00  0.00000E+00  0.00000E+00  0.00000E+00
  7.600E+01  3.79039E-01  0.00000E+00  0.00000E+00  0.00000E+00  0.00000E+00
  7.650E+01  3.83277E-01  0.00000E+00  0.00000E+00  0.00000E+00  0.00000E+00
  7.700E+01  3.87524E-01  0.00000E+00  0.00000E+00  0.00000E+00  0.00000E+00
  7.750E+01  3.91780E-01  0.00000E+00  0.00000E+00  0.00000E+00  0.00000E+00
  7.800E+01  3.96044E-01  0.00000E+00  0.00000E+00  0.00000E+00  0.00000E+00
  7.850E+01  4.00316E-01  0.00000E+00  0.00000E+00  0.00000E+00  0.00000E+00
  7.900E+01  4.04596E-01  0.00000E+00  0.00000E+00  0.00000E+00  0.00000E+00
  7.950E+01  4.08882E-01  0.00000E+00  0.00000E+00  0.00000E+00  0.00000E+00
  8.000E+01  4.13176E-01  0.00000E+00  0.00000E+00  0.00000E+00  0.00000E+00
  8.050E+01  4.17476E-01  0.00000E+00  0.00000E+00  0.00000E+00  0.00000E+00
  8.100E+01  4.21783E-01  0.00000E+00  0.00000E+00  0.00000E+00  0.00000E+00
  8.150E+01  4.26095E-01  0.00000E+00  0.00000E+00  0.00000E+00  0.00000E+00
  8.200E+01  4.30413E-01  0.00000E+00  0.00000E+00  0.00000E+00  0.00000E+00
  8.250E+01  4.34737E-01  0.00000E+00  0.00000E+00  0.00000E+00  0.00000E+00
  8.300E+01  4.39065E-01  0.00000E+00  0.00000E+00  0.00000E+00  0.00000E+00
  8.350E+01  4.43398E-01  0.00000E+00  0.00000E+00  0.00000E+00  0.00000E+00
  8.400E+01  4.47736E-01  0.00000E+00  0.00000E+00  0.00000E+00  0.00000E+00
  8.450E+01  4.52077E-01  0.00000E+00  0.00000E+00  0.00000E+00  0.00000E+00
  8.500E+01  4.56422E-01  0.00000E+00  0.00000E+00  0.00000E+00  0.00000E+00
  8.550E+01  4.60770E-01  0.00000E+00  0.00000E+00  0.00000E+00  0.00000E+00
  8.600E+01  4.65122E-01  0.00000E+00  0.00000E+00  0.00000E+00  0.00000E+00
  8.650E+01  4.69476E-01  0.00000E+00  0.00000E+00  0.00000E+00  0.00000E+00
  8.700E+01  4.73832E-01  0.00000E+00  0.00000E+00  0.00000E+00  0.00000E+00
  8.750E+01  4.78190E-01  0.00000E+00  0.00000E+00  0.00000E+00  0.00000E+00
  8.800E+01  4.82550E-01  0.00000E+00  0.00000E+00  0.00000E+00  0.00000E+00
  8.850E+01  4.86912E-01  0.00000E+00  0.00000E+00  0.00000E+00  0.00000E+00
  8.900E+01  4.91274E-01  0.00000E+00  0.00000E+00  0.00000E+00  0.00000E+00
  8.950E+01  4.95637E-01  0.00000E+00  0.00000E+00  0.00000E+00  0.00000E+00
  9.000E+01  5.00000E-01  0.00000E+00  0.00000E+00  0.00000E+00  0.00000E+00
  9.050E+01  5.04363E-01  0.00000E+00  0.00000E+00  0.00000E+00  0.00000E+00
  9.100E+01  5.08726E-01  0.00000E+00  0.00000E+00  0.00000E+00  0.00000E+00
  9.150E+01  5.13088E-01  0.00000E+00  0.00000E+00  0.00000E+00  0.00000E+00
  9.200E+01  5.17450E-01  0.00000E+00  0.00000E+00  0.00000E+00  0.00000E+00
  9.250E+01  5.21810E-01  0.00000E+00  0.00000E+00  0.00000E+00  0.00000E+00
  9.300E+01  5.26168E-01  0.00000E+00  0.00000E+00  0.00000E+00  0.00000E+00
  9.350E+01  5.30524E-01  0.00000E+00  0.00000E+00  0.00000E+00  0.00000E+00
  9.400E+01  5.34878E-01  0.00000E+00  0.00000E+00  0.00000E+00  0.00000E+00
  9.450E+01  5.39230E-01  0.00000E+00  0.00000E+00  0.00000E+00  0.00000E+00
  9.500E+01  5.43578E-01  0.00000E+00  0.00000E+00  0.00000E+00  0.00000E+00
  9.550E+01  5.47923E-01  0.00000E+00  0.00000E+00  0.00000E+00  0.00000E+00
  9.600E+01  5.52264E-01  0.00000E+00  0.00000E+00  0.00000E+00  0.00000E+00
  9.650E+01  5.56602E-01  0.00000E+00  0.00000E+00  0.00000E+00  0.00000E+00
  9.700E+01  5.60935E-01  0.00000E+00  0.00000E+00  0.00000E+00  0.00000E+00
  9.750E+01  5.65263E-01  0.00000E+00  0.00000E+00  0.00000E+00  0.00000E+00
  9.800E+01  5.69587E-01  0.00000E+00  0.00000E+00  0.00000E+00  0.00000E+00
  9.850E+01  5.73905E-01  0.00000E+00  0.00000E+00  0.00000E+00  0.00000E+00
  9.900E+01  5.78217E-01  0.00000E+00  0.00000E+00  0.00000E+00  0.00000E+00
  9.950E+01  5.82524E-01  0.00000E+00  0.00000E+00  0.00000E+00  0.00000E+00
  1.000E+02  5.86824E-01  0.00000E+00  0.00000E+00  0.00000E+00  0.00000E+00
  1.005E+02  5.91118E-01  0.00000E+00  0.00000E+00  0.00000E+00  0.00000E+00
  1.010E+02  5.95404E-01  0.00000E+00  0.00000E+00  0.00000E+00  0.00000E+00
  1.015E+02  5.99684E-01  0.00000E+00  0.00000E+00  0.00000E+00  0.00000E+00
  1.020E+02  6.03956E-01  0.00000E+00  0.00000E+00  0.00000E+00  0.00000E+00
  1.025E+02  6.08220E-01  0.00000E+00  0.00000E+00  0.00000E+00  0.00000E+00
  1.030E+02  6.12476E-01  0.00000E+00  0.00000E+00  0.00000E+00  0.00000E+00
  1.035E+02  6.16723E-01  0.00000E+00  0.00000E+00  0.00000E+00  0.00000E+00
  1.040E+02  6.20961E-01  0.00000E+00  0.00000E+00  0.00000E+00  0.00000E+00
  1.045E+02  6.25190E-01  0.00000E+00  0.00000E+00  0.00000E+00  0.00000E+00
  1.050E+02  6.29410E-01  0.00000E+00  0.00000E+00  0.00000E+00  0.00000E+00
  1.055E+02  6.33619E-01  0.00000E+00  0.00000E+00  0.00000E+00  0.00000E+00
  1.060E+02  6.37819E-01  0.00000E+00  0.00000E+00  0.00000E+00  0.00000E+00
  1.065E+02  6.42008E-01  0.00000E+00  0.00000E+00  0.00000E+00  0.00000E+00
  1.070E+02  6.46186E-01  0.00000E+00  0.00000E+00  0.00000E+00  0.00000E+00
  1.075E+02  6.50353E-01  0.00000E+00  0.00000E+00  0.00000E+00  0.00000E+00
  1.080E+02  6.54508E-01  0.00000E+00  0.00000E+00  0.00000E+00  0.00000E+00
  1.085E+02  6.58652E-01  0.00000E+00  0.00000E+00  0.00000E+00  0.00000E+00
  1.090E+02  6.62784E-01  0.00000E+00  0.00000E+00  0.00000E+00  0.00000E+00
  1.095E+02  6.66903E-01  0.00000E+00  0.00000E+00  0.00000E+00  0.00000E+00
  1.100E+02  6.71010E-01  0.00000E+00  0.00000E+00  0.00000E+00  0.00000E+00
  1.105E+02  6.75104E-01  0.00000E+00  0.00000E+00  0.00000E+00  0.00000E+00
  1.110E+02  6.79184E-01  0.00000E+00  0.00000E+00  0.00000E+00  0.00000E+00
  1.115E+02  6.83251E-01  0.00000E+00  0.00000E+00  0.00000E+00  0.00000E+00
  1.120E+02  6.87303E-01  0.00000E+00  0.00000E+00  0.00000E+00  0.00000E+00
  1.125E+02  6.91342E-01  0.00000E+00  0.00000E+00  0.00000E+00  0.00000E+00
  1.130E+02  6.95366E-01  0.00000E+00  0.00000E+00  0.00000E+00  0.00000E+00
  1.135E+02  6.99375E-01  0.00000E+00  0.00000E+00  0.00000E+00  0.00000E+00
  1.140E+02  7.03368E-01  0.00000E+00  0.00000E+00  0.00000E+00  0.00000E+00
  1.145E+02  7.07347E-01  0.00000E+00  0.00000E+00  0.00000E+00  0.00000E+00
  1.150E+02  7.11309E-01  0.00000E+00  0.00000E+00  0.00000E+00  0.00000E+00
  1.155E+02  7.15256E-01  0.00000E+00  0.00000E+00  0.00000E+00  0.00000E+00
  1.160E+02  7.19186E-01  0.00000E+00  0.00000E+00  0.00000E+00  0.00000E+00
  1.165E+02  7.23099E-01  0.00000E+00  0.00000E+00  0.00000E+00  0.00000E+00
  1.170E+02  7.26995E-01  0.00000E+00  0.00000E+00  0.00000E+00  0.00000E+00
  1.175E+02  7.30874E-01  0.00000E+00  0.00000E+00  0.00000E+00  0.00000E+00
  1.180E+02  7.34736E-01  0.00000E+00  0.00000E+00  0.00000E+00  0.00000E+00
  1.185E+02  7.38579E-01  0.00000E+00  0.00000E+00  0.00000E+00  0.00000E+00
  1.190E+02  7.42405E-01  0.00000E+00  0.00000E+00  0.00000E+00  0.00000E+00
  1.195E+02  7.46212E-01  0.00000E+00  0.00000E+00  0.00000E+00  0.00000E+00
  1.200E+02  7.50000E-01  0.00000E+00  0.00000E+00  0.00000E+00  0.00000E+00
  1.205E+02  7.53769E-01  0.00000E+00  0.00000E+00  0.00000E+00  0.00000E+00
  1.210E+02  7.57519E-01  0.00000E+00  0.00000E+00  0.00000E+00  0.00000E+00
  1.215E+02  7.61249E-01  0.00000E+00  0.00000E+00  0.00000E+00  0.00000E+00
  1.220E+02  7.64960E-01  0.00000E+00  0.00000E+00  0.00000E+00  0.00000E+00
  1.225E+02  7.68650E-01  0.00000E+00  0.00000E+00  0.00000E+00  0.00000E+00
  1.230E+02  7.72320E-01  0.00000E+00  0.00000E+00  0.00000E+00  0.00000E+00
  1.235E+02  7.75968E-01  0.00000E+00  0.00000E+00  0.00000E+00  0.00000E+00
  1.240E+02  7.79596E-01  0.00000E+00  0.00000E+00  0.00000E+00  0.00000E+00
  1.245E+02  7.83203E-01  0.00000E+00  0.00000E+00  0.00000E+00  0.00000E+00
  1.250E+02  7.86788E-01  0.00000E+00  0.00000E+00  0.00000E+00  0.00000E+00
  1.255E+02  7.90351E-01  0.00000E+00  0.00000E+00  0.00000E+00  0.00000E+00
  1.260E+02  7.93893E-01  0.00000E+00  0.00000E+00  0.00000E+00  0.00000E+00
  1.265E+02  7.97411E-01  0.00000E+00  0.00000E+00  0.00000E+00  0.00000E+00
  1.270E+02  8.00908E-01  0.00000E+00  0.00000E+00  0.00000E+00  0.00000E+00
  1.275E+02  8.04381E-01  0.00000E+00  0.00000E+00  0.00000E+00  0.00000E+00
  1.280E+02  8.07831E-01  0.00000E+00  0.00000E+00  0.00000E+00  0.00000E+00
  1.285E+02  8.11257E-01  0.00000E+00  0.00000E+00  0.00000E+00  0.00000E+00
  1.290E+02  8.14660E-01  0.00000E+00  0.00000E+00  0.00000E+00  0.00000E+00
  1.295E+02  8.18039E-01  0.00000E+00  0.00000E+00  0.00000E+00  0.00000E+00
  1.300E+02  8.21394E-01  0.00000E+00  0.00000E+00  0.00000E+00  0.00000E+00
  1.305E+02  8.24724E-01  0.00000E+00  0.00000E+00  0.00000E+00  0.00000E+00
  1.310E+02  8.28030E-01  0.00000E+00  0.00000E+00  0.00000E+00  0.00000E+00
  1.315E+02  8.31310E-01  0.00000E+00  0.00000E+00  0.00000E+00  0.00000E+00
  1.320E+02  8.34565E-01  0.00000E+00  0.00000E+00  0.00000E+00  0.00000E+00
  1.325E+02  8.37795E-01  0.00000E+00  0.00000E+00  0.00000E+00  0.00000E+00
  1.330E+02  8.40999E-01  0.00000E+00  0.00000E+00  0.00000E+00  0.00000E+00
  1.335E+02  8.44177E-01  0.00000E+00  0.00000E+00  0.00000E+00  0.00000E+00
  1.340E+02  8.47329E-01  0.00000E+00  0.00000E+00  0.00000E+00  0.00000E+00
  1.345E+02  8.50455E-01  0.00000E+00  0.00000E+00  0.00000E+00  0.00000E+00
  1.350E+02  8.53553E-01  0.00000E+00  0.00000E+00  0.00000E+00  0.00000E+00
  1.355E+02  8.56625E-01  0.00000E+00  0.00000E+00  0.00000E+00  0.00000E+00
  1.360E+02  8.59670E-01  0.00000E+00  0.00000E+00  0.00000E+00  0.00000E+00
  1.365E+02  8.62687E-01  0.00000E+00  0.00000E+00  0.00000E+00  0.00000E+00
  1.370E+02  8.65677E-01  0.00000E+00  0.00000E+00  0.00000E+00  0.00000E+00
  1.375E+02  8.68639E-01  0.00000E+00  0.00000E+00  0.00000E+00  0.00000E+00
  1.380E+02  8.71572E-01  0.00000E+00  0.00000E+00  0.00000E+00  0.00000E+00
  1.385E+02  8.74478E-01  0.00000E+00  0.00000E+00  0.00000E+00  0.00000E+00
  1.390E+02  8.77355E-01  0.00000E+00  0.00000E+00  0.00000E+00  0.00000E+00
  1.395E+02  8.80203E-01  0.00000E+00  0.00000E+00  0.00000E+00  0.00000E+00
  1.400E+02  8.83022E-01  0.00000E+00  0.00000E+00  0.00000E+00  0.00000E+00
  1.405E+02  8.85812E-01  0.00000E+00  0.00000E+00  0.00000E+00  0.00000E+00
  1.410E+02  8.88573E-01  0.00000E+00  0.00000E+00  0.00000E+00  0.00000E+00
  1.415E+02  8.91304E-01  0.00000E+00  0.00000E+00  0.00000E+00  0.00000E+00
  1.420E+02  8.94005E-01  0.00000E+00  0.00000E+00  0.00000E+00  0.00000E+00
  1.425E+02  8.96677E-01  0.00000E+00  0.00000E+00  0.00000E+00  0.00000E+00
  1.430E+02  8.99318E-01  0.00000E+00  0.00000E+00  0.00000E+00  0.00000E+00
  1.435E+02  9.01928E-01  0.00000E+00  0.00000E+00  0.00000E+00  0.00000E+00
  1.440E+02  9.04508E-01  0.00000E+00  0.00000E+00  0.00000E+00  0.00000E+00
  1.445E+02  9.07058E-01  0.00000E+00  0.00000E+00  0.00000E+00  0.00000E+00
  1.450E+02  9.09576E-01  0.00000E+00  0.00000E+00  0.00000E+00  0.00000E+00
  1.455E+02  9.12063E-01  0.00000E+00  0.00000E+00  0.00000E+00  0.00000E+00
  1.460E+02  9.14519E-01  0.00000E+00  0.00000E+00  0.00000E+00  0.00000E+00
  1.465E+02  9.16943E-01  0.00000E+00  0.00000E+00  0.00000E+00  0.00000E+00
  1.470E+02  9.19335E-01  0.00000E+00  0.00000E+00  0.00000E+00  0.00000E+00
  1.475E+02  9.21696E-01  0.00000E+00  0.00000E+00  0.00000E+00  0.00000E+00
  1.480E+02  9.24024E-01  0.00000E+00  0.00000E+00  0.00000E+00  0.00000E+00
  1.485E+02  9.26320E-01  0.00000E+00  0.00000E+00  0.00000E+00  0.00000E+00
  1.490E+02  9.28584E-01  0.00000E+00  0.00000E+00  0.00000E+00  0.00000E+00
  1.495E+02  9.30815E-01  0.00000E+00  0.00000E+00  0.00000E+00  0.00000E+00
  1.500E+02  9.33013E-01  0.00000E+00  0.00000E+00  0.00000E+00  0.00000E+00
  1.505E+02  9.35178E-01  0.00000E+00  0.00000E+00  0.00000E+00  0.00000E+00
  1.510E+02  9.37310E-01  0.00000E+00  0.00000E+00  0.00000E+00  0.00000E+00
  1.515E+02  9.39409E-01  0.00000E+00  0.00000E+00  0.00000E+00  0.00000E+00
  1.520E+02  9.41474E-01  0.00000E+00  0.00000E+00  0.00000E+00  0.00000E+00
  1.525E+02  9.43505E-01  0.00000E+00  0.00000E+00  0.00000E+00  0.00000E+00
  1.530E+02  9.45503E-01  0.00000E+00  0.00000E+00  0.00000E+00  0.00000E+00
  1.535E+02  9.47467E-01  0.00000E+00  0.00000E+00  0.00000E+00  0.00000E+00
  1.540E+02  9.49397E-01  0.00000E+00  0.00000E+00  0.00000E+00  0.00000E+00
  1.545E+02  9.51293E-01  0.00000E+00  0.00000E+00  0.00000E+00  0.00000E+00
  1.550E+02  9.53154E-01  0.00000E+00  0.00000E+00  0.00000E+00  0.00000E+00
  1.555E+02  9.54981E-01  0.00000E+00  0.00000E+00  0.00000E+00  0.00000E+00
  1.560E+02  9.56773E-01  0.00000E+00  0.00000E+00  0.00000E+00  0.00000E+00
  1.565E+02  9.58530E-01  0.00000E+00  0.00000E+00  0.00000E+00  0.00000E+00
  1.570E+02  9.60252E-01  0.00000E+00  0.00000E+00  0.00000E+00  0.00000E+00
  1.575E+02  9.61940E-01  0.00000E+00  0.00000E+00  0.00000E+00  0.00000E+00
  1.580E+02  9.63592E-01  0.00000E+00  0.00000E+00  0.00000E+00  0.00000E+00
  1.585E+02  9.65209E-01  0.00000E+00  0.00000E+00  0.00000E+00  0.00000E+00
  1.590E+02  9.66790E-01  0.00000E+00  0.00000E+00  0.00000E+00  0.00000E+00
  1.595E+02  9.68336E-01  0.00000E+00  0.00000E+00  0.00000E+00  0.00000E+00
  1.600E+02  9.69846E-01  0.00000E+00  0.00000E+00  0.00000E+00  0.00000E+00
  1.605E+02  9.71321E-01  0.00000E+00  0.00000E+00  0.00000E+00  0.00000E+00
  1.610E+02  9.72759E-01  0.00000E+00  0.00000E+00  0.00000E+00  0.00000E+00
  1.615E+02  9.74162E-01  0.00000E+00  0.00000E+00  0.00000E+00  0.00000E+00
  1.620E+02  9.75528E-01  0.00000E+00  0.00000E+00  0.00000E+00  0.00000E+00
  1.625E+02  9.76858E-01  0.00000E+00  0.00000E+00  0.00000E+00  0.00000E+00
  1.630E+02  9.78152E-01  0.00000E+00  0.00000E+00  0.00000E+00  0.00000E+00
  1.635E+02  9.79410E-01  0.00000E+00  0.00000E+00  0.00000E+00  0.00000E+00
  1.640E+02  9.80631E-01  0.00000E+00  0.00000E+00  0.00000E+00  0.00000E+00
  1.645E+02  9.81815E-01  0.00000E+00  0.00000E+00  0.00000E+00  0.00000E+00
  1.650E+02  9.82963E-01  0.00000E+00  0.00000E+00  0.00000E+00  0.00000E+00
  1.655E+02  9.84074E-01  0.00000E+00  0.00000E+00  0.00000E+00  0.00000E+00
  1.660E+02  9.85148E-01  0.00000E+00  0.00000E+00  0.00000E+00  0.00000E+00
  1.665E+02  9.86185E-01  0.00000E+00  0.00000E+00  0.00000E+00  0.00000E+00
  1.670E+02  9.87185E-01  0.00000E+00  0.00000E+00  0.00000E+00  0.00000E+00
  1.675E+02  9.88148E-01  0.00000E+00  0.00000E+00  0.00000E+00  0.00000E+00
  1.680E+02  9.89074E-01  0.00000E+00  0.00000E+00  0.00000E+00  0.00000E+00
  1.685E+02  9.89962E-01  0.00000E+00  0.00000E+00  0.00000E+00  0.00000E+00
  1.690E+02  9.90814E-01  0.00000E+00  0.00000E+00  0.00000E+00  0.00000E+00
  1.695E+02  9.91627E-01  0.00000E+00  0.00000E+00  0.00000E+00  0.00000E+00
  1.700E+02  9.92404E-01  0.00000E+00  0.00000E+00  0.00000E+00  0.00000E+00
  1.705E+02  9.93143E-01  0.00000E+00  0.00000E+00  0.00000E+00  0.00000E+00
  1.710E+02  9.93844E-01  0.00000E+00  0.00000E+00  0.00000E+00  0.00000E+00
  1.715E+02  9.94508E-01  0.00000E+00  0.00000E+00  0.00000E+00  0.00000E+00
  1.720E+02  9.95134E-01  0.00000E+00  0.00000E+00  0.00000E+00  0.00000E+00
  1.725E+02  9.95722E-01  0.00000E+00  0.00000E+00  0.00000E+00  0.00000E+00
  1.730E+02  9.96273E-01  0.00000E+00  0.00000E+00  0.00000E+00  0.00000E+00
  1.735E+02  9.96786E-01  0.00000E+00  0.00000E+00  0.00000E+00  0.00000E+00
  1.740E+02  9.97261E-01  0.00000E+00  0.00000E+00  0.00000E+00  0.00000E+00
  1.745E+02  9.97698E-01  0.00000E+00  0.00000E+00  0.00000E+00  0.00000E+00
  1.750E+02  9.98097E-01  0.00000E+00  0.00000E+00  0.00000E+00  0.00000E+00
  1.755E+02  9.98459E-01  0.00000E+00  0.00000E+00  0.00000E+00  0.00000E+00
  1.760E+02  9.98782E-01  0.00000E+00  0.00000E+00  0.00000E+00  0.00000E+00
  1.765E+02  9.99067E-01  0.00000E+00  0.00000E+00  0.00000E+00  0.00000E+00
  1.770E+02  9.99315E-01  0.00000E+00  0.00000E+00  0.00000E+00  0.00000E+00
  1.775E+02  9.99524E-01  0.00000E+00  0.00000E+00  0.00000E+00  0.00000E+00
  1.780E+02  9.99695E-01  0.00000E+00  0.00000E+00  0.00000E+00  0.00000E+00
  1.785E+02  9.99829E-01  0.00000E+00  0.00000E+00  0.00000E+00  0.00000E+00
  1.790E+02  9.99924E-01  0.00000E+00  0.00000E+00  0.00000E+00  0.00000E+00
  1.795E+02  9.99981E-01  0.00000E+00  0.00000E+00  0.00000E+00  0.00000E+00
  1.800E+02  1.00000E+00  0.00000E+00  0.00000E+00  0.00000E+00  0.00000E+00
