 #  Scattering field.
 #  All quantities in atomic units (a.u.), unless otherwise indicated.
 #  Z =   1, NELEC =   1,   projectile: electron
 #  Kinetic energy = 3.67493E+05 a.u. = 1.00000E+07 eV
 #
 #   i       r           r*V         r*Vst        r*Vex       r*Vpol       r*Wabs        rho_e
 #------------------------------------------------------------------------------------------------
     1  0.00000E+00 -0.00000E+00 -0.00000E+00  0.00000E+00  0.00000E+00  0.00000E+00  3.18821E-01
     2  2.05069E-07 -7.37585E-03 -7.37585E-03 -5.13587E-14  0.00000E+00  0.00000E+00  3.18821E-01
     3  4.14884E-07 -1.49216E-02 -1.49216E-02 -1.03897E-13  0.00000E+00  0.00000E+00  3.18793E-01
     4  6.29556E-07 -2.26405E-02 -2.26405E-02 -1.57642E-13  0.00000E+00  0.00000E+00  3.18765E-01
     5  8.49196E-07 -3.05353E-02 -3.05353E-02 -2.12623E-13  0.00000E+00  0.00000E+00  3.18738E-01
     6  1.07392E-06 -3.86093E-02 -3.86093E-02 -2.68869E-13  0.00000E+00  0.00000E+00  3.18713E-01
     7  1.30385E-06 -4.68655E-02 -4.68655E-02 -3.26409E-13  0.00000E+00  0.00000E+00  3.18689E-01
     8  1.53909E-06 -5.53066E-02 -5.53066E-02 -3.85275E-13  0.00000E+00  0.00000E+00  3.18666E-01
     9  1.77978E-06 -6.39356E-02 -6.39356E-02 -4.45498E-13  0.00000E+00  0.00000E+00  3.18645E-01
    10  2.02605E-06 -7.27554E-02 -7.27554E-02 -5.07110E-13  0.00000E+00  0.00000E+00  3.18625E-01
    11  2.27801E-06 -8.17687E-02 -8.17687E-02 -5.70144E-13  0.00000E+00  0.00000E+00  3.18606E-01
    12  2.53580E-06 -9.09780E-02 -9.09780E-02 -6.34633E-13  0.00000E+00  0.00000E+00  3.18589E-01
    13  2.79956E-06 -1.00386E-01 -1.00386E-01 -7.00613E-13  0.00000E+00  0.00000E+00  3.18573E-01
    14  3.06943E-06 -1.09995E-01 -1.09995E-01 -7.68119E-13  0.00000E+00  0.00000E+00  3.18559E-01
    15  3.34554E-06 -1.19807E-01 -1.19807E-01 -8.37188E-13  0.00000E+00  0.00000E+00  3.18546E-01
    16  3.62804E-06 -1.29825E-01 -1.29825E-01 -9.07855E-13  0.00000E+00  0.00000E+00  3.18535E-01
    17  3.91709E-06 -1.40050E-01 -1.40050E-01 -9.80160E-13  0.00000E+00  0.00000E+00  3.18525E-01
    18  4.21282E-06 -1.50484E-01 -1.50484E-01 -1.05414E-12  0.00000E+00  0.00000E+00  3.18517E-01
    19  4.51539E-06 -1.61128E-01 -1.61128E-01 -1.12984E-12  0.00000E+00  0.00000E+00  3.18510E-01
    20  4.82497E-06 -1.71984E-01 -1.71984E-01 -1.20729E-12  0.00000E+00  0.00000E+00  3.18504E-01
    21  5.14172E-06 -1.83054E-01 -1.83054E-01 -1.28654E-12  0.00000E+00  0.00000E+00  3.18499E-01
    22  5.46579E-06 -1.94336E-01 -1.94336E-01 -1.36763E-12  0.00000E+00  0.00000E+00  3.18496E-01
    23  5.79737E-06 -2.05833E-01 -2.05833E-01 -1.45060E-12  0.00000E+00  0.00000E+00  3.18493E-01
    24  6.13662E-06 -2.17544E-01 -2.17544E-01 -1.53550E-12  0.00000E+00  0.00000E+00  3.18492E-01
    25  6.48372E-06 -2.29468E-01 -2.29468E-01 -1.62237E-12  0.00000E+00  0.00000E+00  3.18491E-01
    26  6.83886E-06 -2.41606E-01 -2.41606E-01 -1.71126E-12  0.00000E+00  0.00000E+00  3.18490E-01
    27  7.20222E-06 -2.53956E-01 -2.53956E-01 -1.80221E-12  0.00000E+00  0.00000E+00  3.18490E-01
    28  7.57398E-06 -2.66516E-01 -2.66516E-01 -1.89527E-12  0.00000E+00  0.00000E+00  3.18490E-01
    29  7.95435E-06 -2.79284E-01 -2.79284E-01 -1.99049E-12  0.00000E+00  0.00000E+00  3.18490E-01
    30  8.34353E-06 -2.92258E-01 -2.92258E-01 -2.08792E-12  0.00000E+00  0.00000E+00  3.18489E-01
    31  8.74171E-06 -3.05435E-01 -3.05435E-01 -2.18761E-12  0.00000E+00  0.00000E+00  3.18489E-01
    32  9.14911E-06 -3.18810E-01 -3.18810E-01 -2.28961E-12  0.00000E+00  0.00000E+00  3.18489E-01
    33  9.56594E-06 -3.32380E-01 -3.32380E-01 -2.39398E-12  0.00000E+00  0.00000E+00  3.18489E-01
    34  9.99241E-06 -3.46139E-01 -3.46139E-01 -2.50078E-12  0.00000E+00  0.00000E+00  3.18488E-01
    35  1.04288E-05 -3.60082E-01 -3.60082E-01 -2.61005E-12  0.00000E+00  0.00000E+00  3.18488E-01
    36  1.08752E-05 -3.74201E-01 -3.74201E-01 -2.72186E-12  0.00000E+00  0.00000E+00  3.18488E-01
    37  1.13320E-05 -3.88490E-01 -3.88490E-01 -2.83627E-12  0.00000E+00  0.00000E+00  3.18487E-01
    38  1.17993E-05 -4.02941E-01 -4.02941E-01 -2.95334E-12  0.00000E+00  0.00000E+00  3.18487E-01
    39  1.22775E-05 -4.17544E-01 -4.17544E-01 -3.07313E-12  0.00000E+00  0.00000E+00  3.18487E-01
    40  1.27667E-05 -4.32290E-01 -4.32290E-01 -3.19570E-12  0.00000E+00  0.00000E+00  3.18486E-01
    41  1.32673E-05 -4.47167E-01 -4.47167E-01 -3.32112E-12  0.00000E+00  0.00000E+00  3.18486E-01
    42  1.37794E-05 -4.62165E-01 -4.62165E-01 -3.44946E-12  0.00000E+00  0.00000E+00  3.18485E-01
    43  1.43034E-05 -4.77270E-01 -4.77270E-01 -3.58079E-12  0.00000E+00  0.00000E+00  3.18485E-01
    44  1.48396E-05 -4.92469E-01 -4.92469E-01 -3.71517E-12  0.00000E+00  0.00000E+00  3.18484E-01
    45  1.53881E-05 -5.07747E-01 -5.07747E-01 -3.85267E-12  0.00000E+00  0.00000E+00  3.18484E-01
    46  1.59493E-05 -5.23089E-01 -5.23089E-01 -3.99338E-12  0.00000E+00  0.00000E+00  3.18483E-01
    47  1.65236E-05 -5.38477E-01 -5.38477E-01 -4.13736E-12  0.00000E+00  0.00000E+00  3.18483E-01
    48  1.71111E-05 -5.53895E-01 -5.53895E-01 -4.28469E-12  0.00000E+00  0.00000E+00  3.18482E-01
    49  1.77122E-05 -5.69324E-01 -5.69324E-01 -4.43546E-12  0.00000E+00  0.00000E+00  3.18481E-01
    50  1.83272E-05 -5.84745E-01 -5.84745E-01 -4.58973E-12  0.00000E+00  0.00000E+00  3.18481E-01
    51  1.89565E-05 -6.00137E-01 -6.00137E-01 -4.74760E-12  0.00000E+00  0.00000E+00  3.18480E-01
    52  1.96003E-05 -6.15480E-01 -6.15480E-01 -4.90915E-12  0.00000E+00  0.00000E+00  3.18479E-01
    53  2.02590E-05 -6.30751E-01 -6.30751E-01 -5.07447E-12  0.00000E+00  0.00000E+00  3.18479E-01
    54  2.09330E-05 -6.45929E-01 -6.45929E-01 -5.24364E-12  0.00000E+00  0.00000E+00  3.18478E-01
    55  2.16225E-05 -6.60990E-01 -6.60990E-01 -5.41675E-12  0.00000E+00  0.00000E+00  3.18477E-01
    56  2.23281E-05 -6.75912E-01 -6.75912E-01 -5.59390E-12  0.00000E+00  0.00000E+00  3.18476E-01
    57  2.30499E-05 -6.90670E-01 -6.90670E-01 -5.77518E-12  0.00000E+00  0.00000E+00  3.18476E-01
    58  2.37885E-05 -7.05241E-01 -7.05241E-01 -5.96068E-12  0.00000E+00  0.00000E+00  3.18475E-01
    59  2.45442E-05 -7.19601E-01 -7.19601E-01 -6.15052E-12  0.00000E+00  0.00000E+00  3.18474E-01
    60  2.53173E-05 -7.33726E-01 -7.33726E-01 -6.34478E-12  0.00000E+00  0.00000E+00  3.18473E-01
    61  2.61084E-05 -7.47594E-01 -7.47594E-01 -6.54358E-12  0.00000E+00  0.00000E+00  3.18472E-01
    62  2.69177E-05 -7.61181E-01 -7.61181E-01 -6.74701E-12  0.00000E+00  0.00000E+00  3.18472E-01
    63  2.77458E-05 -7.74466E-01 -7.74466E-01 -6.95519E-12  0.00000E+00  0.00000E+00  3.18471E-01
    64  2.85931E-05 -7.87427E-01 -7.87427E-01 -7.16823E-12  0.00000E+00  0.00000E+00  3.18470E-01
    65  2.94599E-05 -8.00043E-01 -8.00043E-01 -7.38623E-12  0.00000E+00  0.00000E+00  3.18469E-01
    66  3.03468E-05 -8.12298E-01 -8.12298E-01 -7.60933E-12  0.00000E+00  0.00000E+00  3.18468E-01
    67  3.12543E-05 -8.24172E-01 -8.24172E-01 -7.83762E-12  0.00000E+00  0.00000E+00  3.18467E-01
    68  3.21828E-05 -8.35650E-01 -8.35650E-01 -8.07124E-12  0.00000E+00  0.00000E+00  3.18466E-01
    69  3.31327E-05 -8.46717E-01 -8.46717E-01 -8.31032E-12  0.00000E+00  0.00000E+00  3.18465E-01
    70  3.41046E-05 -8.57363E-01 -8.57363E-01 -8.55496E-12  0.00000E+00  0.00000E+00  3.18464E-01
    71  3.50991E-05 -8.67576E-01 -8.67576E-01 -8.80531E-12  0.00000E+00  0.00000E+00  3.18463E-01
    72  3.61165E-05 -8.77347E-01 -8.77347E-01 -9.06149E-12  0.00000E+00  0.00000E+00  3.18462E-01
    73  3.71575E-05 -8.86672E-01 -8.86672E-01 -9.32365E-12  0.00000E+00  0.00000E+00  3.18461E-01
    74  3.82226E-05 -8.95545E-01 -8.95545E-01 -9.59191E-12  0.00000E+00  0.00000E+00  3.18460E-01
    75  3.93124E-05 -9.03966E-01 -9.03966E-01 -9.86643E-12  0.00000E+00  0.00000E+00  3.18459E-01
    76  4.04273E-05 -9.11935E-01 -9.11935E-01 -1.01473E-11  0.00000E+00  0.00000E+00  3.18458E-01
    77  4.15681E-05 -9.19453E-01 -9.19453E-01 -1.04348E-11  0.00000E+00  0.00000E+00  3.18456E-01
    78  4.27353E-05 -9.26526E-01 -9.26526E-01 -1.07289E-11  0.00000E+00  0.00000E+00  3.18455E-01
    79  4.39294E-05 -9.33161E-01 -9.33161E-01 -1.10299E-11  0.00000E+00  0.00000E+00  3.18454E-01
    80  4.51513E-05 -9.39364E-01 -9.39364E-01 -1.13379E-11  0.00000E+00  0.00000E+00  3.18453E-01
    81  4.64014E-05 -9.45148E-01 -9.45148E-01 -1.16530E-11  0.00000E+00  0.00000E+00  3.18452E-01
    82  4.76804E-05 -9.50522E-01 -9.50522E-01 -1.19755E-11  0.00000E+00  0.00000E+00  3.18451E-01
    83  4.89891E-05 -9.55501E-01 -9.55501E-01 -1.23055E-11  0.00000E+00  0.00000E+00  3.18449E-01
    84  5.03280E-05 -9.60098E-01 -9.60098E-01 -1.26431E-11  0.00000E+00  0.00000E+00  3.18448E-01
    85  5.16979E-05 -9.64330E-01 -9.64330E-01 -1.29886E-11  0.00000E+00  0.00000E+00  3.18447E-01
    86  5.30996E-05 -9.68211E-01 -9.68211E-01 -1.33421E-11  0.00000E+00  0.00000E+00  3.18445E-01
    87  5.45336E-05 -9.71759E-01 -9.71759E-01 -1.37038E-11  0.00000E+00  0.00000E+00  3.18444E-01
    88  5.60009E-05 -9.74992E-01 -9.74992E-01 -1.40739E-11  0.00000E+00  0.00000E+00  3.18443E-01
    89  5.75021E-05 -9.77927E-01 -9.77927E-01 -1.44525E-11  0.00000E+00  0.00000E+00  3.18441E-01
    90  5.90381E-05 -9.80583E-01 -9.80583E-01 -1.48400E-11  0.00000E+00  0.00000E+00  3.18440E-01
    91  6.06096E-05 -9.82976E-01 -9.82976E-01 -1.52365E-11  0.00000E+00  0.00000E+00  3.18439E-01
    92  6.22175E-05 -9.85126E-01 -9.85126E-01 -1.56421E-11  0.00000E+00  0.00000E+00  3.18437E-01
    93  6.38626E-05 -9.87050E-01 -9.87050E-01 -1.60571E-11  0.00000E+00  0.00000E+00  3.18436E-01
    94  6.55458E-05 -9.88764E-01 -9.88764E-01 -1.64818E-11  0.00000E+00  0.00000E+00  3.18434E-01
    95  6.72679E-05 -9.90287E-01 -9.90287E-01 -1.69163E-11  0.00000E+00  0.00000E+00  3.18433E-01
    96  6.90299E-05 -9.91633E-01 -9.91633E-01 -1.73609E-11  0.00000E+00  0.00000E+00  3.18431E-01
    97  7.08327E-05 -9.92820E-01 -9.92820E-01 -1.78158E-11  0.00000E+00  0.00000E+00  3.18430E-01
    98  7.26772E-05 -9.93860E-01 -9.93860E-01 -1.82812E-11  0.00000E+00  0.00000E+00  3.18428E-01
    99  7.45644E-05 -9.94769E-01 -9.94769E-01 -1.87574E-11  0.00000E+00  0.00000E+00  3.18427E-01
   100  7.64953E-05 -9.95559E-01 -9.95559E-01 -1.92446E-11  0.00000E+00  0.00000E+00  3.18425E-01
   101  7.84709E-05 -9.96244E-01 -9.96244E-01 -1.97431E-11  0.00000E+00  0.00000E+00  3.18423E-01
   102  8.04922E-05 -9.96834E-01 -9.96834E-01 -2.02531E-11  0.00000E+00  0.00000E+00  3.18422E-01
   103  8.25602E-05 -9.97341E-01 -9.97341E-01 -2.07749E-11  0.00000E+00  0.00000E+00  3.18420E-01
   104  8.46762E-05 -9.97773E-01 -9.97773E-01 -2.13088E-11  0.00000E+00  0.00000E+00  3.18418E-01
   105  8.68411E-05 -9.98140E-01 -9.98140E-01 -2.18551E-11  0.00000E+00  0.00000E+00  3.18416E-01
   106  8.90561E-05 -9.98451E-01 -9.98451E-01 -2.24140E-11  0.00000E+00  0.00000E+00  3.18414E-01
   107  9.13224E-05 -9.98712E-01 -9.98712E-01 -2.29859E-11  0.00000E+00  0.00000E+00  3.18413E-01
   108  9.36412E-05 -9.98931E-01 -9.98931E-01 -2.35710E-11  0.00000E+00  0.00000E+00  3.18411E-01
   109  9.60136E-05 -9.99113E-01 -9.99113E-01 -2.41696E-11  0.00000E+00  0.00000E+00  3.18409E-01
   110  9.84409E-05 -9.99263E-01 -9.99263E-01 -2.47821E-11  0.00000E+00  0.00000E+00  3.18407E-01
   111  1.00924E-04 -9.99387E-01 -9.99387E-01 -2.54087E-11  0.00000E+00  0.00000E+00  3.18405E-01
   112  1.03465E-04 -9.99488E-01 -9.99488E-01 -2.60498E-11  0.00000E+00  0.00000E+00  3.18403E-01
   113  1.06065E-04 -9.99570E-01 -9.99570E-01 -2.67058E-11  0.00000E+00  0.00000E+00  3.18401E-01
   114  1.08725E-04 -9.99635E-01 -9.99635E-01 -2.73770E-11  0.00000E+00  0.00000E+00  3.18399E-01
   115  1.11447E-04 -9.99688E-01 -9.99688E-01 -2.80636E-11  0.00000E+00  0.00000E+00  3.18397E-01
   116  1.14231E-04 -9.99729E-01 -9.99729E-01 -2.87662E-11  0.00000E+00  0.00000E+00  3.18394E-01
   117  1.17080E-04 -9.99762E-01 -9.99762E-01 -2.94850E-11  0.00000E+00  0.00000E+00  3.18392E-01
   118  1.19995E-04 -9.99787E-01 -9.99787E-01 -3.02204E-11  0.00000E+00  0.00000E+00  3.18390E-01
   119  1.22977E-04 -9.99806E-01 -9.99806E-01 -3.09729E-11  0.00000E+00  0.00000E+00  3.18388E-01
   120  1.26029E-04 -9.99820E-01 -9.99820E-01 -3.17428E-11  0.00000E+00  0.00000E+00  3.18385E-01
   121  1.29151E-04 -9.99830E-01 -9.99830E-01 -3.25304E-11  0.00000E+00  0.00000E+00  3.18383E-01
   122  1.32345E-04 -9.99837E-01 -9.99837E-01 -3.33363E-11  0.00000E+00  0.00000E+00  3.18380E-01
   123  1.35613E-04 -9.99842E-01 -9.99842E-01 -3.41608E-11  0.00000E+00  0.00000E+00  3.18378E-01
   124  1.38957E-04 -9.99844E-01 -9.99844E-01 -3.50044E-11  0.00000E+00  0.00000E+00  3.18375E-01
   125  1.42378E-04 -9.99845E-01 -9.99845E-01 -3.58676E-11  0.00000E+00  0.00000E+00  3.18373E-01
   126  1.45879E-04 -9.99845E-01 -9.99845E-01 -3.67506E-11  0.00000E+00  0.00000E+00  3.18370E-01
   127  1.49460E-04 -9.99844E-01 -9.99844E-01 -3.76541E-11  0.00000E+00  0.00000E+00  3.18368E-01
   128  1.53125E-04 -9.99842E-01 -9.99842E-01 -3.85785E-11  0.00000E+00  0.00000E+00  3.18365E-01
   129  1.56874E-04 -9.99840E-01 -9.99840E-01 -3.95243E-11  0.00000E+00  0.00000E+00  3.18362E-01
   130  1.60710E-04 -9.99837E-01 -9.99837E-01 -4.04920E-11  0.00000E+00  0.00000E+00  3.18359E-01
   131  1.64634E-04 -9.99834E-01 -9.99834E-01 -4.14820E-11  0.00000E+00  0.00000E+00  3.18356E-01
   132  1.68650E-04 -9.99830E-01 -9.99830E-01 -4.24949E-11  0.00000E+00  0.00000E+00  3.18353E-01
   133  1.72759E-04 -9.99826E-01 -9.99826E-01 -4.35313E-11  0.00000E+00  0.00000E+00  3.18350E-01
   134  1.76962E-04 -9.99823E-01 -9.99823E-01 -4.45916E-11  0.00000E+00  0.00000E+00  3.18347E-01
   135  1.81263E-04 -9.99818E-01 -9.99818E-01 -4.56764E-11  0.00000E+00  0.00000E+00  3.18344E-01
   136  1.85663E-04 -9.99814E-01 -9.99814E-01 -4.67864E-11  0.00000E+00  0.00000E+00  3.18341E-01
   137  1.90166E-04 -9.99810E-01 -9.99810E-01 -4.79220E-11  0.00000E+00  0.00000E+00  3.18338E-01
   138  1.94772E-04 -9.99805E-01 -9.99805E-01 -4.90838E-11  0.00000E+00  0.00000E+00  3.18334E-01
   139  1.99485E-04 -9.99800E-01 -9.99800E-01 -5.02725E-11  0.00000E+00  0.00000E+00  3.18331E-01
   140  2.04307E-04 -9.99796E-01 -9.99796E-01 -5.14888E-11  0.00000E+00  0.00000E+00  3.18327E-01
   141  2.09241E-04 -9.99791E-01 -9.99791E-01 -5.27331E-11  0.00000E+00  0.00000E+00  3.18324E-01
   142  2.14289E-04 -9.99786E-01 -9.99786E-01 -5.40062E-11  0.00000E+00  0.00000E+00  3.18320E-01
   143  2.19454E-04 -9.99781E-01 -9.99781E-01 -5.53087E-11  0.00000E+00  0.00000E+00  3.18317E-01
   144  2.24738E-04 -9.99775E-01 -9.99775E-01 -5.66414E-11  0.00000E+00  0.00000E+00  3.18313E-01
   145  2.30145E-04 -9.99770E-01 -9.99770E-01 -5.80049E-11  0.00000E+00  0.00000E+00  3.18309E-01
   146  2.35677E-04 -9.99764E-01 -9.99764E-01 -5.93999E-11  0.00000E+00  0.00000E+00  3.18305E-01
   147  2.41336E-04 -9.99759E-01 -9.99759E-01 -6.08271E-11  0.00000E+00  0.00000E+00  3.18301E-01
   148  2.47127E-04 -9.99753E-01 -9.99753E-01 -6.22874E-11  0.00000E+00  0.00000E+00  3.18297E-01
   149  2.53052E-04 -9.99747E-01 -9.99747E-01 -6.37814E-11  0.00000E+00  0.00000E+00  3.18293E-01
   150  2.59114E-04 -9.99741E-01 -9.99741E-01 -6.53100E-11  0.00000E+00  0.00000E+00  3.18289E-01
   151  2.65316E-04 -9.99735E-01 -9.99735E-01 -6.68739E-11  0.00000E+00  0.00000E+00  3.18284E-01
   152  2.71662E-04 -9.99728E-01 -9.99728E-01 -6.84739E-11  0.00000E+00  0.00000E+00  3.18280E-01
   153  2.78155E-04 -9.99722E-01 -9.99722E-01 -7.01109E-11  0.00000E+00  0.00000E+00  3.18275E-01
   154  2.84798E-04 -9.99715E-01 -9.99715E-01 -7.17858E-11  0.00000E+00  0.00000E+00  3.18271E-01
   155  2.91594E-04 -9.99708E-01 -9.99708E-01 -7.34994E-11  0.00000E+00  0.00000E+00  3.18266E-01
   156  2.98548E-04 -9.99701E-01 -9.99701E-01 -7.52526E-11  0.00000E+00  0.00000E+00  3.18261E-01
   157  3.05663E-04 -9.99694E-01 -9.99694E-01 -7.70463E-11  0.00000E+00  0.00000E+00  3.18256E-01
   158  3.12943E-04 -9.99687E-01 -9.99687E-01 -7.88815E-11  0.00000E+00  0.00000E+00  3.18251E-01
   159  3.20391E-04 -9.99680E-01 -9.99680E-01 -8.07591E-11  0.00000E+00  0.00000E+00  3.18246E-01
   160  3.28011E-04 -9.99672E-01 -9.99672E-01 -8.26801E-11  0.00000E+00  0.00000E+00  3.18241E-01
   161  3.35808E-04 -9.99664E-01 -9.99664E-01 -8.46455E-11  0.00000E+00  0.00000E+00  3.18235E-01
   162  3.43785E-04 -9.99656E-01 -9.99656E-01 -8.66563E-11  0.00000E+00  0.00000E+00  3.18230E-01
   163  3.51947E-04 -9.99648E-01 -9.99648E-01 -8.87136E-11  0.00000E+00  0.00000E+00  3.18224E-01
   164  3.60298E-04 -9.99640E-01 -9.99640E-01 -9.08184E-11  0.00000E+00  0.00000E+00  3.18219E-01
   165  3.68842E-04 -9.99631E-01 -9.99631E-01 -9.29719E-11  0.00000E+00  0.00000E+00  3.18213E-01
   166  3.77584E-04 -9.99622E-01 -9.99622E-01 -9.51751E-11  0.00000E+00  0.00000E+00  3.18207E-01
   167  3.86528E-04 -9.99613E-01 -9.99613E-01 -9.74292E-11  0.00000E+00  0.00000E+00  3.18201E-01
   168  3.95679E-04 -9.99604E-01 -9.99604E-01 -9.97355E-11  0.00000E+00  0.00000E+00  3.18195E-01
   169  4.05042E-04 -9.99595E-01 -9.99595E-01 -1.02095E-10  0.00000E+00  0.00000E+00  3.18188E-01
   170  4.14622E-04 -9.99585E-01 -9.99585E-01 -1.04509E-10  0.00000E+00  0.00000E+00  3.18182E-01
   171  4.24423E-04 -9.99576E-01 -9.99576E-01 -1.06979E-10  0.00000E+00  0.00000E+00  3.18175E-01
   172  4.34452E-04 -9.99566E-01 -9.99566E-01 -1.09506E-10  0.00000E+00  0.00000E+00  3.18168E-01
   173  4.44712E-04 -9.99555E-01 -9.99555E-01 -1.12091E-10  0.00000E+00  0.00000E+00  3.18161E-01
   174  4.55210E-04 -9.99545E-01 -9.99545E-01 -1.14736E-10  0.00000E+00  0.00000E+00  3.18154E-01
   175  4.65950E-04 -9.99534E-01 -9.99534E-01 -1.17442E-10  0.00000E+00  0.00000E+00  3.18147E-01
   176  4.76940E-04 -9.99523E-01 -9.99523E-01 -1.20210E-10  0.00000E+00  0.00000E+00  3.18140E-01
   177  4.88183E-04 -9.99512E-01 -9.99512E-01 -1.23043E-10  0.00000E+00  0.00000E+00  3.18132E-01
   178  4.99687E-04 -9.99500E-01 -9.99500E-01 -1.25941E-10  0.00000E+00  0.00000E+00  3.18124E-01
   179  5.11457E-04 -9.99489E-01 -9.99489E-01 -1.28906E-10  0.00000E+00  0.00000E+00  3.18117E-01
   180  5.23500E-04 -9.99476E-01 -9.99476E-01 -1.31939E-10  0.00000E+00  0.00000E+00  3.18109E-01
   181  5.35821E-04 -9.99464E-01 -9.99464E-01 -1.35042E-10  0.00000E+00  0.00000E+00  3.18100E-01
   182  5.48427E-04 -9.99452E-01 -9.99452E-01 -1.38217E-10  0.00000E+00  0.00000E+00  3.18092E-01
   183  5.61325E-04 -9.99439E-01 -9.99439E-01 -1.41466E-10  0.00000E+00  0.00000E+00  3.18083E-01
   184  5.74522E-04 -9.99425E-01 -9.99425E-01 -1.44789E-10  0.00000E+00  0.00000E+00  3.18075E-01
   185  5.88024E-04 -9.99412E-01 -9.99412E-01 -1.48189E-10  0.00000E+00  0.00000E+00  3.18066E-01
   186  6.01839E-04 -9.99398E-01 -9.99398E-01 -1.51667E-10  0.00000E+00  0.00000E+00  3.18056E-01
   187  6.15973E-04 -9.99384E-01 -9.99384E-01 -1.55226E-10  0.00000E+00  0.00000E+00  3.18047E-01
   188  6.30434E-04 -9.99370E-01 -9.99370E-01 -1.58867E-10  0.00000E+00  0.00000E+00  3.18037E-01
   189  6.45230E-04 -9.99355E-01 -9.99355E-01 -1.62592E-10  0.00000E+00  0.00000E+00  3.18028E-01
   190  6.60369E-04 -9.99340E-01 -9.99340E-01 -1.66403E-10  0.00000E+00  0.00000E+00  3.18018E-01
   191  6.75858E-04 -9.99324E-01 -9.99324E-01 -1.70302E-10  0.00000E+00  0.00000E+00  3.18007E-01
   192  6.91705E-04 -9.99308E-01 -9.99308E-01 -1.74291E-10  0.00000E+00  0.00000E+00  3.17997E-01
   193  7.07919E-04 -9.99292E-01 -9.99292E-01 -1.78372E-10  0.00000E+00  0.00000E+00  3.17986E-01
   194  7.24508E-04 -9.99275E-01 -9.99275E-01 -1.82547E-10  0.00000E+00  0.00000E+00  3.17975E-01
   195  7.41482E-04 -9.99258E-01 -9.99258E-01 -1.86819E-10  0.00000E+00  0.00000E+00  3.17964E-01
   196  7.58848E-04 -9.99241E-01 -9.99241E-01 -1.91189E-10  0.00000E+00  0.00000E+00  3.17953E-01
   197  7.76616E-04 -9.99223E-01 -9.99223E-01 -1.95660E-10  0.00000E+00  0.00000E+00  3.17941E-01
   198  7.94795E-04 -9.99205E-01 -9.99205E-01 -2.00234E-10  0.00000E+00  0.00000E+00  3.17929E-01
   199  8.13395E-04 -9.99187E-01 -9.99187E-01 -2.04913E-10  0.00000E+00  0.00000E+00  3.17917E-01
   200  8.32425E-04 -9.99168E-01 -9.99168E-01 -2.09701E-10  0.00000E+00  0.00000E+00  3.17904E-01
   201  8.51896E-04 -9.99148E-01 -9.99148E-01 -2.14599E-10  0.00000E+00  0.00000E+00  3.17891E-01
   202  8.71817E-04 -9.99128E-01 -9.99128E-01 -2.19609E-10  0.00000E+00  0.00000E+00  3.17878E-01
   203  8.92199E-04 -9.99108E-01 -9.99108E-01 -2.24736E-10  0.00000E+00  0.00000E+00  3.17865E-01
   204  9.13054E-04 -9.99087E-01 -9.99087E-01 -2.29980E-10  0.00000E+00  0.00000E+00  3.17851E-01
   205  9.34390E-04 -9.99066E-01 -9.99066E-01 -2.35346E-10  0.00000E+00  0.00000E+00  3.17837E-01
   206  9.56221E-04 -9.99044E-01 -9.99044E-01 -2.40835E-10  0.00000E+00  0.00000E+00  3.17823E-01
   207  9.78556E-04 -9.99021E-01 -9.99021E-01 -2.46451E-10  0.00000E+00  0.00000E+00  3.17809E-01
   208  1.00141E-03 -9.98999E-01 -9.98999E-01 -2.52196E-10  0.00000E+00  0.00000E+00  3.17794E-01
   209  1.02479E-03 -9.98975E-01 -9.98975E-01 -2.58073E-10  0.00000E+00  0.00000E+00  3.17778E-01
   210  1.04871E-03 -9.98951E-01 -9.98951E-01 -2.64086E-10  0.00000E+00  0.00000E+00  3.17763E-01
   211  1.07319E-03 -9.98927E-01 -9.98927E-01 -2.70238E-10  0.00000E+00  0.00000E+00  3.17747E-01
   212  1.09823E-03 -9.98902E-01 -9.98902E-01 -2.76531E-10  0.00000E+00  0.00000E+00  3.17731E-01
   213  1.12385E-03 -9.98876E-01 -9.98876E-01 -2.82969E-10  0.00000E+00  0.00000E+00  3.17714E-01
   214  1.15007E-03 -9.98850E-01 -9.98850E-01 -2.89556E-10  0.00000E+00  0.00000E+00  3.17697E-01
   215  1.17689E-03 -9.98823E-01 -9.98823E-01 -2.96294E-10  0.00000E+00  0.00000E+00  3.17679E-01
   216  1.20433E-03 -9.98796E-01 -9.98796E-01 -3.03187E-10  0.00000E+00  0.00000E+00  3.17662E-01
   217  1.23241E-03 -9.98768E-01 -9.98768E-01 -3.10239E-10  0.00000E+00  0.00000E+00  3.17643E-01
   218  1.26114E-03 -9.98739E-01 -9.98739E-01 -3.17454E-10  0.00000E+00  0.00000E+00  3.17625E-01
   219  1.29053E-03 -9.98709E-01 -9.98709E-01 -3.24834E-10  0.00000E+00  0.00000E+00  3.17606E-01
   220  1.32060E-03 -9.98679E-01 -9.98679E-01 -3.32385E-10  0.00000E+00  0.00000E+00  3.17586E-01
   221  1.35137E-03 -9.98649E-01 -9.98649E-01 -3.40109E-10  0.00000E+00  0.00000E+00  3.17566E-01
   222  1.38285E-03 -9.98617E-01 -9.98617E-01 -3.48011E-10  0.00000E+00  0.00000E+00  3.17546E-01
   223  1.41506E-03 -9.98585E-01 -9.98585E-01 -3.56095E-10  0.00000E+00  0.00000E+00  3.17525E-01
   224  1.44801E-03 -9.98552E-01 -9.98552E-01 -3.64364E-10  0.00000E+00  0.00000E+00  3.17504E-01
   225  1.48173E-03 -9.98518E-01 -9.98518E-01 -3.72824E-10  0.00000E+00  0.00000E+00  3.17482E-01
   226  1.51623E-03 -9.98484E-01 -9.98484E-01 -3.81479E-10  0.00000E+00  0.00000E+00  3.17460E-01
   227  1.55152E-03 -9.98448E-01 -9.98448E-01 -3.90333E-10  0.00000E+00  0.00000E+00  3.17437E-01
   228  1.58763E-03 -9.98412E-01 -9.98412E-01 -3.99390E-10  0.00000E+00  0.00000E+00  3.17414E-01
   229  1.62458E-03 -9.98375E-01 -9.98375E-01 -4.08655E-10  0.00000E+00  0.00000E+00  3.17390E-01
   230  1.66238E-03 -9.98338E-01 -9.98338E-01 -4.18133E-10  0.00000E+00  0.00000E+00  3.17365E-01
   231  1.70106E-03 -9.98299E-01 -9.98299E-01 -4.27830E-10  0.00000E+00  0.00000E+00  3.17340E-01
   232  1.74063E-03 -9.98259E-01 -9.98259E-01 -4.37749E-10  0.00000E+00  0.00000E+00  3.17315E-01
   233  1.78112E-03 -9.98219E-01 -9.98219E-01 -4.47896E-10  0.00000E+00  0.00000E+00  3.17289E-01
   234  1.82254E-03 -9.98177E-01 -9.98177E-01 -4.58275E-10  0.00000E+00  0.00000E+00  3.17262E-01
   235  1.86493E-03 -9.98135E-01 -9.98135E-01 -4.68894E-10  0.00000E+00  0.00000E+00  3.17235E-01
   236  1.90829E-03 -9.98092E-01 -9.98092E-01 -4.79756E-10  0.00000E+00  0.00000E+00  3.17207E-01
   237  1.95266E-03 -9.98047E-01 -9.98047E-01 -4.90868E-10  0.00000E+00  0.00000E+00  3.17178E-01
   238  1.99805E-03 -9.98002E-01 -9.98002E-01 -5.02234E-10  0.00000E+00  0.00000E+00  3.17149E-01
   239  2.04450E-03 -9.97955E-01 -9.97955E-01 -5.13862E-10  0.00000E+00  0.00000E+00  3.17119E-01
   240  2.09202E-03 -9.97908E-01 -9.97908E-01 -5.25756E-10  0.00000E+00  0.00000E+00  3.17089E-01
   241  2.14064E-03 -9.97859E-01 -9.97859E-01 -5.37923E-10  0.00000E+00  0.00000E+00  3.17058E-01
   242  2.19038E-03 -9.97810E-01 -9.97810E-01 -5.50369E-10  0.00000E+00  0.00000E+00  3.17026E-01
   243  2.24127E-03 -9.97759E-01 -9.97759E-01 -5.63101E-10  0.00000E+00  0.00000E+00  3.16993E-01
   244  2.29335E-03 -9.97707E-01 -9.97707E-01 -5.76124E-10  0.00000E+00  0.00000E+00  3.16960E-01
   245  2.34662E-03 -9.97653E-01 -9.97653E-01 -5.89446E-10  0.00000E+00  0.00000E+00  3.16926E-01
   246  2.40113E-03 -9.97599E-01 -9.97599E-01 -6.03073E-10  0.00000E+00  0.00000E+00  3.16891E-01
   247  2.45690E-03 -9.97543E-01 -9.97543E-01 -6.17013E-10  0.00000E+00  0.00000E+00  3.16855E-01
   248  2.51397E-03 -9.97486E-01 -9.97486E-01 -6.31272E-10  0.00000E+00  0.00000E+00  3.16818E-01
   249  2.57235E-03 -9.97428E-01 -9.97428E-01 -6.45857E-10  0.00000E+00  0.00000E+00  3.16781E-01
   250  2.63208E-03 -9.97368E-01 -9.97368E-01 -6.60776E-10  0.00000E+00  0.00000E+00  3.16743E-01
   251  2.69319E-03 -9.97307E-01 -9.97307E-01 -6.76037E-10  0.00000E+00  0.00000E+00  3.16704E-01
   252  2.75572E-03 -9.97244E-01 -9.97244E-01 -6.91647E-10  0.00000E+00  0.00000E+00  3.16664E-01
   253  2.81970E-03 -9.97180E-01 -9.97180E-01 -7.07614E-10  0.00000E+00  0.00000E+00  3.16623E-01
   254  2.88515E-03 -9.97115E-01 -9.97115E-01 -7.23946E-10  0.00000E+00  0.00000E+00  3.16581E-01
   255  2.95212E-03 -9.97048E-01 -9.97048E-01 -7.40651E-10  0.00000E+00  0.00000E+00  3.16538E-01
   256  3.02064E-03 -9.96979E-01 -9.96979E-01 -7.57739E-10  0.00000E+00  0.00000E+00  3.16494E-01
   257  3.09075E-03 -9.96909E-01 -9.96909E-01 -7.75216E-10  0.00000E+00  0.00000E+00  3.16450E-01
   258  3.16247E-03 -9.96837E-01 -9.96837E-01 -7.93093E-10  0.00000E+00  0.00000E+00  3.16404E-01
   259  3.23586E-03 -9.96764E-01 -9.96764E-01 -8.11379E-10  0.00000E+00  0.00000E+00  3.16357E-01
   260  3.31094E-03 -9.96689E-01 -9.96689E-01 -8.30081E-10  0.00000E+00  0.00000E+00  3.16309E-01
   261  3.38776E-03 -9.96612E-01 -9.96612E-01 -8.49211E-10  0.00000E+00  0.00000E+00  3.16260E-01
   262  3.46636E-03 -9.96534E-01 -9.96534E-01 -8.68777E-10  0.00000E+00  0.00000E+00  3.16210E-01
   263  3.54678E-03 -9.96453E-01 -9.96453E-01 -8.88789E-10  0.00000E+00  0.00000E+00  3.16159E-01
   264  3.62906E-03 -9.96371E-01 -9.96371E-01 -9.09258E-10  0.00000E+00  0.00000E+00  3.16106E-01
   265  3.71324E-03 -9.96287E-01 -9.96287E-01 -9.30193E-10  0.00000E+00  0.00000E+00  3.16053E-01
   266  3.79936E-03 -9.96201E-01 -9.96201E-01 -9.51605E-10  0.00000E+00  0.00000E+00  3.15998E-01
   267  3.88748E-03 -9.96112E-01 -9.96112E-01 -9.73504E-10  0.00000E+00  0.00000E+00  3.15942E-01
   268  3.97764E-03 -9.96022E-01 -9.96022E-01 -9.95902E-10  0.00000E+00  0.00000E+00  3.15884E-01
   269  4.06989E-03 -9.95930E-01 -9.95930E-01 -1.01881E-09  0.00000E+00  0.00000E+00  3.15826E-01
   270  4.16426E-03 -9.95836E-01 -9.95836E-01 -1.04224E-09  0.00000E+00  0.00000E+00  3.15766E-01
   271  4.26083E-03 -9.95739E-01 -9.95739E-01 -1.06620E-09  0.00000E+00  0.00000E+00  3.15704E-01
   272  4.35962E-03 -9.95640E-01 -9.95640E-01 -1.09071E-09  0.00000E+00  0.00000E+00  3.15642E-01
   273  4.46070E-03 -9.95539E-01 -9.95539E-01 -1.11577E-09  0.00000E+00  0.00000E+00  3.15578E-01
   274  4.56412E-03 -9.95436E-01 -9.95436E-01 -1.14140E-09  0.00000E+00  0.00000E+00  3.15512E-01
   275  4.66993E-03 -9.95330E-01 -9.95330E-01 -1.16762E-09  0.00000E+00  0.00000E+00  3.15445E-01
   276  4.77819E-03 -9.95222E-01 -9.95222E-01 -1.19443E-09  0.00000E+00  0.00000E+00  3.15376E-01
   277  4.88895E-03 -9.95111E-01 -9.95111E-01 -1.22184E-09  0.00000E+00  0.00000E+00  3.15306E-01
   278  5.00227E-03 -9.94998E-01 -9.94998E-01 -1.24988E-09  0.00000E+00  0.00000E+00  3.15234E-01
   279  5.11822E-03 -9.94882E-01 -9.94882E-01 -1.27856E-09  0.00000E+00  0.00000E+00  3.15161E-01
   280  5.23685E-03 -9.94763E-01 -9.94763E-01 -1.30788E-09  0.00000E+00  0.00000E+00  3.15085E-01
   281  5.35822E-03 -9.94642E-01 -9.94642E-01 -1.33787E-09  0.00000E+00  0.00000E+00  3.15008E-01
   282  5.48239E-03 -9.94518E-01 -9.94518E-01 -1.36853E-09  0.00000E+00  0.00000E+00  3.14930E-01
   283  5.60944E-03 -9.94391E-01 -9.94391E-01 -1.39989E-09  0.00000E+00  0.00000E+00  3.14849E-01
   284  5.73943E-03 -9.94261E-01 -9.94261E-01 -1.43196E-09  0.00000E+00  0.00000E+00  3.14767E-01
   285  5.87243E-03 -9.94128E-01 -9.94128E-01 -1.46475E-09  0.00000E+00  0.00000E+00  3.14683E-01
   286  6.00850E-03 -9.93991E-01 -9.93991E-01 -1.49828E-09  0.00000E+00  0.00000E+00  3.14597E-01
   287  6.14771E-03 -9.93852E-01 -9.93852E-01 -1.53257E-09  0.00000E+00  0.00000E+00  3.14509E-01
   288  6.29015E-03 -9.93710E-01 -9.93710E-01 -1.56763E-09  0.00000E+00  0.00000E+00  3.14419E-01
   289  6.43588E-03 -9.93564E-01 -9.93564E-01 -1.60348E-09  0.00000E+00  0.00000E+00  3.14327E-01
   290  6.58498E-03 -9.93415E-01 -9.93415E-01 -1.64014E-09  0.00000E+00  0.00000E+00  3.14233E-01
   291  6.73753E-03 -9.93262E-01 -9.93262E-01 -1.67762E-09  0.00000E+00  0.00000E+00  3.14137E-01
   292  6.89361E-03 -9.93106E-01 -9.93106E-01 -1.71595E-09  0.00000E+00  0.00000E+00  3.14038E-01
   293  7.05329E-03 -9.92947E-01 -9.92947E-01 -1.75513E-09  0.00000E+00  0.00000E+00  3.13938E-01
   294  7.21667E-03 -9.92783E-01 -9.92783E-01 -1.79520E-09  0.00000E+00  0.00000E+00  3.13835E-01
   295  7.38383E-03 -9.92616E-01 -9.92616E-01 -1.83617E-09  0.00000E+00  0.00000E+00  3.13730E-01
   296  7.55485E-03 -9.92445E-01 -9.92445E-01 -1.87805E-09  0.00000E+00  0.00000E+00  3.13622E-01
   297  7.72982E-03 -9.92270E-01 -9.92270E-01 -1.92088E-09  0.00000E+00  0.00000E+00  3.13512E-01
   298  7.90884E-03 -9.92091E-01 -9.92091E-01 -1.96466E-09  0.00000E+00  0.00000E+00  3.13399E-01
   299  8.09200E-03 -9.91908E-01 -9.91908E-01 -2.00942E-09  0.00000E+00  0.00000E+00  3.13284E-01
   300  8.27940E-03 -9.91721E-01 -9.91721E-01 -2.05518E-09  0.00000E+00  0.00000E+00  3.13166E-01
   301  8.47112E-03 -9.91529E-01 -9.91529E-01 -2.10197E-09  0.00000E+00  0.00000E+00  3.13046E-01
   302  8.66728E-03 -9.91333E-01 -9.91333E-01 -2.14980E-09  0.00000E+00  0.00000E+00  3.12923E-01
   303  8.86798E-03 -9.91132E-01 -9.91132E-01 -2.19869E-09  0.00000E+00  0.00000E+00  3.12797E-01
   304  9.07331E-03 -9.90927E-01 -9.90927E-01 -2.24868E-09  0.00000E+00  0.00000E+00  3.12668E-01
   305  9.28339E-03 -9.90717E-01 -9.90717E-01 -2.29978E-09  0.00000E+00  0.00000E+00  3.12536E-01
   306  9.49833E-03 -9.90502E-01 -9.90502E-01 -2.35201E-09  0.00000E+00  0.00000E+00  3.12401E-01
   307  9.71824E-03 -9.90282E-01 -9.90282E-01 -2.40540E-09  0.00000E+00  0.00000E+00  3.12264E-01
   308  9.94323E-03 -9.90057E-01 -9.90057E-01 -2.45998E-09  0.00000E+00  0.00000E+00  3.12123E-01
   309  1.01734E-02 -9.89827E-01 -9.89827E-01 -2.51577E-09  0.00000E+00  0.00000E+00  3.11979E-01
   310  1.04089E-02 -9.89592E-01 -9.89592E-01 -2.57280E-09  0.00000E+00  0.00000E+00  3.11831E-01
   311  1.06499E-02 -9.89351E-01 -9.89351E-01 -2.63108E-09  0.00000E+00  0.00000E+00  3.11681E-01
   312  1.08964E-02 -9.89104E-01 -9.89104E-01 -2.69066E-09  0.00000E+00  0.00000E+00  3.11527E-01
   313  1.11486E-02 -9.88852E-01 -9.88852E-01 -2.75155E-09  0.00000E+00  0.00000E+00  3.11369E-01
   314  1.14067E-02 -9.88594E-01 -9.88594E-01 -2.81378E-09  0.00000E+00  0.00000E+00  3.11208E-01
   315  1.16707E-02 -9.88330E-01 -9.88330E-01 -2.87739E-09  0.00000E+00  0.00000E+00  3.11044E-01
   316  1.19408E-02 -9.88060E-01 -9.88060E-01 -2.94239E-09  0.00000E+00  0.00000E+00  3.10875E-01
   317  1.22172E-02 -9.87784E-01 -9.87784E-01 -3.00883E-09  0.00000E+00  0.00000E+00  3.10703E-01
   318  1.24999E-02 -9.87501E-01 -9.87501E-01 -3.07672E-09  0.00000E+00  0.00000E+00  3.10527E-01
   319  1.27892E-02 -9.87212E-01 -9.87212E-01 -3.14609E-09  0.00000E+00  0.00000E+00  3.10347E-01
   320  1.30851E-02 -9.86916E-01 -9.86916E-01 -3.21699E-09  0.00000E+00  0.00000E+00  3.10163E-01
   321  1.33879E-02 -9.86613E-01 -9.86613E-01 -3.28944E-09  0.00000E+00  0.00000E+00  3.09975E-01
   322  1.36977E-02 -9.86304E-01 -9.86304E-01 -3.36347E-09  0.00000E+00  0.00000E+00  3.09783E-01
   323  1.40147E-02 -9.85987E-01 -9.85987E-01 -3.43911E-09  0.00000E+00  0.00000E+00  3.09586E-01
   324  1.43389E-02 -9.85663E-01 -9.85663E-01 -3.51640E-09  0.00000E+00  0.00000E+00  3.09385E-01
   325  1.46707E-02 -9.85331E-01 -9.85331E-01 -3.59537E-09  0.00000E+00  0.00000E+00  3.09179E-01
   326  1.50101E-02 -9.84992E-01 -9.84992E-01 -3.67606E-09  0.00000E+00  0.00000E+00  3.08969E-01
   327  1.53574E-02 -9.84645E-01 -9.84645E-01 -3.75849E-09  0.00000E+00  0.00000E+00  3.08754E-01
   328  1.57127E-02 -9.84289E-01 -9.84289E-01 -3.84271E-09  0.00000E+00  0.00000E+00  3.08534E-01
   329  1.60762E-02 -9.83926E-01 -9.83926E-01 -3.92874E-09  0.00000E+00  0.00000E+00  3.08310E-01
   330  1.64481E-02 -9.83554E-01 -9.83554E-01 -4.01663E-09  0.00000E+00  0.00000E+00  3.08080E-01
   331  1.68285E-02 -9.83174E-01 -9.83174E-01 -4.10642E-09  0.00000E+00  0.00000E+00  3.07846E-01
   332  1.72178E-02 -9.82785E-01 -9.82785E-01 -4.19813E-09  0.00000E+00  0.00000E+00  3.07606E-01
   333  1.76161E-02 -9.82387E-01 -9.82387E-01 -4.29181E-09  0.00000E+00  0.00000E+00  3.07360E-01
   334  1.80235E-02 -9.81980E-01 -9.81980E-01 -4.38750E-09  0.00000E+00  0.00000E+00  3.07110E-01
   335  1.84404E-02 -9.81563E-01 -9.81563E-01 -4.48523E-09  0.00000E+00  0.00000E+00  3.06853E-01
   336  1.88668E-02 -9.81137E-01 -9.81137E-01 -4.58504E-09  0.00000E+00  0.00000E+00  3.06591E-01
   337  1.93032E-02 -9.80701E-01 -9.80701E-01 -4.68698E-09  0.00000E+00  0.00000E+00  3.06323E-01
   338  1.97496E-02 -9.80255E-01 -9.80255E-01 -4.79109E-09  0.00000E+00  0.00000E+00  3.06050E-01
   339  2.02063E-02 -9.79799E-01 -9.79799E-01 -4.89740E-09  0.00000E+00  0.00000E+00  3.05770E-01
   340  2.06735E-02 -9.79332E-01 -9.79332E-01 -5.00597E-09  0.00000E+00  0.00000E+00  3.05484E-01
   341  2.11516E-02 -9.78854E-01 -9.78854E-01 -5.11682E-09  0.00000E+00  0.00000E+00  3.05192E-01
   342  2.16406E-02 -9.78365E-01 -9.78365E-01 -5.23001E-09  0.00000E+00  0.00000E+00  3.04893E-01
   343  2.21410E-02 -9.77866E-01 -9.77866E-01 -5.34557E-09  0.00000E+00  0.00000E+00  3.04588E-01
   344  2.26529E-02 -9.77354E-01 -9.77354E-01 -5.46356E-09  0.00000E+00  0.00000E+00  3.04276E-01
   345  2.31766E-02 -9.76831E-01 -9.76831E-01 -5.58401E-09  0.00000E+00  0.00000E+00  3.03957E-01
   346  2.37124E-02 -9.76296E-01 -9.76296E-01 -5.70698E-09  0.00000E+00  0.00000E+00  3.03631E-01
   347  2.42605E-02 -9.75748E-01 -9.75748E-01 -5.83250E-09  0.00000E+00  0.00000E+00  3.03298E-01
   348  2.48213E-02 -9.75188E-01 -9.75188E-01 -5.96063E-09  0.00000E+00  0.00000E+00  3.02957E-01
   349  2.53951E-02 -9.74615E-01 -9.74615E-01 -6.09141E-09  0.00000E+00  0.00000E+00  3.02609E-01
   350  2.59820E-02 -9.74029E-01 -9.74029E-01 -6.22489E-09  0.00000E+00  0.00000E+00  3.02254E-01
   351  2.65826E-02 -9.73429E-01 -9.73429E-01 -6.36111E-09  0.00000E+00  0.00000E+00  3.01891E-01
   352  2.71969E-02 -9.72815E-01 -9.72815E-01 -6.50013E-09  0.00000E+00  0.00000E+00  3.01520E-01
   353  2.78254E-02 -9.72188E-01 -9.72188E-01 -6.64199E-09  0.00000E+00  0.00000E+00  3.01141E-01
   354  2.84685E-02 -9.71546E-01 -9.71546E-01 -6.78674E-09  0.00000E+00  0.00000E+00  3.00753E-01
   355  2.91263E-02 -9.70889E-01 -9.70889E-01 -6.93443E-09  0.00000E+00  0.00000E+00  3.00357E-01
   356  2.97993E-02 -9.70217E-01 -9.70217E-01 -7.08511E-09  0.00000E+00  0.00000E+00  2.99953E-01
   357  3.04879E-02 -9.69530E-01 -9.69530E-01 -7.23883E-09  0.00000E+00  0.00000E+00  2.99540E-01
   358  3.11923E-02 -9.68827E-01 -9.68827E-01 -7.39565E-09  0.00000E+00  0.00000E+00  2.99118E-01
   359  3.19129E-02 -9.68107E-01 -9.68107E-01 -7.55560E-09  0.00000E+00  0.00000E+00  2.98687E-01
   360  3.26502E-02 -9.67371E-01 -9.67371E-01 -7.71875E-09  0.00000E+00  0.00000E+00  2.98246E-01
   361  3.34044E-02 -9.66619E-01 -9.66619E-01 -7.88515E-09  0.00000E+00  0.00000E+00  2.97796E-01
   362  3.41760E-02 -9.65849E-01 -9.65849E-01 -8.05484E-09  0.00000E+00  0.00000E+00  2.97337E-01
   363  3.49654E-02 -9.65061E-01 -9.65061E-01 -8.22788E-09  0.00000E+00  0.00000E+00  2.96867E-01
   364  3.57730E-02 -9.64256E-01 -9.64256E-01 -8.40433E-09  0.00000E+00  0.00000E+00  2.96388E-01
   365  3.65992E-02 -9.63431E-01 -9.63431E-01 -8.58422E-09  0.00000E+00  0.00000E+00  2.95898E-01
   366  3.74444E-02 -9.62588E-01 -9.62588E-01 -8.76762E-09  0.00000E+00  0.00000E+00  2.95398E-01
   367  3.83091E-02 -9.61726E-01 -9.61726E-01 -8.95457E-09  0.00000E+00  0.00000E+00  2.94887E-01
   368  3.91936E-02 -9.60844E-01 -9.60844E-01 -9.14514E-09  0.00000E+00  0.00000E+00  2.94366E-01
   369  4.00986E-02 -9.59942E-01 -9.59942E-01 -9.33936E-09  0.00000E+00  0.00000E+00  2.93833E-01
   370  4.10244E-02 -9.59019E-01 -9.59019E-01 -9.53730E-09  0.00000E+00  0.00000E+00  2.93289E-01
   371  4.19715E-02 -9.58075E-01 -9.58075E-01 -9.73901E-09  0.00000E+00  0.00000E+00  2.92734E-01
   372  4.29404E-02 -9.57109E-01 -9.57109E-01 -9.94453E-09  0.00000E+00  0.00000E+00  2.92167E-01
   373  4.39316E-02 -9.56121E-01 -9.56121E-01 -1.01539E-08  0.00000E+00  0.00000E+00  2.91588E-01
   374  4.49456E-02 -9.55111E-01 -9.55111E-01 -1.03672E-08  0.00000E+00  0.00000E+00  2.90997E-01
   375  4.59829E-02 -9.54078E-01 -9.54078E-01 -1.05845E-08  0.00000E+00  0.00000E+00  2.90393E-01
   376  4.70441E-02 -9.53021E-01 -9.53021E-01 -1.08058E-08  0.00000E+00  0.00000E+00  2.89777E-01
   377  4.81297E-02 -9.51940E-01 -9.51940E-01 -1.10312E-08  0.00000E+00  0.00000E+00  2.89148E-01
   378  4.92402E-02 -9.50834E-01 -9.50834E-01 -1.12607E-08  0.00000E+00  0.00000E+00  2.88506E-01
   379  5.03763E-02 -9.49703E-01 -9.49703E-01 -1.14943E-08  0.00000E+00  0.00000E+00  2.87851E-01
   380  5.15386E-02 -9.48547E-01 -9.48547E-01 -1.17322E-08  0.00000E+00  0.00000E+00  2.87183E-01
   381  5.27275E-02 -9.47364E-01 -9.47364E-01 -1.19743E-08  0.00000E+00  0.00000E+00  2.86500E-01
   382  5.39438E-02 -9.46154E-01 -9.46154E-01 -1.22207E-08  0.00000E+00  0.00000E+00  2.85804E-01
   383  5.51880E-02 -9.44917E-01 -9.44917E-01 -1.24715E-08  0.00000E+00  0.00000E+00  2.85093E-01
   384  5.64607E-02 -9.43651E-01 -9.43651E-01 -1.27267E-08  0.00000E+00  0.00000E+00  2.84368E-01
   385  5.77628E-02 -9.42357E-01 -9.42357E-01 -1.29863E-08  0.00000E+00  0.00000E+00  2.83628E-01
   386  5.90947E-02 -9.41033E-01 -9.41033E-01 -1.32504E-08  0.00000E+00  0.00000E+00  2.82873E-01
   387  6.04572E-02 -9.39680E-01 -9.39680E-01 -1.35190E-08  0.00000E+00  0.00000E+00  2.82103E-01
   388  6.18510E-02 -9.38296E-01 -9.38296E-01 -1.37922E-08  0.00000E+00  0.00000E+00  2.81317E-01
   389  6.32768E-02 -9.36880E-01 -9.36880E-01 -1.40699E-08  0.00000E+00  0.00000E+00  2.80516E-01
   390  6.47354E-02 -9.35433E-01 -9.35433E-01 -1.43523E-08  0.00000E+00  0.00000E+00  2.79699E-01
   391  6.62273E-02 -9.33952E-01 -9.33952E-01 -1.46393E-08  0.00000E+00  0.00000E+00  2.78865E-01
   392  6.77536E-02 -9.32439E-01 -9.32439E-01 -1.49310E-08  0.00000E+00  0.00000E+00  2.78015E-01
   393  6.93148E-02 -9.30891E-01 -9.30891E-01 -1.52274E-08  0.00000E+00  0.00000E+00  2.77148E-01
   394  7.09118E-02 -9.29308E-01 -9.29308E-01 -1.55285E-08  0.00000E+00  0.00000E+00  2.76263E-01
   395  7.25454E-02 -9.27690E-01 -9.27690E-01 -1.58344E-08  0.00000E+00  0.00000E+00  2.75362E-01
   396  7.42165E-02 -9.26035E-01 -9.26035E-01 -1.61451E-08  0.00000E+00  0.00000E+00  2.74443E-01
   397  7.59259E-02 -9.24343E-01 -9.24343E-01 -1.64606E-08  0.00000E+00  0.00000E+00  2.73506E-01
   398  7.76744E-02 -9.22613E-01 -9.22613E-01 -1.67809E-08  0.00000E+00  0.00000E+00  2.72551E-01
   399  7.94630E-02 -9.20844E-01 -9.20844E-01 -1.71060E-08  0.00000E+00  0.00000E+00  2.71577E-01
   400  8.12926E-02 -9.19036E-01 -9.19036E-01 -1.74359E-08  0.00000E+00  0.00000E+00  2.70585E-01
   401  8.31641E-02 -9.17187E-01 -9.17187E-01 -1.77706E-08  0.00000E+00  0.00000E+00  2.69574E-01
   402  8.50783E-02 -9.15297E-01 -9.15297E-01 -1.81102E-08  0.00000E+00  0.00000E+00  2.68543E-01
   403  8.70364E-02 -9.13365E-01 -9.13365E-01 -1.84545E-08  0.00000E+00  0.00000E+00  2.67493E-01
   404  8.90393E-02 -9.11389E-01 -9.11389E-01 -1.88037E-08  0.00000E+00  0.00000E+00  2.66424E-01
   405  9.10880E-02 -9.09370E-01 -9.09370E-01 -1.91577E-08  0.00000E+00  0.00000E+00  2.65334E-01
   406  9.31836E-02 -9.07306E-01 -9.07306E-01 -1.95164E-08  0.00000E+00  0.00000E+00  2.64224E-01
   407  9.53270E-02 -9.05196E-01 -9.05196E-01 -1.98799E-08  0.00000E+00  0.00000E+00  2.63093E-01
   408  9.75194E-02 -9.03039E-01 -9.03039E-01 -2.02481E-08  0.00000E+00  0.00000E+00  2.61942E-01
   409  9.97619E-02 -9.00835E-01 -9.00835E-01 -2.06210E-08  0.00000E+00  0.00000E+00  2.60769E-01
   410  1.02056E-01 -8.98582E-01 -8.98582E-01 -2.09986E-08  0.00000E+00  0.00000E+00  2.59576E-01
   411  1.04402E-01 -8.96280E-01 -8.96280E-01 -2.13807E-08  0.00000E+00  0.00000E+00  2.58360E-01
   412  1.06801E-01 -8.93927E-01 -8.93927E-01 -2.17674E-08  0.00000E+00  0.00000E+00  2.57123E-01
   413  1.09256E-01 -8.91522E-01 -8.91522E-01 -2.21586E-08  0.00000E+00  0.00000E+00  2.55863E-01
   414  1.11766E-01 -8.89064E-01 -8.89064E-01 -2.25542E-08  0.00000E+00  0.00000E+00  2.54582E-01
   415  1.14334E-01 -8.86553E-01 -8.86553E-01 -2.29541E-08  0.00000E+00  0.00000E+00  2.53277E-01
   416  1.16960E-01 -8.83987E-01 -8.83987E-01 -2.33583E-08  0.00000E+00  0.00000E+00  2.51950E-01
   417  1.19646E-01 -8.81365E-01 -8.81365E-01 -2.37667E-08  0.00000E+00  0.00000E+00  2.50600E-01
   418  1.22393E-01 -8.78687E-01 -8.78687E-01 -2.41792E-08  0.00000E+00  0.00000E+00  2.49227E-01
   419  1.25203E-01 -8.75950E-01 -8.75950E-01 -2.45956E-08  0.00000E+00  0.00000E+00  2.47830E-01
   420  1.28077E-01 -8.73154E-01 -8.73154E-01 -2.50159E-08  0.00000E+00  0.00000E+00  2.46409E-01
   421  1.31016E-01 -8.70298E-01 -8.70298E-01 -2.54400E-08  0.00000E+00  0.00000E+00  2.44965E-01
   422  1.34022E-01 -8.67381E-01 -8.67381E-01 -2.58676E-08  0.00000E+00  0.00000E+00  2.43496E-01
   423  1.37096E-01 -8.64401E-01 -8.64401E-01 -2.62988E-08  0.00000E+00  0.00000E+00  2.42003E-01
   424  1.40240E-01 -8.61358E-01 -8.61358E-01 -2.67333E-08  0.00000E+00  0.00000E+00  2.40486E-01
   425  1.43456E-01 -8.58249E-01 -8.58249E-01 -2.71709E-08  0.00000E+00  0.00000E+00  2.38944E-01
   426  1.46744E-01 -8.55075E-01 -8.55075E-01 -2.76115E-08  0.00000E+00  0.00000E+00  2.37377E-01
   427  1.50108E-01 -8.51834E-01 -8.51834E-01 -2.80550E-08  0.00000E+00  0.00000E+00  2.35786E-01
   428  1.53547E-01 -8.48524E-01 -8.48524E-01 -2.85010E-08  0.00000E+00  0.00000E+00  2.34169E-01
   429  1.57065E-01 -8.45145E-01 -8.45145E-01 -2.89495E-08  0.00000E+00  0.00000E+00  2.32527E-01
   430  1.60662E-01 -8.41695E-01 -8.41695E-01 -2.94003E-08  0.00000E+00  0.00000E+00  2.30860E-01
   431  1.64341E-01 -8.38173E-01 -8.38173E-01 -2.98530E-08  0.00000E+00  0.00000E+00  2.29167E-01
   432  1.68103E-01 -8.34578E-01 -8.34578E-01 -3.03074E-08  0.00000E+00  0.00000E+00  2.27449E-01
   433  1.71950E-01 -8.30908E-01 -8.30908E-01 -3.07634E-08  0.00000E+00  0.00000E+00  2.25706E-01
   434  1.75884E-01 -8.27163E-01 -8.27163E-01 -3.12206E-08  0.00000E+00  0.00000E+00  2.23936E-01
   435  1.79907E-01 -8.23342E-01 -8.23342E-01 -3.16788E-08  0.00000E+00  0.00000E+00  2.22141E-01
   436  1.84021E-01 -8.19442E-01 -8.19442E-01 -3.21376E-08  0.00000E+00  0.00000E+00  2.20321E-01
   437  1.88228E-01 -8.15463E-01 -8.15463E-01 -3.25969E-08  0.00000E+00  0.00000E+00  2.18475E-01
   438  1.92530E-01 -8.11404E-01 -8.11404E-01 -3.30562E-08  0.00000E+00  0.00000E+00  2.16603E-01
   439  1.96930E-01 -8.07263E-01 -8.07263E-01 -3.35153E-08  0.00000E+00  0.00000E+00  2.14705E-01
   440  2.01428E-01 -8.03040E-01 -8.03040E-01 -3.39738E-08  0.00000E+00  0.00000E+00  2.12782E-01
   441  2.06027E-01 -7.98733E-01 -7.98733E-01 -3.44313E-08  0.00000E+00  0.00000E+00  2.10833E-01
   442  2.10730E-01 -7.94340E-01 -7.94340E-01 -3.48875E-08  0.00000E+00  0.00000E+00  2.08859E-01
   443  2.15539E-01 -7.89862E-01 -7.89862E-01 -3.53421E-08  0.00000E+00  0.00000E+00  2.06860E-01
   444  2.20457E-01 -7.85296E-01 -7.85296E-01 -3.57946E-08  0.00000E+00  0.00000E+00  2.04835E-01
   445  2.25484E-01 -7.80642E-01 -7.80642E-01 -3.62446E-08  0.00000E+00  0.00000E+00  2.02785E-01
   446  2.30625E-01 -7.75898E-01 -7.75898E-01 -3.66916E-08  0.00000E+00  0.00000E+00  2.00711E-01
   447  2.35881E-01 -7.71063E-01 -7.71063E-01 -3.71354E-08  0.00000E+00  0.00000E+00  1.98612E-01
   448  2.41255E-01 -7.66137E-01 -7.66137E-01 -3.75753E-08  0.00000E+00  0.00000E+00  1.96488E-01
   449  2.46749E-01 -7.61119E-01 -7.61118E-01 -3.80111E-08  0.00000E+00  0.00000E+00  1.94341E-01
   450  2.52367E-01 -7.56006E-01 -7.56006E-01 -3.84420E-08  0.00000E+00  0.00000E+00  1.92169E-01
   451  2.58110E-01 -7.50799E-01 -7.50799E-01 -3.88678E-08  0.00000E+00  0.00000E+00  1.89975E-01
   452  2.63982E-01 -7.45497E-01 -7.45497E-01 -3.92878E-08  0.00000E+00  0.00000E+00  1.87756E-01
   453  2.69984E-01 -7.40098E-01 -7.40098E-01 -3.97017E-08  0.00000E+00  0.00000E+00  1.85516E-01
   454  2.76121E-01 -7.34603E-01 -7.34603E-01 -4.01087E-08  0.00000E+00  0.00000E+00  1.83252E-01
   455  2.82395E-01 -7.29009E-01 -7.29009E-01 -4.05085E-08  0.00000E+00  0.00000E+00  1.80967E-01
   456  2.88809E-01 -7.23317E-01 -7.23317E-01 -4.09005E-08  0.00000E+00  0.00000E+00  1.78660E-01
   457  2.95365E-01 -7.17526E-01 -7.17526E-01 -4.12840E-08  0.00000E+00  0.00000E+00  1.76333E-01
   458  3.02068E-01 -7.11634E-01 -7.11634E-01 -4.16586E-08  0.00000E+00  0.00000E+00  1.73984E-01
   459  3.08919E-01 -7.05643E-01 -7.05643E-01 -4.20236E-08  0.00000E+00  0.00000E+00  1.71616E-01
   460  3.15923E-01 -6.99551E-01 -6.99551E-01 -4.23786E-08  0.00000E+00  0.00000E+00  1.69229E-01
   461  3.23082E-01 -6.93357E-01 -6.93357E-01 -4.27227E-08  0.00000E+00  0.00000E+00  1.66823E-01
   462  3.30400E-01 -6.87062E-01 -6.87062E-01 -4.30556E-08  0.00000E+00  0.00000E+00  1.64399E-01
   463  3.37880E-01 -6.80666E-01 -6.80666E-01 -4.33765E-08  0.00000E+00  0.00000E+00  1.61958E-01
   464  3.45526E-01 -6.74167E-01 -6.74167E-01 -4.36848E-08  0.00000E+00  0.00000E+00  1.59500E-01
   465  3.53341E-01 -6.67567E-01 -6.67567E-01 -4.39800E-08  0.00000E+00  0.00000E+00  1.57026E-01
   466  3.61328E-01 -6.60865E-01 -6.60865E-01 -4.42614E-08  0.00000E+00  0.00000E+00  1.54537E-01
   467  3.69492E-01 -6.54061E-01 -6.54061E-01 -4.45284E-08  0.00000E+00  0.00000E+00  1.52034E-01
   468  3.77835E-01 -6.47156E-01 -6.47156E-01 -4.47803E-08  0.00000E+00  0.00000E+00  1.49518E-01
   469  3.86362E-01 -6.40150E-01 -6.40150E-01 -4.50165E-08  0.00000E+00  0.00000E+00  1.46990E-01
   470  3.95077E-01 -6.33044E-01 -6.33044E-01 -4.52365E-08  0.00000E+00  0.00000E+00  1.44450E-01
   471  4.03983E-01 -6.25837E-01 -6.25837E-01 -4.54396E-08  0.00000E+00  0.00000E+00  1.41900E-01
   472  4.13085E-01 -6.18532E-01 -6.18532E-01 -4.56251E-08  0.00000E+00  0.00000E+00  1.39340E-01
   473  4.22386E-01 -6.11128E-01 -6.11128E-01 -4.57926E-08  0.00000E+00  0.00000E+00  1.36772E-01
   474  4.31890E-01 -6.03627E-01 -6.03627E-01 -4.59413E-08  0.00000E+00  0.00000E+00  1.34196E-01
   475  4.41603E-01 -5.96031E-01 -5.96031E-01 -4.60707E-08  0.00000E+00  0.00000E+00  1.31614E-01
   476  4.51527E-01 -5.88339E-01 -5.88339E-01 -4.61803E-08  0.00000E+00  0.00000E+00  1.29027E-01
   477  4.61668E-01 -5.80554E-01 -5.80554E-01 -4.62694E-08  0.00000E+00  0.00000E+00  1.26437E-01
   478  4.72030E-01 -5.72678E-01 -5.72678E-01 -4.63375E-08  0.00000E+00  0.00000E+00  1.23843E-01
   479  4.82617E-01 -5.64712E-01 -5.64712E-01 -4.63841E-08  0.00000E+00  0.00000E+00  1.21248E-01
   480  4.93434E-01 -5.56658E-01 -5.56658E-01 -4.64087E-08  0.00000E+00  0.00000E+00  1.18653E-01
   481  5.04486E-01 -5.48518E-01 -5.48518E-01 -4.64108E-08  0.00000E+00  0.00000E+00  1.16059E-01
   482  5.15777E-01 -5.40294E-01 -5.40294E-01 -4.63900E-08  0.00000E+00  0.00000E+00  1.13468E-01
   483  5.27312E-01 -5.31990E-01 -5.31990E-01 -4.63458E-08  0.00000E+00  0.00000E+00  1.10880E-01
   484  5.39097E-01 -5.23607E-01 -5.23607E-01 -4.62778E-08  0.00000E+00  0.00000E+00  1.08297E-01
   485  5.51135E-01 -5.15149E-01 -5.15149E-01 -4.61857E-08  0.00000E+00  0.00000E+00  1.05721E-01
   486  5.63433E-01 -5.06618E-01 -5.06618E-01 -4.60691E-08  0.00000E+00  0.00000E+00  1.03152E-01
   487  5.75995E-01 -4.98018E-01 -4.98018E-01 -4.59276E-08  0.00000E+00  0.00000E+00  1.00592E-01
   488  5.88826E-01 -4.89352E-01 -4.89352E-01 -4.57612E-08  0.00000E+00  0.00000E+00  9.80437E-02
   489  6.01933E-01 -4.80623E-01 -4.80623E-01 -4.55694E-08  0.00000E+00  0.00000E+00  9.55070E-02
   490  6.15319E-01 -4.71836E-01 -4.71836E-01 -4.53521E-08  0.00000E+00  0.00000E+00  9.29838E-02
   491  6.28992E-01 -4.62994E-01 -4.62994E-01 -4.51093E-08  0.00000E+00  0.00000E+00  9.04755E-02
   492  6.42955E-01 -4.54102E-01 -4.54102E-01 -4.48407E-08  0.00000E+00  0.00000E+00  8.79836E-02
   493  6.57216E-01 -4.45164E-01 -4.45164E-01 -4.45464E-08  0.00000E+00  0.00000E+00  8.55095E-02
   494  6.71780E-01 -4.36184E-01 -4.36184E-01 -4.42264E-08  0.00000E+00  0.00000E+00  8.30546E-02
   495  6.86653E-01 -4.27167E-01 -4.27167E-01 -4.38806E-08  0.00000E+00  0.00000E+00  8.06205E-02
   496  7.01840E-01 -4.18119E-01 -4.18119E-01 -4.35092E-08  0.00000E+00  0.00000E+00  7.82084E-02
   497  7.17347E-01 -4.09043E-01 -4.09043E-01 -4.31125E-08  0.00000E+00  0.00000E+00  7.58199E-02
   498  7.33182E-01 -3.99946E-01 -3.99946E-01 -4.26905E-08  0.00000E+00  0.00000E+00  7.34563E-02
   499  7.49350E-01 -3.90832E-01 -3.90832E-01 -4.22435E-08  0.00000E+00  0.00000E+00  7.11189E-02
   500  7.65856E-01 -3.81708E-01 -3.81708E-01 -4.17719E-08  0.00000E+00  0.00000E+00  6.88093E-02
   501  7.82709E-01 -3.72579E-01 -3.72579E-01 -4.12762E-08  0.00000E+00  0.00000E+00  6.65286E-02
   502  7.99914E-01 -3.63451E-01 -3.63451E-01 -4.07566E-08  0.00000E+00  0.00000E+00  6.42783E-02
   503  8.17477E-01 -3.54329E-01 -3.54329E-01 -4.02137E-08  0.00000E+00  0.00000E+00  6.20595E-02
   504  8.35406E-01 -3.45221E-01 -3.45221E-01 -3.96481E-08  0.00000E+00  0.00000E+00  5.98735E-02
   505  8.53707E-01 -3.36132E-01 -3.36132E-01 -3.90605E-08  0.00000E+00  0.00000E+00  5.77216E-02
   506  8.72388E-01 -3.27069E-01 -3.27069E-01 -3.84514E-08  0.00000E+00  0.00000E+00  5.56048E-02
   507  8.91454E-01 -3.18037E-01 -3.18037E-01 -3.78216E-08  0.00000E+00  0.00000E+00  5.35243E-02
   508  9.10913E-01 -3.09045E-01 -3.09044E-01 -3.71720E-08  0.00000E+00  0.00000E+00  5.14812E-02
   509  9.30772E-01 -3.00097E-01 -3.00097E-01 -3.65033E-08  0.00000E+00  0.00000E+00  4.94765E-02
   510  9.51038E-01 -2.91201E-01 -2.91201E-01 -3.58165E-08  0.00000E+00  0.00000E+00  4.75111E-02
   511  9.71720E-01 -2.82363E-01 -2.82363E-01 -3.51125E-08  0.00000E+00  0.00000E+00  4.55860E-02
   512  9.92823E-01 -2.73591E-01 -2.73591E-01 -3.43924E-08  0.00000E+00  0.00000E+00  4.37019E-02
   513  1.01436E+00 -2.64890E-01 -2.64890E-01 -3.36572E-08  0.00000E+00  0.00000E+00  4.18598E-02
   514  1.03632E+00 -2.56268E-01 -2.56268E-01 -3.29079E-08  0.00000E+00  0.00000E+00  4.00603E-02
   515  1.05874E+00 -2.47731E-01 -2.47731E-01 -3.21458E-08  0.00000E+00  0.00000E+00  3.83041E-02
   516  1.08161E+00 -2.39285E-01 -2.39285E-01 -3.13720E-08  0.00000E+00  0.00000E+00  3.65917E-02
   517  1.10493E+00 -2.30937E-01 -2.30937E-01 -3.05877E-08  0.00000E+00  0.00000E+00  3.49237E-02
   518  1.12873E+00 -2.22693E-01 -2.22693E-01 -2.97942E-08  0.00000E+00  0.00000E+00  3.33006E-02
   519  1.15300E+00 -2.14560E-01 -2.14560E-01 -2.89927E-08  0.00000E+00  0.00000E+00  3.17227E-02
   520  1.17775E+00 -2.06543E-01 -2.06543E-01 -2.81846E-08  0.00000E+00  0.00000E+00  3.01903E-02
   521  1.20300E+00 -1.98649E-01 -1.98649E-01 -2.73712E-08  0.00000E+00  0.00000E+00  2.87037E-02
   522  1.22875E+00 -1.90884E-01 -1.90884E-01 -2.65538E-08  0.00000E+00  0.00000E+00  2.72629E-02
   523  1.25501E+00 -1.83252E-01 -1.83252E-01 -2.57337E-08  0.00000E+00  0.00000E+00  2.58682E-02
   524  1.28178E+00 -1.75760E-01 -1.75759E-01 -2.49123E-08  0.00000E+00  0.00000E+00  2.45194E-02
   525  1.30908E+00 -1.68411E-01 -1.68411E-01 -2.40909E-08  0.00000E+00  0.00000E+00  2.32165E-02
   526  1.33691E+00 -1.61213E-01 -1.61213E-01 -2.32709E-08  0.00000E+00  0.00000E+00  2.19594E-02
   527  1.36529E+00 -1.54167E-01 -1.54167E-01 -2.24537E-08  0.00000E+00  0.00000E+00  2.07478E-02
   528  1.39422E+00 -1.47281E-01 -1.47280E-01 -2.16404E-08  0.00000E+00  0.00000E+00  1.95815E-02
   529  1.42371E+00 -1.40556E-01 -1.40556E-01 -2.08325E-08  0.00000E+00  0.00000E+00  1.84600E-02
   530  1.45376E+00 -1.33997E-01 -1.33996E-01 -2.00312E-08  0.00000E+00  0.00000E+00  1.73830E-02
   531  1.48440E+00 -1.27606E-01 -1.27606E-01 -1.92378E-08  0.00000E+00  0.00000E+00  1.63499E-02
   532  1.51562E+00 -1.21388E-01 -1.21388E-01 -1.84534E-08  0.00000E+00  0.00000E+00  1.53601E-02
   533  1.54744E+00 -1.15345E-01 -1.15345E-01 -1.76792E-08  0.00000E+00  0.00000E+00  1.44131E-02
   534  1.57986E+00 -1.09479E-01 -1.09479E-01 -1.69163E-08  0.00000E+00  0.00000E+00  1.35082E-02
   535  1.61289E+00 -1.03792E-01 -1.03791E-01 -1.61658E-08  0.00000E+00  0.00000E+00  1.26445E-02
   536  1.64655E+00 -9.82845E-02 -9.82844E-02 -1.54288E-08  0.00000E+00  0.00000E+00  1.18213E-02
   537  1.68084E+00 -9.29589E-02 -9.29589E-02 -1.47061E-08  0.00000E+00  0.00000E+00  1.10378E-02
   538  1.71578E+00 -8.78156E-02 -8.78156E-02 -1.39988E-08  0.00000E+00  0.00000E+00  1.02929E-02
   539  1.75136E+00 -8.28549E-02 -8.28549E-02 -1.33075E-08  0.00000E+00  0.00000E+00  9.58589E-03
   540  1.78760E+00 -7.80767E-02 -7.80767E-02 -1.26332E-08  0.00000E+00  0.00000E+00  8.91563E-03
   541  1.82451E+00 -7.34807E-02 -7.34807E-02 -1.19764E-08  0.00000E+00  0.00000E+00  8.28115E-03
   542  1.86210E+00 -6.90660E-02 -6.90660E-02 -1.13379E-08  0.00000E+00  0.00000E+00  7.68140E-03
   543  1.90038E+00 -6.48315E-02 -6.48315E-02 -1.07182E-08  0.00000E+00  0.00000E+00  7.11528E-03
   544  1.93935E+00 -6.07757E-02 -6.07757E-02 -1.01178E-08  0.00000E+00  0.00000E+00  6.58170E-03
   545  1.97904E+00 -5.68966E-02 -5.68965E-02 -9.53705E-09  0.00000E+00  0.00000E+00  6.07953E-03
   546  2.01943E+00 -5.31920E-02 -5.31920E-02 -8.97636E-09  0.00000E+00  0.00000E+00  5.60764E-03
   547  2.06056E+00 -4.96594E-02 -4.96594E-02 -8.43598E-09  0.00000E+00  0.00000E+00  5.16488E-03
   548  2.10242E+00 -4.62959E-02 -4.62959E-02 -7.91609E-09  0.00000E+00  0.00000E+00  4.75009E-03
   549  2.14502E+00 -4.30983E-02 -4.30983E-02 -7.41682E-09  0.00000E+00  0.00000E+00  4.36211E-03
   550  2.18838E+00 -4.00633E-02 -4.00633E-02 -6.93823E-09  0.00000E+00  0.00000E+00  3.99978E-03
   551  2.23250E+00 -3.71870E-02 -3.71870E-02 -6.48028E-09  0.00000E+00  0.00000E+00  3.66195E-03
   552  2.27739E+00 -3.44657E-02 -3.44657E-02 -6.04290E-09  0.00000E+00  0.00000E+00  3.34747E-03
   553  2.32307E+00 -3.18950E-02 -3.18950E-02 -5.62594E-09  0.00000E+00  0.00000E+00  3.05522E-03
   554  2.36954E+00 -2.94708E-02 -2.94708E-02 -5.22918E-09  0.00000E+00  0.00000E+00  2.78407E-03
   555  2.41681E+00 -2.71884E-02 -2.71884E-02 -4.85237E-09  0.00000E+00  0.00000E+00  2.53292E-03
   556  2.46489E+00 -2.50432E-02 -2.50432E-02 -4.49517E-09  0.00000E+00  0.00000E+00  2.30069E-03
   557  2.51379E+00 -2.30304E-02 -2.30304E-02 -4.15722E-09  0.00000E+00  0.00000E+00  2.08633E-03
   558  2.56352E+00 -2.11451E-02 -2.11451E-02 -3.83809E-09  0.00000E+00  0.00000E+00  1.88881E-03
   559  2.61409E+00 -1.93823E-02 -1.93823E-02 -3.53733E-09  0.00000E+00  0.00000E+00  1.70712E-03
   560  2.66551E+00 -1.77370E-02 -1.77370E-02 -3.25442E-09  0.00000E+00  0.00000E+00  1.54030E-03
   561  2.71778E+00 -1.62041E-02 -1.62041E-02 -2.98885E-09  0.00000E+00  0.00000E+00  1.38739E-03
   562  2.77092E+00 -1.47785E-02 -1.47785E-02 -2.74004E-09  0.00000E+00  0.00000E+00  1.24750E-03
   563  2.82493E+00 -1.34552E-02 -1.34552E-02 -2.50740E-09  0.00000E+00  0.00000E+00  1.11976E-03
   564  2.87983E+00 -1.22291E-02 -1.22291E-02 -2.29032E-09  0.00000E+00  0.00000E+00  1.00332E-03
   565  2.93563E+00 -1.10952E-02 -1.10952E-02 -2.08818E-09  0.00000E+00  0.00000E+00  8.97382E-04
   566  2.99232E+00 -1.00485E-02 -1.00485E-02 -1.90034E-09  0.00000E+00  0.00000E+00  8.01184E-04
   567  3.04993E+00 -9.08419E-03 -9.08419E-03 -1.72614E-09  0.00000E+00  0.00000E+00  7.13996E-04
   568  3.10845E+00 -8.19751E-03 -8.19751E-03 -1.56493E-09  0.00000E+00  0.00000E+00  6.35127E-04
   569  3.16791E+00 -7.38380E-03 -7.38380E-03 -1.41606E-09  0.00000E+00  0.00000E+00  5.63921E-04
   570  3.22830E+00 -6.63853E-03 -6.63853E-03 -1.27887E-09  0.00000E+00  0.00000E+00  4.99762E-04
   571  3.28964E+00 -5.95731E-03 -5.95731E-03 -1.15272E-09  0.00000E+00  0.00000E+00  4.42065E-04
   572  3.35193E+00 -5.33588E-03 -5.33588E-03 -1.03697E-09  0.00000E+00  0.00000E+00  3.90284E-04
   573  3.41518E+00 -4.77016E-03 -4.77015E-03 -9.30988E-10  0.00000E+00  0.00000E+00  3.43907E-04
   574  3.47940E+00 -4.25619E-03 -4.25619E-03 -8.34165E-10  0.00000E+00  0.00000E+00  3.02453E-04
   575  3.54460E+00 -3.79022E-03 -3.79022E-03 -7.45902E-10  0.00000E+00  0.00000E+00  2.65475E-04
   576  3.61079E+00 -3.36864E-03 -3.36863E-03 -6.65621E-10  0.00000E+00  0.00000E+00  2.32560E-04
   577  3.67797E+00 -2.98802E-03 -2.98802E-03 -5.92762E-10  0.00000E+00  0.00000E+00  2.03321E-04
   578  3.74615E+00 -2.64512E-03 -2.64512E-03 -5.26787E-10  0.00000E+00  0.00000E+00  1.77402E-04
   579  3.81534E+00 -2.33685E-03 -2.33685E-03 -4.67180E-10  0.00000E+00  0.00000E+00  1.54476E-04
   580  3.88555E+00 -2.06033E-03 -2.06033E-03 -4.13448E-10  0.00000E+00  0.00000E+00  1.34239E-04
   581  3.95678E+00 -1.81280E-03 -1.81280E-03 -3.65123E-10  0.00000E+00  0.00000E+00  1.16414E-04
   582  4.02904E+00 -1.59173E-03 -1.59173E-03 -3.21760E-10  0.00000E+00  0.00000E+00  1.00749E-04
   583  4.10234E+00 -1.39472E-03 -1.39472E-03 -2.82940E-10  0.00000E+00  0.00000E+00  8.70105E-05
   584  4.17669E+00 -1.21953E-03 -1.21953E-03 -2.48267E-10  0.00000E+00  0.00000E+00  7.49887E-05
   585  4.25209E+00 -1.06410E-03 -1.06410E-03 -2.17370E-10  0.00000E+00  0.00000E+00  6.44922E-05
   586  4.32854E+00 -9.26516E-04 -9.26515E-04 -1.89903E-10  0.00000E+00  0.00000E+00  5.53477E-05
   587  4.40606E+00 -8.04995E-04 -8.04995E-04 -1.65542E-10  0.00000E+00  0.00000E+00  4.73988E-05
   588  4.48465E+00 -6.97910E-04 -6.97910E-04 -1.43987E-10  0.00000E+00  0.00000E+00  4.05047E-05
   589  4.56431E+00 -6.03761E-04 -6.03761E-04 -1.24961E-10  0.00000E+00  0.00000E+00  3.45389E-05
   590  4.64506E+00 -5.21177E-04 -5.21177E-04 -1.08206E-10  0.00000E+00  0.00000E+00  2.93881E-05
   591  4.72690E+00 -4.48905E-04 -4.48904E-04 -9.34879E-11  0.00000E+00  0.00000E+00  2.49511E-05
   592  4.80983E+00 -3.85803E-04 -3.85803E-04 -8.05892E-11  0.00000E+00  0.00000E+00  2.11377E-05
   593  4.89385E+00 -3.30838E-04 -3.30838E-04 -6.93126E-11  0.00000E+00  0.00000E+00  1.78678E-05
   594  4.97899E+00 -2.83073E-04 -2.83073E-04 -5.94780E-11  0.00000E+00  0.00000E+00  1.50704E-05
   595  5.06523E+00 -2.41663E-04 -2.41662E-04 -5.09220E-11  0.00000E+00  0.00000E+00  1.26828E-05
   596  5.15258E+00 -2.05846E-04 -2.05846E-04 -4.34966E-11  0.00000E+00  0.00000E+00  1.06498E-05
   597  5.24106E+00 -1.74943E-04 -1.74943E-04 -3.70682E-11  0.00000E+00  0.00000E+00  8.92262E-06
   598  5.33065E+00 -1.48342E-04 -1.48342E-04 -3.15166E-11  0.00000E+00  0.00000E+00  7.45881E-06
   599  5.42138E+00 -1.25499E-04 -1.25499E-04 -2.67342E-11  0.00000E+00  0.00000E+00  6.22110E-06
   600  5.51323E+00 -1.05931E-04 -1.05931E-04 -2.26245E-11  0.00000E+00  0.00000E+00  5.17705E-06
   601  5.60622E+00 -8.92095E-05 -8.92095E-05 -1.91017E-11  0.00000E+00  0.00000E+00  4.29845E-06
   602  5.70035E+00 -7.49542E-05 -7.49542E-05 -1.60896E-11  0.00000E+00  0.00000E+00  3.56084E-06
   603  5.79562E+00 -6.28313E-05 -6.28312E-05 -1.35204E-11  0.00000E+00  0.00000E+00  2.94307E-06
   604  5.89204E+00 -5.25469E-05 -5.25469E-05 -1.13347E-11  0.00000E+00  0.00000E+00  2.42691E-06
   605  5.98961E+00 -4.38438E-05 -4.38438E-05 -9.47976E-12  0.00000E+00  0.00000E+00  1.99668E-06
   606  6.08832E+00 -3.64968E-05 -3.64967E-05 -7.90956E-12  0.00000E+00  0.00000E+00  1.63895E-06
   607  6.18819E+00 -3.03098E-05 -3.03098E-05 -6.58372E-12  0.00000E+00  0.00000E+00  1.34220E-06
   608  6.28922E+00 -2.51127E-05 -2.51127E-05 -5.46705E-12  0.00000E+00  0.00000E+00  1.09664E-06
   609  6.39141E+00 -2.07578E-05 -2.07578E-05 -4.52891E-12  0.00000E+00  0.00000E+00  8.93938E-07
   610  6.49475E+00 -1.71176E-05 -1.71176E-05 -3.74277E-12  0.00000E+00  0.00000E+00  7.27010E-07
   611  6.59926E+00 -1.40825E-05 -1.40825E-05 -3.08567E-12  0.00000E+00  0.00000E+00  5.89879E-07
   612  6.70494E+00 -1.15582E-05 -1.15582E-05 -2.53781E-12  0.00000E+00  0.00000E+00  4.77501E-07
   613  6.81178E+00 -9.46388E-06 -9.46388E-06 -2.08220E-12  0.00000E+00  0.00000E+00  3.85631E-07
   614  6.91979E+00 -7.73066E-06 -7.73066E-06 -1.70427E-12  0.00000E+00  0.00000E+00  3.10711E-07
   615  7.02897E+00 -6.29987E-06 -6.29987E-06 -1.39158E-12  0.00000E+00  0.00000E+00  2.49761E-07
   616  7.13932E+00 -5.12168E-06 -5.12168E-06 -1.13351E-12  0.00000E+00  0.00000E+00  2.00299E-07
   617  7.25084E+00 -4.15392E-06 -4.15392E-06 -9.21069E-13  0.00000E+00  0.00000E+00  1.60256E-07
   618  7.36352E+00 -3.36100E-06 -3.36100E-06 -7.46636E-13  0.00000E+00  0.00000E+00  1.27918E-07
   619  7.47739E+00 -2.71296E-06 -2.71296E-06 -6.03774E-13  0.00000E+00  0.00000E+00  1.01867E-07
   620  7.59242E+00 -2.18464E-06 -2.18464E-06 -4.87066E-13  0.00000E+00  0.00000E+00  8.09315E-08
   621  7.70862E+00 -1.75501E-06 -1.75501E-06 -3.91968E-13  0.00000E+00  0.00000E+00  6.41481E-08
   622  7.82600E+00 -1.40651E-06 -1.40651E-06 -3.14675E-13  0.00000E+00  0.00000E+00  5.07261E-08
   623  7.94455E+00 -1.12452E-06 -1.12452E-06 -2.52012E-13  0.00000E+00  0.00000E+00  4.00187E-08
   624  8.06426E+00 -8.96925E-07 -8.96924E-07 -2.01341E-13  0.00000E+00  0.00000E+00  3.14975E-08
   625  8.18515E+00 -7.13686E-07 -7.13686E-07 -1.60469E-13  0.00000E+00  0.00000E+00  2.47329E-08
   626  8.30721E+00 -5.66530E-07 -5.66529E-07 -1.27586E-13  0.00000E+00  0.00000E+00  1.93757E-08
   627  8.43043E+00 -4.48644E-07 -4.48644E-07 -1.01196E-13  0.00000E+00  0.00000E+00  1.51434E-08
   628  8.55483E+00 -3.54444E-07 -3.54444E-07 -8.00717E-14  0.00000E+00  0.00000E+00  1.18080E-08
   629  8.68038E+00 -2.79356E-07 -2.79356E-07 -6.32045E-14  0.00000E+00  0.00000E+00  9.18584E-09
   630  8.80711E+00 -2.19653E-07 -2.19653E-07 -4.97706E-14  0.00000E+00  0.00000E+00  7.12934E-09
   631  8.93499E+00 -1.72300E-07 -1.72299E-07 -3.90980E-14  0.00000E+00  0.00000E+00  5.52039E-09
   632  9.06404E+00 -1.34835E-07 -1.34835E-07 -3.06404E-14  0.00000E+00  0.00000E+00  4.26464E-09
   633  9.19424E+00 -1.05266E-07 -1.05266E-07 -2.39549E-14  0.00000E+00  0.00000E+00  3.28692E-09
   634  9.32560E+00 -8.19884E-08 -8.19883E-08 -1.86835E-14  0.00000E+00  0.00000E+00  2.52750E-09
   635  9.45811E+00 -6.37073E-08 -6.37073E-08 -1.45373E-14  0.00000E+00  0.00000E+00  1.93905E-09
   636  9.59178E+00 -4.93860E-08 -4.93860E-08 -1.12844E-14  0.00000E+00  0.00000E+00  1.48419E-09
   637  9.72660E+00 -3.81942E-08 -3.81942E-08 -8.73857E-15  0.00000E+00  0.00000E+00  1.13342E-09
   638  9.86256E+00 -2.94695E-08 -2.94695E-08 -6.75109E-15  0.00000E+00  0.00000E+00  8.63563E-10
   639  9.99966E+00 -2.26846E-08 -2.26846E-08 -5.20333E-15  0.00000E+00  0.00000E+00  6.56457E-10
   640  1.01379E+01 -1.74212E-08 -1.74211E-08 -4.00097E-15  0.00000E+00  0.00000E+00  4.97883E-10
   641  1.02773E+01 -1.33478E-08 -1.33478E-08 -3.06923E-15  0.00000E+00  0.00000E+00  3.76756E-10
   642  1.04178E+01 -1.02032E-08 -1.02032E-08 -2.34896E-15  0.00000E+00  0.00000E+00  2.84452E-10
   643  1.05595E+01 -7.78140E-09 -7.78139E-09 -1.79352E-15  0.00000E+00  0.00000E+00  2.14276E-10
   644  1.07022E+01 -5.92073E-09 -5.92073E-09 -1.36624E-15  0.00000E+00  0.00000E+00  1.61050E-10
   645  1.08461E+01 -4.49463E-09 -4.49463E-09 -1.03833E-15  0.00000E+00  0.00000E+00  1.20773E-10
   646  1.09911E+01 -3.40421E-09 -3.40421E-09 -7.87304E-16  0.00000E+00  0.00000E+00  9.03668E-11
   647  1.11373E+01 -2.57244E-09 -2.57244E-09 -5.95590E-16  0.00000E+00  0.00000E+00  6.74649E-11
   648  1.12845E+01 -1.93948E-09 -1.93948E-09 -4.49525E-16  0.00000E+00  0.00000E+00  5.02551E-11
   649  1.14329E+01 -1.45894E-09 -1.45894E-09 -3.38506E-16  0.00000E+00  0.00000E+00  3.73525E-11
   650  1.15823E+01 -1.09499E-09 -1.09499E-09 -2.54324E-16  0.00000E+00  0.00000E+00  2.77014E-11
   651  1.17329E+01 -8.19974E-10 -8.19974E-10 -1.90644E-16  0.00000E+00  0.00000E+00  2.04987E-11
   652  1.18846E+01 -6.12655E-10 -6.12655E-10 -1.42585E-16  0.00000E+00  0.00000E+00  1.51357E-11
   653  1.20373E+01 -4.56732E-10 -4.56732E-10 -1.06402E-16  0.00000E+00  0.00000E+00  1.11514E-11
   654  1.21911E+01 -3.39734E-10 -3.39734E-10 -7.92221E-17  0.00000E+00  0.00000E+00  8.19808E-12
   655  1.23460E+01 -2.52146E-10 -2.52146E-10 -5.88537E-17  0.00000E+00  0.00000E+00  6.01389E-12
   656  1.25020E+01 -1.86727E-10 -1.86727E-10 -4.36249E-17  0.00000E+00  0.00000E+00  4.40214E-12
   657  1.26591E+01 -1.37977E-10 -1.37977E-10 -3.22652E-17  0.00000E+00  0.00000E+00  3.21544E-12
   658  1.28172E+01 -1.01731E-10 -1.01731E-10 -2.38108E-17  0.00000E+00  0.00000E+00  2.34363E-12
   659  1.29764E+01 -7.48438E-11 -7.48438E-11 -1.75332E-17  0.00000E+00  0.00000E+00  1.70458E-12
   660  1.31367E+01 -5.49433E-11 -5.49433E-11 -1.28825E-17  0.00000E+00  0.00000E+00  1.23716E-12
   661  1.32980E+01 -4.02473E-11 -4.02472E-11 -9.44483E-18  0.00000E+00  0.00000E+00  8.96021E-13
   662  1.34603E+01 -2.94187E-11 -2.94187E-11 -6.90953E-18  0.00000E+00  0.00000E+00  6.47594E-13
   663  1.36237E+01 -2.14576E-11 -2.14576E-11 -5.04391E-18  0.00000E+00  0.00000E+00  4.67069E-13
   664  1.37881E+01 -1.56176E-11 -1.56176E-11 -3.67414E-18  0.00000E+00  0.00000E+00  3.36171E-13
   665  1.39536E+01 -1.13429E-11 -1.13429E-11 -2.67066E-18  0.00000E+00  0.00000E+00  2.41458E-13
   666  1.41201E+01 -8.22098E-12 -8.22098E-12 -1.93714E-18  0.00000E+00  0.00000E+00  1.73074E-13
   667  1.42876E+01 -5.94580E-12 -5.94580E-12 -1.40213E-18  0.00000E+00  0.00000E+00  1.23805E-13
   668  1.44561E+01 -4.29135E-12 -4.29135E-12 -1.01275E-18  0.00000E+00  0.00000E+00  8.83810E-14
   669  1.46257E+01 -3.09086E-12 -3.09086E-12 -7.29977E-19  0.00000E+00  0.00000E+00  6.29656E-14
   670  1.47962E+01 -2.22167E-12 -2.22167E-12 -5.25070E-19  0.00000E+00  0.00000E+00  4.47689E-14
   671  1.49677E+01 -1.59361E-12 -1.59361E-12 -3.76902E-19  0.00000E+00  0.00000E+00  3.17674E-14
   672  1.51403E+01 -1.14075E-12 -1.14075E-12 -2.69990E-19  0.00000E+00  0.00000E+00  2.24970E-14
   673  1.53138E+01 -8.14904E-13 -8.14904E-13 -1.93010E-19  0.00000E+00  0.00000E+00  1.59004E-14
   674  1.54883E+01 -5.80980E-13 -5.80980E-13 -1.37700E-19  0.00000E+00  0.00000E+00  1.12160E-14
   675  1.56638E+01 -4.13447E-13 -4.13447E-13 -9.80413E-20  0.00000E+00  0.00000E+00  7.89629E-15
   676  1.58402E+01 -2.93654E-13 -2.93654E-13 -6.96651E-20  0.00000E+00  0.00000E+00  5.54835E-15
   677  1.60176E+01 -2.08056E-13 -2.08056E-13 -4.94032E-20  0.00000E+00  0.00000E+00  3.89105E-15
   678  1.61960E+01 -1.47216E-13 -1.47216E-13 -3.49651E-20  0.00000E+00  0.00000E+00  2.72356E-15
   679  1.63753E+01 -1.03917E-13 -1.03917E-13 -2.46978E-20  0.00000E+00  0.00000E+00  1.90274E-15
   680  1.65556E+01 -1.74113E-20 -0.00000E+00 -1.74113E-20  0.00000E+00  0.00000E+00  1.32678E-15
   681  1.65556E+01 -0.00000E+00 -0.00000E+00  0.00000E+00  0.00000E+00  0.00000E+00  0.00000E+00
   682  3.31112E+01 -0.00000E+00 -0.00000E+00  0.00000E+00  0.00000E+00  0.00000E+00  0.00000E+00
   683  6.62223E+01 -0.00000E+00 -0.00000E+00  0.00000E+00  0.00000E+00  0.00000E+00  0.00000E+00
   684  1.32445E+02 -0.00000E+00 -0.00000E+00  0.00000E+00  0.00000E+00  0.00000E+00  0.00000E+00
   685  2.64889E+02 -0.00000E+00 -0.00000E+00  0.00000E+00  0.00000E+00  0.00000E+00  0.00000E+00
   686  5.29779E+02 -0.00000E+00 -0.00000E+00  0.00000E+00  0.00000E+00  0.00000E+00  0.00000E+00
   687  1.05956E+03 -0.00000E+00 -0.00000E+00  0.00000E+00  0.00000E+00  0.00000E+00  0.00000E+00
   688  2.11911E+03 -0.00000E+00 -0.00000E+00  0.00000E+00  0.00000E+00  0.00000E+00  0.00000E+00
   689  4.23823E+03 -0.00000E+00 -0.00000E+00  0.00000E+00  0.00000E+00  0.00000E+00  0.00000E+00
   690  8.47646E+03 -0.00000E+00 -0.00000E+00  0.00000E+00  0.00000E+00  0.00000E+00  0.00000E+00
   691  1.69529E+04 -0.00000E+00 -0.00000E+00  0.00000E+00  0.00000E+00  0.00000E+00  0.00000E+00
