   1.95695114       6.17578922E-16   0.00000000       0.00000000       0.00000000       0.00000000       0.00000000       0.00000000       0.00000000    
   2.44618893       3.60774440E-16   0.00000000       0.00000000       0.00000000       0.00000000       0.00000000       0.00000000       0.00000000    
   2.93542671       2.32534314E-16   0.00000000       0.00000000       0.00000000       0.00000000       0.00000000       0.00000000       0.00000000    
   3.42466450       1.60403251E-16   0.00000000       0.00000000       0.00000000       0.00000000       0.00000000       0.00000000       0.00000000    
   3.91390228       1.16281159E-16   0.00000000       0.00000000       0.00000000       0.00000000       0.00000000       0.00000000       0.00000000    
   4.89237785       6.79285616E-17   0.00000000       0.00000000       0.00000000       0.00000000       0.00000000       0.00000000       0.00000000    
   5.87085342       4.37828386E-17   0.00000000       0.00000000       0.00000000       0.00000000       0.00000000       0.00000000       0.00000000    
   6.84932899       3.02014726E-17   0.00000000       0.00000000       0.00000000       0.00000000       0.00000000       0.00000000       0.00000000    
   7.82780457       2.18940729E-17   0.00000000       0.00000000       0.00000000       0.00000000       0.00000000       0.00000000       0.00000000    
   8.80628014       1.64853688E-17   0.00000000       0.00000000       0.00000000       0.00000000       0.00000000       0.00000000       0.00000000    
   9.54992199       1.35607468E-17   0.00000000       0.00000000       0.00000000       0.00000000       0.00000000       0.00000000       1.35607468E-17
   9.54992199       2.03817617E-17   0.00000000       0.00000000       0.00000000       0.00000000       0.00000000       6.82100412E-18   1.35607468E-17
   9.78475571       1.92355160E-17   0.00000000       0.00000000       0.00000000       0.00000000       0.00000000       6.44560930E-18   1.27898774E-17
   11.7417068       1.21471349E-17   0.00000000       0.00000000       0.00000000       0.00000000       0.00000000       4.08046625E-18   8.06665872E-18
   13.6986580       7.77950131E-18   0.00000000       0.00000000       0.00000000       0.00000000       0.00000000       2.61944691E-18   5.16005482E-18
   15.6556091       5.02197687E-18   0.00000000       0.00000000       0.00000000       0.00000000       0.00000000       1.69296130E-18   3.32900575E-18
   17.6125603       3.25812485E-18   0.00000000       0.00000000       0.00000000       0.00000000       0.00000000       1.09998891E-18   2.15812601E-18
   19.5695114       2.12038837E-18   0.00000000       0.00000000       0.00000000       0.00000000       0.00000000       7.17342608E-19   1.40304163E-18
   19.8826237       1.98054853E-18   0.00000000       0.00000000       0.00000000       0.00000000       0.00000000       6.69641997E-19   1.31090963E-18
   19.8826237       2.14902681E-18   0.00000000       0.00000000       0.00000000       0.00000000       1.68481310E-19   6.69641997E-19   1.31090963E-18
   22.0536652       1.25219097E-18   0.00000000       0.00000000       0.00000000       0.00000000       1.62752584E-20   4.18766337E-19   8.17152340E-19
   24.4618893       7.48484717E-19   0.00000000       0.00000000       0.00000000       0.00000000       8.70593781E-21   2.50870619E-19   4.88898432E-19
   26.7967281       5.14152618E-19   0.00000000       0.00000000       0.00000000       0.00000000       5.69872318E-20   1.55163005E-19   3.01976681E-19
   29.3542671       4.03173776E-19   0.00000000       0.00000000       0.00000000       0.00000000       1.23729611E-19   9.48935976E-20   1.84551362E-19
   31.7063274       3.68531168E-19   0.00000000       0.00000000       0.00000000       0.00000000       1.81591412E-19   6.34084475E-20   1.23530403E-19
   34.2466431       3.66389028E-19   0.00000000       0.00000000       0.00000000       0.00000000       2.34583355E-19   4.44847426E-20   8.73209336E-20
   36.6112289       3.79517134E-19   0.00000000       0.00000000       0.00000000       0.00000000       2.74395119E-19   3.53087731E-20   6.97836125E-20
   39.1390228       3.99821420E-19   0.00000000       0.00000000       0.00000000       0.00000000       3.08065764E-19   3.06367052E-20   6.11192575E-20
   41.3844299       4.18166761E-19   0.00000000       0.00000000       0.00000000       0.00000000       3.30630295E-19   2.91044759E-20   5.84291692E-20
   43.7587967       4.36438999E-19   0.00000000       0.00000000       0.00000000       0.00000000       3.48841503E-19   2.90421142E-20   5.85545969E-20
   46.2691727       4.53049613E-19   0.00000000       0.00000000       0.00000000       0.00000000       3.62622255E-19   2.99168868E-20   6.05098451E-20
   48.9237785       4.67377932E-19   0.00000000       0.00000000       0.00000000       0.00000000       3.72502126E-19   3.13695387E-20   6.35048399E-20
   51.2053871       4.76740273E-19   0.00000000       0.00000000       0.00000000       0.00000000       3.77739368E-19   3.27265931E-20   6.62734134E-20
   53.5932617       4.83901434E-19   0.00000000       0.00000000       0.00000000       0.00000000       3.80506132E-19   3.41744403E-20   6.92089352E-20
   56.0926781       4.88943462E-19   0.00000000       0.00000000       0.00000000       0.00000000       3.81214845E-19   3.56216865E-20   7.20986261E-20
   58.7085342       4.91727235E-19   0.00000000       0.00000000       0.00000000       0.00000000       3.79933542E-19   3.69921535E-20   7.47971219E-20
   61.0151901       4.92569098E-19   0.00000000       0.00000000       0.00000000       0.00000000       3.77688315E-19   3.80186814E-20   7.68590764E-20
   63.4124603       4.91653150E-19   0.00000000       0.00000000       0.00000000       0.00000000       3.74052676E-19   3.89219853E-20   7.86778010E-20
   65.9038544       4.89084599E-19   0.00000000       0.00000000       0.00000000       0.00000000       3.69243887E-19   3.96984591E-20   8.01368506E-20
   68.4932861       4.85333852E-19   0.00000000       0.00000000       0.00000000       0.00000000       3.63705344E-19   4.03169769E-20   8.13062255E-20
   70.8183441       4.80790304E-19   0.00000000       0.00000000       0.00000000       0.00000000       3.58000641E-19   4.07148734E-20   8.20723886E-20
   73.2224579       4.75274819E-19   0.00000000       0.00000000       0.00000000       0.00000000       3.51694346E-19   4.09672281E-20   8.26105278E-20
   75.7079773       4.68899428E-19   0.00000000       0.00000000       0.00000000       0.00000000       3.44958614E-19   4.11412010E-20   8.27986144E-20
   78.2780457       4.61367897E-19   0.00000000       0.00000000       0.00000000       0.00000000       3.37434088E-19   4.11488072E-20   8.27828011E-20
   83.0263901       4.46411954E-19   0.00000000       0.00000000       0.00000000       0.00000000       3.23454141E-19   4.08448054E-20   8.21110270E-20
   88.0627975       4.29222805E-19   0.00000000       0.00000000       0.00000000       0.00000000       3.08439133E-19   4.01425000E-20   8.06399574E-20
   92.8264084       4.12061651E-19   0.00000000       0.00000000       0.00000000       0.00000000       2.94137852E-19   3.92050652E-20   7.87181389E-20
   97.8475571       3.93631239E-19   0.00000000       0.00000000       0.00000000       0.00000000       2.79332043E-19   3.80000634E-20   7.62986227E-20
   102.410774       3.76966600E-19   0.00000000       0.00000000       0.00000000       0.00000000       2.66436168E-19   3.67810448E-20   7.37480759E-20
   107.186714       3.59793426E-19   0.00000000       0.00000000       0.00000000       0.00000000       2.53418154E-19   3.54200839E-20   7.09552815E-20
   112.185356       3.42236905E-19   0.00000000       0.00000000       0.00000000       0.00000000       2.40344100E-19   3.39407069E-20   6.79520860E-20
   117.417068       3.24760440E-19   0.00000000       0.00000000       0.00000000       0.00000000       2.27628395E-19   3.23469140E-20   6.47846176E-20
   126.824921       2.95068766E-19   0.00000000       0.00000000       0.00000000       0.00000000       2.06361155E-19   2.95722433E-20   5.91353746E-20
   136.986572       2.66296038E-19   0.00000000       0.00000000       0.00000000       0.00000000       1.86153972E-19   2.67246982E-20   5.34170621E-20
   146.444717       2.42643403E-19   0.00000000       0.00000000       0.00000000       0.00000000       1.69793620E-19   2.43075844E-20   4.85426936E-20
   156.556091       2.20261033E-19   0.00000000       0.00000000       0.00000000       0.00000000       1.54399245E-19   2.19805589E-20   4.38809395E-20
   157.984665       2.17351141E-19   0.00000000       0.00000000       0.00000000       0.00000000       1.52416261E-19   2.16726507E-20   4.32628224E-20
   157.984665       1.47812667E-18   0.00000000       0.00000000       0.00000000       1.26077949E-18   1.52416261E-19   2.16726507E-20   4.32628224E-20
   158.904419       1.64904742E-18   0.00000000       0.00000000       0.00000000       1.43353213E-18   1.51162010E-19   2.14727524E-20   4.28723285E-20
   158.904419       2.27164931E-18   0.00000000       0.00000000       6.22601993E-19   1.43353213E-18   1.51162010E-19   2.14727524E-20   4.28723285E-20
   160.961380       2.85870580E-18   0.00000000       0.00000000       8.16944149E-19   1.83022830E-18   1.48419272E-19   2.10364163E-20   4.20196765E-20
   163.045151       3.43510159E-18   0.00000000       0.00000000       1.01310207E-18   2.21453228E-18   1.45680529E-19   2.06088883E-20   4.11787376E-20
   165.155716       3.95924541E-18   0.00000000       0.00000000       1.19493374E-18   2.56081821E-18   1.42939795E-19   2.01900700E-20   4.03199787E-20
   167.293488       4.40922463E-18   0.00000000       0.00000000       1.35430291E-18   2.85541259E-18   1.40250114E-19   1.97798595E-20   3.94790397E-20
   169.459244       4.77361878E-18   0.00000000       0.00000000       1.48424274E-18   3.09371071E-18   1.37611473E-19   1.93778578E-20   3.86557171E-20
   171.652802       5.05777269E-18   0.00000000       0.00000000       1.58750590E-18   3.27842510E-18   1.35021880E-19   1.89724536E-20   3.78495101E-20
   173.874908       5.27058517E-18   0.00000000       0.00000000       1.66556394E-18   3.41688355E-18   1.32481350E-19   1.85661464E-20   3.70601245E-20
   176.125595       5.42929384E-18   0.00000000       0.00000000       1.72425251E-18   3.52057705E-18   1.29988861E-19   1.81685504E-20   3.62871501E-20
   178.460434       5.54656116E-18   0.00000000       0.00000000       1.76848671E-18   3.59734355E-18   1.27484352E-19   1.77702532E-20   3.54784421E-20
   180.826401       5.62626084E-18   0.00000000       0.00000000       1.79906717E-18   3.65009658E-18   1.25028905E-19   1.73806641E-20   3.46827493E-20
   183.223648       5.68037458E-18   0.00000000       0.00000000       1.82027856E-18   3.68655291E-18   1.22620504E-19   1.69995826E-20   3.39047698E-20
   185.652634       5.71767216E-18   0.00000000       0.00000000       1.83582397E-18   3.71179805E-18   1.20258141E-19   1.66269103E-20   3.31443097E-20
   190.607819       5.76327752E-18   0.00000000       0.00000000       1.85435240E-18   3.74578194E-18   1.15560440E-19   1.58797643E-20   3.16742417E-20
   195.695114       5.78599025E-18   0.00000000       0.00000000       1.86493308E-18   3.76465076E-18   1.11010895E-19   1.51577422E-20   3.02397102E-20
   205.246979       5.78746180E-18   0.00000000       0.00000000       1.87134952E-18   3.77119748E-18   1.03229129E-19   1.39338203E-20   2.77441160E-20
   210.196121       5.77021426E-18   0.00000000       0.00000000       1.86875693E-18   3.76196821E-18   9.95454482E-20   1.33346208E-20   2.65745472E-20
   215.264618       5.73891333E-18   0.00000000       0.00000000       1.86116941E-18   3.74352994E-18   9.59931921E-20   1.27599476E-20   2.54478222E-20
   219.562088       5.70591006E-18   0.00000000       0.00000000       1.85235042E-18   3.72359985E-18   9.31428440E-20   1.23020894E-20   2.45157916E-20
   223.945648       5.65135585E-18   0.00000000       0.00000000       1.83707529E-18   3.68848479E-18   9.02986093E-20   1.18607489E-20   2.36179953E-20
   228.415344       5.59092534E-18   0.00000000       0.00000000       1.81916745E-18   3.65002627E-18   8.75410541E-20   1.14310189E-20   2.27529291E-20
   232.975037       5.51481935E-18   0.00000000       0.00000000       1.79615446E-18   3.60086734E-18   8.48676839E-20   1.10049942E-20   2.19195964E-20
   232.975037       6.07523918E-18   0.00000000       5.60424843E-19   1.79615446E-18   3.60086734E-18   8.48676839E-20   1.10049942E-20   2.19195964E-20
   234.834137       6.03426809E-18   0.00000000       5.58301729E-19   1.78410223E-18   3.57561186E-18   8.38158333E-20   1.08382277E-20   2.15931718E-20
   239.579742       5.93235655E-18   0.00000000       5.52993452E-19   1.75411238E-18   3.51280941E-18   8.12250455E-20   1.04294187E-20   2.07834622E-20
   244.423203       5.81413837E-18   0.00000000       5.47736202E-19   1.71856688E-18   3.43905572E-18   7.87143391E-20   1.00360257E-20   1.99859664E-20
   249.362549       5.69192616E-18   0.00000000       5.42527963E-19   1.68160990E-18   3.36262919E-18   7.62812067E-20   9.65744755E-21   1.92191005E-20
   254.403641       5.55222652E-18   0.00000000       5.37369820E-19   1.63855691E-18   3.27459132E-18   7.39232508E-20   9.29317385E-21   1.84816625E-20
   259.160980       5.42221689E-18   0.00000000       5.32638088E-19   1.59836678E-18   3.19260945E-18   7.18052355E-20   8.95982087E-21   1.78241072E-20
   264.006409       5.28397888E-18   0.00000000       5.27947406E-19   1.55526375E-18   3.10517212E-18   6.97325599E-20   8.63720831E-21   1.71899731E-20
   273.973145       5.00108601E-18   0.00000000       5.18690169E-19   1.46667518E-18   2.92587286E-18   6.57478823E-20   8.02640813E-21   1.59777609E-20
   283.589630       4.73778325E-18   0.00000000       5.10217720E-19   1.38363225E-18   2.75905638E-18   6.22431827E-20   7.49665873E-21   1.49108967E-20
   293.542664       4.47846378E-18   0.00000000       5.01883358E-19   1.30182057E-18   2.59475226E-18   5.89252643E-20   7.00187467E-21   1.39153024E-20
   312.499634       4.02467085E-18   0.00000000       4.84158687E-19   1.15960847E-18   2.30905669E-18   5.33509975E-20   6.17494851E-21   1.22757634E-20
   332.681702       3.59527188E-18   0.00000000       4.59556113E-19   1.02708607E-18   2.04401189E-18   4.83039550E-20   5.44087539E-21   1.08063950E-20
   352.251190       3.22785459E-18   0.00000000       4.35182770E-19   9.14519615E-19   1.81958786E-18   4.41127666E-20   4.84009509E-21   9.61245264E-21
   361.902893       3.06412101E-18   0.00000000       4.23159726E-19   8.64689841E-19   1.72034863E-18   4.22591162E-20   4.57519090E-21   9.09217300E-21
   371.820709       2.90252962E-18   0.00000000       4.11468045E-19   8.15736931E-19   1.62175015E-18   4.04834438E-20   4.32478055E-21   8.58878998E-21
   390.901001       2.62344074E-18   0.00000000       3.90672285E-19   7.31274552E-19   1.45248108E-18   3.73908546E-20   3.89240864E-21   7.72936144E-21
   410.959747       2.36236000E-18   0.00000000       3.69573208E-19   6.52276632E-19   1.29540413E-18   3.45346032E-20   3.49141789E-21   6.92799064E-21
   450.098755       1.94493302E-18   0.00000000       3.31973636E-19   5.27419871E-19   1.04720621E-18   2.97912620E-20   2.85005726E-21   5.65556996E-21
   469.668274       1.77370188E-18   0.00000000       3.14099788E-19   4.77044572E-19   9.47036085E-19   2.77811549E-20   2.58799530E-21   5.13179661E-21
   508.807281       1.48660507E-18   0.00000000       2.81624341E-19   3.93521121E-19   7.80717929E-19   2.42774521E-20   2.14948739E-21   4.26016595E-21
   547.946289       1.25908780E-18   0.00000000       2.53615359E-19   3.28141825E-19   6.50551909E-19   2.14021820E-20   1.80186998E-21   3.57314964E-21
   576.553040       1.12143026E-18   0.00000000       2.35298065E-19   2.88862585E-19   5.72932382E-19   1.95810615E-20   1.59420262E-21   3.15750450E-21
   606.654846       9.96782830E-19   0.00000000       2.18304079E-19   2.53679414E-19   5.02685206E-19   1.79086913E-20   1.40607466E-21   2.78714448E-21
   645.793884       8.61634753E-19   0.00000000       1.98284085E-19   2.15917702E-19   4.27794367E-19   1.60417253E-20   1.20344227E-21   2.38310068E-21
   704.502380       7.01331648E-19   0.00000000       1.72618441E-19   1.71829660E-19   3.40271938E-19   1.37091955E-20   9.65150138E-22   1.90913730E-21
   763.210938       5.79130550E-19   0.00000000       1.51302152E-19   1.38817683E-19   2.74740467E-19   1.18511394E-20   7.84237448E-22   1.55239082E-21
   821.919495       4.83976500E-19   0.00000000       1.33509381E-19   1.13575465E-19   2.24631416E-19   1.03333228E-20   6.46791171E-22   1.27841713E-21
   880.627991       4.08604191E-19   0.00000000       1.18508396E-19   9.38045045E-20   1.85587405E-19   9.09549626E-21   5.38533959E-22   1.06493385E-21
   939.336548       3.48471133E-19   0.00000000       1.05810708E-19   7.83765004E-20   1.54888730E-19   8.04592766E-21   4.52828374E-22   8.95580634E-22
   1017.61456       2.85481200E-19   0.00000000       9.14504583E-20   6.25076414E-20   1.23528400E-19   6.90328669E-21   3.63654275E-22   7.18506781E-22
   1115.46216       2.26557325E-19   0.00000000       7.71082322E-20   4.80113625E-20   9.48359470E-20   5.76488907E-21   2.81119835E-22   5.54797216E-22
   1193.74023       1.90904716E-19   0.00000000       6.78854204E-20   3.94341943E-20   7.78633899E-20   5.03227725E-21   2.31449215E-22   4.57073632E-22
   1291.58777       1.56079921E-19   0.00000000       5.82459875E-20   3.12684353E-20   6.17257683E-20   4.29112666E-21   1.84326135E-22   3.63677297E-22
   1389.43530       1.29437313E-19   0.00000000       5.04324846E-20   2.51766507E-20   4.96699210E-20   3.68815440E-21   1.48919773E-22   2.93822515E-22
   1506.85242       1.04998895E-19   0.00000000       4.28805357E-20   1.97257066E-20   3.89267868E-20   3.11691389E-21   1.17404288E-22   2.31489251E-22
   1624.26941       8.63769913E-20   0.00000000       3.67692316E-20   1.57014858E-20   3.09501194E-20   2.66034755E-21   9.39073148E-23   1.85341166E-22
   1761.25598       6.99325632E-20   0.00000000       3.10843553E-20   1.22514391E-20   2.41357118E-20   2.24158938E-21   7.36703000E-23   1.45437299E-22
   1898.24255       5.74385816E-20   0.00000000       2.65280021E-20   9.70340373E-21   1.91140954E-20   1.90530351E-21   5.87164570E-23   1.15631509E-22
   1956.95117       5.30213661E-20   0.00000000       2.48720463E-20   8.82278354E-21   1.73842669E-20   1.78336162E-21   5.35415863E-23   1.05330223E-22
   2446.18896       2.92891601E-20   0.00000000       1.52437286E-20   4.34183751E-21   8.53713885E-21   1.08620507E-21   2.68240981E-23   5.27719200E-23
   2935.42676       1.79362193E-20   0.00000000       1.00690588E-20   2.39659406E-21   4.71038565E-21   7.14931184E-22   1.49725579E-23   2.93991704E-23
   3033.07861       1.64095928E-20   0.00000000       9.32906008E-21   2.15204971E-21   4.22605202E-21   6.62530877E-22   1.34585445E-23   2.64350082E-23
   3033.07861       1.89936747E-19   1.73526350E-19   9.32906008E-21   2.15204971E-21   4.22605202E-21   6.62530877E-22   1.34585445E-23   2.64350082E-23
   3126.56226       1.78854672E-19   1.63746580E-19   8.68722851E-21   1.94677482E-21   3.81984616E-21   6.17363756E-22   1.21912789E-23   2.39253009E-23
   3222.92236       1.66080910E-19   1.52172023E-19   8.08955174E-21   1.75906743E-21   3.45268904E-21   5.74463910E-22   1.10337233E-23   2.16399172E-23
   3322.25732       1.53858709E-19   1.41050916E-19   7.53299571E-21   1.58945784E-21   3.12081755E-21   5.34447937E-22   9.97757820E-24   1.95728539E-23
   3424.66455       1.42247109E-19   1.30455326E-19   7.01204479E-21   1.43620476E-21   2.81982700E-21   4.97218700E-22   9.02249405E-24   1.77031841E-23
   3913.90234       1.01163064E-19   9.29868946E-20   5.08746207E-21   9.15317454E-22   1.79537351E-21   3.60572214E-22   5.77009430E-24   1.13080963E-23
   4375.87988       7.61980233E-20   7.01946243E-20   3.86748376E-21   6.25257616E-22   1.22466341E-21   2.74293020E-22   3.95817428E-24   7.73906153E-24
   4892.37793       5.71728175E-20   5.27702166E-20   2.92870586E-21   4.25549135E-22   8.32463633E-22   2.07877672E-22   2.70260985E-24   5.27673162E-24
   5870.85352       3.52721348E-20   3.26298970E-20   1.84308119E-21   2.24889653E-22   4.39256786E-22   1.30766632E-22   1.43569431E-24   2.79530259E-24
   6849.32910       2.32353112E-20   2.15258051E-20   1.23523400E-21   1.30146020E-22   2.53848598E-22   8.77156276E-23   8.34405494E-25   1.62179014E-24
   7827.80469       1.61022872E-20   1.49336183E-20   8.67830905E-22   8.06103322E-23   1.56989820E-22   6.17033432E-23   5.18218752E-25   1.00640537E-24
   8806.28027       1.15854739E-20   1.07514408E-20   6.33021370E-22   5.26079568E-23   1.02353251E-22   4.50170702E-23   3.38794460E-25   6.57658989E-25
   9784.75586       8.61459656E-21   7.99868062E-21   4.76106662E-22   3.57685312E-23   6.95215543E-23   3.38281921E-23   2.30975737E-25   4.47572117E-25
   11741.7070       5.12021528E-21   4.75756282E-21   2.88205927E-22   1.82340150E-23   3.53601221E-23   2.04931722E-23   1.18066950E-25   2.28334113E-25
   13698.6582       3.27917578E-21   3.04826517E-21   1.87336151E-22   1.02399297E-23   1.98134928E-23   1.33241100E-23   6.64628933E-26   1.28247126E-25
   15655.6094       2.21930721E-21   2.06367164E-21   1.28274147E-22   6.17909304E-24   1.19296177E-23   9.13392460E-24   4.01953536E-26   7.73738010E-26
   17612.5605       1.56683528E-21   1.45721577E-21   9.14737799E-23   3.94498097E-24   7.59609864E-24   6.52325649E-24   2.56871615E-26   4.93561056E-26
   19569.5117       1.14607500E-21   1.06606496E-21   6.74572883E-23   2.63056792E-24   5.06245767E-24   4.80785320E-24   1.71495326E-26   3.29145803E-26
   24461.8887       5.85997384E-22   5.45215674E-22   3.50317950E-23   1.10734624E-24   2.11944739E-24   2.50098864E-24   7.23294623E-27   1.38214085E-26
   29354.2676       3.36705348E-22   3.13319017E-22   2.03470262E-23   5.41960458E-25   1.03342238E-24   1.45369227E-24   3.54591244E-27   6.75035364E-27
   34246.6445       2.09794592E-22   1.95230036E-22   1.27897774E-23   2.95109808E-25   5.60411865E-25   9.13554669E-25   1.93357165E-27   3.66361988E-27
   39139.0234       1.38800669E-22   1.29170041E-22   8.51535746E-24   1.73985812E-25   3.29008689E-25   6.08916309E-25   1.14026907E-27   2.15370159E-27
   43758.7969       9.81720736E-23   9.13657754E-23   6.04911282E-24   1.11760648E-25   2.10569360E-25   4.32714267E-25   7.33264556E-28   1.37902757E-27
   48923.7773       6.92699960E-23   6.44670069E-23   4.28842419E-24   7.16690979E-26   1.34710572E-25   3.06801515E-25   4.70326874E-28   8.82593701E-28
   58708.5352       3.90835424E-23   3.63758405E-23   2.43334106E-24   3.46750405E-26   6.46945260E-26   1.74269099E-25   2.27636397E-28   4.24017600E-28
   68493.2891       2.39896656E-23   2.23260037E-23   1.50220070E-24   1.87681488E-26   3.47880541E-26   1.07554442E-25   1.23248129E-28   2.28138920E-28
   78278.0469       1.57005850E-23   1.46118970E-23   9.86482494E-25   1.10277169E-26   2.03064861E-26   7.06332619E-26   7.24369636E-29   1.33275147E-28
   88062.8047       1.07787674E-23   1.00309210E-23   6.79467789E-25   6.89901232E-27   1.26303171E-26   4.86601115E-26   4.53275828E-29   8.29476601E-29
   97847.5547       7.69868132E-24   7.16487808E-24   4.86102647E-25   4.53494025E-27   8.25929125E-27   3.48139787E-26   2.98015721E-29   5.42725193E-29
   117417.070       4.28547109E-24   3.98822436E-24   2.71584324E-25   2.19848639E-27   3.96313897E-27   1.94573374E-26   1.44538394E-29   2.60521266E-29
   136986.578       2.60837588E-24   2.42743505E-24   1.65706532E-25   1.19475353E-27   2.13454244E-27   1.18846726E-26   7.85419660E-30   1.40433290E-29
   156556.094       1.69505323E-24   1.57732570E-24   1.08011908E-25   7.07398691E-28   1.25117991E-27   7.74199417E-27   4.64932466E-30   8.23397569E-30
   176125.609       1.15892778E-24   1.07839731E-24   7.39948201E-26   4.46077634E-28   7.83001215E-28   5.30202659E-27   2.92987698E-30   5.15576035E-30
   195695.109       8.24790956E-25   7.67451713E-25   5.27432894E-26   2.96329022E-28   5.16541007E-28   3.77697318E-27   1.94619434E-30   3.40071719E-30
   244618.891       4.01812416E-25   3.73877520E-25   2.57491225E-26   1.25719591E-28   2.15604391E-28   1.84153974E-27   8.24751945E-31   1.42002868E-30
   293542.656       2.23876654E-25   2.08312108E-25   1.43647503E-26   6.31837189E-29   1.06944844E-28   1.02863764E-27   4.14358937E-31   7.03983301E-31
   317063.250       1.74851673E-25   1.62678514E-25   1.12404297E-26   4.73815359E-29   7.98400578E-29   8.04636823E-28   3.10736430E-31   5.26020509E-31
   342466.438       1.36928800E-25   1.27404278E-25   8.79800929E-27   3.56633295E-29   5.97843261E-29   6.30913272E-28   2.33721473E-31   3.93754355E-31
   391390.219       8.97791873E-26   8.35236374E-26   5.78249681E-27   2.19181962E-29   3.64675316E-29   4.14312887E-28   1.43526391E-31   2.40312094E-31
   437587.969       6.33445816E-26   5.89326736E-26   4.08024591E-27   1.46981828E-29   2.43180945E-29   2.92421118E-28   9.61699729E-32   1.60284133E-31
   489237.781       4.48550070E-26   4.17325908E-26   2.88871581E-27   9.92498506E-30   1.63490327E-29   2.07191977E-28   6.48801176E-32   1.07795688E-31
   512053.875       3.89796419E-26   3.62625245E-26   2.51447199E-27   8.46483601E-30   1.39325188E-29   1.80121936E-28   5.53305779E-32   9.18633671E-32
   535932.562       3.39430115E-26   3.15782469E-26   2.18870652E-27   7.23981291E-30   1.18967852E-29   1.56837672E-28   4.72774277E-32   7.85096279E-32
   587085.312       2.57638382E-26   2.39673430E-26   1.66328163E-27   5.30985468E-30   8.71546720E-30   1.19129011E-28   3.46318973E-32   5.75740147E-32
   634124.562       2.04944738E-26   1.90672488E-26   1.32151025E-27   4.10071674E-30   6.73642974E-30   9.47883918E-29   2.67317054E-32   4.45475037E-32
   684932.875       1.63394232E-26   1.52002850E-26   1.05503396E-27   3.18380068E-30   5.23655123E-30   7.56007249E-29   2.07323114E-32   3.46480134E-32
   732224.562       1.34603475E-26   1.25214089E-26   8.69797919E-28   2.56408157E-30   4.22986577E-30   6.22982365E-29   1.66835680E-32   2.79976688E-32
   782780.438       1.11337224E-26   1.03577475E-26   7.18854170E-28   2.06928722E-30   3.43221894E-30   5.15480988E-29   1.34626488E-32   2.27324106E-32
   830263.938       9.43359391E-27   8.77538732E-27   6.09910284E-28   1.71981801E-30   2.86646366E-30   4.36841386E-29   1.11850741E-32   1.89982795E-32
   880628.000       8.01608790E-27   7.45707980E-27   5.18006447E-28   1.43278138E-30   2.40508251E-30   3.71319925E-29   9.31071166E-33   1.59286126E-32
   978475.562       6.03121525E-27   5.61054477E-27   3.89908514E-28   1.04164053E-30   1.77008836E-30   2.79299023E-29   6.75958255E-33   1.17317201E-32
   1071867.12       4.75105616E-27   4.41984552E-27   3.07027707E-28   7.97199392E-31   1.36824693E-30   2.20018809E-29   5.16310804E-33   9.09637716E-33
   1174170.62       3.76889506E-27   3.50628296E-27   2.43468239E-28   6.14247614E-31   1.06822720E-30   1.74572384E-29   3.97253834E-33   7.12077376E-33
   1268249.12       3.11762452E-27   2.90061786E-27   2.01181980E-28   4.94800320E-31   8.74997088E-31   1.44444294E-29   3.19993660E-33   5.83615019E-33
   1369865.75       2.59236969E-27   2.41194934E-27   1.67281123E-28   4.00504091E-31   7.21553838E-31   1.20146025E-29   2.59064812E-33   4.81693230E-33
   1416366.88       2.39529275E-27   2.22826609E-27   1.54887740E-28   3.66446093E-31   6.65400708E-31   1.11058953E-29   2.37074839E-33   4.44303877E-33
   1464447.25       2.21863624E-27   2.06399197E-27   1.43412279E-28   3.35284937E-31   6.13618019E-31   1.02839739E-29   2.16951735E-33   4.10238859E-33
   1565560.88       1.90676482E-27   1.77374200E-27   1.23374242E-28   2.81460203E-31   5.23443967E-31   8.83652770E-30   1.82107915E-33   3.51503153E-33
   1660527.88       1.67377217E-27   1.55699543E-27   1.08300193E-28   2.41865627E-31   4.56436980E-31   7.76819028E-30   1.56243091E-33   3.07968665E-33
   1761256.00       1.47543394E-27   1.37257117E-27   9.54046051E-29   2.08938737E-31   3.99232817E-31   6.84758072E-30   1.34647515E-33   2.70756481E-33
   1956951.12       1.18515402E-27   1.10260154E-27   7.65564796E-29   1.63573401E-31   3.17591255E-31   5.50704132E-30   1.05034929E-33   2.17414182E-33
   2000004.00       1.13470352E-27   1.05568463E-27   7.32896150E-29   1.56134978E-31   3.03537233E-31   5.27024485E-30   1.00117010E-33   2.08049845E-33
   2211883.25       9.27907943E-28   8.63292416E-28   5.99275672E-29   1.26632503E-31   2.47266013E-31   4.31152708E-30   8.10974195E-34   1.70072910E-33
   2446189.00       7.64013231E-28   7.10819142E-28   4.93336856E-29   1.04372261E-31   2.03817602E-31   3.54976612E-30   6.68602911E-34   1.40020874E-33
   2679672.75       6.45136457E-28   6.00215586E-28   4.16615210E-29   8.85640777E-32   1.72442271E-31   2.99687376E-30   5.67792195E-34   1.18256137E-33
   2935426.75       5.48339796E-28   5.10160690E-28   3.54083725E-29   7.56688930E-32   1.46880735E-31   2.54672412E-30   4.85542074E-34   1.00550455E-33
   3170632.75       4.80816307E-28   4.47324867E-28   3.10625326E-29   6.64387761E-32   1.28796671E-31   2.23238001E-30   4.26503100E-34   8.81093260E-34
   3424664.50       4.23442035E-28   3.93950559E-28   2.73541274E-29   5.84939331E-32   1.13331221E-31   1.96426234E-30   3.75381999E-34   7.75851067E-34
   3661123.00       3.80251877E-28   3.53767427E-28   2.45636400E-29   5.24899370E-32   1.01865766E-31   1.76590416E-30   3.36979631E-34   6.97335667E-34
   3913902.25       3.42578231E-28   3.18718415E-28   2.21294075E-29   4.72954480E-32   9.17130214E-32   1.59015854E-30   3.03515213E-34   6.27456798E-34
   4375879.50       2.89085792E-28   2.68952674E-28   1.86735549E-29   3.98995579E-32   7.73511782E-32   1.34132999E-30   2.56044779E-34   5.29564016E-34
   4626917.50       2.65936668E-28   2.47414157E-28   1.71779620E-29   3.67068712E-32   7.12421752E-32   1.23539416E-30   2.35624399E-34   4.87666183E-34
   4892378.00       2.45296043E-28   2.28212997E-28   1.58451297E-29   3.38487154E-32   6.56156480E-32   1.13782672E-30   2.17193979E-34   4.49397919E-34
   5359326.00       2.15167951E-28   2.00181977E-28   1.38991851E-29   2.96888584E-32   5.76336769E-32   9.99367399E-31   1.90581384E-34   3.94568179E-34
   5870853.50       1.89511326E-28   1.76311135E-28   1.22421293E-29   2.61624370E-32   5.07429937E-32   8.79849904E-31   1.67904743E-34   3.47259903E-34
   6849329.00       1.53898751E-28   1.43179037E-28   9.94146154E-30   2.12463257E-32   4.12187770E-32   7.14688951E-31   1.36359227E-34   2.82047770E-34
   7827804.50       1.29340207E-28   1.20332211E-28   8.35498653E-30   1.78518330E-32   3.46147792E-32   6.00181555E-31   1.14564449E-34   2.36887665E-34
   8302639.00       1.19857734E-28   1.11509406E-28   7.74236477E-30   1.65486315E-32   3.21151845E-32   5.56839291E-31   1.06220115E-34   2.19827614E-34
   8806280.00       1.11323217E-28   1.03569471E-28   7.19110418E-30   1.53604448E-32   2.97959665E-32   5.16627134E-31   9.85650750E-35   2.04053858E-34
   9784756.00       9.75836865E-29   9.07868991E-29   6.30357736E-30   1.34725582E-32   2.61439171E-32   4.53303865E-31   8.64880013E-35   1.78931753E-34
   11741707.0       7.82331521E-29   7.27842088E-29   5.05360858E-30   1.08002893E-32   2.09548340E-32   3.63330963E-31   6.93229541E-35   1.43411264E-34
   13698658.0       6.52327699E-29   6.06896276E-29   4.21385949E-30   9.00433522E-33   1.74552389E-32   3.02654342E-31   5.77816200E-35   1.19480357E-34
   15655609.0       5.58584985E-29   5.19681140E-29   3.60829445E-30   7.70601860E-33   1.49572429E-32   2.59347109E-31   4.94615134E-35   1.02414314E-34
   17612560.0       4.88482008E-29   4.54460997E-29   3.15543234E-30   6.74323657E-33   1.30758627E-32   2.26717478E-31   4.32701279E-35   8.94839966E-35
   19569512.0       4.33580155E-29   4.03380971E-29   2.80075785E-30   5.98438848E-33   1.16152037E-32   2.01375183E-31   3.84097715E-35   7.95165392E-35
   24461890.0       3.38685373E-29   3.15095771E-29   2.18780545E-30   4.67630167E-33   9.07062208E-33   1.57280121E-31   3.00087809E-35   6.20933252E-35
   29354266.0       2.77748468E-29   2.58405150E-29   1.79411226E-30   3.83328928E-33   7.43159430E-33   1.28877745E-31   2.46002757E-35   5.08587101E-35
   34246644.0       2.35149922E-29   2.18772551E-29   1.51886735E-30   3.24732408E-33   6.30085470E-33   1.09249140E-31   2.08397197E-35   4.31327879E-35
   39139024.0       2.04062855E-29   1.89850666E-29   1.31820689E-30   2.81541256E-33   5.46141618E-33   9.46797811E-32   1.80681503E-35   3.73956580E-35
   48923780.0       1.61100940E-29   1.49881736E-29   1.04057957E-30   2.22439218E-33   4.31593147E-33   7.48387647E-32   1.42764621E-35   2.95439153E-35
   58708532.0       1.33248111E-29   1.23967845E-29   8.60846016E-31   1.83847665E-33   3.56446107E-33   6.18076458E-32   1.17976865E-35   2.44070825E-35
   68493288.0       1.13546427E-29   1.05639537E-29   7.33329612E-31   1.56721572E-33   3.03949650E-33   5.27038476E-32   1.00575473E-35   2.08057851E-35
   78278048.0       9.88502502E-30   9.19682781E-30   6.38243592E-31   1.36481350E-33   2.64767503E-33   4.59089642E-32   8.75902999E-36   1.81255073E-35
   88062800.0       8.75388499E-30   8.14399639E-30   5.65666125E-31   1.20808695E-33   2.34421198E-33   4.06465081E-32   7.75356547E-36   1.60494339E-35
   97847560.0       7.86010228E-30   7.31261532E-30   5.07815346E-31   1.08451348E-33   2.10298088E-33   3.64633264E-32   6.95940224E-36   1.43946802E-35
   117417064.       6.52370701E-30   6.06943356E-30   4.21333945E-31   9.00420499E-34   1.74642461E-33   3.02806522E-32   5.77833247E-36   1.19548428E-35
   136986576.       5.57270688E-30   5.18474974E-30   3.59810451E-31   7.69378639E-34   1.49256108E-33   2.58785522E-32   4.93757240E-36   1.02180076E-35
   156556096.       4.86211735E-30   4.52333875E-30   3.14208888E-31   6.71384700E-34   1.30268137E-33   2.25861645E-32   4.30882426E-36   8.91873981E-36
   176125600.       4.31572162E-30   4.01506101E-30   2.78868590E-31   5.95418837E-34   1.15535418E-33   2.00315111E-32   3.82103716E-36   7.91057260E-36
   195695120.       3.87935555E-30   3.60913554E-30   2.50637377E-31   5.35286791E-34   1.03806703E-33   1.79998821E-32   3.43513185E-36   7.10569833E-36
   244618896.       3.09540219E-30   2.87983703E-30   1.99927727E-31   4.27229794E-34   8.28666855E-34   1.43685538E-32   2.74176901E-36   5.67271734E-36
   293542656.       2.57406161E-30   2.39479232E-30   1.66264107E-31   3.55345996E-34   6.89339688E-34   1.19524405E-32   2.28050819E-36   4.71921450E-36
   342466432.       2.20380157E-30   2.05030834E-30   1.42368223E-31   3.04090792E-34   5.89983370E-34   1.02295192E-32   1.95160976E-36   4.03921534E-36
   391390240.       1.92716525E-30   1.79297119E-30   1.24463340E-31   2.65912641E-34   5.15684183E-34   8.94178275E-33   1.70646477E-36   3.52995630E-36
   489237792.       1.54018875E-30   1.43298159E-30   9.94260276E-32   2.12544325E-34   4.12215793E-34   7.14762058E-33   1.36399263E-36   2.82176884E-36
   587085312.       1.28245108E-30   1.19320200E-30   8.27757907E-32   1.76993817E-34   3.43286939E-34   5.95239629E-33   1.13585478E-36   2.34998766E-36
   684932864.       1.09853737E-30   1.02206102E-30   7.09297641E-32   1.51617477E-34   2.94081779E-34   5.09919384E-33   9.73009996E-37   2.01319120E-36
   782780480.       9.60677742E-31   8.93777914E-31   6.20475877E-32   1.32595464E-34   2.57197934E-34   4.45962500E-33   8.50942147E-37   1.76072896E-36
   880628032.       8.53512624E-31   7.94061292E-31   5.51409824E-32   1.17808687E-34   2.28523288E-34   3.96240852E-33   7.56047291E-37   1.56445283E-36
   978475584.       7.67822048E-31   7.14326617E-31   4.96168701E-32   1.05983879E-34   2.05592378E-34   3.56480123E-33   6.80164491E-37   1.40748606E-36
   1.17417062E+09   6.39360687E-31   5.94798167E-31   4.13329910E-32   8.82569653E-35   1.71214047E-34   2.96869592E-33   5.66402821E-37   1.17216092E-36
   1.36986573E+09   5.47854330E-31   5.09670135E-31   3.54177829E-32   7.56031245E-35   1.46673524E-34   2.54317064E-33   4.85197732E-37   1.00417317E-36
   1.56556096E+09   4.79338855E-31   4.45935490E-31   3.09826515E-32   6.61466800E-35   1.28295175E-34   2.22458247E-33   4.24493079E-37   8.78264373E-37
   1.76125606E+09   4.26052614E-31   3.96367949E-31   2.75339069E-32   5.87943359E-35   1.14034914E-34   1.97731521E-33   3.77309947E-37   7.80645931E-37
   1.95695117E+09   3.83427050E-31   3.56715375E-31   2.47754507E-32   5.29127602E-35   1.02627533E-34   1.77951771E-33   3.39565222E-37   7.02554864E-37
   2.44618880E+09   3.06706413E-31   2.85345047E-31   1.98118920E-32   4.23264837E-35   8.20950159E-35   1.42349207E-33   2.71629353E-37   5.61998439E-37
   2.93542682E+09   2.55564321E-31   2.37769546E-31   1.65041875E-32   3.52695371E-35   6.84079397E-35   1.18616499E-33   2.26342122E-37   4.68301840E-37
   3.42466458E+09   2.19037809E-31   2.03789578E-31   1.41422271E-32   3.02291975E-35   5.86319765E-35   1.01665568E-33   1.93995804E-37   4.01378964E-37
   3.91390234E+09   1.91644453E-31   1.78306130E-31   1.23712581E-32   2.64492227E-35   5.13004504E-35   8.89528626E-34   1.69737568E-37   3.51189834E-37
   4.89237760E+09   1.53300144E-31   1.42631487E-31   9.89449448E-33   2.11575366E-35   4.10369985E-35   7.11563832E-34   1.35778647E-37   2.80929670E-37
   5.87085363E+09   1.27740618E-31   1.18849732E-31   8.24514660E-33   1.76300118E-35   3.41951622E-35   5.92930371E-34   1.13141029E-37   2.34091841E-37
   6.84932915E+09   1.09485379E-31   1.01864767E-31   7.06706983E-33   1.51104963E-35   2.93084807E-35   5.08196697E-34   9.69722752E-38   2.00639439E-37
   7.82780467E+09   9.57942026E-32   8.91269338E-32   6.18353742E-33   1.32210082E-35   2.56436188E-35   4.44650207E-34   8.48463575E-38   1.75551376E-37
   8.80627917E+09   8.51463632E-32   7.92199380E-32   5.49636069E-33   1.17514401E-35   2.27933707E-35   3.95226823E-34   7.54156413E-38   1.56038878E-37
   9.78475520E+09   7.66284490E-32   7.12948256E-32   4.94663194E-33   1.05758654E-35   2.05131929E-35   3.55690356E-34   6.78713026E-38   1.40429287E-37
   1.17417073E+10   6.38522889E-32   5.94078506E-32   4.12204800E-33   8.81262318E-36   1.70931759E-35   2.96389100E-34   5.65554980E-38   1.17016908E-37
   1.36986583E+10   5.47271731E-32   5.09176663E-32   3.53308970E-33   7.55322562E-36   1.46504349E-35   2.54032778E-34   4.84733241E-38   1.00294193E-37
   1.56556093E+10   4.78836360E-32   4.45505042E-32   3.09137823E-33   6.60873198E-36   1.28185062E-35   2.22268051E-34   4.24119712E-38   8.77536651E-38
   1.76125583E+10   4.25612180E-32   3.95984580E-32   2.74783504E-33   5.87415814E-36   1.13937825E-35   1.97562374E-34   3.76978602E-38   7.79999271E-38
   1.95695104E+10   3.83034629E-32   3.56370009E-32   2.47300061E-33   5.28652110E-36   1.02539440E-35   1.77799628E-34   3.39266942E-38   7.01972226E-38
   2.44618895E+10   3.06400096E-32   2.85069782E-32   1.97832632E-33   4.22885492E-36   8.20250401E-36   1.42228078E-34   2.71390118E-38   5.61532973E-38
   2.93542687E+10   2.55315081E-32   2.37539299E-32   1.64854689E-33   3.52379041E-36   6.83495796E-36   1.18515395E-34   2.26142919E-38   4.67913456E-38
   3.42466458E+10   2.18827619E-32   2.03592389E-32   1.41300152E-33   3.02020724E-36   5.85820208E-36   1.01578473E-34   1.93825628E-38   4.01046660E-38
   3.91390208E+10   1.91463271E-32   1.78132959E-32   1.23634510E-33   2.64254990E-36   5.12567051E-36   8.88768894E-35   1.69588419E-38   3.50898560E-38
   4.89237791E+10   1.53156996E-32   1.42493352E-32   9.89036059E-34   2.11385169E-36   4.10019626E-36   7.10956260E-35   1.35659522E-38   2.80696422E-38
   5.87085373E+10   1.27621497E-32   1.18735619E-32   8.24169303E-34   1.76141970E-36   3.41660332E-36   5.92422865E-35   1.13041934E-38   2.33898658E-38
   6.84932915E+10   1.09383276E-32   1.01766660E-32   7.06411677E-34   1.50969807E-36   2.92834555E-36   5.07762246E-35   9.68869950E-39   2.00473262E-38
   7.82780416E+10   9.57050032E-33   8.90406481E-33   6.18095501E-34   1.32091963E-36   2.56217967E-36   4.44269796E-35   8.47717888E-39   1.75405223E-38
   8.80627958E+10   8.50670805E-33   7.91433677E-33   5.49405856E-34   1.17409296E-36   2.27739511E-36   3.94889477E-35   7.53493739E-39   1.55909742E-38
   9.78475581E+10   7.65570818E-33   7.12258549E-33   4.94455949E-34   1.05664559E-36   2.04957743E-36   3.55386036E-35   6.78116493E-39   1.40313178E-38
   1.17417075E+11   6.37928295E-33   5.93503902E-33   4.12032627E-34   8.80471654E-37   1.70786616E-36   2.96134865E-35   5.65057491E-39   1.16919804E-38
   1.36986583E+11   5.46762206E-33   5.08684160E-33   3.53161803E-34   7.54644917E-37   1.46380238E-36   2.53815547E-35   4.84306826E-39   1.00211113E-38
   1.56556083E+11   4.78390899E-33   4.45073642E-33   3.09008720E-34   6.60279595E-37   1.28075944E-36   2.22077860E-35   4.23747331E-39   8.76808984E-39
   1.76125592E+11   4.25215796E-33   3.95601199E-33   2.74668398E-34   5.86888325E-37   1.13840725E-36   1.97394200E-35   3.76647307E-39   7.79352600E-39
   1.95695116E+11   3.82678329E-33   3.56025684E-33   2.47196934E-34   5.28177686E-37   1.02452343E-36   1.77647473E-35   3.38968633E-39   7.01390659E-39
   2.44618887E+11   3.06114800E-33   2.84793500E-33   1.97749558E-34   4.22505074E-37   8.19550730E-37   1.42105960E-35   2.71151953E-39   5.61067434E-39
   2.93542658E+11   2.55076837E-33   2.37310085E-33   1.64785619E-34   3.52062719E-37   6.82913233E-37   1.18414296E-35   2.25943683E-39   4.67525016E-39
   3.42466429E+11   2.18623417E-33   2.03395181E-33   1.41241110E-34   3.01749446E-37   5.85320709E-37   1.01491389E-35   1.93655524E-39   4.00714328E-39
   3.91390233E+11   1.91285110E-33   1.77960790E-33   1.23582465E-34   2.64017747E-37   5.12130644E-37   8.88009070E-36   1.69439265E-39   3.50608239E-39
   4.89237774E+11   1.53014862E-33   1.42355213E-33   9.88623695E-35   2.11195992E-37   4.09670256E-37   7.10347635E-36   1.35540454E-39   2.80464142E-39
   5.87085316E+11   1.27502373E-33   1.18620503E-33   8.23825988E-35   1.75983816E-37   3.41369018E-37   5.91916328E-36   1.12941854E-39   2.33704494E-39
   6.84932858E+11   1.09281173E-33   1.01668571E-33   7.06116414E-35   1.50833682E-37   2.92585290E-37   5.07327836E-36   9.68018380E-40   2.00307068E-39
   7.82780465E+11   9.56159227E-34   8.89545615E-34   6.17837248E-35   1.31972843E-37   2.55999741E-37   4.43890458E-36   8.46972818E-40   1.75260119E-39
   8.80628007E+11   8.49879018E-34   7.90667898E-34   5.49176611E-35   1.17304185E-37   2.27545311E-37   3.94552161E-36   7.52830784E-40   1.55780669E-39
   9.78475549E+11   7.64858083E-34   7.11569847E-34   4.94249744E-35   1.05569465E-37   2.04782574E-37   3.55082735E-36   6.77520801E-40   1.40197109E-39
   1.17417063E+12   6.37334716E-34   5.92929361E-34   4.11861451E-35   8.79680749E-38   1.70640475E-37   2.95882579E-36   5.64560731E-40   1.16822750E-39
   1.36986572E+12   5.46252684E-34   5.08192702E-34   3.53013638E-35   7.53967237E-38   1.46255101E-37   2.53598342E-36   4.83880971E-40   1.00127960E-39
   1.56556093E+12   4.77945488E-34   4.44643228E-34   3.08879594E-35   6.59687036E-38   1.27966834E-37   2.21887670E-36   4.23374305E-40   8.76081991E-40
   1.76125601E+12   4.24820398E-34   3.95218833E-34   2.74554298E-35   5.86361796E-38   1.13743632E-37   1.97225033E-36   3.76315900E-40   7.78707162E-40
   1.95695110E+12   3.82321938E-34   3.55681310E-34   2.47093849E-35   5.27703162E-38   1.02365268E-37   1.77495324E-36   3.38670017E-40   7.00808980E-40
