   1.95695114       2.77716435E-13   0.00000000       0.00000000       0.00000000       0.00000000       0.00000000       0.00000000       0.00000000       0.00000000       0.00000000    
   2.44618893       7.38037290E-14   0.00000000       0.00000000       0.00000000       0.00000000       0.00000000       0.00000000       0.00000000       0.00000000       0.00000000    
   2.93542671       2.49943702E-14   0.00000000       0.00000000       0.00000000       0.00000000       0.00000000       0.00000000       0.00000000       0.00000000       0.00000000    
   3.42466450       1.00060468E-14   0.00000000       0.00000000       0.00000000       0.00000000       0.00000000       0.00000000       0.00000000       0.00000000       0.00000000    
   3.91390228       4.52755289E-15   0.00000000       0.00000000       0.00000000       0.00000000       0.00000000       0.00000000       0.00000000       0.00000000       0.00000000    
   4.89237785       1.20321200E-15   0.00000000       0.00000000       0.00000000       0.00000000       0.00000000       0.00000000       0.00000000       0.00000000       0.00000000    
   5.87085342       4.07478090E-16   0.00000000       0.00000000       0.00000000       0.00000000       0.00000000       0.00000000       0.00000000       0.00000000       0.00000000    
   6.84932899       1.63126965E-16   0.00000000       0.00000000       0.00000000       0.00000000       0.00000000       0.00000000       0.00000000       0.00000000       0.00000000    
   7.82780457       7.38118341E-17   0.00000000       0.00000000       0.00000000       0.00000000       0.00000000       0.00000000       0.00000000       0.00000000       0.00000000    
   8.80628014       3.66728374E-17   0.00000000       0.00000000       0.00000000       0.00000000       0.00000000       0.00000000       0.00000000       0.00000000       0.00000000    
   9.78475571       1.96156965E-17   0.00000000       0.00000000       0.00000000       0.00000000       0.00000000       0.00000000       0.00000000       0.00000000       0.00000000    
   11.7417068       6.64303621E-18   0.00000000       0.00000000       0.00000000       0.00000000       0.00000000       0.00000000       0.00000000       0.00000000       0.00000000    
   13.6986580       2.65942682E-18   0.00000000       0.00000000       0.00000000       0.00000000       0.00000000       0.00000000       0.00000000       0.00000000       0.00000000    
   15.6556091       1.15170052E-18   0.00000000       0.00000000       0.00000000       0.00000000       0.00000000       0.00000000       0.00000000       0.00000000       0.00000000    
   17.6125603       4.67480038E-19   0.00000000       0.00000000       0.00000000       0.00000000       0.00000000       0.00000000       0.00000000       0.00000000       0.00000000    
   19.5695114       1.71947779E-19   0.00000000       0.00000000       0.00000000       0.00000000       0.00000000       0.00000000       0.00000000       0.00000000       0.00000000    
   21.8793011       3.84067681E-20   0.00000000       0.00000000       0.00000000       0.00000000       0.00000000       0.00000000       0.00000000       0.00000000       0.00000000    
   24.4618893       2.01386188E-21   0.00000000       0.00000000       0.00000000       0.00000000       0.00000000       0.00000000       0.00000000       0.00000000       0.00000000    
   24.9315567       1.38252112E-21   0.00000000       0.00000000       0.00000000       0.00000000       0.00000000       0.00000000       0.00000000       0.00000000       0.00000000    
   24.9315567       1.91397207E-18   0.00000000       0.00000000       0.00000000       0.00000000       0.00000000       0.00000000       0.00000000       0.00000000       1.91259068E-18
   25.2642384       1.91346149E-18   0.00000000       0.00000000       0.00000000       0.00000000       0.00000000       0.00000000       0.00000000       0.00000000       1.91185986E-18
   25.2642384       3.17552238E-18   0.00000000       0.00000000       0.00000000       0.00000000       0.00000000       0.00000000       0.00000000       1.26206079E-18   1.91185986E-18
   27.2325401       3.22173862E-18   0.00000000       0.00000000       0.00000000       0.00000000       0.00000000       0.00000000       0.00000000       1.27041914E-18   1.94072888E-18
   29.3542671       3.38774425E-18   0.00000000       0.00000000       0.00000000       0.00000000       0.00000000       0.00000000       0.00000000       1.32460330E-18   2.03557361E-18
   31.7063274       3.66015634E-18   0.00000000       0.00000000       0.00000000       0.00000000       0.00000000       0.00000000       0.00000000       1.41996853E-18   2.19205985E-18
   34.2466431       4.01279874E-18   0.00000000       0.00000000       0.00000000       0.00000000       0.00000000       0.00000000       0.00000000       1.54953800E-18   2.39471228E-18
   39.1390228       4.76651165E-18   0.00000000       0.00000000       0.00000000       0.00000000       0.00000000       0.00000000       0.00000000       1.83537357E-18   2.83234955E-18
   43.7587967       5.49986434E-18   0.00000000       0.00000000       0.00000000       0.00000000       0.00000000       0.00000000       0.00000000       2.11874662E-18   3.26414093E-18
   46.2691727       5.89054463E-18   0.00000000       0.00000000       0.00000000       0.00000000       0.00000000       0.00000000       0.00000000       2.27331111E-18   3.49373008E-18
   48.9237785       6.29568943E-18   0.00000000       0.00000000       0.00000000       0.00000000       0.00000000       0.00000000       0.00000000       2.43316066E-18   3.73388005E-18
   53.5932617       6.95437707E-18   0.00000000       0.00000000       0.00000000       0.00000000       0.00000000       0.00000000       0.00000000       2.69577314E-18   4.12471048E-18
   56.0926781       7.27908186E-18   0.00000000       0.00000000       0.00000000       0.00000000       0.00000000       0.00000000       0.00000000       2.82496221E-18   4.31886466E-18
   58.7085342       7.58847057E-18   0.00000000       0.00000000       0.00000000       0.00000000       0.00000000       0.00000000       0.00000000       2.94918633E-18   4.50336895E-18
   61.0151901       7.84004183E-18   0.00000000       0.00000000       0.00000000       0.00000000       0.00000000       0.00000000       0.00000000       3.05205906E-18   4.65207741E-18
   63.4124603       8.07850063E-18   0.00000000       0.00000000       0.00000000       0.00000000       0.00000000       0.00000000       0.00000000       3.14799485E-18   4.79491992E-18
   65.9038544       8.28920091E-18   0.00000000       0.00000000       0.00000000       0.00000000       0.00000000       0.00000000       0.00000000       3.23492160E-18   4.91940440E-18
   68.4932861       8.48241375E-18   0.00000000       0.00000000       0.00000000       0.00000000       0.00000000       0.00000000       0.00000000       3.31554214E-18   5.03313801E-18
   70.8183441       8.63121279E-18   0.00000000       0.00000000       0.00000000       0.00000000       0.00000000       0.00000000       0.00000000       3.37523191E-18   5.12334826E-18
   73.2224579       8.75016137E-18   0.00000000       0.00000000       0.00000000       0.00000000       0.00000000       0.00000000       0.00000000       3.42487143E-18   5.19414913E-18
   75.7079773       8.85087226E-18   0.00000000       0.00000000       0.00000000       0.00000000       0.00000000       0.00000000       0.00000000       3.46916571E-18   5.25211671E-18
   78.2780457       8.92889028E-18   0.00000000       0.00000000       0.00000000       0.00000000       0.00000000       0.00000000       0.00000000       3.50103739E-18   5.30010477E-18
   83.0263901       8.99413498E-18   0.00000000       0.00000000       0.00000000       0.00000000       0.00000000       0.00000000       0.00000000       3.53303936E-18   5.33677162E-18
   85.5076141       8.99468588E-18   0.00000000       0.00000000       0.00000000       0.00000000       0.00000000       0.00000000       0.00000000       3.53570205E-18   5.33665126E-18
   88.0627975       8.97378468E-18   0.00000000       0.00000000       0.00000000       0.00000000       0.00000000       0.00000000       0.00000000       3.52973601E-18   5.32367817E-18
   90.4132919       8.94436517E-18   0.00000000       0.00000000       0.00000000       0.00000000       0.00000000       0.00000000       0.00000000       3.52013658E-18   5.30572050E-18
   92.8264084       8.89575673E-18   0.00000000       0.00000000       0.00000000       0.00000000       0.00000000       0.00000000       0.00000000       3.50181825E-18   5.27739204E-18
   97.8475571       8.76099247E-18   0.00000000       0.00000000       0.00000000       0.00000000       0.00000000       0.00000000       0.00000000       3.45140800E-18   5.19699174E-18
   102.410774       8.60557681E-18   0.00000000       0.00000000       0.00000000       0.00000000       0.00000000       0.00000000       0.00000000       3.39320985E-18   5.10346822E-18
   107.186714       8.41493650E-18   0.00000000       0.00000000       0.00000000       0.00000000       0.00000000       0.00000000       0.00000000       3.32114774E-18   4.98859351E-18
   112.185356       8.19643839E-18   0.00000000       0.00000000       0.00000000       0.00000000       0.00000000       0.00000000       0.00000000       3.23530211E-18   4.85980480E-18
   117.417068       7.96162332E-18   0.00000000       0.00000000       0.00000000       0.00000000       0.00000000       0.00000000       0.00000000       3.14476160E-18   4.71941488E-18
   123.567177       7.68115367E-18   0.00000000       0.00000000       0.00000000       0.00000000       0.00000000       0.00000000       0.00000000       3.03609303E-18   4.55202744E-18
   130.039398       7.37518784E-18   0.00000000       0.00000000       0.00000000       0.00000000       0.00000000       0.00000000       0.00000000       2.91626330E-18   4.37038602E-18
   130.039398       8.20239409E-18   0.00000000       0.00000000       0.00000000       0.00000000       0.00000000       0.00000000       8.27206359E-19   2.91626330E-18   4.37038602E-18
   133.150955       8.01592773E-18   0.00000000       0.00000000       0.00000000       0.00000000       0.00000000       0.00000000       7.78746965E-19   2.86221945E-18   4.28846412E-18
   133.150955       8.41230358E-18   0.00000000       0.00000000       0.00000000       0.00000000       0.00000000       3.96375980E-19   7.78746965E-19   2.86221945E-18   4.28846412E-18
   136.986572       8.13046247E-18   0.00000000       0.00000000       0.00000000       0.00000000       0.00000000       3.69095718E-19   7.05825100E-19   2.79117829E-18   4.18033631E-18
   146.444717       7.46146360E-18   0.00000000       0.00000000       0.00000000       0.00000000       0.00000000       2.85609335E-19   5.43370808E-19   2.62544273E-18   3.92864469E-18
   156.556091       6.86208522E-18   0.00000000       0.00000000       0.00000000       0.00000000       0.00000000       2.22691471E-19   4.44716286E-19   2.45317078E-18   3.66896540E-18
   166.052780       6.40880224E-18   0.00000000       0.00000000       0.00000000       0.00000000       0.00000000       1.96097898E-19   4.13707301E-19   2.29809572E-18   3.43325987E-18
   176.125595       6.00655051E-18   0.00000000       0.00000000       0.00000000       0.00000000       0.00000000       1.91369178E-19   4.20123715E-19   2.13890667E-18   3.19320006E-18
   195.695114       5.35653131E-18   0.00000000       0.00000000       0.00000000       0.00000000       0.00000000       2.13010795E-19   4.75959466E-19   1.85098909E-18   2.76131852E-18
   197.671631       5.29670133E-18   0.00000000       0.00000000       0.00000000       0.00000000       0.00000000       2.16063854E-19   4.82506032E-19   1.82454268E-18   2.71930663E-18
   197.671631       5.64558006E-18   0.00000000       0.00000000       0.00000000       0.00000000       3.48880536E-19   2.16063854E-19   4.82506032E-19   1.82454268E-18   2.71930663E-18
   215.264618       5.14624090E-18   0.00000000       0.00000000       0.00000000       0.00000000       3.41392044E-19   2.43797553E-19   5.39605069E-19   1.59494339E-18   2.37805575E-18
   234.834137       4.65881397E-18   0.00000000       0.00000000       0.00000000       0.00000000       3.28992658E-19   2.71086810E-19   5.91834235E-19   1.37493351E-18   2.04886682E-18
   254.403641       4.23376970E-18   0.00000000       0.00000000       0.00000000       0.00000000       3.16646341E-19   2.91517215E-19   6.28829216E-19   1.18811694E-18   1.77015845E-18
   273.973145       3.86043662E-18   0.00000000       0.00000000       0.00000000       0.00000000       3.04815513E-19   3.04810498E-19   6.50353696E-19   1.03099998E-18   1.53470314E-18
   293.542664       3.52963592E-18   0.00000000       0.00000000       0.00000000       0.00000000       2.92816534E-19   3.11288977E-19   6.57902236E-19   8.98694823E-19   1.33728594E-18
   312.499634       3.24253932E-18   0.00000000       0.00000000       0.00000000       0.00000000       2.81822528E-19   3.12399079E-19   6.55430776E-19   7.89992227E-19   1.17399283E-18
   332.681702       2.96850555E-18   0.00000000       0.00000000       0.00000000       0.00000000       2.69306045E-19   3.09317004E-19   6.45555893E-19   6.91390695E-19   1.02663557E-18
   352.251190       2.72875593E-18   0.00000000       0.00000000       0.00000000       0.00000000       2.56650388E-19   3.03705411E-19   6.30718083E-19   6.08977346E-19   9.04501631E-19
   371.820709       2.51354111E-18   0.00000000       0.00000000       0.00000000       0.00000000       2.44399146E-19   2.96491207E-19   6.12896270E-19   5.37842295E-19   7.99459671E-19
   410.959747       2.14632421E-18   0.00000000       0.00000000       0.00000000       0.00000000       2.21500279E-19   2.79109841E-19   5.72531975E-19   4.24041630E-19   6.29786160E-19
   450.098755       1.84959777E-18   0.00000000       0.00000000       0.00000000       0.00000000       2.01320122E-19   2.59875617E-19   5.30188651E-19   3.38630294E-19   5.02640125E-19
   469.668274       1.72147980E-18   0.00000000       0.00000000       0.00000000       0.00000000       1.92124937E-19   2.49857607E-19   5.08331800E-19   3.04198901E-19   4.50925465E-19
   508.807281       1.50047895E-18   0.00000000       0.00000000       0.00000000       0.00000000       1.75135965E-19   2.30314095E-19   4.66458004E-19   2.47485227E-19   3.66931555E-19
   547.946289       1.31596464E-18   0.00000000       0.00000000       0.00000000       0.00000000       1.59866703E-19   2.11511298E-19   4.27039617E-19   2.03498296E-19   3.01360069E-19
   606.654846       1.09319207E-18   0.00000000       0.00000000       0.00000000       0.00000000       1.40082946E-19   1.85911725E-19   3.73945582E-19   1.54106953E-19   2.28196978E-19
   645.793884       9.73258331E-19   0.00000000       0.00000000       0.00000000       0.00000000       1.28747625E-19   1.70916750E-19   3.42939595E-19   1.29338206E-19   1.91455270E-19
   704.502380       8.25480653E-19   0.00000000       0.00000000       0.00000000       0.00000000       1.14227116E-19   1.50738584E-19   3.01520206E-19   1.00945846E-19   1.49442288E-19
   763.210938       7.06972244E-19   0.00000000       0.00000000       0.00000000       0.00000000       1.01956854E-19   1.33194057E-19   2.65814542E-19   8.00291491E-20   1.18436315E-19
   821.919495       6.10604979E-19   0.00000000       0.00000000       0.00000000       0.00000000       9.13920064E-20   1.18082966E-19   2.35056813E-19   6.43529908E-20   9.50454499E-20
   880.627991       5.31569061E-19   0.00000000       0.00000000       0.00000000       0.00000000       8.23313479E-20   1.05130022E-19   2.08632425E-19   5.22813302E-20   7.72387652E-20
   939.336548       4.66141659E-19   0.00000000       0.00000000       0.00000000       0.00000000       7.45554817E-20   9.38413464E-20   1.85988808E-19   4.29338920E-20   6.34635972E-20
   1017.61456       3.95167779E-19   0.00000000       0.00000000       0.00000000       0.00000000       6.57891250E-20   8.11540760E-20   1.60508349E-19   3.35430107E-20   4.95104594E-20
   1115.46216       3.25760424E-19   0.00000000       0.00000000       0.00000000       0.00000000       5.68103573E-20   6.81882202E-20   1.34566427E-19   2.51281023E-20   3.70701347E-20
   1193.74023       2.81816531E-19   0.00000000       0.00000000       0.00000000       0.00000000       5.07969449E-20   5.97198617E-20   1.17654538E-19   2.02337134E-20   2.98634335E-20
   1291.58777       2.37641416E-19   0.00000000       0.00000000       0.00000000       0.00000000       4.45723300E-20   5.09715220E-20   1.00177078E-19   1.56947779E-20   2.31317084E-20
   1389.43530       2.02407206E-19   0.00000000       0.00000000       0.00000000       0.00000000       3.93698293E-20   4.38187750E-20   8.59465666E-20   1.23512396E-20   1.82002822E-20
   1410.35510       1.95834635E-19   0.00000000       0.00000000       0.00000000       0.00000000       3.83824470E-20   4.24629193E-20   8.32647824E-20   1.17602481E-20   1.73235046E-20
   1410.35510       5.75934376E-19   0.00000000       0.00000000       0.00000000       3.80099728E-19   3.83824470E-20   4.24629193E-20   8.32647824E-20   1.17602481E-20   1.73235046E-20
   1413.47644       6.80055374E-19   0.00000000       0.00000000       0.00000000       4.85144635E-19   3.82385015E-20   4.22618207E-20   8.28751933E-20   1.16752634E-20   1.71974808E-20
   1416.60559       7.65804018E-19   0.00000000       0.00000000       0.00000000       5.71807210E-19   3.80950567E-20   4.20616204E-20   8.24874071E-20   1.15908788E-20   1.70723568E-20
   1419.74072       8.35872058E-19   0.00000000       0.00000000       0.00000000       6.42857217E-19   3.79522162E-20   4.18623216E-20   8.21015209E-20   1.15070953E-20   1.69481310E-20
   1422.88342       8.92718856E-19   0.00000000       0.00000000       0.00000000       7.00658943E-19   3.78098733E-20   4.16641213E-20   8.17173407E-20   1.14240121E-20   1.68248084E-20
   1426.03223       9.38150200E-19   0.00000000       0.00000000       0.00000000       7.47032291E-19   3.76680279E-20   4.14667257E-20   8.13350476E-20   1.13414298E-20   1.67022855E-20
   1429.18884       9.73693738E-19   0.00000000       0.00000000       0.00000000       7.83501702E-19   3.75267901E-20   4.12703317E-20   8.09544734E-20   1.12594484E-20   1.65807627E-20
   1432.35120       1.00171076E-18   0.00000000       0.00000000       0.00000000       8.12464656E-19   3.73860466E-20   4.10748359E-20   8.05756958E-20   1.11780672E-20   1.64601429E-20
   1435.52148       1.02155048E-18   0.00000000       0.00000000       0.00000000       8.33226372E-19   3.72458104E-20   4.08802385E-20   8.01987211E-20   1.10972863E-20   1.63403245E-20
   1435.52148       1.20454330E-18   0.00000000       0.00000000       1.82992811E-19   8.33226372E-19   3.72458104E-20   4.08802385E-20   8.01987211E-20   1.10972863E-20   1.63403245E-20
   1437.69958       1.25225105E-18   0.00000000       0.00000000       2.19752524E-19   8.44802972E-19   3.71500126E-20   4.07474049E-20   7.99413646E-20   1.10422311E-20   1.62587422E-20
   1439.87964       1.29283150E-18   0.00000000       0.00000000       2.52209954E-19   8.53542704E-19   3.70544150E-20   4.06150754E-20   7.96847059E-20   1.09874764E-20   1.61775622E-20
   1442.06360       1.32657529E-18   0.00000000       0.00000000       2.80285007E-19   8.59767910E-19   3.69591212E-20   4.04830431E-20   7.94289520E-20   1.09330214E-20   1.60967812E-20
   1444.24951       1.35489351E-18   0.00000000       0.00000000       3.04821510E-19   8.64180298E-19   3.68640278E-20   4.03515117E-20   7.91740964E-20   1.08787684E-20   1.60164009E-20
   1446.43933       1.37907769E-18   0.00000000       0.00000000       3.26322984E-19   8.67545682E-19   3.67692316E-20   4.02203810E-20   7.89199452E-20   1.08248143E-20   1.59364213E-20
   1448.63306       1.39817677E-18   0.00000000       0.00000000       3.44484148E-19   8.69072244E-19   3.66746390E-20   4.00897478E-20   7.86666922E-20   1.07711606E-20   1.58568407E-20
   1450.83069       1.41416276E-18   0.00000000       0.00000000       3.60221854E-19   8.69982143E-19   3.65802434E-20   3.99594184E-20   7.84136331E-20   1.07177073E-20   1.57776624E-20
   1453.03040       1.42602463E-18   0.00000000       0.00000000       3.73686312E-19   8.68968123E-19   3.64861484E-20   3.98295898E-20   7.81529742E-20   1.06634527E-20   1.56987830E-20
   1457.44128       1.44293148E-18   0.00000000       0.00000000       3.94372988E-19   8.66453597E-19   3.62987629E-20   3.95712316E-20   7.76343514E-20   1.05559458E-20   1.55424281E-20
   1461.86597       1.45055912E-18   0.00000000       0.00000000       4.08818405E-19   8.60884035E-19   3.61121788E-20   3.93144728E-20   7.71190437E-20   1.04495384E-20   1.53875724E-20
   1466.30444       1.45190050E-18   0.00000000       0.00000000       4.17282866E-19   8.54974140E-19   3.59266900E-20   3.90594201E-20   7.66072322E-20   1.03441335E-20   1.52343194E-20
   1470.75452       1.44859715E-18   0.00000000       0.00000000       4.21758327E-19   8.48417544E-19   3.57380023E-20   3.88059667E-20   7.60987229E-20   1.02398296E-20   1.50824672E-20
   1479.69775       1.43383239E-18   0.00000000       0.00000000       4.23008585E-19   8.34830017E-19   3.53600228E-20   3.83040652E-20   7.50920182E-20   1.00343244E-20   1.47834688E-20
   1488.69385       1.41430286E-18   0.00000000       0.00000000       4.18607183E-19   8.22079235E-19   3.49860531E-20   3.78085711E-20   7.40985226E-20   9.83292293E-21   1.44903755E-20
   1506.85242       1.37434301E-18   0.00000000       0.00000000       4.06853437E-19   7.98541759E-19   3.42498172E-20   3.68369021E-20   7.21507837E-20   9.44222307E-21   1.39184043E-20
   1624.26941       1.15073955E-18   0.00000000       0.00000000       3.40925591E-19   6.67137449E-19   3.00258969E-20   3.12612298E-20   6.11848245E-20   7.34671932E-21   1.08109000E-20
   1649.63159       1.10818710E-18   0.00000000       0.00000000       3.27639313E-19   6.42825163E-19   2.92207917E-20   3.02064775E-20   5.90808195E-20   6.96981334E-21   1.02613508E-20
   1649.63159       1.25545420E-18   0.00000000       1.47257110E-19   3.27639313E-19   6.42825163E-19   2.92207917E-20   3.02064775E-20   5.90808195E-20   6.96981334E-21   1.02613508E-20
   1761.25598       1.08291187E-18   0.00000000       1.35916786E-19   2.78913644E-19   5.49487964E-19   2.59993739E-20   2.60909648E-20   5.09268769E-20   5.57594050E-21   8.20829013E-21
   1828.46741       9.94617582E-19   0.00000000       1.29000872E-19   2.54665414E-19   5.02178662E-19   2.43059801E-20   2.39539308E-20   4.67384931E-20   4.90785321E-21   7.21889164E-21
   1898.24255       9.08813930E-19   0.00000000       1.22169045E-19   2.32178948E-19   4.54734270E-19   2.27228986E-20   2.19919698E-20   4.28213793E-20   4.31314872E-21   6.34721089E-21
   1956.95117       8.45898055E-19   0.00000000       1.16923802E-19   2.15363142E-19   4.20705274E-19   2.14995776E-20   2.04745539E-20   3.98788394E-20   3.88116738E-21   5.70732166E-21
   2187.93018       6.49878222E-19   0.00000000       9.88924989E-20   1.62756600E-19   3.16765455E-19   1.74944774E-20   1.57247083E-20   3.05629342E-20   2.62837569E-21   3.86269880E-21
   2313.46851       5.68400829E-19   0.00000000       9.08147248E-20   1.40972838E-19   2.74031754E-19   1.57611462E-20   1.37438304E-20   2.66703434E-20   2.15927724E-21   3.16928617E-21
   2446.18896       4.95903411E-19   0.00000000       8.30086278E-20   1.21853734E-19   2.36299057E-19   1.41812668E-20   1.19898780E-20   2.32519275E-20   1.76977796E-21   2.59968710E-21
   2935.42676       3.15111792E-19   0.00000000       6.13383763E-20   7.45765038E-20   1.44055908E-19   9.98755805E-21   7.58508708E-21   1.46440291E-20   9.15819902E-22   1.34274143E-21
   3424.66455       2.12574367E-19   0.00000000       4.66830332E-20   4.85006528E-20   9.33840900E-20   7.36863153E-21   5.08470952E-21   9.78426468E-21   5.19001460E-22   7.59702890E-22
   3913.90234       1.50523374E-19   0.00000000       3.65032672E-20   3.31611279E-20   6.36852234E-20   5.63231682E-21   3.55947571E-21   6.83422761E-21   3.14481154E-22   4.59760303E-22
   4375.87988       1.12395285E-19   0.00000000       2.94880583E-20   2.39909665E-20   4.59711248E-20   4.48638167E-21   2.62583316E-21   5.03085594E-21   2.05557361E-22   3.00204892E-22
   4892.37793       8.36962153E-20   0.00000000       2.36879647E-20   1.72765605E-20   3.30053724E-20   3.55636288E-21   1.92638450E-21   3.67939549E-21   1.33582449E-22   1.94892694E-22
   5870.85352       5.14135628E-20   0.00000000       1.63611446E-20   9.98483497E-21   1.90039851E-20   2.41816579E-21   1.14546430E-21   2.17981761E-21   6.52396741E-23   9.50579600E-23
   6849.32910       3.38888562E-20   0.00000000       1.18224102E-20   6.22070476E-21   1.17982863E-20   1.73179006E-21   7.29851131E-22   1.38334194E-21   3.51191819E-23   5.10903367E-23
   7827.80469       2.35456218E-20   0.00000000       8.85462595E-21   4.09904506E-21   7.75140370E-21   1.28867742E-21   4.89595098E-22   9.24947060E-22   2.03600408E-23   2.95691415E-23
   8806.28027       1.70415249E-20   0.00000000       6.82327636E-21   2.82299012E-21   5.32430917E-21   9.88317355E-22   3.41902565E-22   6.44171547E-22   1.25026904E-23   1.81301109E-23
   9784.75586       1.27409281E-20   0.00000000       5.38133576E-21   2.01503297E-21   3.78606221E-21   7.76916163E-22   2.46678446E-22   4.63711221E-22   8.04721900E-24   1.16473356E-23
   11741.7070       7.67176414E-21   0.00000000       3.52759412E-21   1.11272160E-21   2.08276061E-21   5.07564062E-22   1.38819678E-22   2.59594333E-22   3.71595217E-24   5.36370826E-24
   13698.6582       4.98109626E-21   0.00000000       2.44618370E-21   6.68356735E-22   1.24560435E-21   3.51250882E-22   8.45048249E-23   1.57318151E-22   1.92379193E-24   2.76001743E-24
   13861.8672       4.81815299E-21   0.00000000       2.37743502E-21   6.42415757E-22   1.19728608E-21   3.41347990E-22   8.13311491E-23   1.51349200E-22   1.82808615E-24   2.62141871E-24
   13861.8672       3.83891517E-20   3.35710379E-20   2.37743502E-21   6.42415757E-22   1.19728608E-21   3.41347990E-22   8.13311491E-23   1.51349200E-22   1.82808615E-24   2.62141871E-24
   15655.6094       2.81523231E-20   2.47326082E-20   1.77009825E-21   4.27384947E-22   7.93116311E-22   2.53787534E-22   5.45639058E-23   1.01194092E-22   1.08221116E-24   1.54398253E-24
   16605.2793       2.42159919E-20   2.13211005E-20   1.53157004E-21   3.50108763E-22   6.49035423E-22   2.19521310E-22   4.49079612E-23   8.31977139E-23   8.38113239E-25   1.19504391E-24
   17612.5605       2.07253043E-20   1.82746573E-20   1.32454315E-21   2.86805541E-22   5.30186624E-22   1.89790594E-22   3.69097699E-23   6.82210508E-23   6.48618939E-25   9.24967022E-25
   19569.5117       1.56772617E-20   1.38615486E-20   1.01705602E-21   1.99944736E-22   3.68631268E-22   1.45659518E-22   2.59292032E-23   4.77771304E-23   4.09433034E-25   5.82634028E-25
   21879.3008       1.16576462E-20   1.03375273E-20   7.66033265E-22   1.36051912E-22   2.50012765E-22   1.09716605E-22   1.77795632E-23   3.26234910E-23   2.50705444E-25   3.56032697E-25
   24461.8887       8.60406535E-21   7.64554801E-21   5.74899361E-22   9.23242351E-23   1.68762591E-22   8.23996139E-23   1.21308190E-23   2.21739523E-23   1.52950799E-25   2.16941729E-25
   26796.7266       6.71254563E-21   5.97539967E-21   4.53390901E-22   6.69945236E-23   1.22252122E-22   6.49707041E-23   8.85545670E-24   1.61364212E-23   1.02044945E-25   1.44167030E-25
   29354.2676       5.21470935E-21   4.64854380E-21   3.56494144E-22   4.85845358E-23   8.82342500E-23   5.11390883E-23   6.45163502E-24   1.17135021E-23   6.78440778E-26   9.57353398E-26
   34246.6445       3.39312961E-21   3.03146831E-21   2.36196971E-22   2.80595300E-23   5.06419924E-23   3.39223884E-23   3.75289926E-24   6.77130512E-24   3.38521199E-26   4.75860373E-26
   39139.0234       2.32313089E-21   2.07832623E-21   1.64491320E-22   1.73568395E-23   3.11678376E-23   2.36555325E-23   2.33560336E-24   4.18840412E-24   1.84734553E-26   2.58356106E-26
   43758.7969       1.68922761E-21   1.51287134E-21   1.21079963E-22   1.15975861E-23   2.07172970E-23   1.74149975E-23   1.56711548E-24   2.79536274E-24   1.11042935E-26   1.54824676E-26
   48923.7773       1.22454325E-21   1.09773663E-21   8.88000148E-23   7.72570770E-24   1.37237106E-23   1.27906775E-23   1.04814706E-24   1.86024840E-24   6.66973344E-27   9.25678737E-27
   58708.5352       7.19889168E-22   6.46102426E-22   5.31751257E-23   3.96303918E-24   6.97196530E-24   7.67047245E-24   5.40576057E-25   9.50175269E-25   2.88984710E-27   3.98790373E-27
   63412.4570       5.74214655E-22   5.15558088E-22   4.27439012E-23   2.98544252E-24   5.22755245E-24   6.16560943E-24   4.08265865E-25   7.13904180E-25   2.02917712E-27   2.79133848E-27
   68493.2891       4.57082619E-22   4.10545152E-22   3.42517157E-23   2.24681450E-24   3.91841451E-24   4.94687179E-24   3.07675376E-25   5.35516007E-25   1.42483340E-27   1.95380181E-27
   78278.0469       3.07560231E-22   2.76404113E-22   2.33096864E-23   1.36990863E-24   2.36902680E-24   3.36961620E-24   1.88369174E-25   3.25001670E-25   7.72205415E-28   1.05309204E-27
   88062.8047       2.16130899E-22   1.94310110E-22   1.65365204E-23   8.85442625E-25   1.51860704E-24   2.39098869E-24   1.21950833E-25   2.08640447E-25   4.49859390E-28   6.10527881E-28
   97847.5547       1.57468312E-22   1.41617471E-22   1.21379259E-23   5.98534949E-25   1.01803703E-24   1.75718550E-24   8.25751924E-26   1.40351211E-25   2.77625353E-28   3.74901523E-28
   117417.070       9.06663713E-23   8.15711900E-23   7.07628900E-24   3.03829531E-25   5.09585064E-25   1.02506400E-24   4.20557156E-26   7.04371684E-26   1.20744625E-28   1.61576410E-28
   136986.578       5.66390833E-23   5.09682179E-23   4.46299832E-24   1.71264094E-25   2.83862574E-25   6.46566915E-25   2.37725483E-26   3.93142760E-26   5.98586008E-29   7.94315500E-29
   156556.094       3.76505135E-23   3.38898558E-23   2.98540248E-24   1.04233128E-25   1.70996830E-25   4.33174764E-25   1.45032894E-26   2.37231998E-26   3.26827483E-29   4.31210749E-29
   176125.609       2.62087818E-23   2.35923684E-23   2.09127913E-24   6.74669961E-26   1.09422317E-25   3.03531218E-25   9.39704746E-27   1.51938786E-26   1.92552369E-29   2.52389132E-29
   195695.109       1.89492294E-23   1.70580411E-23   1.51996851E-24   4.57241777E-26   7.35051347E-26   2.20817599E-25   6.37908288E-27   1.02255155E-26   1.20337219E-29   1.56767613E-29
   244618.891       9.53278372E-24   8.58292498E-24   7.71044235E-25   2.02236033E-26   3.18262943E-26   1.12083971E-25   2.82714440E-27   4.43851394E-27   4.49633210E-30   5.79840255E-30
   293542.656       5.43871316E-24   4.89680200E-24   4.42839395E-25   1.04857757E-26   1.62140976E-26   6.43804176E-26   1.46809663E-27   2.26458219E-27   2.04523322E-30   2.61833561E-30
   317063.250       4.29022595E-24   3.86260891E-24   3.50295928E-25   7.96577798E-27   1.22383265E-26   5.09285796E-26   1.11670560E-27   1.70786614E-27   1.47128973E-30   1.88123934E-30
   342466.438       3.39223876E-24   3.05462148E-24   2.77152868E-25   6.06475879E-27   9.24496602E-27   4.03477054E-26   8.50264463E-28   1.29269150E-27   1.06280178E-30   1.35767632E-30
   391390.219       2.25929704E-24   2.03424232E-24   1.85421238E-25   3.80190820E-27   5.73061495E-27   2.69836559E-26   5.33487939E-28   8.01835029E-28   6.09088463E-31   7.78837089E-31
   437587.969       1.61178019E-24   1.45129985E-24   1.32528398E-25   2.58904650E-27   3.86817444E-27   1.93114921E-26   3.63413038E-28   5.41689175E-28   3.86309926E-31   4.94552055E-31
   489237.781       1.15349243E-24   1.03851744E-24   9.51768817E-26   1.77484305E-27   2.62947697E-27   1.38539398E-26   2.49134879E-28   3.68514128E-28   2.46996754E-31   3.17164856E-31
   535932.562       8.81253379E-25   7.93483679E-25   7.27703971E-26   1.30975841E-27   1.92877685E-27   1.06049938E-26   1.83977804E-28   2.70663405E-28   1.72378206E-31   2.22558344E-31
   587085.312       6.74873167E-25   6.07692096E-25   5.57807244E-26   9.71867872E-28   1.42352213E-27   8.13155356E-27   1.36441303E-28   1.99901706E-28   1.21048917E-31   1.57490335E-31
   634124.562       5.39917358E-25   4.86125623E-25   4.47189747E-26   7.57781981E-28   1.10798692E-27   6.51415759E-27   1.06380269E-28   1.55481323E-28   9.02374527E-32   1.18454331E-31
   684932.875       4.33338897E-25   3.90186800E-25   3.59082736E-26   5.92399825E-28   8.66220407E-28   5.23475963E-27   8.32141306E-29   1.21487360E-28   6.75799167E-32   8.96882970E-32
   732224.562       3.58795436E-25   3.23042707E-25   2.97786487E-26   4.80557077E-28   7.02649973E-28   4.33799350E-27   6.75278645E-29   9.85624621E-29   5.28084548E-32   7.08830088E-32
   782780.438       2.98192898E-25   2.68491200E-25   2.47562317E-26   3.90932555E-28   5.71894304E-28   3.60841464E-27   5.49485929E-29   8.02848032E-29   4.14066651E-32   5.62864311E-32
   830263.938       2.53616365E-25   2.28357138E-25   2.10661453E-26   3.26430103E-28   4.79056585E-28   3.07108808E-27   4.58904448E-29   6.72243560E-29   3.35884551E-32   4.60967524E-32
   880628.000       2.16345128E-25   1.94790588E-25   1.79888698E-26   2.73670384E-28   4.02580194E-28   2.62107837E-27   3.84781393E-29   5.64522988E-29   2.73126847E-32   3.79124729E-32
   928264.125       1.87999815E-25   1.69283104E-25   1.56268107E-26   2.34068835E-28   3.45356024E-28   2.27880653E-27   3.28862529E-29   4.84646157E-29   2.27456217E-32   3.19625319E-32
   978475.562       1.63714559E-25   1.47408250E-25   1.36230100E-26   2.00761561E-28   2.97164876E-28   1.98502306E-27   2.82138836E-29   4.17195787E-29   1.90025847E-32   2.70529269E-32
   1071867.12       1.29461344E-25   1.16571455E-25   1.07761651E-26   1.54667522E-28   2.30545322E-28   1.57118963E-27   2.17294069E-29   3.24018695E-29   1.39720581E-32   2.04706493E-32
   1121853.50       1.15386278E-25   1.03904802E-25   9.60082163E-27   1.36078939E-28   2.03877668E-28   1.40002858E-27   1.91066876E-29   2.86316028E-29   1.20092970E-32   1.78901718E-32
   1174170.62       1.03049942E-25   9.27935973E-26   8.57949097E-27   1.19963841E-28   1.80452281E-28   1.25114986E-27   1.68480306E-29   2.53794534E-29   1.03492396E-32   1.56606454E-32
   1220303.88       9.37309428E-26   8.44056209E-26   7.80301533E-27   1.07930823E-28   1.63196021E-28   1.13768649E-27   1.51479325E-29   2.29411193E-29   9.13617719E-33   1.40217080E-32
   1268249.12       8.54365511E-26   7.69394653E-26   7.11146473E-27   9.73113118E-29   1.47635482E-28   1.03753650E-27   1.36591451E-29   2.07839634E-29   8.08385555E-33   1.25718592E-32
   1318079.00       7.78825054E-26   7.01337651E-26   6.48708056E-27   8.77367497E-29   1.33946803E-28   9.46209285E-28   1.23169050E-29   1.88415231E-29   7.15997283E-33   1.12960849E-32
   1369865.75       7.11741000E-26   6.40997372E-26   5.92348759E-27   7.93114322E-29   1.21529405E-28   8.64447589E-28   1.11267149E-29   1.71238073E-29   6.35462842E-33   1.01613508E-32
   1464447.25       6.09799217E-26   5.49156583E-26   5.08071567E-27   6.66594868E-29   1.03267160E-28   7.40651894E-28   9.34973010E-30   1.45484342E-29   5.18369829E-33   8.49678835E-33
   1565560.88       5.24775234E-26   4.72536095E-26   4.37911480E-27   5.62419873E-29   8.81513663E-29   6.37831212E-28   7.89215472E-30   1.24108987E-29   4.24753349E-33   7.13233548E-33
   1660527.88       4.61118658E-26   4.15212808E-26   3.85036652E-27   4.84131663E-29   7.69566758E-29   5.60052532E-28   6.79719057E-30   1.08193079E-29   3.56315958E-33   6.14428803E-33
   1761256.00       4.06004583E-26   3.65576201E-26   3.39212847E-27   4.18462056E-29   6.74093416E-29   4.93333840E-28   5.87939355E-30   9.47025118E-30   3.00547255E-33   5.32093542E-33
   1856526.25       3.63573203E-26   3.27424083E-26   3.03301996E-27   3.69323970E-29   6.01336718E-29   4.41886474E-28   5.19231691E-30   8.43911130E-30   2.60489218E-33   4.70531066E-33
   1956951.12       3.26548232E-26   2.94123830E-26   2.72063797E-27   3.27907568E-29   5.38287730E-29   3.96599194E-28   4.61240774E-30   7.54676928E-30   2.28074851E-33   4.18439034E-33
   2000004.00       3.12581265E-26   2.81558293E-26   2.60300044E-27   3.12493177E-29   5.14599092E-29   3.79771405E-28   4.39641207E-30   7.21867131E-30   2.16591373E-33   3.99238840E-33
   2211883.25       2.55840580E-26   2.30465220E-26   2.12922706E-27   2.53723485E-29   4.20416995E-29   3.10739432E-28   3.57123760E-30   5.89089496E-30   1.74028853E-33   3.24529195E-33
   2326090.75       2.31976752E-26   2.08940735E-26   1.93306109E-27   2.30085855E-29   3.81453055E-29   2.82048757E-28   3.23861558E-30   5.34145611E-30   1.57800639E-33   2.94363053E-33
   2446189.00       2.10859654E-26   1.89938755E-26   1.75556372E-27   2.09258036E-29   3.46547200E-29   2.56087847E-28   2.94524229E-30   4.85839338E-30   1.43854712E-33   2.68017745E-33
   2679672.75       1.78021840E-26   1.60345193E-26   1.48330184E-27   1.77597433E-29   2.93050764E-29   2.16306103E-28   2.49900657E-30   4.10983595E-30   1.22792663E-33   2.27236007E-33
   2935426.75       1.51116968E-26   1.36101972E-26   1.25988858E-27   1.51744592E-29   2.49166916E-29   1.83696510E-28   2.13454239E-30   3.49521189E-30   1.05433330E-33   1.93649470E-33
   3170632.75       1.32141012E-26   1.19006894E-26   1.10197080E-27   1.32845712E-29   2.17927715E-29   1.60671512E-28   1.86818628E-30   3.05509214E-30   9.25369449E-34   1.69506340E-33
   3424664.50       1.16010894E-26   1.04494388E-26   9.66342379E-28   1.16568452E-29   1.91116935E-29   1.40903767E-28   1.63968804E-30   2.68299025E-30   8.11712920E-34   1.48735585E-33
   3661123.00       1.03836729E-26   9.35191214E-27   8.65773881E-28   1.04268162E-29   1.71238073E-29   1.26240110E-28   1.46653509E-30   2.40164931E-30   7.26242496E-34   1.33051919E-33
   3913902.25       9.32141157E-27   8.39558700E-27   7.76836025E-28   9.36219222E-30   1.53599443E-29   1.13268153E-28   1.31682545E-30   2.15489273E-30   6.50800141E-34   1.19483362E-33
   4375879.50       7.82136328E-27   7.04475822E-27   6.51635989E-28   7.85372565E-30   1.28846714E-29   9.50005028E-29   1.10476363E-30   1.80797614E-30   5.46129624E-34   1.00246149E-33
   4626917.50       7.17595874E-27   6.46278611E-27   5.98424856E-28   7.20577887E-30   1.18361237E-29   8.72416533E-29   1.01331234E-30   1.65920764E-30   5.01597077E-34   9.19786861E-34
   4892378.00       6.60072429E-27   5.94550944E-27   5.49778225E-28   6.62719039E-30   1.08729616E-29   8.01475626E-29   9.32309396E-31   1.52598445E-30   4.61050603E-34   8.45923112E-34
   5359326.00       5.76912315E-27   5.19601069E-27   4.80909426E-28   5.78972420E-30   9.51228235E-30   7.00964231E-29   8.14633854E-31   1.33391262E-30   4.03177802E-34   7.38994268E-34
   5870853.50       5.05923423E-27   4.55650180E-27   4.21837447E-28   5.08108580E-30   8.34186312E-30   6.15074436E-29   7.14646916E-31   1.16934821E-30   3.53431088E-34   6.48512841E-34
   6849329.00       4.07980602E-27   3.67437042E-27   3.40189838E-28   4.09766384E-30   6.72741097E-30   4.96035535E-29   5.76310744E-31   9.42949031E-31   2.85058781E-34   5.22988503E-34
   7827804.50       3.40876542E-27   3.07018713E-27   2.84086800E-28   3.42319001E-30   5.61769202E-30   4.14257841E-29   4.81494006E-31   7.88000255E-31   2.38022775E-34   4.36901450E-34
   8806280.00       2.92105814E-27   2.63113847E-27   2.43257013E-28   2.93279991E-30   4.81204731E-30   3.54703333E-29   4.12575148E-31   6.75332648E-31   2.04046832E-34   3.74307937E-34
   9784756.00       2.55021763E-27   2.29674445E-27   2.12691494E-28   2.56069821E-30   4.20653230E-30   3.10091784E-29   3.60108768E-31   5.89789197E-31   1.78263087E-34   3.26812501E-34
   11741707.0       2.03149941E-27   1.82956777E-27   1.69439272E-28   2.03981767E-30   3.35101767E-30   2.47030789E-29   2.86879608E-31   4.69885388E-31   1.42009877E-34   2.60343093E-34
   13698658.0       1.68574395E-27   1.51827673E-27   1.40519376E-28   1.69280120E-30   2.77888614E-30   2.04897701E-29   2.38106866E-31   3.89572158E-31   1.17737617E-34   2.16053841E-34
   15655609.0       1.43876741E-27   1.29597473E-27   1.19810694E-28   1.44451310E-30   2.37008776E-30   1.74674503E-29   2.03216007E-31   3.32648327E-31   1.00485378E-34   1.84364190E-34
   17612560.0       1.25336208E-27   1.12875759E-27   1.04552453E-28   1.25875753E-30   2.06769569E-30   1.52436287E-29   1.77039864E-31   2.89909633E-31   8.76240351E-35   1.60654492E-34
   19569512.0       1.11105993E-27   1.00073573E-27   9.25718811E-29   1.11549439E-30   1.83102918E-30   1.34953823E-29   1.56915753E-31   2.56906641E-31   7.76171401E-35   1.42370216E-34
   21879300.0       9.78192241E-28   8.81008179E-28   8.15448609E-29   9.82255211E-31   1.61263098E-30   1.18904786E-29   1.38150009E-31   2.26044813E-31   6.83320606E-35   1.25366243E-34
   24461890.0       8.63148260E-28   7.77418667E-28   7.19347654E-29   8.66590704E-31   1.42286143E-30   1.04875770E-29   1.21908779E-31   1.99605406E-31   6.03153556E-35   1.10603492E-34
   29354266.0       7.05020312E-28   6.34951321E-28   5.87940370E-29   7.07928213E-31   1.16271156E-30   8.57259404E-30   9.95686621E-32   1.62980811E-31   4.92699216E-35   9.03523644E-35
   34246644.0       5.96106518E-28   5.36935402E-28   4.96487978E-29   5.98588995E-31   9.82277310E-31   7.23792083E-30   8.41982153E-32   1.37833707E-31   4.16429004E-35   7.63934149E-35
   39139024.0       5.15825284E-28   4.64563095E-28   4.30132710E-29   5.18001475E-31   8.50547651E-31   6.27144555E-30   7.28490760E-32   1.19209092E-31   3.60400025E-35   6.61049350E-35
   48923780.0       4.06689286E-28   3.66325959E-28   3.38672313E-29   4.08367960E-31   6.70069396E-31   4.93845339E-30   5.74437876E-32   9.40273347E-32   2.84066791E-35   5.21204725E-35
   58708532.0       3.35193879E-28   3.01874569E-28   2.79585324E-29   3.36599281E-31   5.52919347E-31   4.07620214E-30   4.73367902E-32   7.75006247E-32   2.34290058E-35   4.29553129E-35
   68493288.0       2.85410107E-28   2.57073827E-28   2.37766524E-29   2.86558275E-31   4.70415959E-31   3.46574216E-30   4.03118714E-32   6.59951269E-32   1.99420220E-35   3.65750389E-35
   78278048.0       2.48368118E-28   2.23703480E-28   2.06948741E-29   2.49392153E-31   4.09082661E-31   3.01785492E-30   3.50792435E-32   5.74187613E-32   1.73439270E-35   3.18295975E-35
   88062800.0       2.19720512E-28   1.97883680E-28   1.83237052E-29   2.20631403E-31   3.62302946E-31   2.67166901E-30   3.10305000E-32   5.07839303E-32   1.53506361E-35   2.81575294E-35
   97847560.0       1.97076884E-28   1.77492319E-28   1.64338173E-29   1.97848653E-31   3.25008695E-31   2.39578350E-30   2.78333053E-32   4.55700251E-32   1.37729597E-35   2.52530280E-35
   117417064.       1.63409246E-28   1.47187041E-28   1.36122983E-29   1.64086927E-31   2.69313044E-31   1.98398187E-30   2.30818587E-32   3.77843440E-32   1.14163044E-35   2.09425210E-35
   136986576.       1.39497357E-28   1.25638521E-28   1.16285175E-29   1.40077937E-31   2.29923686E-31   1.69568408E-30   1.97031823E-32   3.22490175E-32   9.74415438E-36   1.78774582E-35
   156556096.       1.21756629E-28   1.09659550E-28   1.01506409E-29   1.22239117E-31   2.00725511E-31   1.48004857E-30   1.71955781E-32   2.81505242E-32   8.50723858E-36   1.56022869E-35
   176125600.       1.08023918E-28   9.72934970E-29   9.00368412E-30   1.08458350E-31   1.78064895E-31   1.31272137E-30   1.52567426E-32   2.49757520E-32   7.54719963E-36   1.38430287E-35
   195695120.       9.70571553E-29   8.74181347E-29   8.08799020E-30   9.74529603E-32   1.59970805E-31   1.17912794E-30   1.37083947E-32   2.24405178E-32   6.78059350E-36   1.24381264E-35
   244618896.       7.73686924E-29   6.96877167E-29   6.44474840E-30   7.76927122E-32   1.27490356E-31   9.39821839E-31   1.09284174E-32   1.78887700E-32   5.40439877E-36   9.91568587E-36
   293542656.       6.43123499E-29   5.79224634E-29   5.36163624E-30   6.45679064E-32   1.06026922E-31   7.81806011E-31   9.08280387E-33   1.48696553E-32   4.49352912E-36   8.24109286E-36
   342466432.       5.50562042E-29   4.95869393E-29   4.58917471E-30   5.52778217E-32   9.07581673E-32   6.69121477E-31   7.77581799E-33   1.27295165E-32   3.84661262E-36   7.05520818E-36
   391390240.       4.81221733E-29   4.33424004E-29   4.01060692E-30   4.83179694E-32   7.93211422E-32   5.84725120E-31   6.79668997E-33   1.11263156E-32   3.36200855E-36   6.16682101E-36
   489237792.       3.84285918E-29   3.46123766E-29   3.20202893E-30   3.85874505E-32   6.33338665E-32   4.66920462E-31   5.42780219E-33   8.88496597E-33   2.68456177E-36   4.92478000E-36
   587085312.       3.19854533E-29   2.88073800E-29   2.66665407E-30   3.21132802E-32   5.27320771E-32   3.88840460E-31   4.51730283E-33   7.39510769E-33   2.23484263E-36   4.09865478E-36
   684932864.       2.74032748E-29   2.46806553E-29   2.28447227E-30   2.75131858E-32   4.51760317E-32   3.33103784E-31   3.87021634E-33   6.33567945E-33   1.91464274E-36   3.51153790E-36
   782780480.       2.39681440E-29   2.15869648E-29   1.99798606E-30   2.40646410E-32   3.95116741E-32   2.91323024E-31   3.38510157E-33   5.54145596E-33   1.67460287E-36   3.07138831E-36
   880628032.       2.12973772E-29   1.91816634E-29   1.77525339E-30   2.13833619E-32   3.51078756E-32   2.58841576E-31   3.00793503E-33   4.92396914E-33   1.48797646E-36   2.72916638E-36
   978475584.       1.91615435E-29   1.72580401E-29   1.59713552E-30   1.92391206E-32   3.15861533E-32   2.32867641E-31   2.70629362E-33   4.43014544E-33   1.33873742E-36   2.45549301E-36
   1.17417062E+09   1.59590439E-29   1.43738592E-29   1.33009885E-30   1.60240084E-32   2.63060795E-32   1.93926734E-31   2.25403191E-33   3.68972579E-33   1.11496382E-36   2.04514314E-36
   1.36986573E+09   1.36727590E-29   1.23148023E-29   1.13946836E-30   1.37286147E-32   2.25366144E-32   1.66128961E-31   1.93114914E-33   3.16113794E-33   9.55220187E-37   1.75218037E-36
   1.56556096E+09   1.19588468E-29   1.07711604E-29   9.96571603E-31   1.20077960E-32   1.97108906E-32   1.45292148E-31   1.68908749E-33   2.76486226E-33   8.35463651E-37   1.53255094E-36
   1.76125606E+09   1.06263162E-29   9.57099086E-30   8.85476573E-31   1.06699593E-32   1.75139974E-32   1.29092966E-31   1.50088937E-33   2.45677438E-33   7.42357659E-37   1.36180041E-36
   1.95695117E+09   9.56064124E-30   8.61117283E-30   7.96663837E-31   9.59996041E-33   1.57571403E-32   1.16161047E-31   1.35037898E-33   2.21038819E-33   6.67898219E-37   1.22523403E-36
   2.44618880E+09   7.64541751E-30   6.88590899E-30   6.37282648E-31   7.67618823E-33   1.26030906E-32   9.29214296E-32   1.07979873E-33   1.76756569E-33   5.34157621E-37   9.79732731E-37
   2.93542682E+09   6.37081451E-30   5.73793211E-30   5.31035544E-31   6.39647014E-33   1.05018908E-32   7.74296483E-32   8.99782886E-34   1.47289139E-33   4.45104633E-37   8.16398548E-37
   3.42466458E+09   5.46043495E-30   4.91799302E-30   4.55148685E-31   5.48242704E-33   9.00117240E-33   6.63647964E-32   7.71204467E-34   1.26242115E-33   3.81499090E-37   6.99737020E-37
   3.91390234E+09   4.77767284E-30   4.30305863E-30   3.98236844E-31   4.79692208E-33   7.87566742E-33   5.80665057E-32   6.74775083E-34   1.10457347E-33   3.33797455E-37   6.12244608E-37
   4.89237760E+09   3.82186804E-30   3.44220857E-30   3.18565246E-31   3.83728339E-33   6.30006344E-33   4.64496034E-32   5.39781220E-34   8.83597706E-34   2.67018768E-37   4.89762288E-37
   5.87085363E+09   3.18471136E-30   2.86834539E-30   2.65454178E-31   3.19755439E-33   5.24973463E-33   3.87055671E-32   4.49791342E-34   7.36290539E-34   2.22502273E-37   4.08112730E-37
   6.84932915E+09   2.72961694E-30   2.45846594E-30   2.27520294E-31   2.74062779E-33   4.49954515E-33   3.31744430E-32   3.85516137E-34   6.31076402E-34   1.90706520E-37   3.49794454E-37
   7.82780467E+09   2.38831582E-30   2.15106890E-30   1.99070862E-31   2.39795558E-33   3.93692307E-33   2.90262969E-32   3.37311984E-34   5.52169599E-34   1.66860691E-37   3.06057755E-37
   8.80627917E+09   2.12287076E-30   1.91199009E-30   1.76944767E-31   2.13143942E-33   3.49934603E-33   2.58000733E-32   2.99821520E-34   4.90799335E-34   1.48315167E-37   2.72040752E-37
   9.78475520E+09   1.91051874E-30   1.72072907E-30   1.59245090E-31   1.91823633E-33   3.14930622E-33   2.32191961E-32   2.69830573E-34   4.41705273E-34   1.33479340E-37   2.44829599E-37
   1.17417073E+10   1.59201037E-30   1.43386246E-30   1.32695562E-31   1.59843685E-33   2.62426157E-33   1.93481286E-32   2.24845621E-34   3.68067715E-34   1.11226115E-37   2.04012801E-37
   1.36986583E+10   1.36451309E-30   1.22896768E-30   1.13732617E-31   1.37002866E-33   2.24924691E-33   1.65832660E-32   1.92714516E-34   3.15471161E-34   9.53318367E-38   1.74859684E-37
   1.56556093E+10   1.19389272E-30   1.07529418E-30   9.95119210E-32   1.19872754E-33   1.96800603E-33   1.45096954E-32   1.68618454E-34   2.76025749E-34   8.34117250E-38   1.52995840E-37
   1.76125583E+10   1.06120009E-30   9.55785805E-31   8.84514654E-32   1.06549444E-33   1.74926747E-33   1.28969848E-32   1.49876724E-34   2.45348102E-34   7.41409641E-38   1.35991846E-37
   1.95695104E+10   9.55049005E-31   8.60178336E-31   7.96034254E-32   9.58913006E-34   1.57428265E-33   1.16067952E-32   1.34884751E-34   2.20805571E-34   6.67245584E-38   1.22388264E-37
   2.44618895E+10   7.63985188E-31   6.88095367E-31   6.36778162E-32   7.67078344E-34   1.25933805E-33   9.28474572E-33   1.07899786E-34   1.76632456E-34   5.33757220E-38   9.79041050E-38
   2.93542687E+10   6.36618024E-31   5.73379766E-31   5.30615094E-32   6.39195533E-34   1.04937832E-33   7.73679892E-33   8.99114220E-35   1.47186047E-34   4.44771320E-38   8.15821953E-38
   3.42466458E+10   5.45646093E-31   4.91444942E-31   4.54789331E-32   5.47856270E-34   8.99422523E-34   6.63119432E-33   7.70631884E-35   1.26153021E-34   3.81213830E-38   6.99243562E-38
   3.91390208E+10   4.77419931E-31   4.29995551E-31   3.97922529E-32   4.79354887E-34   7.86960223E-34   5.80202632E-33   6.74273604E-35   1.10379275E-34   3.33547206E-38   6.11813187E-38
   4.89237791E+10   3.81908523E-31   3.43972640E-31   3.18313026E-32   3.83458058E-34   6.29520893E-34   4.64125651E-33   5.39379830E-35   8.82976083E-35   2.66818550E-38   4.89416885E-38
   5.87085373E+10   3.18238929E-31   2.86627323E-31   2.65244981E-32   3.19530198E-34   5.24569038E-34   3.86747339E-33   4.49456981E-35   7.35772048E-35   2.22336110E-38   4.07824404E-38
   6.84932915E+10   2.72763496E-31   2.45669409E-31   2.27340108E-32   2.73869613E-34   4.49607166E-34   3.31480150E-33   3.85229846E-35   6.30631999E-35   1.90564372E-38   3.49547204E-38
   7.82780416E+10   2.38657421E-31   2.14951743E-31   1.98913716E-32   2.39626406E-34   3.93389011E-34   2.90031742E-33   3.37061727E-35   5.51780205E-35   1.66736567E-38   3.05841545E-38
   8.80627958E+10   2.12131920E-31   1.91060867E-31   1.76804621E-32   2.12993791E-34   3.49665305E-34   2.57795535E-33   2.99598297E-35   4.90453953E-35   1.48204058E-38   2.71849576E-38
   9.78475581E+10   1.90912731E-31   1.71948775E-31   1.59118956E-32   1.91688495E-34   3.14687368E-34   2.32007779E-33   2.69629361E-35   4.41393967E-35   1.33379245E-38   2.44656426E-38
   1.17417075E+11   1.59084928E-31   1.43283134E-31   1.32590458E-32   1.59731568E-34   2.62222966E-34   1.93327127E-33   2.24678454E-35   3.67808452E-35   1.11143035E-38   2.03868678E-38
   1.36986583E+11   1.36351209E-31   1.22807680E-31   1.13643532E-32   1.36905763E-34   2.24751512E-34   1.65700531E-33   1.92571373E-35   3.15248960E-35   9.52604658E-39   1.74736566E-38
   1.56556083E+11   1.19302179E-31   1.07452350E-31   9.94332378E-33   1.19787661E-34   1.96648450E-34   1.44980836E-33   1.68493326E-35   2.75831557E-35   8.33492607E-39   1.52887730E-38
   1.76125592E+11   1.06042932E-31   9.55097153E-32   8.83814970E-33   1.06474361E-34   1.74791613E-34   1.28866737E-33   1.49765614E-35   2.45174917E-35   7.40854167E-39   1.35895767E-38
   1.95695116E+11   9.54354359E-32   8.59558674E-32   7.95404571E-33   9.58237281E-35   1.57307157E-34   1.15975861E-33   1.34784647E-35   2.20650420E-35   6.66746077E-39   1.22302177E-38
   2.44618887E+11   7.63429684E-32   6.87598897E-32   6.36274668E-33   7.66537800E-35   1.25836705E-34   9.27734855E-34   1.07819708E-35   1.76508340E-35   5.33357877E-39   9.78350434E-39
   2.93542658E+11   6.36154562E-32   5.72966392E-32   5.30195670E-33   6.38745091E-35   1.04856748E-34   7.73064319E-34   8.98446533E-36   1.47081937E-35   4.44439044E-39   8.15246440E-39
   3.42466429E+11   5.45248705E-32   4.91090595E-32   4.54429990E-33   5.47469906E-35   8.98729831E-35   6.62590947E-34   7.70059289E-36   1.26063934E-35   3.80928554E-39   6.98750052E-39
   3.91390233E+11   4.77072590E-32   4.29686238E-32   3.97607217E-33   4.79016560E-35   7.86353547E-35   5.79740176E-34   6.73772068E-36   1.10302194E-35   3.33297999E-39   6.11380775E-39
   4.89237774E+11   3.81631235E-32   3.43724393E-32   3.18061735E-33   3.83187798E-35   6.29035381E-35   4.63756261E-34   5.38979442E-36   8.82354514E-36   2.66619313E-39   4.89071521E-39
   5.87085316E+11   3.18007721E-32   2.86421130E-32   2.65034781E-33   3.19304960E-35   5.24164640E-35   3.86439038E-34   4.49122678E-36   7.35254497E-36   2.22169005E-39   4.07536129E-39
   6.84932858E+11   2.72564285E-32   2.45492253E-32   2.27160940E-33   2.73677412E-35   4.49260797E-35   3.31215898E-34   3.84943549E-36   6.30188519E-36   1.90421187E-39   3.49300968E-39
   7.82780465E+11   2.38484235E-32   2.14796584E-32   1.98756552E-33   2.39457225E-35   3.93085684E-35   2.89800500E-34   3.36810449E-36   5.51391870E-36   1.66611445E-39   3.05625297E-39
   8.80628007E+11   2.11977763E-32   1.90922735E-32   1.76665487E-33   2.12843643E-35   3.49395033E-35   2.57590324E-34   2.99376076E-36   4.90108609E-36   1.48093005E-39   2.71657402E-39
   9.78475549E+11   1.90773579E-32   1.71824654E-32   1.58992829E-33   1.91553362E-35   3.14445141E-35   2.31822593E-34   2.69429167E-36   4.41083664E-36   1.33279179E-39   2.44483282E-39
   1.17417063E+12   1.58968801E-32   1.43179032E-32   1.32486359E-33   1.59618472E-35   2.62021766E-35   1.93172982E-34   2.24511278E-36   3.67549153E-36   1.11059910E-39   2.03724554E-39
   1.36986572E+12   1.36252109E-32   1.22719597E-32   1.13553443E-33   1.36809678E-35   2.24578368E-35   1.65568402E-34   1.92428242E-36   3.15027715E-36   9.51892238E-40   1.74613419E-39
   1.56556093E+12   1.19216095E-32   1.07375267E-32   9.93545550E-34   1.19703587E-35   1.96497297E-35   1.44865720E-34   1.68368203E-36   2.75637372E-36   8.32868749E-40   1.52780629E-39
   1.76125601E+12   1.05965857E-32   9.54408475E-33   8.83116212E-34   1.06399300E-35   1.74657482E-35   1.28763640E-34   1.49654497E-36   2.45002754E-36   7.40298972E-40   1.35799694E-39
   1.95695110E+12   9.53659685E-33   8.58939085E-33   7.94775975E-34   9.57562548E-36   1.57186037E-35   1.15883769E-34   1.34684549E-36   2.20495268E-36   6.66247355E-40   1.22216067E-39
