   1.95695114       1.24487357E-14   0.00000000       0.00000000       0.00000000       0.00000000       0.00000000       0.00000000       0.00000000       0.00000000       0.00000000    
   2.44618893       5.33560030E-15   0.00000000       0.00000000       0.00000000       0.00000000       0.00000000       0.00000000       0.00000000       0.00000000       0.00000000    
   2.93542671       2.67025739E-15   0.00000000       0.00000000       0.00000000       0.00000000       0.00000000       0.00000000       0.00000000       0.00000000       0.00000000    
   3.42466450       1.48721579E-15   0.00000000       0.00000000       0.00000000       0.00000000       0.00000000       0.00000000       0.00000000       0.00000000       0.00000000    
   3.91390228       8.95767941E-16   0.00000000       0.00000000       0.00000000       0.00000000       0.00000000       0.00000000       0.00000000       0.00000000       0.00000000    
   4.89237785       3.83932533E-16   0.00000000       0.00000000       0.00000000       0.00000000       0.00000000       0.00000000       0.00000000       0.00000000       0.00000000    
   5.87085342       1.92142965E-16   0.00000000       0.00000000       0.00000000       0.00000000       0.00000000       0.00000000       0.00000000       0.00000000       0.00000000    
   6.84932899       1.07015909E-16   0.00000000       0.00000000       0.00000000       0.00000000       0.00000000       0.00000000       0.00000000       0.00000000       0.00000000    
   7.82780457       6.44565934E-17   0.00000000       0.00000000       0.00000000       0.00000000       0.00000000       0.00000000       0.00000000       0.00000000       0.00000000    
   8.80628014       4.12149722E-17   0.00000000       0.00000000       0.00000000       0.00000000       0.00000000       0.00000000       0.00000000       0.00000000       0.00000000    
   9.78475571       2.76265983E-17   0.00000000       0.00000000       0.00000000       0.00000000       0.00000000       0.00000000       0.00000000       0.00000000       0.00000000    
   11.7417068       1.38260121E-17   0.00000000       0.00000000       0.00000000       0.00000000       0.00000000       0.00000000       0.00000000       0.00000000       0.00000000    
   13.6986580       7.70049316E-18   0.00000000       0.00000000       0.00000000       0.00000000       0.00000000       0.00000000       0.00000000       0.00000000       0.00000000    
   15.6556091       4.63809351E-18   0.00000000       0.00000000       0.00000000       0.00000000       0.00000000       0.00000000       0.00000000       0.00000000       0.00000000    
   17.6125603       2.94709418E-18   0.00000000       0.00000000       0.00000000       0.00000000       0.00000000       0.00000000       0.00000000       0.00000000       0.00000000    
   19.5695114       1.94123925E-18   0.00000000       0.00000000       0.00000000       0.00000000       0.00000000       0.00000000       0.00000000       0.00000000       0.00000000    
   20.4697094       1.62214047E-18   0.00000000       0.00000000       0.00000000       0.00000000       0.00000000       0.00000000       0.00000000       0.00000000       0.00000000    
   20.4697094       9.77090141E-18   0.00000000       0.00000000       0.00000000       0.00000000       0.00000000       0.00000000       0.00000000       0.00000000       0.00000000    
   23.7965260       1.02715616E-17   0.00000000       0.00000000       0.00000000       0.00000000       0.00000000       0.00000000       0.00000000       0.00000000       0.00000000    
   23.7965260       1.50146996E-17   0.00000000       0.00000000       0.00000000       0.00000000       0.00000000       0.00000000       0.00000000       0.00000000       0.00000000    
   24.4618893       1.52708559E-17   0.00000000       0.00000000       0.00000000       0.00000000       0.00000000       0.00000000       0.00000000       0.00000000       0.00000000    
   26.7967281       1.65596430E-17   0.00000000       0.00000000       0.00000000       0.00000000       0.00000000       0.00000000       0.00000000       0.00000000       0.00000000    
   29.3542671       1.84069888E-17   0.00000000       0.00000000       0.00000000       0.00000000       0.00000000       0.00000000       0.00000000       0.00000000       0.00000000    
   31.7063274       2.03448248E-17   0.00000000       0.00000000       0.00000000       0.00000000       0.00000000       0.00000000       0.00000000       0.00000000       0.00000000    
   34.2466431       2.26061844E-17   0.00000000       0.00000000       0.00000000       0.00000000       0.00000000       0.00000000       0.00000000       0.00000000       0.00000000    
   39.1390228       2.72638366E-17   0.00000000       0.00000000       0.00000000       0.00000000       0.00000000       0.00000000       0.00000000       0.00000000       0.00000000    
   41.3844299       2.94596305E-17   0.00000000       0.00000000       0.00000000       0.00000000       0.00000000       0.00000000       0.00000000       0.00000000       0.00000000    
   43.7587967       3.17681361E-17   0.00000000       0.00000000       0.00000000       0.00000000       0.00000000       0.00000000       0.00000000       0.00000000       0.00000000    
   46.2691727       3.41339984E-17   0.00000000       0.00000000       0.00000000       0.00000000       0.00000000       0.00000000       0.00000000       0.00000000       0.00000000    
   48.9237785       3.64830458E-17   0.00000000       0.00000000       0.00000000       0.00000000       0.00000000       0.00000000       0.00000000       0.00000000       0.00000000    
   51.2053871       3.83221826E-17   0.00000000       0.00000000       0.00000000       0.00000000       0.00000000       0.00000000       0.00000000       0.00000000       0.00000000    
   53.5932617       4.00004593E-17   0.00000000       0.00000000       0.00000000       0.00000000       0.00000000       0.00000000       0.00000000       0.00000000       0.00000000    
   56.0926781       4.14316902E-17   0.00000000       0.00000000       0.00000000       0.00000000       0.00000000       0.00000000       0.00000000       0.00000000       0.00000000    
   58.7085342       4.25090665E-17   0.00000000       0.00000000       0.00000000       0.00000000       0.00000000       0.00000000       0.00000000       0.00000000       0.00000000    
   61.0151901       4.30246812E-17   0.00000000       0.00000000       0.00000000       0.00000000       0.00000000       0.00000000       0.00000000       0.00000000       0.00000000    
   63.4124603       4.31604182E-17   0.00000000       0.00000000       0.00000000       0.00000000       0.00000000       0.00000000       0.00000000       0.00000000       0.00000000    
   65.9038544       4.28619185E-17   0.00000000       0.00000000       0.00000000       0.00000000       0.00000000       0.00000000       0.00000000       0.00000000       0.00000000    
   68.4932861       4.21232826E-17   0.00000000       0.00000000       0.00000000       0.00000000       0.00000000       0.00000000       0.00000000       0.00000000       0.00000000    
   70.8183441       4.11055659E-17   0.00000000       0.00000000       0.00000000       0.00000000       0.00000000       0.00000000       0.00000000       0.00000000       0.00000000    
   73.2224579       3.97662249E-17   0.00000000       0.00000000       0.00000000       0.00000000       0.00000000       0.00000000       0.00000000       0.00000000       0.00000000    
   75.7079773       3.81488122E-17   0.00000000       0.00000000       0.00000000       0.00000000       0.00000000       0.00000000       0.00000000       0.00000000       0.00000000    
   78.2780457       3.63022671E-17   0.00000000       0.00000000       0.00000000       0.00000000       0.00000000       0.00000000       0.00000000       0.00000000       0.00000000    
   80.6171875       3.45355019E-17   0.00000000       0.00000000       0.00000000       0.00000000       0.00000000       0.00000000       0.00000000       0.00000000       0.00000000    
   83.0263901       3.26466152E-17   0.00000000       0.00000000       0.00000000       0.00000000       0.00000000       0.00000000       0.00000000       0.00000000       0.00000000    
   85.5076141       3.07088784E-17   0.00000000       0.00000000       0.00000000       0.00000000       0.00000000       0.00000000       0.00000000       0.00000000       0.00000000    
   88.0627975       2.87559281E-17   0.00000000       0.00000000       0.00000000       0.00000000       0.00000000       0.00000000       0.00000000       0.00000000       0.00000000    
   90.4132919       2.70201939E-17   0.00000000       0.00000000       0.00000000       0.00000000       0.00000000       0.00000000       0.00000000       0.00000000       0.00000000    
   92.8264084       2.52987731E-17   0.00000000       0.00000000       0.00000000       0.00000000       0.00000000       0.00000000       0.00000000       0.00000000       0.00000000    
   97.8475571       2.19974754E-17   0.00000000       0.00000000       0.00000000       0.00000000       0.00000000       0.00000000       0.00000000       0.00000000       0.00000000    
   102.410774       1.93424225E-17   0.00000000       0.00000000       0.00000000       0.00000000       0.00000000       0.00000000       0.00000000       0.00000000       0.00000000    
   107.186714       1.69129964E-17   0.00000000       0.00000000       0.00000000       0.00000000       0.00000000       0.00000000       0.00000000       0.00000000       0.00000000    
   112.185356       1.47027880E-17   0.00000000       0.00000000       0.00000000       0.00000000       0.00000000       0.00000000       0.00000000       0.00000000       0.00000000    
   117.417068       1.27263135E-17   0.00000000       0.00000000       0.00000000       0.00000000       0.00000000       0.00000000       0.00000000       0.00000000       0.00000000    
   120.098091       1.18368247E-17   0.00000000       0.00000000       0.00000000       0.00000000       0.00000000       0.00000000       0.00000000       0.00000000       0.00000000    
   120.098091       1.45706558E-17   0.00000000       0.00000000       0.00000000       0.00000000       0.00000000       0.00000000       0.00000000       0.00000000       0.00000000    
   122.089676       1.39643506E-17   0.00000000       0.00000000       0.00000000       0.00000000       0.00000000       0.00000000       0.00000000       0.00000000       0.00000000    
   124.114143       1.33378242E-17   0.00000000       0.00000000       0.00000000       0.00000000       0.00000000       0.00000000       0.00000000       0.00000000       0.00000000    
   128.264633       1.21017897E-17   0.00000000       0.00000000       0.00000000       0.00000000       0.00000000       0.00000000       0.00000000       0.00000000       0.00000000    
   132.553894       1.09009898E-17   0.00000000       0.00000000       0.00000000       0.00000000       0.00000000       0.00000000       0.00000000       0.00000000       0.00000000    
   136.986572       9.77918976E-18   0.00000000       0.00000000       0.00000000       0.00000000       0.00000000       0.00000000       0.00000000       0.00000000       0.00000000    
   140.990494       8.86257356E-18   0.00000000       0.00000000       0.00000000       0.00000000       0.00000000       0.00000000       0.00000000       0.00000000       0.00000000    
   145.111649       8.01489706E-18   0.00000000       0.00000000       0.00000000       0.00000000       0.00000000       0.00000000       0.00000000       0.00000000       0.00000000    
   149.353134       7.22844103E-18   0.00000000       0.00000000       0.00000000       0.00000000       0.00000000       0.00000000       0.00000000       0.00000000       0.00000000    
   153.718521       6.50579909E-18   0.00000000       0.00000000       0.00000000       0.00000000       0.00000000       0.00000000       0.00000000       0.00000000       0.00000000    
   153.718521       7.57836077E-18   0.00000000       0.00000000       0.00000000       0.00000000       0.00000000       0.00000000       0.00000000       0.00000000       0.00000000    
   156.556091       7.22369632E-18   0.00000000       0.00000000       0.00000000       0.00000000       0.00000000       0.00000000       0.00000000       0.00000000       0.00000000    
   158.878021       6.92483804E-18   0.00000000       0.00000000       0.00000000       0.00000000       0.00000000       0.00000000       0.00000000       0.00000000       0.00000000    
   161.234573       6.62078423E-18   0.00000000       0.00000000       0.00000000       0.00000000       0.00000000       0.00000000       0.00000000       0.00000000       0.00000000    
   166.052780       6.02176567E-18   0.00000000       0.00000000       0.00000000       0.00000000       0.00000000       0.00000000       0.00000000       0.00000000       0.00000000    
   171.015015       5.44636105E-18   0.00000000       0.00000000       0.00000000       0.00000000       0.00000000       0.00000000       0.00000000       0.00000000       0.00000000    
   176.125595       4.90727256E-18   0.00000000       0.00000000       0.00000000       0.00000000       0.00000000       0.00000000       0.00000000       0.00000000       0.00000000    
   182.759659       4.28348904E-18   0.00000000       0.00000000       0.00000000       0.00000000       0.00000000       0.00000000       0.00000000       0.00000000       0.00000000    
   182.759659       4.50195737E-18   0.00000000       0.00000000       0.00000000       0.00000000       0.00000000       0.00000000       0.00000000       0.00000000       0.00000000    
   186.613297       4.22699261E-18   0.00000000       0.00000000       0.00000000       0.00000000       0.00000000       0.00000000       0.00000000       0.00000000       0.00000000    
   190.548340       3.95123747E-18   0.00000000       0.00000000       0.00000000       0.00000000       0.00000000       0.00000000       0.00000000       0.00000000       0.00000000    
   190.548340       4.08982579E-18   0.00000000       0.00000000       0.00000000       0.00000000       0.00000000       0.00000000       0.00000000       0.00000000       0.00000000    
   195.695114       3.79794395E-18   0.00000000       0.00000000       0.00000000       0.00000000       0.00000000       0.00000000       0.00000000       0.00000000       0.00000000    
   200.413330       3.53850495E-18   0.00000000       0.00000000       0.00000000       0.00000000       0.00000000       0.00000000       0.00000000       0.00000000       0.00000000    
   205.246979       3.28942619E-18   0.00000000       0.00000000       0.00000000       0.00000000       0.00000000       0.00000000       0.00000000       0.00000000       0.00000000    
   215.264618       2.83418134E-18   0.00000000       0.00000000       0.00000000       0.00000000       0.00000000       0.00000000       0.00000000       0.00000000       0.00000000    
   225.499481       2.45543292E-18   0.00000000       0.00000000       0.00000000       0.00000000       0.00000000       0.00000000       0.00000000       0.00000000       0.00000000    
   225.499481       2.53033784E-18   0.00000000       0.00000000       0.00000000       0.00000000       0.00000000       0.00000000       0.00000000       0.00000000       0.00000000    
   230.119843       2.37978746E-18   0.00000000       0.00000000       0.00000000       0.00000000       0.00000000       0.00000000       0.00000000       0.00000000       0.00000000    
   234.834137       2.24476242E-18   0.00000000       0.00000000       0.00000000       0.00000000       0.00000000       0.00000000       0.00000000       0.00000000       0.00000000    
   239.579742       2.12522304E-18   0.00000000       0.00000000       0.00000000       0.00000000       0.00000000       0.00000000       0.00000000       0.00000000       0.00000000    
   244.423203       2.01942746E-18   0.00000000       0.00000000       0.00000000       0.00000000       0.00000000       0.00000000       0.00000000       0.00000000       0.00000000    
   249.362549       1.92827629E-18   0.00000000       0.00000000       0.00000000       0.00000000       0.00000000       0.00000000       0.00000000       0.00000000       0.00000000    
   254.403641       1.85184005E-18   0.00000000       0.00000000       0.00000000       0.00000000       0.00000000       0.00000000       0.00000000       0.00000000       0.00000000    
   259.160980       1.79548361E-18   0.00000000       0.00000000       0.00000000       0.00000000       0.00000000       0.00000000       0.00000000       0.00000000       0.00000000    
   264.006409       1.75155991E-18   0.00000000       0.00000000       0.00000000       0.00000000       0.00000000       0.00000000       0.00000000       0.00000000       0.00000000    
   268.943787       1.72126959E-18   0.00000000       0.00000000       0.00000000       0.00000000       0.00000000       0.00000000       0.00000000       0.00000000       0.00000000    
   273.973145       1.70367194E-18   0.00000000       0.00000000       0.00000000       0.00000000       0.00000000       0.00000000       0.00000000       0.00000000       0.00000000    
   276.346924       1.69997827E-18   0.00000000       0.00000000       0.00000000       0.00000000       0.00000000       0.00000000       0.00000000       0.00000000       0.00000000    
   278.740295       1.69976806E-18   0.00000000       0.00000000       0.00000000       0.00000000       0.00000000       0.00000000       0.00000000       0.00000000       0.00000000    
   283.589630       1.70657483E-18   0.00000000       0.00000000       0.00000000       0.00000000       0.00000000       0.00000000       0.00000000       0.00000000       0.00000000    
   288.523071       1.72497329E-18   0.00000000       0.00000000       0.00000000       0.00000000       0.00000000       0.00000000       0.00000000       0.00000000       0.00000000    
   293.542664       1.75286107E-18   0.00000000       0.00000000       0.00000000       0.00000000       0.00000000       0.00000000       0.00000000       0.00000000       0.00000000    
   298.170868       1.78778608E-18   0.00000000       0.00000000       0.00000000       0.00000000       0.00000000       0.00000000       0.00000000       0.00000000       0.00000000    
   302.873413       1.83030854E-18   0.00000000       0.00000000       0.00000000       0.00000000       0.00000000       0.00000000       0.00000000       0.00000000       0.00000000    
   307.648346       1.88253073E-18   0.00000000       0.00000000       0.00000000       0.00000000       0.00000000       0.00000000       0.00000000       0.00000000       0.00000000    
   310.065186       1.90933737E-18   0.00000000       0.00000000       0.00000000       0.00000000       0.00000000       0.00000000       0.00000000       0.00000000       0.00000000    
   312.499634       1.94111910E-18   0.00000000       0.00000000       0.00000000       0.00000000       0.00000000       0.00000000       0.00000000       0.00000000       0.00000000    
   317.427277       2.00667461E-18   0.00000000       0.00000000       0.00000000       0.00000000       0.00000000       0.00000000       0.00000000       0.00000000       0.00000000    
   322.433136       2.08006807E-18   0.00000000       0.00000000       0.00000000       0.00000000       0.00000000       0.00000000       0.00000000       0.00000000       0.00000000    
   332.681702       2.24922692E-18   0.00000000       0.00000000       0.00000000       0.00000000       0.00000000       0.00000000       0.00000000       0.00000000       0.00000000    
   352.251190       2.62744492E-18   0.00000000       0.00000000       0.00000000       0.00000000       0.00000000       0.00000000       0.00000000       0.00000000       0.00000000    
   371.820709       3.05757449E-18   0.00000000       0.00000000       0.00000000       0.00000000       0.00000000       0.00000000       0.00000000       0.00000000       0.00000000    
   381.241455       3.27314996E-18   0.00000000       0.00000000       0.00000000       0.00000000       0.00000000       0.00000000       0.00000000       0.00000000       0.00000000    
   390.901001       3.49582243E-18   0.00000000       0.00000000       0.00000000       0.00000000       0.00000000       0.00000000       0.00000000       0.00000000       0.00000000    
   400.805115       3.71903547E-18   0.00000000       0.00000000       0.00000000       0.00000000       0.00000000       0.00000000       0.00000000       0.00000000       0.00000000    
   410.959747       3.94193789E-18   0.00000000       0.00000000       0.00000000       0.00000000       0.00000000       0.00000000       0.00000000       0.00000000       0.00000000    
   420.413757       4.13853432E-18   0.00000000       0.00000000       0.00000000       0.00000000       0.00000000       0.00000000       0.00000000       0.00000000       0.00000000    
   430.085022       4.32708270E-18   0.00000000       0.00000000       0.00000000       0.00000000       0.00000000       0.00000000       0.00000000       0.00000000       0.00000000    
   439.977417       4.50591129E-18   0.00000000       0.00000000       0.00000000       0.00000000       0.00000000       0.00000000       0.00000000       0.00000000       0.00000000    
   450.098755       4.67652184E-18   0.00000000       0.00000000       0.00000000       0.00000000       0.00000000       0.00000000       0.00000000       0.00000000       0.00000000    
   459.779816       4.82755261E-18   0.00000000       0.00000000       0.00000000       0.00000000       0.00000000       0.00000000       0.00000000       0.00000000       0.00000000    
   469.668274       4.96110630E-18   0.00000000       0.00000000       0.00000000       0.00000000       0.00000000       0.00000000       0.00000000       0.00000000       0.00000000    
   479.161438       5.08152643E-18   0.00000000       0.00000000       0.00000000       0.00000000       0.00000000       0.00000000       0.00000000       0.00000000       0.00000000    
   488.846405       5.19235705E-18   0.00000000       0.00000000       0.00000000       0.00000000       0.00000000       0.00000000       0.00000000       0.00000000       0.00000000    
   508.807281       5.38052533E-18   0.00000000       0.00000000       0.00000000       0.00000000       0.00000000       0.00000000       0.00000000       0.00000000       0.00000000    
   528.014771       5.51580038E-18   0.00000000       0.00000000       0.00000000       0.00000000       0.00000000       0.00000000       0.00000000       0.00000000       0.00000000    
   547.946289       5.61471919E-18   0.00000000       0.00000000       0.00000000       0.00000000       0.00000000       0.00000000       0.00000000       0.00000000       0.00000000    
   562.067688       5.66166583E-18   0.00000000       0.00000000       0.00000000       0.00000000       0.00000000       0.00000000       0.00000000       0.00000000       0.00000000    
   576.553040       5.68857277E-18   0.00000000       0.00000000       0.00000000       0.00000000       0.00000000       0.00000000       0.00000000       0.00000000       0.00000000    
   591.412170       5.69491931E-18   0.00000000       0.00000000       0.00000000       0.00000000       0.00000000       0.00000000       0.00000000       0.00000000       0.00000000    
   606.654846       5.68602051E-18   0.00000000       0.00000000       0.00000000       0.00000000       0.00000000       0.00000000       0.00000000       0.00000000       0.00000000    
   625.919067       5.64744163E-18   0.00000000       0.00000000       0.00000000       0.00000000       0.00000000       0.00000000       0.00000000       0.00000000       0.00000000    
   645.793884       5.58414866E-18   0.00000000       0.00000000       0.00000000       0.00000000       0.00000000       0.00000000       0.00000000       0.00000000       0.00000000    
   655.676453       5.54779242E-18   0.00000000       0.00000000       0.00000000       0.00000000       0.00000000       0.00000000       0.00000000       0.00000000       0.00000000    
   655.676453       5.74932340E-18   0.00000000       0.00000000       0.00000000       0.00000000       0.00000000       0.00000000       0.00000000       0.00000000       0.00000000    
   691.743103       5.54820270E-18   0.00000000       0.00000000       0.00000000       0.00000000       0.00000000       0.00000000       0.00000000       0.00000000       0.00000000    
   691.743103       5.70697134E-18   0.00000000       0.00000000       0.00000000       0.00000000       0.00000000       0.00000000       0.00000000       0.00000000       0.00000000    
   704.502380       5.61581024E-18   0.00000000       0.00000000       0.00000000       0.00000000       0.00000000       0.00000000       0.00000000       0.00000000       0.00000000    
   763.210938       5.29182634E-18   0.00000000       0.00000000       0.00000000       0.00000000       0.00000000       0.00000000       0.00000000       0.00000000       0.00000000    
   792.021118       5.14636126E-18   0.00000000       0.00000000       0.00000000       0.00000000       0.00000000       0.00000000       0.00000000       0.00000000       0.00000000    
   821.919495       4.98848350E-18   0.00000000       0.00000000       0.00000000       0.00000000       0.00000000       0.00000000       0.00000000       0.00000000       0.00000000    
   850.766907       4.83072609E-18   0.00000000       0.00000000       0.00000000       0.00000000       0.00000000       0.00000000       0.00000000       0.00000000       0.00000000    
   880.627991       4.66702250E-18   0.00000000       0.00000000       0.00000000       0.00000000       0.00000000       0.00000000       0.00000000       0.00000000       0.00000000    
   939.336548       4.35285848E-18   0.00000000       0.00000000       0.00000000       0.00000000       0.00000000       0.00000000       0.00000000       0.00000000       0.00000000    
   977.692810       4.15429997E-18   0.00000000       0.00000000       0.00000000       0.00000000       0.00000000       0.00000000       0.00000000       0.00000000       0.00000000    
   1017.61456       3.95432037E-18   0.00000000       0.00000000       0.00000000       0.00000000       0.00000000       0.00000000       0.00000000       0.00000000       0.00000000    
   1051.64600       3.79000632E-18   0.00000000       0.00000000       0.00000000       0.00000000       0.00000000       0.00000000       0.00000000       0.00000000       0.00000000    
   1051.64600       4.00684303E-18   0.00000000       0.00000000       0.00000000       0.00000000       0.00000000       0.00000000       0.00000000       0.00000000       0.00000000    
   1115.46216       3.70974623E-18   0.00000000       0.00000000       0.00000000       0.00000000       0.00000000       0.00000000       0.00000000       0.00000000       0.00000000    
   1153.93774       3.54118750E-18   0.00000000       0.00000000       0.00000000       0.00000000       0.00000000       0.00000000       0.00000000       0.00000000       0.00000000    
   1193.74023       3.37320986E-18   0.00000000       0.00000000       0.00000000       0.00000000       0.00000000       0.00000000       0.00000000       0.00000000       0.00000000    
   1245.16895       3.17004686E-18   0.00000000       0.00000000       0.00000000       0.00000000       0.00000000       0.00000000       0.00000000       0.00000000       0.00000000    
   1245.16895       3.21356028E-18   0.00000000       0.00000000       0.00000000       0.00000000       0.00000000       0.00000000       0.00000000       0.00000000       0.00000000    
   1291.58777       3.03956656E-18   0.00000000       0.00000000       0.00000000       0.00000000       0.00000000       0.00000000       0.00000000       0.00000000       0.00000000    
   1339.61914       2.87242955E-18   0.00000000       0.00000000       0.00000000       0.00000000       0.00000000       0.00000000       0.00000000       0.00000000       0.00000000    
   1389.43530       2.70884611E-18   0.00000000       0.00000000       0.00000000       0.00000000       0.00000000       0.00000000       0.00000000       0.00000000       0.00000000    
   1462.62537       2.48989740E-18   0.00000000       0.00000000       0.00000000       0.00000000       0.00000000       0.00000000       0.00000000       0.00000000       0.00000000    
   1462.62537       2.54188942E-18   0.00000000       0.00000000       0.00000000       0.00000000       0.00000000       0.00000000       0.00000000       0.00000000       0.00000000    
   1506.85242       2.41894660E-18   0.00000000       0.00000000       0.00000000       0.00000000       0.00000000       0.00000000       0.00000000       0.00000000       0.00000000    
   1624.26941       2.12823604E-18   0.00000000       0.00000000       0.00000000       0.00000000       0.00000000       0.00000000       0.00000000       0.00000000       0.00000000    
   1761.25598       1.84356163E-18   0.00000000       0.00000000       0.00000000       0.00000000       0.00000000       0.00000000       0.00000000       0.00000000       0.00000000    
   1898.24255       1.60760598E-18   0.00000000       0.00000000       0.00000000       0.00000000       0.00000000       0.00000000       0.00000000       0.00000000       0.00000000    
   1956.95117       1.51918771E-18   0.00000000       0.00000000       0.00000000       0.00000000       0.00000000       0.00000000       0.00000000       0.00000000       0.00000000    
   2069.22144       1.36740607E-18   0.00000000       0.00000000       0.00000000       0.00000000       0.00000000       0.00000000       0.00000000       0.00000000       0.00000000    
   2187.93018       1.22784664E-18   0.00000000       0.00000000       0.00000000       0.00000000       0.00000000       0.00000000       0.00000000       0.00000000       0.00000000    
   2446.18896       9.85689718E-19   0.00000000       0.00000000       0.00000000       0.00000000       0.00000000       0.00000000       0.00000000       0.00000000       0.00000000    
   2679.67285       8.20349548E-19   0.00000000       0.00000000       0.00000000       0.00000000       0.00000000       0.00000000       0.00000000       0.00000000       0.00000000    
   2935.42676       6.79872205E-19   0.00000000       0.00000000       0.00000000       0.00000000       0.00000000       0.00000000       0.00000000       0.00000000       0.00000000    
   3424.66455       4.91489989E-19   0.00000000       0.00000000       0.00000000       0.00000000       0.00000000       0.00000000       0.00000000       0.00000000       0.00000000    
   3913.90234       3.68398017E-19   0.00000000       0.00000000       0.00000000       0.00000000       0.00000000       0.00000000       0.00000000       0.00000000       0.00000000    
   4329.16699       2.95207913E-19   0.00000000       0.00000000       0.00000000       0.00000000       0.00000000       0.00000000       0.00000000       0.00000000       0.00000000    
   4329.16699       7.64010225E-19   0.00000000       0.00000000       0.00000000       0.00000000       0.00000000       0.00000000       0.00000000       0.00000000       4.68802337E-19
   4502.35742       7.17286566E-19   0.00000000       0.00000000       0.00000000       0.00000000       0.00000000       0.00000000       0.00000000       0.00000000       4.46735278E-19
   4502.35742       9.24903937E-19   0.00000000       0.00000000       0.00000000       0.00000000       0.00000000       0.00000000       0.00000000       2.07616414E-19   4.46735278E-19
   4693.31689       8.99864973E-19   0.00000000       0.00000000       0.00000000       0.00000000       0.00000000       0.00000000       0.00000000       2.27202965E-19   4.25965549E-19
   4791.81055       8.86464544E-19   0.00000000       0.00000000       0.00000000       0.00000000       0.00000000       0.00000000       0.00000000       2.37250005E-19   4.13745325E-19
   4841.82959       8.77988114E-19   0.00000000       0.00000000       0.00000000       0.00000000       0.00000000       0.00000000       0.00000000       2.41106863E-19   4.06800394E-19
   4892.37793       8.67410542E-19   0.00000000       0.00000000       0.00000000       0.00000000       0.00000000       0.00000000       0.00000000       2.44189947E-19   3.98511114E-19
   5003.04346       8.37627800E-19   0.00000000       0.00000000       0.00000000       0.00000000       0.00000000       0.00000000       0.00000000       2.48170934E-19   3.75826461E-19
   5059.32520       8.21980180E-19   0.00000000       0.00000000       0.00000000       0.00000000       0.00000000       0.00000000       0.00000000       2.48709455E-19   3.64972611E-19
   5116.21387       8.04288492E-19   0.00000000       0.00000000       0.00000000       0.00000000       0.00000000       0.00000000       0.00000000       2.46733475E-19   3.54433089E-19
   5173.76807       7.85817032E-19   0.00000000       0.00000000       0.00000000       0.00000000       0.00000000       0.00000000       0.00000000       2.43566330E-19   3.44197866E-19
   5231.94824       7.64571829E-19   0.00000000       0.00000000       0.00000000       0.00000000       0.00000000       0.00000000       0.00000000       2.37215987E-19   3.34257921E-19
   5350.30420       7.22648920E-19   0.00000000       0.00000000       0.00000000       0.00000000       0.00000000       0.00000000       0.00000000       2.23901688E-19   3.15230906E-19
   5350.30420       8.36033203E-19   0.00000000       0.00000000       0.00000000       0.00000000       0.00000000       0.00000000       1.13384270E-19   2.23901688E-19   3.15230906E-19
   5475.94043       7.92433650E-19   0.00000000       0.00000000       0.00000000       0.00000000       0.00000000       0.00000000       1.10902793E-19   2.10874666E-19   2.96631336E-19
   5604.53174       7.49389653E-19   0.00000000       0.00000000       0.00000000       0.00000000       0.00000000       0.00000000       1.06999890E-19   1.98606414E-19   2.78748467E-19
   5870.85352       6.69687027E-19   0.00000000       0.00000000       0.00000000       0.00000000       0.00000000       0.00000000       9.96325348E-20   1.75808631E-19   2.45851597E-19
   6153.24170       5.97154557E-19   0.00000000       0.00000000       0.00000000       0.00000000       0.00000000       0.00000000       9.24546621E-20   1.55171018E-19   2.16425203E-19
   6153.24170       6.33634980E-19   0.00000000       0.00000000       0.00000000       0.00000000       0.00000000       3.64799446E-20   9.24546621E-20   1.55171018E-19   2.16425203E-19
   6656.37354       5.25156653E-19   0.00000000       0.00000000       0.00000000       0.00000000       0.00000000       3.34910599E-20   8.13384597E-20   1.25416297E-19   1.74026858E-19
   6656.37354       5.47522997E-19   0.00000000       0.00000000       0.00000000       0.00000000       2.23669444E-20   3.34910599E-20   8.13384597E-20   1.25416297E-19   1.74026858E-19
   6849.32910       5.11929415E-19   0.00000000       0.00000000       0.00000000       0.00000000       2.16962738E-20   3.23701397E-20   7.74734971E-20   1.16027914E-19   1.60657500E-19
   7827.80469       3.71893527E-19   0.00000000       0.00000000       0.00000000       0.00000000       1.82763569E-20   2.72124876E-20   6.13501895E-20   7.98169385E-20   1.09552447E-19
   8806.28027       2.79426135E-19   0.00000000       0.00000000       0.00000000       0.00000000       1.54679527E-20   2.29497270E-20   4.95842335E-20   5.68195662E-20   7.74935174E-20
   9784.75586       2.15526316E-19   0.00000000       0.00000000       0.00000000       0.00000000       1.32048916E-20   1.95376183E-20   4.04201806E-20   4.16615170E-20   5.64216665E-20
   11741.7070       1.36804661E-19   0.00000000       0.00000000       0.00000000       0.00000000       9.98732702E-21   1.43194044E-20   2.80532230E-20   2.39632398E-20   3.21320991E-20
   13698.6582       9.26101203E-20   0.00000000       0.00000000       0.00000000       0.00000000       7.73839095E-21   1.08294179E-20   2.02173960E-20   1.47983839E-20   1.96664469E-20
   15655.6094       6.58753069E-20   0.00000000       0.00000000       0.00000000       0.00000000       6.16740129E-21   8.35272442E-21   1.50870716E-20   9.66866861E-21   1.27397269E-20
   17612.5605       4.86652197E-20   0.00000000       0.00000000       0.00000000       0.00000000       5.00975476E-21   6.59591922E-21   1.15418304E-20   6.59363680E-21   8.62596706E-21
   19569.5117       3.70461109E-20   0.00000000       0.00000000       0.00000000       0.00000000       4.14757366E-21   5.28520994E-21   9.02663752E-21   4.65630145E-21   6.04884264E-21
   23330.7715       2.34405166E-20   0.00000000       0.00000000       0.00000000       0.00000000       2.99512204E-21   3.60867518E-21   5.91987396E-21   2.57798532E-21   3.31152812E-21
   23330.7715       6.00795173E-20   0.00000000       0.00000000       0.00000000       3.66389022E-20   2.99512204E-21   3.60867518E-21   5.91987396E-21   2.57798532E-21   3.31152812E-21
   24461.8887       5.28196665E-20   0.00000000       0.00000000       0.00000000       3.21172841E-20   2.73737450E-21   3.24670349E-21   5.26507003E-21   2.19467253E-21   2.80808532E-21
   26958.9590       4.06473063E-20   0.00000000       0.00000000       0.00000000       2.46067815E-20   2.27280051E-21   2.60375111E-21   4.13360933E-21   1.57043884E-21   1.99703513E-21
   26958.9590       5.66299738E-20   0.00000000       0.00000000       1.59827660E-20   2.46067815E-20   2.27280051E-21   2.60375111E-21   4.13360933E-21   1.57043884E-21   1.99703513E-21
   28054.8516       5.09133609E-20   0.00000000       0.00000000       1.44435283E-20   2.20300072E-20   2.10384180E-21   2.37585336E-21   3.73584209E-21   1.36783644E-21   1.73314149E-21
   28054.8516       5.88560978E-20   0.00000000       7.94274495E-21   1.44435283E-20   2.20300072E-20   2.10384180E-21   2.37585336E-21   3.73584209E-21   1.36783644E-21   1.73314149E-21
   29354.2676       5.25052538E-20   0.00000000       7.36621865E-21   1.28979850E-20   1.94279087E-20   1.92703517E-21   2.13699506E-21   3.33010677E-21   1.16735612E-21   1.47516363E-21
   31706.3281       4.31493047E-20   0.00000000       6.45677032E-21   1.05863754E-20   1.56577422E-20   1.65484317E-21   1.78238055E-21   2.72891610E-21   8.91322451E-22   1.11920808E-21
   34246.6445       3.53680329E-20   0.00000000       5.61722158E-21   8.67385549E-21   1.25633508E-20   1.41963822E-21   1.48066915E-21   2.23129910E-21   6.78107409E-22   8.47176331E-22
   39139.0234       2.50077831E-20   0.00000000       4.42307893E-21   6.09327694E-21   8.52758911E-21   1.08322219E-21   1.06829720E-21   1.56428265E-21   4.20688262E-22   5.20032507E-22
   43758.7969       1.86631446E-20   0.00000000       3.57939590E-21   4.49826391E-21   6.16081495E-21   8.61230323E-22   8.08329487E-22   1.15622502E-21   2.81106810E-22   3.44051725E-22
   48923.7773       1.38878746E-20   0.00000000       2.87393120E-21   3.31648312E-21   4.41993540E-21   6.82052319E-22   6.08529928E-22   8.49249432E-22   1.86892697E-22   2.26770550E-22
   58708.5352       8.54347518E-21   0.00000000       1.99354163E-21   1.99278089E-21   2.55426164E-21   4.62404918E-22   3.78283921E-22   5.08296781E-22   9.52733758E-23   1.13718604E-22
   68493.2891       5.64242676E-21   0.00000000       1.44471325E-21   1.28715584E-21   1.59284128E-21   3.30393047E-22   2.50831565E-22   3.25951621E-22   5.34897360E-23   6.29485885E-23
   78278.0469       3.92881468E-21   0.00000000       1.08467360E-21   8.76218327E-22   1.05258157E-21   2.45561318E-22   1.74606435E-22   2.20354145E-22   3.22919612E-23   3.75404011E-23
   88062.8047       2.85260969E-21   0.00000000       8.38729940E-22   6.21867205E-22   7.28891169E-22   1.88275097E-22   1.26295167E-22   1.55161001E-22   2.06490290E-23   2.37204968E-23
   97847.5547       2.13793594E-21   0.00000000       6.62182516E-22   4.56793328E-22   5.22392830E-22   1.48137993E-22   9.41414487E-23   1.12989873E-22   1.37972829E-23   1.56854688E-23
   117417.070       1.29584457E-21   0.00000000       4.36565117E-22   2.66320047E-22   2.92443157E-22   9.69439434E-23   5.62946351E-23   6.48109440E-23   6.85439742E-24   7.64144394E-24
   136986.578       8.47193294E-22   0.00000000       3.04361066E-22   1.68205037E-22   1.78398218E-22   6.73050381E-23   3.62102743E-23   4.02494094E-23   3.78565158E-24   4.14966592E-24
   156556.094       5.85576019E-22   0.00000000       2.21380144E-22   1.12746639E-22   1.15881761E-22   4.88180671E-23   2.46390149E-23   2.65602335E-23   2.26360126E-24   2.44522288E-24
   158434.766       5.66619023E-22   0.00000000       2.15173967E-22   1.08788677E-22   1.11500390E-22   4.74355883E-23   2.37994760E-23   2.55848591E-23   2.16195989E-24   2.33238007E-24
   158434.766       2.75077802E-21   2.18416193E-21   2.15173967E-22   1.08788677E-22   1.11500390E-22   4.74355883E-23   2.37994760E-23   2.55848591E-23   2.16195989E-24   2.33238007E-24
   176125.609       2.09781566E-21   1.67535376E-21   1.66380219E-22   7.91676886E-23   7.91765996E-23   3.66509131E-23   1.74966793E-23   1.83301124E-23   1.43813672E-24   1.53360210E-24
   195695.109       1.59046889E-21   1.27500370E-21   1.28597467E-22   5.76602038E-23   5.62394843E-23   2.83040768E-23   1.28815685E-23   1.31529398E-23   9.58463535E-25   1.01035924E-24
   218793.000       1.18968848E-21   9.58204224E-22   9.75942992E-23   4.12180770E-23   3.91496111E-23   2.14601389E-23   9.29735765E-24   9.24264304E-24   6.24518893E-25   6.50953326E-25
   244618.891       8.84473573E-22   7.14600897E-22   7.38679885E-23   2.94645354E-23   2.72529260E-23   1.62578411E-23   6.71044371E-24   6.49087414E-24   4.07812393E-25   4.19822406E-25
   293542.656       5.44715195E-22   4.42154745E-22   4.67045604E-23   1.70422244E-23   1.50883737E-23   1.02828729E-23   3.93863459E-24   3.64315964E-24   2.04243040E-25   2.06451247E-25
   342466.438       3.60792439E-22   2.93740449E-22   3.15915600E-23   1.07650547E-23   9.18538673E-24   6.96613878E-24   2.51012779E-24   2.23787572E-24   1.14466355E-25   1.14141024E-25
   391390.219       2.52652382E-22   2.06115912E-22   2.25161933E-23   7.25653899E-24   6.00264694E-24   4.96711239E-24   1.70477318E-24   1.47243097E-24   6.97510812E-26   6.88822126E-26
   437587.969       1.87664481E-22   1.53306155E-22   1.69670507E-23   5.22803247E-24   4.21791344E-24   3.74431054E-24   1.23526408E-24   1.04068956E-24   4.62952482E-26   4.55008561E-26
   489237.781       1.39697560E-22   1.14277168E-22   1.27854734E-23   3.78334969E-24   2.97485186E-24   2.82253978E-24   8.98615715E-25   7.37489741E-25   3.09347028E-26   3.02747436E-26
   535932.562       1.09929824E-22   9.00066185E-23   1.01557456E-23   2.91213920E-24   2.24708469E-24   2.24627393E-24   6.94143412E-25   5.58670159E-25   2.23787559E-26   2.18302095E-26
   587085.312       8.67061192E-23   7.10563810E-23   8.08320526E-24   2.24585347E-24   1.70178005E-24   1.78791617E-24   5.37409865E-25   4.24604185E-25   1.62871705E-26   1.58346201E-26
   634124.562       7.10533833E-23   5.82737167E-23   6.66492802E-24   1.80972797E-24   1.34885748E-24   1.47620478E-24   4.34080672E-25   3.37373055E-25   1.24513389E-26   1.21231112E-26
   684932.875       5.83876283E-23   4.79214730E-23   5.51310748E-24   1.45956810E-24   1.07354246E-24   1.22078957E-24   3.50926598E-25   2.69076806E-25   9.56615643E-27   9.32235373E-27
   732224.562       4.93030524E-23   4.04904506E-23   4.67756296E-24   1.21547422E-24   8.82402552E-25   1.03588481E-24   2.92891580E-25   2.21624407E-25   7.62870095E-27   7.45093377E-27
   782780.438       4.17219824E-23   3.42838476E-23   3.97816401E-24   1.01319214E-24   7.27461741E-25   8.81476627E-25   2.44482243E-25   1.82967794E-25   6.09870253E-27   5.97722142E-27
   880628.000       3.12127837E-23   2.56767519E-23   2.99641321E-24   7.39143390E-25   5.20806315E-25   6.64464837E-25   1.78957780E-25   1.31314181E-25   4.14302891E-27   4.09564179E-27
   978475.562       2.42054806E-23   1.99317115E-23   2.33606366E-24   5.60902340E-25   3.89293883E-25   5.18084547E-25   1.36178038E-25   9.83443432E-26   2.95592306E-27   2.95172877E-27
   1071867.12       1.95265067E-23   1.60924769E-23   1.89181999E-24   4.44304852E-25   3.04647333E-25   4.19620211E-25   1.08043943E-25   7.70738983E-26   2.22135912E-27   2.24308092E-27
   1174170.62       1.58150992E-23   1.30453320E-23   1.53684531E-24   3.53500158E-25   2.39880645E-25   3.40899560E-25   8.60867019E-26   6.07413776E-26   1.68138961E-27   1.71725543E-27
   1268249.12       1.32752621E-23   1.09587476E-23   1.29220090E-24   2.92585305E-25   1.96918726E-25   2.86748474E-25   7.13096362E-26   4.98893386E-26   1.33873750E-27   1.37644499E-27
   1369865.75       1.11825711E-23   9.23736793E-24   1.09093981E-24   2.43206951E-25   1.62247081E-25   2.42043800E-25   5.92610000E-26   4.11281847E-26   1.07244138E-27   1.10983870E-27
   1565560.88       8.37637753E-24   6.92974310E-24   8.17855044E-25   1.78261080E-25   1.16762643E-25   1.81527347E-25   4.34569144E-26   2.97252958E-26   7.37794054E-28   7.76061271E-28
   1761256.00       6.53724102E-24   5.41429870E-24   6.39061446E-25   1.36530388E-25   8.85371504E-26   1.41772640E-25   3.33148810E-26   2.24978739E-26   5.30908397E-28   5.73658071E-28
   1956951.12       5.26667167E-24   4.36394973E-24   5.16090554E-25   1.08366254E-25   7.02383631E-26   1.14432311E-25   2.65771522E-26   1.78237066E-26   4.05379990E-28   4.48420962E-28
   2000004.00       5.04461955E-24   4.18075651E-24   4.94137639E-25   1.03556458E-25   6.71484812E-26   1.09535420E-25   2.53889628E-26   1.70279108E-26   3.85505115E-28   4.27755300E-28
   2211883.25       4.13595197E-24   3.42827471E-24   4.05344960E-25   8.45158334E-26   5.47785259E-26   8.98670775E-26   2.07463254E-26   1.38736598E-26   3.10345025E-28   3.47195841E-28
   2446189.00       3.40483135E-24   2.82233961E-24   3.33592242E-25   6.95889210E-26   4.50916468E-26   7.39857112E-26   1.70850678E-26   1.14206090E-26   2.56334077E-28   2.86334023E-28
   2560259.50       3.12123802E-24   2.58679422E-24   3.06012704E-25   6.38899248E-26   4.13952541E-26   6.78371691E-26   1.56969823E-26   1.04978874E-26   2.36028805E-28   2.63062795E-28
   2679672.75       2.86738455E-24   2.37676435E-24   2.80713441E-25   5.87630069E-26   3.80877514E-26   6.22557933E-26   1.44217070E-26   9.64970944E-27   2.18030798E-28   2.42449206E-28
   2935426.75       2.42342093E-24   2.00819630E-24   2.37411190E-25   4.98392891E-26   3.22965633E-26   5.26275734E-26   1.22263140E-26   8.19472637E-27   1.86286104E-28   2.06202988E-28
   3170632.75       2.10994792E-24   1.74850684E-24   2.06568356E-25   4.34284846E-26   2.81490192E-26   4.58150692E-26   1.06436333E-26   7.14005324E-27   1.62723566E-28   1.79818638E-28
   3424664.50       1.84171983E-24   1.52637485E-24   1.80216026E-25   3.78846475E-26   2.45601350E-26   3.99794399E-26   9.29360422E-27   6.23142491E-27   1.42027896E-28   1.56809649E-28
   3661123.00       1.64073908E-24   1.35952821E-24   1.60746581E-25   3.37840499E-26   2.18872647E-26   3.56397034E-26   8.27564779E-27   5.55081552E-27   1.26451324E-28   1.39796658E-28
   3913902.25       1.46675521E-24   1.21560438E-24   1.43545395E-25   3.01635327E-26   1.95535338E-26   3.18465150E-26   7.39873105E-27   4.96057577E-27   1.12846735E-28   1.24784660E-28
   4375879.50       1.22032917E-24   1.01134029E-24   1.19470346E-25   2.51061809E-26   1.62586420E-26   2.64855581E-26   6.15754123E-27   4.12638233E-27   9.39279404E-29   1.03843735E-28
   4892378.00       1.01924823E-24   8.44545709E-25   9.98753743E-26   2.09904701E-26   1.35907761E-26   2.21391163E-26   5.14418931E-27   3.44619279E-27   7.84863096E-29   8.68147288E-29
   5359326.00       8.83382515E-25   7.32058335E-25   8.64929037E-26   1.81795599E-26   1.17778666E-26   1.91846643E-26   4.45670204E-27   2.98761462E-27   6.79688964E-29   7.51877092E-29
   5870853.50       7.67692908E-25   6.36222582E-25   7.51473767E-26   1.57963803E-26   1.02306208E-26   1.66630457E-26   3.87385979E-27   2.59623368E-27   5.90845274E-29   6.53313655E-29
   6341245.50       6.83200530E-25   5.66082543E-25   6.69479811E-26   1.40730582E-26   9.11334411E-27   1.48435288E-26   3.44764417E-27   2.31107876E-27   5.26222681E-29   5.82039441E-29
   6849329.00       6.10056460E-25   5.05594069E-25   5.97046480E-26   1.25504380E-26   8.13106283E-27   1.32438314E-26   3.07836521E-27   2.06307118E-27   4.69431973E-29   5.19065504E-29
   7322246.00       5.53281746E-25   4.58445973E-25   5.42082534E-26   1.13949833E-26   7.38022287E-27   1.20211093E-26   2.79157883E-27   1.87163971E-27   4.26111699E-29   4.71279812E-29
   7827804.50       5.03131590E-25   4.16969540E-25   4.92509036E-26   1.03529427E-26   6.70392717E-27   1.09196083E-26   2.53896654E-27   1.70120955E-27   3.87281912E-29   4.28180750E-29
   8806280.00       4.26228795E-25   3.53186832E-25   4.17553137E-26   8.77729784E-27   5.68256685E-27   9.25585676E-27   2.15084871E-27   1.44086947E-27   3.28224895E-29   3.63016639E-29
   9784756.00       3.68910531E-25   3.05713405E-25   3.61211828E-26   7.59292565E-27   4.91920410E-27   8.01244481E-27   1.86107926E-27   1.24779653E-27   2.83830555E-29   3.14034704E-29
   11741707.0       2.89237971E-25   2.39680447E-25   2.83250985E-26   5.95399817E-27   3.85763383E-27   6.28339729E-27   1.45907759E-27   9.78314345E-28   2.22596380E-29   2.46252006E-29
   13698658.0       2.37008772E-25   1.96414212E-25   2.32017782E-26   4.87701198E-27   3.16007683E-27   5.14725192E-27   1.19572458E-27   8.01639836E-28   1.82302119E-29   2.01713507E-29
   15655609.0       2.00368168E-25   1.66052891E-25   1.96145965E-26   4.12304893E-27   2.67004745E-27   4.34905488E-27   1.01106998E-27   6.77536858E-28   1.54214056E-29   1.70527359E-29
   17612560.0       1.73101930E-25   1.43427275E-25   1.69625463E-26   3.56561200E-27   2.30902668E-27   3.76091709E-27   8.73425504E-28   5.85499892E-28   1.33321176E-29   1.47470322E-29
   19569512.0       1.52384236E-25   1.26289174E-25   1.49143999E-26   3.13514220E-27   2.03117913E-27   3.30838518E-27   7.68920164E-28   5.15342838E-28   1.17275156E-29   1.29664543E-29
   21879300.0       1.33275141E-25   1.10433316E-25   1.30568436E-26   2.74464199E-27   1.77750584E-27   2.89534235E-27   6.72532859E-28   4.50626199E-28   1.02623523E-29   1.13515402E-29
   24461890.0       1.16889773E-25   9.68735736E-26   1.14402296E-26   2.40479220E-27   1.55794636E-27   2.53760510E-27   5.89781186E-28   3.95424016E-28   8.99488653E-30   9.94614546E-30
   29354266.0       9.46880961E-26   7.84725918E-26   9.26934983E-27   1.94846641E-27   1.26153024E-27   2.05484284E-27   4.77752249E-28   3.20064760E-28   7.28717950E-30   8.05869048E-30
   34246644.0       7.94521722E-26   6.58357674E-26   7.78297488E-27   1.63609444E-27   1.05968854E-27   1.72604422E-27   4.00991590E-28   2.68745468E-28   6.11800160E-30   6.76645017E-30
   39139024.0       6.84551862E-26   5.67350797E-26   6.69902221E-27   1.40830690E-27   9.11979058E-28   1.48543394E-27   3.45364041E-28   2.31456214E-28   5.26719157E-30   5.82407836E-30
   43758796.0       6.04680065E-26   5.01033510E-26   5.92451873E-27   1.24527395E-27   8.06630835E-28   1.31387259E-27   3.05128837E-28   2.04597388E-28   4.65635130E-30   5.15070554E-30
   48923780.0       5.35333768E-26   4.43624158E-26   5.24247722E-27   1.10211100E-27   7.13451744E-28   1.16212086E-27   2.70158884E-28   1.80934751E-28   4.12125724E-30   4.55773315E-30
   58708532.0       4.39067654E-26   3.63821448E-26   4.30094669E-27   9.03920005E-28   5.85719159E-28   9.53996013E-28   2.21520294E-28   1.48559411E-28   3.38033694E-30   3.73919562E-30
   68493288.0       3.72468103E-26   3.08675356E-26   3.64669327E-27   7.66646844E-28   4.96274735E-28   8.08234412E-28   1.87959773E-28   1.25906791E-28   2.86697411E-30   3.17044744E-30
   78278048.0       3.23148796E-26   2.67811529E-26   3.16270958E-27   6.64706072E-28   4.30788351E-28   7.01703042E-28   1.63027875E-28   1.09304204E-28   2.48574324E-30   2.74968705E-30
   88062800.0       2.85204926E-26   2.36315086E-26   2.79455170E-27   5.87362796E-28   3.80494135E-28   6.19744130E-28   1.43944798E-28   9.64873870E-29   2.19651426E-30   2.42958733E-30
   97847560.0       2.55464207E-26   2.11700484E-26   2.50168920E-27   5.25897368E-28   3.40502151E-28   5.54574994E-28   1.28919788E-28   8.63352445E-29   1.96666468E-30   2.17495269E-30
   117417064.       2.11167957E-26   1.75008838E-26   2.06663473E-27   4.34339910E-28   2.81479211E-28   4.58501038E-28   1.06530419E-28   7.14265546E-29   1.62428267E-30   1.79671490E-30
   136986576.       1.79855680E-26   1.49024885E-26   1.76232046E-27   3.70430067E-28   2.39939695E-28   3.90810427E-28   9.07726834E-29   6.08488899E-29   1.38527382E-30   1.53216068E-30
   156556096.       1.56793639E-26   1.29937809E-26   1.53518360E-27   3.22742429E-28   2.08944742E-28   3.40306958E-28   7.91220410E-29   5.29888328E-29   1.20693572E-30   1.33470340E-30
   176125600.       1.38923783E-26   1.15141028E-26   1.35926791E-27   2.85801504E-28   1.85104931E-28   3.01521209E-28   7.00931250E-29   4.69779302E-29   1.06878768E-30   1.18177055E-30
   195695120.       1.24696576E-26   1.03338236E-26   1.22078960E-27   2.56584328E-28   1.66236077E-28   2.70778504E-28   6.28932284E-29   4.21811399E-29   9.59520586E-31   1.06137031E-30
   244618896.       9.92527535E-27   8.22411529E-27   9.72380459E-28   2.04397188E-28   1.32382249E-28   2.15625407E-28   5.00974492E-29   3.35777430E-29   7.64352600E-31   8.45394566E-31
   293542656.       8.24682894E-27   6.83428721E-27   8.07433611E-28   1.69740560E-28   1.09906803E-28   1.79011830E-28   4.16136736E-29   2.78682394E-29   6.34747107E-31   7.01984303E-31
   342466432.       7.05132411E-27   5.84412810E-27   6.90002295E-28   1.45064931E-28   9.39375460E-29   1.53014869E-28   3.55718358E-29   2.38366120E-29   5.42469907E-31   5.99886270E-31
   391390240.       6.15775154E-27   5.10314813E-27   6.02794213E-28   1.26695568E-28   8.20806004E-29   1.33698562E-28   3.10520213E-29   2.08252054E-29   4.73821366E-31   5.24066556E-31
   489237792.       4.91238746E-27   4.07057658E-27   4.81170678E-28   1.01141042E-28   6.55114459E-29   1.06705595E-28   2.47921667E-29   1.66176006E-29   3.78237853E-31   4.18327924E-31
   587085312.       4.08765380E-27   3.38742419E-27   4.00251841E-28   8.41374515E-29   5.44888373E-29   8.87495602E-29   2.06265051E-29   1.38191056E-29   3.14641329E-31   3.47977620E-31
   684932864.       3.49939583E-27   2.90008707E-27   3.42550209E-28   7.20118447E-29   4.66389906E-29   7.59680960E-29   1.76555385E-29   1.18318197E-29   2.69289017E-31   2.97811517E-31
   782780480.       3.05902598E-27   2.53499258E-27   2.99531218E-28   6.29572957E-29   4.07864476E-29   6.64348692E-29   1.54306154E-29   1.03443337E-29   2.35443219E-31   2.60411166E-31
   880628032.       2.71689416E-27   2.25129905E-27   2.66128852E-28   5.59376783E-29   3.62367992E-29   5.90239630E-29   1.37105975E-29   9.18828902E-30   2.09189987E-31   2.31371142E-31
   978475584.       2.44404150E-27   2.02518313E-27   2.39418177E-28   5.03243719E-29   3.25987657E-29   5.30981474E-29   1.23350231E-29   8.26409543E-30   1.88197010E-31   2.08148946E-31
   1.17417062E+09   2.03557352E-27   1.68676507E-27   1.99375169E-28   4.19087682E-29   2.71450166E-29   4.42145698E-29   1.02727621E-29   6.87902228E-30   1.56723560E-31   1.73335153E-31
   1.36986573E+09   1.74395229E-27   1.44516371E-27   1.70791624E-28   3.59013684E-29   2.32522292E-29   3.78736381E-29   8.80061136E-30   5.89376768E-30   1.34256125E-31   1.48484332E-31
   1.56556096E+09   1.52534383E-27   1.26403279E-27   1.49365208E-28   3.13981650E-29   2.03343144E-29   3.31208883E-29   7.69700987E-30   5.15563020E-30   1.17415299E-31   1.29856732E-31
   1.76125606E+09   1.35537397E-27   1.12320205E-27   1.32708574E-28   2.78973691E-29   1.80661482E-29   2.94261964E-29   6.83902237E-30   4.58166697E-30   1.04323219E-31   1.15375264E-31
   1.95695117E+09   1.21944819E-27   1.01057955E-27   1.19389276E-28   2.50978734E-29   1.62523360E-29   2.64718439E-29   6.15289666E-30   4.12260840E-30   9.38538611E-32   1.03795693E-31
   2.44618880E+09   9.74896975E-28   8.07948123E-28   9.54293352E-29   2.00617412E-29   1.29897761E-29   2.11576374E-29   4.91855387E-30   3.29657328E-30   7.50202434E-32   8.29644811E-32
   2.93542682E+09   8.11992191E-28   6.72938267E-28   7.94816001E-29   1.67076905E-29   1.08209104E-29   1.76256068E-29   4.09623219E-30   2.74611335E-30   6.24793174E-32   6.90997309E-32
   3.42466458E+09   6.95729000E-28   5.76548988E-28   6.81221523E-29   1.43198052E-29   9.27437508E-30   1.51065912E-29   3.51023678E-30   2.35306077E-30   5.35498979E-32   5.92241678E-32
   3.91390234E+09   6.08650051E-28   5.04374860E-28   5.96031443E-29   1.25290161E-29   8.11458609E-30   1.32175037E-29   3.07126807E-30   2.05836622E-30   4.68533035E-32   5.18180656E-32
   4.89237760E+09   4.86871383E-28   4.03460055E-28   4.76775303E-29   1.00222122E-29   6.49100457E-30   1.05728626E-29   2.45676439E-30   1.64598437E-30   3.74788418E-32   4.14503082E-32
   5.87085363E+09   4.05693291E-28   3.36189874E-28   3.97278873E-29   8.35110307E-30   5.40872298E-30   8.81001155E-30   2.04713507E-30   1.37156023E-30   3.12296993E-32   3.45390039E-32
   6.84932915E+09   3.47713363E-28   2.88142833E-28   3.40500171E-29   7.15757043E-30   4.63572128E-30   7.55090325E-30   1.75456280E-30   1.17556441E-30   2.67664413E-32   2.96028739E-32
   7.82780467E+09   3.04230920E-28   2.52109863E-28   2.97919605E-29   6.26247606E-30   4.05600169E-30   6.60662958E-30   1.53515359E-30   1.02856753E-30   2.34191962E-32   2.59009748E-32
   8.80627917E+09   2.70413155E-28   2.24085873E-28   2.64802518E-29   5.56634116E-30   3.60514149E-30   5.87224654E-30   1.36450312E-30   9.14242330E-31   2.08159949E-32   2.30217983E-32
   9.78475520E+09   2.43360123E-28   2.01668470E-28   2.38311081E-29   5.00945438E-30   3.24447124E-30   5.28475929E-30   1.22799672E-30   8.22786989E-31   1.87334141E-32   2.07186977E-32
   1.17417073E+10   2.02783571E-28   1.68042877E-28   1.98575384E-29   4.17419022E-30   2.70350084E-30   4.40359932E-30   1.02324216E-30   6.85610936E-31   1.56098935E-32   1.72641476E-32
   1.36986583E+10   1.73802623E-28   1.44026879E-28   1.70195016E-29   3.57761386E-30   2.31712487E-30   3.77424040E-30   8.77006148E-31   5.87634046E-31   1.33789654E-32   1.47967820E-32
   1.56556093E+10   1.52067914E-28   1.26016894E-28   1.48911760E-29   3.13021695E-30   2.02736551E-30   3.30225892E-30   7.67334594E-31   5.14154646E-31   1.17058945E-32   1.29464334E-32
   1.76125583E+10   1.35165026E-28   1.12008896E-28   1.32358226E-29   2.78225934E-30   1.80200030E-30   2.93518231E-30   6.82038373E-31   4.57007565E-31   1.04046943E-32   1.15072955E-32
   1.95695104E+10   1.21642518E-28   1.00803703E-28   1.19116992E-29   2.50391149E-30   1.62172009E-30   2.64153893E-30   6.13805205E-31   4.11290897E-31   9.36374482E-33   1.03560457E-32
   2.44618895E+10   9.73044086E-29   8.06346544E-29   9.52834882E-30   2.00292087E-30   1.29724594E-30   2.11301090E-30   4.90994539E-31   3.29006669E-31   7.49022282E-33   8.28403562E-33
   2.93542687E+10   8.10803988E-29   6.71901226E-29   7.93962137E-30   1.66895729E-30   1.08094990E-30   1.76069888E-30   4.09127705E-31   2.74153894E-31   6.24133501E-33   6.90279597E-33
   3.42466458E+10   6.94927283E-29   5.75876285E-29   6.80489805E-30   1.43042898E-30   9.26462487E-31   1.50905752E-30   3.50656313E-31   2.34975725E-31   5.34933426E-33   5.91627041E-33
   3.91390208E+10   6.08025412E-29   5.03861341E-29   5.95391763E-30   1.25155025E-30   8.10604824E-31   1.32034911E-30   3.06805507E-31   2.05594385E-31   4.68037549E-33   5.17642125E-33
   4.89237791E+10   4.86371911E-29   4.03049621E-29   4.76263780E-30   1.00113017E-30   6.48417730E-31   1.05616512E-30   2.45420157E-31   1.64462298E-31   3.74392049E-33   4.14072661E-33
   5.87085373E+10   4.05276869E-29   3.35847516E-29   3.96852460E-30   8.34205365E-31   5.40303800E-31   8.80067230E-31   2.04499295E-31   1.37042905E-31   3.11967642E-33   3.45031690E-33
   6.84932915E+10   3.47356030E-29   2.87849550E-29   3.40134801E-30   7.14981273E-31   4.63084636E-31   7.54289569E-31   1.75273096E-31   1.17458346E-31   2.67381104E-33   2.95721428E-33
   7.82780416E+10   3.03918606E-29   2.51853603E-29   2.97599303E-30   6.25569976E-31   4.05173766E-31   6.59962307E-31   1.53354205E-31   1.02771673E-31   2.33944718E-33   2.58740468E-33
   8.80627958E+10   2.70135869E-29   2.23858631E-29   2.64518259E-30   5.56030504E-31   3.60135781E-31   5.86602009E-31   1.36308174E-31   9.13485535E-32   2.07939734E-33   2.29978747E-33
   9.78475581E+10   2.43110874E-29   2.01463256E-29   2.38054815E-30   5.00402914E-31   3.24106785E-31   5.27915406E-31   1.22671546E-31   8.22106307E-32   1.87136956E-33   2.06971770E-33
   1.17417075E+11   2.02575360E-29   1.67872706E-29   1.98362170E-30   4.16966560E-31   2.70065807E-31   4.39892462E-31   1.02217121E-31   6.85043372E-32   1.55933770E-33   1.72462286E-33
   1.36986583E+11   1.73624465E-29   1.43880734E-29   1.70012839E-30   3.57374028E-31   2.31469249E-31   3.77024626E-31   8.76088240E-32   5.87147556E-32   1.33648510E-33   1.47814668E-33
   1.56556083E+11   1.51912750E-29   1.25887764E-29   1.48751597E-30   3.12682367E-31   2.02523336E-31   3.29875547E-31   7.66530756E-32   5.13729235E-32   1.16934817E-33   1.29330203E-33
   1.76125592E+11   1.35025895E-29   1.11894784E-29   1.32216088E-30   2.77924645E-31   1.80010832E-31   2.93206918E-31   6.81324637E-32   4.56629156E-32   1.03936834E-33   1.14953843E-33
   1.95695116E+11   1.21517392E-29   1.00700602E-29   1.18988870E-30   2.50119878E-31   1.62001847E-31   2.63873608E-31   6.13162539E-32   4.10950562E-32   9.35384385E-34   1.03453348E-33
   2.44618887E+11   9.72046108E-30   8.05525691E-30   9.51811882E-31   2.00074875E-31   1.29588460E-31   2.11076867E-31   4.90479984E-32   3.28734401E-32   7.48230486E-34   8.27543707E-34
   2.93542658E+11   8.09972107E-30   6.71216528E-30   7.93109330E-31   1.66714557E-31   1.07980876E-31   1.75882707E-31   4.08699285E-32   2.73926653E-32   6.23473847E-34   6.89562894E-34
   3.42466429E+11   6.94214539E-30   5.75289719E-30   6.79759090E-31   1.42887745E-31   9.25488625E-32   1.50745595E-31   3.50288941E-32   2.34781545E-32   5.34367793E-34   5.91012432E-34
   3.91390233E+11   6.07400801E-30   5.03348825E-30   5.94752134E-31   1.25018891E-31   8.09752978E-32   1.31894768E-31   3.06484203E-32   2.05424221E-32   4.67543052E-34   5.17104603E-34
   4.89237774E+11   4.85872403E-30   4.02639240E-30   4.75752280E-31   1.00004806E-31   6.47736061E-32   1.05504403E-31   2.45162924E-32   1.64326161E-32   3.73996614E-34   4.13642228E-34
   5.87085316E+11   4.04861432E-30   3.35505159E-30   3.96426019E-31   8.33301480E-32   5.39735167E-32   8.79133241E-32   2.04285078E-32   1.36929796E-32   3.11637328E-34   3.44673334E-34
   6.84932858E+11   3.46999651E-30   2.87556255E-30   3.39769425E-31   7.14206446E-32   4.62597141E-32   7.53489704E-32   1.75089913E-32   1.17361246E-32   2.67098834E-34   2.95414128E-34
   7.82780465E+11   3.03606305E-30   2.51597338E-30   2.97279982E-31   6.24891269E-32   4.04748360E-32   6.59262606E-32   1.53194038E-32   1.02686587E-32   2.33697460E-34   2.58471211E-34
   8.80628007E+11   2.69858595E-30   2.23630409E-30   2.64233968E-31   5.55428898E-32   3.59756402E-32   5.85979408E-32   1.36165034E-32   9.12729780E-33   2.07719495E-34   2.29740499E-34
   9.78475549E+11   2.42861609E-30   2.01258043E-30   2.37798558E-31   4.99860400E-32   3.23765439E-32   5.27355800E-32   1.22542421E-32   8.21425608E-33   1.86938752E-34   2.06756553E-34
   1.17417063E+12   2.02368180E-30   1.67701535E-30   1.98148945E-31   4.16515117E-32   2.69782507E-32   4.39426002E-32   1.02111007E-32   6.84476769E-33   1.55769612E-34   1.72283115E-34
   1.36986572E+12   1.73446279E-30   1.43734587E-30   1.69829652E-31   3.56986614E-32   2.31225984E-32   3.76624246E-32   8.75171266E-33   5.86662047E-33   1.33507379E-34   1.47660515E-34
   1.56556093E+12   1.51756603E-30   1.25759642E-30   1.48591431E-31   3.12344042E-32   2.02310116E-32   3.29526214E-32   7.65728995E-33   5.13304771E-33   1.16811698E-34   1.29195060E-34
   1.76125601E+12   1.34887751E-30   1.11780664E-30   1.32073949E-31   2.77623348E-32   1.79821645E-32   2.92896605E-32   6.80610935E-33   4.56250794E-33   1.03826721E-34   1.14834720E-34
   1.95695110E+12   1.21393273E-30   1.00598506E-30   1.18860746E-31   2.49848621E-32   1.61831674E-32   2.63593323E-32   6.12520939E-33   4.10610205E-33   9.34395466E-35   1.03346238E-34
