122.81
73.167
69.228
67.301
64.696
61.228
57.524
54.033
50.787
47.851
46.373
45.401
44.503
43.815
43.074
42.321
41.586
40.953
40.524
40.256
39.756
39.144
38.462
37.778
37.174
36.663
35.986
35.317
34.688
34.197
33.786
33.422
33.068
32.740
32.438
32.143
31.884
31.622
31.438
31.142
30.950
30.758
30.561
30.285
30.097
29.832
29.581
29.411
29.247
29.085
28.930
28.721
28.580
28.442
28.312
28.139
27.973
27.819
27.675
27.496
27.285
27.093
26.911
26.705
26.516
26.304
26.108
25.929
25.730
25.577
25.403
25.245
25.100
24.941
24.790
24.655
24.506
24.391
24.262
24.145
24.039
23.922
23.813
23.712
23.621
23.523
23.430
23.331
23.238
23.139
23.048
22.967
22.833
22.694
22.624
22.545
22.446
22.358
22.264